//Table for grp 216:
57
0 0 2 2 4 4 2 4 
0 0 2 4 4 2 4 2 
0 0 4 2 2 4 4 2 
0 0 4 4 2 2 2 4 
0 2 0 2 4 2 4 4 
0 2 0 4 4 4 2 2 
0 2 2 0 2 4 4 4 
0 2 2 2 2 2 2 6 
0 2 2 2 2 2 6 2 
0 2 2 2 2 6 2 2 
0 2 2 2 6 2 2 2 
0 2 2 4 2 0 4 4 
0 2 2 4 2 4 0 4 
0 2 2 4 2 4 4 0 
0 2 2 6 2 2 2 2 
0 2 4 0 4 4 2 2 
0 2 4 2 0 2 4 4 
0 2 4 2 4 2 0 4 
0 2 4 2 4 2 4 0 
0 2 4 4 0 4 2 2 
0 2 4 4 4 0 2 2 
0 2 6 2 2 2 2 2 
0 4 0 2 2 4 4 2 
0 4 0 4 2 2 2 4 
0 4 2 0 4 2 4 2 
0 4 2 2 0 4 2 4 
0 4 2 2 4 0 2 4 
0 4 2 2 4 4 2 0 
0 4 2 4 0 2 4 2 
0 4 2 4 4 2 0 2 
0 4 4 0 2 2 2 4 
0 4 4 2 2 0 4 2 
0 4 4 2 2 4 0 2 
0 4 4 4 2 2 2 0 
0 6 2 2 2 2 2 2 
2 0 2 2 2 2 4 4 
2 0 2 4 2 4 2 2 
2 0 4 2 4 2 2 2 
2 2 0 2 2 4 2 4 
2 2 0 4 2 2 4 2 
2 2 2 0 4 2 2 4 
2 2 2 2 0 4 4 2 
2 2 2 2 4 0 4 2 
2 2 2 2 4 4 0 2 
2 2 2 4 0 2 2 4 
2 2 2 4 4 2 2 0 
2 2 4 0 2 2 4 2 
2 2 4 2 2 0 2 4 
2 2 4 2 2 4 2 0 
2 2 4 4 2 2 0 2 
2 4 0 2 4 2 2 2 
2 4 2 0 2 4 2 2 
2 4 2 2 2 2 0 4 
2 4 2 2 2 2 4 0 
2 4 2 4 2 0 2 2 
2 4 4 2 0 2 2 2 
4 2 2 2 2 2 2 2 
1 2 3 4 5 6 7 8 9 10 11 12 13 14 15 16 17 18 19 20 21 22 23 24 25 26 27 28 29 30 31 32 33 34 35 36 37 38 39 40 41 42 43 44 45 46 47 48 49 50 51 52 53 54 55 56 57 58 59 60 61 62 63 64 
2 1 8 9 10 11 12 3 4 5 6 7 23 24 25 26 27 28 29 30 31 32 13 14 15 16 17 18 19 20 21 22 43 44 45 46 47 48 49 50 51 52 33 34 35 36 37 38 39 40 41 42 58 59 60 61 62 53 54 55 56 57 64 63 
3 25 6 13 14 15 16 2 44 46 8 48 18 20 1 22 33 34 35 36 37 38 9 10 11 12 58 23 60 24 61 26 39 4 41 5 42 7 53 54 55 56 27 28 29 30 31 32 43 64 45 47 17 57 19 21 63 49 50 51 52 59 40 62 
4 29 34 1 17 18 19 60 12 50 51 9 15 53 13 55 5 6 7 39 40 41 48 64 45 44 31 32 2 62 27 28 36 3 38 33 63 35 20 21 22 57 61 26 25 59 58 23 52 10 11 49 14 56 16 54 42 47 46 8 43 30 37 24 
5 30 14 17 1 20 21 46 49 11 10 52 33 3 36 37 4 39 40 6 7 42 58 25 24 61 28 27 62 2 32 31 13 53 54 15 16 56 18 19 57 22 44 43 64 8 48 47 9 51 50 12 34 35 63 38 41 23 60 59 26 29 55 45 
6 11 15 18 20 1 22 25 28 30 2 32 34 36 3 38 39 4 41 5 42 7 44 46 8 48 49 9 51 10 52 12 53 13 55 14 56 16 17 57 19 21 58 23 60 24 61 26 27 62 29 31 33 63 35 37 40 43 64 45 47 50 54 59 
7 12 16 19 21 22 1 26 29 31 32 2 35 37 38 3 40 41 4 42 5 6 45 47 48 8 50 51 9 52 10 11 54 55 13 56 14 15 57 17 18 20 59 60 23 61 24 25 62 27 28 30 63 33 34 36 39 64 43 44 46 49 53 58 
8 15 11 23 24 25 26 1 34 36 3 38 28 30 2 32 43 44 45 46 47 48 4 5 6 7 53 13 55 14 56 16 49 9 51 10 52 12 58 59 60 61 17 18 19 20 21 22 33 63 35 37 27 62 29 31 64 39 40 41 42 54 50 57 
9 19 44 2 27 28 29 55 7 40 41 4 25 58 23 60 10 11 12 49 50 51 38 63 35 34 21 22 1 57 17 18 46 8 48 43 64 45 30 31 32 62 56 16 15 54 53 13 42 5 6 39 24 61 26 59 52 37 36 3 33 20 47 14 
10 20 24 27 2 30 31 36 39 6 5 42 43 8 46 47 9 49 50 11 12 52 53 15 14 56 18 17 57 1 22 21 23 58 59 25 26 61 28 29 62 32 34 33 63 3 38 37 4 41 40 7 44 45 64 48 51 13 55 54 16 19 60 35 
11 6 25 28 30 2 32 15 18 20 1 22 44 46 8 48 49 9 51 10 52 12 34 36 3 38 39 4 41 5 42 7 58 23 60 24 61 26 27 62 29 31 53 13 55 14 56 16 17 57 19 21 43 64 45 47 50 33 63 35 37 40 59 54 
12 7 26 29 31 32 2 16 19 21 22 1 45 47 48 8 50 51 9 52 10 11 35 37 38 3 40 41 4 42 5 6 59 60 23 61 24 25 62 27 28 30 54 55 13 56 14 15 57 17 18 20 64 43 44 46 49 63 33 34 36 39 58 53 
13 60 4 3 33 34 35 51 48 64 45 44 1 17 18 19 14 15 16 53 54 55 32 62 29 28 61 26 25 59 58 23 5 6 7 39 40 41 36 37 38 63 52 12 11 50 49 9 47 46 8 43 20 21 22 57 56 31 30 2 27 24 42 10 
14 24 20 33 3 36 37 30 43 8 46 47 39 6 5 42 13 53 54 15 16 56 49 11 10 52 23 58 59 25 26 61 18 17 57 1 22 21 34 35 63 38 28 27 62 2 32 31 44 45 64 48 4 41 40 7 55 9 51 50 12 60 19 29 
15 8 1 34 36 3 38 11 23 24 25 26 4 5 6 7 53 13 55 14 56 16 28 30 2 32 43 44 45 46 47 48 17 18 19 20 21 22 33 63 35 37 49 9 51 10 52 12 58 59 60 61 39 40 41 42 54 27 62 29 31 64 57 50 
16 48 22 35 37 38 3 12 60 61 26 25 41 42 7 6 54 55 13 56 14 15 29 31 32 2 64 45 44 47 46 8 57 19 18 21 20 1 63 33 34 36 50 51 9 52 10 11 59 58 23 24 40 39 4 5 53 62 27 28 30 43 17 49 
17 62 53 5 4 39 40 59 52 51 50 49 36 34 33 63 1 20 21 18 19 57 47 45 64 43 32 31 30 29 28 27 15 14 56 13 55 54 6 7 42 41 26 61 24 60 23 58 12 11 10 9 3 38 37 35 22 48 8 46 44 2 16 25 
18 51 13 6 39 4 41 45 32 62 29 28 3 33 34 35 20 1 22 17 57 19 26 59 60 23 52 12 11 50 49 9 14 15 16 53 54 55 5 42 7 40 47 48 8 64 43 44 31 30 2 27 36 37 38 63 21 61 24 25 58 10 56 46 
19 9 55 7 40 41 4 44 2 27 28 29 38 63 35 34 21 22 1 57 17 18 25 58 23 60 10 11 12 49 50 51 56 16 15 54 53 13 42 5 6 39 46 8 48 43 64 45 30 31 32 62 37 36 3 33 20 24 61 26 59 52 14 47 
20 10 36 39 6 5 42 24 27 2 30 31 53 15 14 56 18 17 57 1 22 21 43 8 46 47 9 49 50 11 12 52 34 33 63 3 38 37 4 41 40 7 23 58 59 25 26 61 28 29 62 32 13 55 54 16 19 44 45 64 48 51 35 60 
21 52 37 40 7 42 5 61 62 32 31 30 54 16 56 14 19 57 17 22 1 20 64 48 47 46 51 50 49 12 11 10 35 63 33 38 3 36 41 4 39 6 60 59 58 26 25 24 29 28 27 2 55 13 53 15 18 45 44 43 8 9 34 23 
22 32 38 41 42 7 6 48 51 52 12 11 55 56 16 15 57 19 18 21 20 1 60 61 26 25 62 29 28 31 30 2 63 35 34 37 36 3 40 39 4 5 64 45 44 47 46 8 50 49 9 10 54 53 13 14 17 59 58 23 24 27 33 43 
23 55 9 8 43 44 45 41 38 63 35 34 2 27 28 29 24 25 26 58 59 60 22 57 19 18 56 16 15 54 53 13 10 11 12 49 50 51 46 47 48 64 42 7 6 40 39 4 37 36 3 33 30 31 32 62 61 21 20 1 17 14 52 5 
24 14 30 43 8 46 47 20 33 3 36 37 49 11 10 52 23 58 59 25 26 61 39 6 5 42 13 53 54 15 16 56 28 27 62 2 32 31 44 45 64 48 18 17 57 1 22 21 34 35 63 38 9 51 50 12 60 4 41 40 7 55 29 19 
25 3 2 44 46 8 48 6 13 14 15 16 9 10 11 12 58 23 60 24 61 26 18 20 1 22 33 34 35 36 37 38 27 28 29 30 31 32 43 64 45 47 39 4 41 5 42 7 53 54 55 56 49 50 51 52 59 17 57 19 21 63 62 40 
26 38 32 45 47 48 8 7 55 56 16 15 51 52 12 11 59 60 23 61 24 25 19 21 22 1 63 35 34 37 36 3 62 29 28 31 30 2 64 43 44 46 40 41 4 42 5 6 54 53 13 14 50 49 9 10 58 57 17 18 20 33 27 39 
27 57 58 10 9 49 50 54 42 41 40 39 46 44 43 64 2 30 31 28 29 62 37 35 63 33 22 21 20 19 18 17 25 24 61 23 60 59 11 12 52 51 16 56 14 55 13 53 7 6 5 4 8 48 47 45 32 38 3 36 34 1 26 15 
28 41 23 11 49 9 51 35 22 57 19 18 8 43 44 45 30 2 32 27 62 29 16 54 55 13 42 7 6 40 39 4 24 25 26 58 59 60 10 52 12 50 37 38 3 63 33 34 21 20 1 17 46 47 48 64 31 56 14 15 53 5 61 36 
29 4 60 12 50 51 9 34 1 17 18 19 48 64 45 44 31 32 2 62 27 28 15 53 13 55 5 6 7 39 40 41 61 26 25 59 58 23 52 10 11 49 36 3 38 33 63 35 20 21 22 57 47 46 8 43 30 14 56 16 54 42 24 37 
30 5 46 49 11 10 52 14 17 1 20 21 58 25 24 61 28 27 62 2 32 31 33 3 36 37 4 39 40 6 7 42 44 43 64 8 48 47 9 51 50 12 13 53 54 15 16 56 18 19 57 22 23 60 59 26 29 34 35 63 38 41 45 55 
31 42 47 50 12 52 10 56 57 22 21 20 59 26 61 24 29 62 27 32 2 30 63 38 37 36 41 40 39 7 6 5 45 64 43 48 8 46 51 9 49 11 55 54 53 16 15 14 19 18 17 1 60 23 58 25 28 35 34 33 3 4 44 13 
32 22 48 51 52 12 11 38 41 42 7 6 60 61 26 25 62 29 28 31 30 2 55 56 16 15 57 19 18 21 20 1 64 45 44 47 46 8 50 49 9 10 63 35 34 37 36 3 40 39 4 5 59 58 23 24 27 54 53 13 14 17 43 33 
33 59 17 14 13 53 54 50 47 45 64 43 5 4 39 40 3 36 37 34 35 63 31 29 62 27 26 61 24 60 23 58 1 20 21 18 19 57 15 16 56 55 12 52 10 51 9 49 48 8 46 44 6 7 42 41 38 32 2 30 28 25 22 11 
34 45 18 15 53 13 55 29 26 59 60 23 6 39 4 41 36 3 38 33 63 35 12 50 51 9 47 48 8 64 43 44 20 1 22 17 57 19 14 56 16 54 31 32 2 62 27 28 61 24 25 58 5 42 7 40 37 52 10 11 49 46 21 30 
35 44 19 16 54 55 13 28 25 58 23 60 7 40 41 4 37 38 3 63 33 34 11 49 9 51 46 8 48 43 64 45 21 22 1 57 17 18 56 14 15 53 30 2 32 27 62 29 24 61 26 59 42 5 6 39 36 10 52 12 50 47 20 31 
36 46 5 53 15 14 56 10 58 25 24 61 17 1 20 21 34 33 63 3 38 37 27 2 30 31 44 43 64 8 48 47 4 39 40 6 7 42 13 55 54 16 9 49 50 11 12 52 23 60 59 26 18 19 57 22 35 28 29 62 32 45 41 51 
37 47 42 54 16 56 14 52 59 26 61 24 57 22 21 20 35 63 33 38 3 36 62 32 31 30 45 64 43 48 8 46 41 40 39 7 6 5 55 13 53 15 51 50 49 12 11 10 60 23 58 25 19 18 17 1 34 29 28 27 2 44 4 9 
38 26 7 55 56 16 15 32 45 47 48 8 19 21 22 1 63 35 34 37 36 3 51 52 12 11 59 60 23 61 24 25 40 41 4 42 5 6 54 53 13 14 62 29 28 31 30 2 64 43 44 46 57 17 18 20 33 50 49 9 10 58 39 27 
39 50 33 20 18 17 57 64 31 29 62 27 14 13 53 54 6 5 42 4 41 40 61 60 59 58 12 52 10 51 9 49 3 36 37 34 35 63 1 22 21 19 48 47 46 45 44 43 32 2 30 28 15 16 56 55 7 26 25 24 23 11 38 8 
40 49 63 21 19 57 17 43 30 28 27 62 56 55 54 53 7 42 5 41 4 39 24 23 58 59 11 10 52 9 51 50 38 37 36 35 34 33 22 1 20 18 8 46 47 44 45 64 2 32 31 29 16 15 14 13 6 25 26 61 60 12 3 48 
41 28 35 22 57 19 18 23 11 49 9 51 16 54 55 13 42 7 6 40 39 4 8 43 44 45 30 2 32 27 62 29 37 38 3 63 33 34 21 20 1 17 24 25 26 58 59 60 10 52 12 50 56 14 15 53 5 46 47 48 64 31 36 61 
42 31 56 57 22 21 20 47 50 12 52 10 63 38 37 36 41 40 39 7 6 5 59 26 61 24 29 62 27 32 2 30 55 54 53 16 15 14 19 18 17 1 45 64 43 48 8 46 51 9 49 11 35 34 33 3 4 60 23 58 25 28 13 44 
43 54 27 24 23 58 59 40 37 35 63 33 10 9 49 50 8 46 47 44 45 64 21 19 57 17 16 56 14 55 13 53 2 30 31 28 29 62 25 26 61 60 7 42 5 41 4 39 38 3 36 34 11 12 52 51 48 22 1 20 18 15 32 6 
44 35 28 25 58 23 60 19 16 54 55 13 11 49 9 51 46 8 48 43 64 45 7 40 41 4 37 38 3 63 33 34 30 2 32 27 62 29 24 61 26 59 21 22 1 57 17 18 56 14 15 53 10 52 12 50 47 42 5 6 39 36 31 20 
45 34 29 26 59 60 23 18 15 53 13 55 12 50 51 9 47 48 8 64 43 44 6 39 4 41 36 3 38 33 63 35 31 32 2 62 27 28 61 24 25 58 20 1 22 17 57 19 14 56 16 54 52 10 11 49 46 5 42 7 40 37 30 21 
46 36 10 58 25 24 61 5 53 15 14 56 27 2 30 31 44 43 64 8 48 47 17 1 20 21 34 33 63 3 38 37 9 49 50 11 12 52 23 60 59 26 4 39 40 6 7 42 13 55 54 16 28 29 62 32 45 18 19 57 22 35 51 41 
47 37 52 59 26 61 24 42 54 16 56 14 62 32 31 30 45 64 43 48 8 46 57 22 21 20 35 63 33 38 3 36 51 50 49 12 11 10 60 23 58 25 41 40 39 7 6 5 55 13 53 15 29 28 27 2 44 19 18 17 1 34 9 4 
48 16 12 60 61 26 25 22 35 37 38 3 29 31 32 2 64 45 44 47 46 8 41 42 7 6 54 55 13 56 14 15 50 51 9 52 10 11 59 58 23 24 57 19 18 21 20 1 63 33 34 36 62 27 28 30 43 40 39 4 5 53 49 17 
49 40 43 30 28 27 62 63 21 19 57 17 24 23 58 59 11 10 52 9 51 50 56 55 54 53 7 42 5 41 4 39 8 46 47 44 45 64 2 32 31 29 38 37 36 35 34 33 22 1 20 18 25 26 61 60 12 16 15 14 13 6 48 3 
50 39 64 31 29 62 27 33 20 18 17 57 61 60 59 58 12 52 10 51 9 49 14 13 53 54 6 5 42 4 41 40 48 47 46 45 44 43 32 2 30 28 3 36 37 34 35 63 1 22 21 19 26 25 24 23 11 15 16 56 55 7 8 38 
51 18 45 32 62 29 28 13 6 39 4 41 26 59 60 23 52 12 11 50 49 9 3 33 34 35 20 1 22 17 57 19 47 48 8 64 43 44 31 30 2 27 14 15 16 53 54 55 5 42 7 40 61 24 25 58 10 36 37 38 63 21 46 56 
52 21 61 62 32 31 30 37 40 7 42 5 64 48 47 46 51 50 49 12 11 10 54 16 56 14 19 57 17 22 1 20 60 59 58 26 25 24 29 28 27 2 35 63 33 38 3 36 41 4 39 6 45 44 43 8 9 55 13 53 15 18 23 34 
53 64 39 36 34 33 63 62 61 60 59 58 20 18 17 57 15 14 56 13 55 54 52 51 50 49 48 47 46 45 44 43 6 5 42 4 41 40 3 38 37 35 32 31 30 29 28 27 26 25 24 23 1 22 21 19 16 12 11 10 9 8 7 2 
54 43 40 37 35 63 33 27 24 23 58 59 21 19 57 17 16 56 14 55 13 53 10 9 49 50 8 46 47 44 45 64 7 42 5 41 4 39 38 3 36 34 2 30 31 28 29 62 25 26 61 60 22 1 20 18 15 11 12 52 51 48 6 32 
55 23 41 38 63 35 34 9 8 43 44 45 22 57 19 18 56 16 15 54 53 13 2 27 28 29 24 25 26 58 59 60 42 7 6 40 39 4 37 36 3 33 10 11 12 49 50 51 46 47 48 64 21 20 1 17 14 30 31 32 62 61 5 52 
56 61 21 63 38 37 36 31 64 48 47 46 40 7 42 5 55 54 53 16 15 14 50 12 52 10 60 59 58 26 25 24 19 57 17 22 1 20 35 34 33 3 29 62 27 32 2 30 45 44 43 8 41 4 39 6 13 51 9 49 11 23 18 28 
57 27 54 42 41 40 39 58 10 9 49 50 37 35 63 33 22 21 20 19 18 17 46 44 43 64 2 30 31 28 29 62 16 56 14 55 13 53 7 6 5 4 25 24 61 23 60 59 11 12 52 51 38 3 36 34 1 8 48 47 45 32 15 26 
58 63 49 46 44 43 64 57 56 55 54 53 30 28 27 62 25 24 61 23 60 59 42 41 40 39 38 37 36 35 34 33 11 10 52 9 51 50 8 48 47 45 22 21 20 19 18 17 16 15 14 13 2 32 31 29 26 7 6 5 4 3 12 1 
59 33 50 47 45 64 43 17 14 13 53 54 31 29 62 27 26 61 24 60 23 58 5 4 39 40 3 36 37 34 35 63 12 52 10 51 9 49 48 8 46 44 1 20 21 18 19 57 15 16 56 55 32 2 30 28 25 6 7 42 41 38 11 22 
60 13 51 48 64 45 44 4 3 33 34 35 32 62 29 28 61 26 25 59 58 23 1 17 18 19 14 15 16 53 54 55 52 12 11 50 49 9 47 46 8 43 5 6 7 39 40 41 36 37 38 63 31 30 2 27 24 20 21 22 57 56 10 42 
61 56 31 64 48 47 46 21 63 38 37 36 50 12 52 10 60 59 58 26 25 24 40 7 42 5 55 54 53 16 15 14 29 62 27 32 2 30 45 44 43 8 19 57 17 22 1 20 35 34 33 3 51 9 49 11 23 41 4 39 6 13 28 18 
62 17 59 52 51 50 49 53 5 4 39 40 47 45 64 43 32 31 30 29 28 27 36 34 33 63 1 20 21 18 19 57 26 61 24 60 23 58 12 11 10 9 15 14 56 13 55 54 6 7 42 41 48 8 46 44 2 3 38 37 35 22 25 16 
63 58 57 56 55 54 53 49 46 44 43 64 42 41 40 39 38 37 36 35 34 33 30 28 27 62 25 24 61 23 60 59 22 21 20 19 18 17 16 15 14 13 11 10 52 9 51 50 8 48 47 45 7 6 5 4 3 2 32 31 29 26 1 12 
64 53 62 61 60 59 58 39 36 34 33 63 52 51 50 49 48 47 46 45 44 43 20 18 17 57 15 14 56 13 55 54 32 31 30 29 28 27 26 25 24 23 6 5 42 4 41 40 3 38 37 35 12 11 10 9 8 1 22 21 19 16 2 7 
1
0 1 

1 8 
1 
5 
6 
7 
20 
21 
22 
42 
2 28 
1 5 
1 6 
1 7 
1 20 
1 21 
1 22 
1 42 
5 6 
5 7 
5 20 
5 21 
5 22 
5 42 
6 7 
6 20 
6 21 
6 22 
6 42 
7 20 
7 21 
7 22 
7 42 
20 21 
20 22 
20 42 
21 22 
21 42 
22 42 
3 56 
1 5 6 
1 5 7 
1 5 20 
1 5 21 
1 5 22 
1 5 42 
1 6 7 
1 6 20 
1 6 21 
1 6 22 
1 6 42 
1 7 20 
1 7 21 
1 7 22 
1 7 42 
1 20 21 
1 20 22 
1 20 42 
1 21 22 
1 21 42 
1 22 42 
5 6 7 
5 6 20 
5 6 21 
5 6 22 
5 6 42 
5 7 20 
5 7 21 
5 7 22 
5 7 42 
5 20 21 
5 20 22 
5 20 42 
5 21 22 
5 21 42 
5 22 42 
6 7 20 
6 7 21 
6 7 22 
6 7 42 
6 20 21 
6 20 22 
6 20 42 
6 21 22 
6 21 42 
6 22 42 
7 20 21 
7 20 22 
7 20 42 
7 21 22 
7 21 42 
7 22 42 
20 21 22 
20 21 42 
20 22 42 
21 22 42 
4 70 
1 5 6 7 
1 5 6 20 
1 5 6 21 
1 5 6 22 
1 5 6 42 
1 5 7 20 
1 5 7 21 
1 5 7 22 
1 5 7 42 
1 5 20 21 
1 5 20 22 
1 5 20 42 
1 5 21 22 
1 5 21 42 
1 5 22 42 
1 6 7 20 
1 6 7 21 
1 6 7 22 
1 6 7 42 
1 6 20 21 
1 6 20 22 
1 6 20 42 
1 6 21 22 
1 6 21 42 
1 6 22 42 
1 7 20 21 
1 7 20 22 
1 7 20 42 
1 7 21 22 
1 7 21 42 
1 7 22 42 
1 20 21 22 
1 20 21 42 
1 20 22 42 
1 21 22 42 
5 6 7 20 
5 6 7 21 
5 6 7 22 
5 6 7 42 
5 6 20 21 
5 6 20 22 
5 6 20 42 
5 6 21 22 
5 6 21 42 
5 6 22 42 
5 7 20 21 
5 7 20 22 
5 7 20 42 
5 7 21 22 
5 7 21 42 
5 7 22 42 
5 20 21 22 
5 20 21 42 
5 20 22 42 
5 21 22 42 
6 7 20 21 
6 7 20 22 
6 7 20 42 
6 7 21 22 
6 7 21 42 
6 7 22 42 
6 20 21 22 
6 20 21 42 
6 20 22 42 
6 21 22 42 
7 20 21 22 
7 20 21 42 
7 20 22 42 
7 21 22 42 
20 21 22 42 
5 56 
1 5 6 7 20 
1 5 6 7 21 
1 5 6 7 22 
1 5 6 7 42 
1 5 6 20 21 
1 5 6 20 22 
1 5 6 20 42 
1 5 6 21 22 
1 5 6 21 42 
1 5 6 22 42 
1 5 7 20 21 
1 5 7 20 22 
1 5 7 20 42 
1 5 7 21 22 
1 5 7 21 42 
1 5 7 22 42 
1 5 20 21 22 
1 5 20 21 42 
1 5 20 22 42 
1 5 21 22 42 
1 6 7 20 21 
1 6 7 20 22 
1 6 7 20 42 
1 6 7 21 22 
1 6 7 21 42 
1 6 7 22 42 
1 6 20 21 22 
1 6 20 21 42 
1 6 20 22 42 
1 6 21 22 42 
1 7 20 21 22 
1 7 20 21 42 
1 7 20 22 42 
1 7 21 22 42 
1 20 21 22 42 
5 6 7 20 21 
5 6 7 20 22 
5 6 7 20 42 
5 6 7 21 22 
5 6 7 21 42 
5 6 7 22 42 
5 6 20 21 22 
5 6 20 21 42 
5 6 20 22 42 
5 6 21 22 42 
5 7 20 21 22 
5 7 20 21 42 
5 7 20 22 42 
5 7 21 22 42 
5 20 21 22 42 
6 7 20 21 22 
6 7 20 21 42 
6 7 20 22 42 
6 7 21 22 42 
6 20 21 22 42 
7 20 21 22 42 
6 28 
1 5 6 7 20 21 
1 5 6 7 20 22 
1 5 6 7 20 42 
1 5 6 7 21 22 
1 5 6 7 21 42 
1 5 6 7 22 42 
1 5 6 20 21 22 
1 5 6 20 21 42 
1 5 6 20 22 42 
1 5 6 21 22 42 
1 5 7 20 21 22 
1 5 7 20 21 42 
1 5 7 20 22 42 
1 5 7 21 22 42 
1 5 20 21 22 42 
1 6 7 20 21 22 
1 6 7 20 21 42 
1 6 7 20 22 42 
1 6 7 21 22 42 
1 6 20 21 22 42 
1 7 20 21 22 42 
5 6 7 20 21 22 
5 6 7 20 21 42 
5 6 7 20 22 42 
5 6 7 21 22 42 
5 6 20 21 22 42 
5 7 20 21 22 42 
6 7 20 21 22 42 
7 8 
1 5 6 7 20 21 22 
1 5 6 7 20 21 42 
1 5 6 7 20 22 42 
1 5 6 7 21 22 42 
1 5 6 20 21 22 42 
1 5 7 20 21 22 42 
1 6 7 20 21 22 42 
5 6 7 20 21 22 42 
8 1 
1 5 6 7 20 21 22 42 
2
0 1 

1 4 
2 
11 
12 
32 
2 8 
2 11 
2 12 
2 32 
10 30 
11 12 
11 32 
12 32 
31 52 
3 12 
2 10 30 
2 11 12 
2 11 32 
2 12 32 
2 31 52 
10 11 30 
10 12 30 
10 30 32 
11 12 32 
11 31 52 
12 31 52 
31 32 52 
4 14 
2 10 11 30 
2 10 12 30 
2 10 30 32 
2 11 12 32 
2 11 31 52 
2 12 31 52 
2 31 32 52 
10 11 12 30 
10 11 30 32 
10 12 30 32 
10 30 31 52 
11 12 31 52 
11 31 32 52 
12 31 32 52 
5 12 
2 10 11 12 30 
2 10 11 30 32 
2 10 12 30 32 
2 10 30 31 52 
2 11 12 31 52 
2 11 31 32 52 
2 12 31 32 52 
10 11 12 30 32 
10 11 30 31 52 
10 12 30 31 52 
10 30 31 32 52 
11 12 31 32 52 
6 8 
2 10 11 12 30 32 
2 10 11 30 31 52 
2 10 12 30 31 52 
2 10 30 31 32 52 
2 11 12 31 32 52 
10 11 12 30 31 52 
10 11 30 31 32 52 
10 12 30 31 32 52 
7 4 
2 10 11 12 30 31 52 
2 10 11 30 31 32 52 
2 10 12 30 31 32 52 
10 11 12 30 31 32 52 
8 1 
2 10 11 12 30 31 32 52 
3
0 1 

1 1 

2 4 
3 15 
14 36 
16 38 
37 56 
3 1 

4 6 
3 14 15 36 
3 15 16 38 
3 15 37 56 
14 16 36 38 
14 36 37 56 
16 37 38 56 
5 1 

6 4 
3 14 15 16 36 38 
3 14 15 36 37 56 
3 15 16 37 38 56 
14 16 36 37 38 56 
7 1 

8 1 
3 14 15 16 36 37 38 56 
4
0 1 

1 8 
4 
17 
18 
19 
39 
40 
41 
57 
2 28 
4 17 
4 18 
4 19 
4 39 
4 40 
4 41 
4 57 
17 18 
17 19 
17 39 
17 40 
17 41 
17 57 
18 19 
18 39 
18 40 
18 41 
18 57 
19 39 
19 40 
19 41 
19 57 
39 40 
39 41 
39 57 
40 41 
40 57 
41 57 
3 56 
4 17 18 
4 17 19 
4 17 39 
4 17 40 
4 17 41 
4 17 57 
4 18 19 
4 18 39 
4 18 40 
4 18 41 
4 18 57 
4 19 39 
4 19 40 
4 19 41 
4 19 57 
4 39 40 
4 39 41 
4 39 57 
4 40 41 
4 40 57 
4 41 57 
17 18 19 
17 18 39 
17 18 40 
17 18 41 
17 18 57 
17 19 39 
17 19 40 
17 19 41 
17 19 57 
17 39 40 
17 39 41 
17 39 57 
17 40 41 
17 40 57 
17 41 57 
18 19 39 
18 19 40 
18 19 41 
18 19 57 
18 39 40 
18 39 41 
18 39 57 
18 40 41 
18 40 57 
18 41 57 
19 39 40 
19 39 41 
19 39 57 
19 40 41 
19 40 57 
19 41 57 
39 40 41 
39 40 57 
39 41 57 
40 41 57 
4 70 
4 17 18 19 
4 17 18 39 
4 17 18 40 
4 17 18 41 
4 17 18 57 
4 17 19 39 
4 17 19 40 
4 17 19 41 
4 17 19 57 
4 17 39 40 
4 17 39 41 
4 17 39 57 
4 17 40 41 
4 17 40 57 
4 17 41 57 
4 18 19 39 
4 18 19 40 
4 18 19 41 
4 18 19 57 
4 18 39 40 
4 18 39 41 
4 18 39 57 
4 18 40 41 
4 18 40 57 
4 18 41 57 
4 19 39 40 
4 19 39 41 
4 19 39 57 
4 19 40 41 
4 19 40 57 
4 19 41 57 
4 39 40 41 
4 39 40 57 
4 39 41 57 
4 40 41 57 
17 18 19 39 
17 18 19 40 
17 18 19 41 
17 18 19 57 
17 18 39 40 
17 18 39 41 
17 18 39 57 
17 18 40 41 
17 18 40 57 
17 18 41 57 
17 19 39 40 
17 19 39 41 
17 19 39 57 
17 19 40 41 
17 19 40 57 
17 19 41 57 
17 39 40 41 
17 39 40 57 
17 39 41 57 
17 40 41 57 
18 19 39 40 
18 19 39 41 
18 19 39 57 
18 19 40 41 
18 19 40 57 
18 19 41 57 
18 39 40 41 
18 39 40 57 
18 39 41 57 
18 40 41 57 
19 39 40 41 
19 39 40 57 
19 39 41 57 
19 40 41 57 
39 40 41 57 
5 56 
4 17 18 19 39 
4 17 18 19 40 
4 17 18 19 41 
4 17 18 19 57 
4 17 18 39 40 
4 17 18 39 41 
4 17 18 39 57 
4 17 18 40 41 
4 17 18 40 57 
4 17 18 41 57 
4 17 19 39 40 
4 17 19 39 41 
4 17 19 39 57 
4 17 19 40 41 
4 17 19 40 57 
4 17 19 41 57 
4 17 39 40 41 
4 17 39 40 57 
4 17 39 41 57 
4 17 40 41 57 
4 18 19 39 40 
4 18 19 39 41 
4 18 19 39 57 
4 18 19 40 41 
4 18 19 40 57 
4 18 19 41 57 
4 18 39 40 41 
4 18 39 40 57 
4 18 39 41 57 
4 18 40 41 57 
4 19 39 40 41 
4 19 39 40 57 
4 19 39 41 57 
4 19 40 41 57 
4 39 40 41 57 
17 18 19 39 40 
17 18 19 39 41 
17 18 19 39 57 
17 18 19 40 41 
17 18 19 40 57 
17 18 19 41 57 
17 18 39 40 41 
17 18 39 40 57 
17 18 39 41 57 
17 18 40 41 57 
17 19 39 40 41 
17 19 39 40 57 
17 19 39 41 57 
17 19 40 41 57 
17 39 40 41 57 
18 19 39 40 41 
18 19 39 40 57 
18 19 39 41 57 
18 19 40 41 57 
18 39 40 41 57 
19 39 40 41 57 
6 28 
4 17 18 19 39 40 
4 17 18 19 39 41 
4 17 18 19 39 57 
4 17 18 19 40 41 
4 17 18 19 40 57 
4 17 18 19 41 57 
4 17 18 39 40 41 
4 17 18 39 40 57 
4 17 18 39 41 57 
4 17 18 40 41 57 
4 17 19 39 40 41 
4 17 19 39 40 57 
4 17 19 39 41 57 
4 17 19 40 41 57 
4 17 39 40 41 57 
4 18 19 39 40 41 
4 18 19 39 40 57 
4 18 19 39 41 57 
4 18 19 40 41 57 
4 18 39 40 41 57 
4 19 39 40 41 57 
17 18 19 39 40 41 
17 18 19 39 40 57 
17 18 19 39 41 57 
17 18 19 40 41 57 
17 18 39 40 41 57 
17 19 39 40 41 57 
18 19 39 40 41 57 
7 8 
4 17 18 19 39 40 41 
4 17 18 19 39 40 57 
4 17 18 19 39 41 57 
4 17 18 19 40 41 57 
4 17 18 39 40 41 57 
4 17 19 39 40 41 57 
4 18 19 39 40 41 57 
17 18 19 39 40 41 57 
8 1 
4 17 18 19 39 40 41 57 
5
0 1 

1 4 
8 
25 
26 
48 
2 8 
8 25 
8 26 
8 48 
24 46 
25 26 
25 48 
26 48 
47 61 
3 12 
8 24 46 
8 25 26 
8 25 48 
8 26 48 
8 47 61 
24 25 46 
24 26 46 
24 46 48 
25 26 48 
25 47 61 
26 47 61 
47 48 61 
4 14 
8 24 25 46 
8 24 26 46 
8 24 46 48 
8 25 26 48 
8 25 47 61 
8 26 47 61 
8 47 48 61 
24 25 26 46 
24 25 46 48 
24 26 46 48 
24 46 47 61 
25 26 47 61 
25 47 48 61 
26 47 48 61 
5 12 
8 24 25 26 46 
8 24 25 46 48 
8 24 26 46 48 
8 24 46 47 61 
8 25 26 47 61 
8 25 47 48 61 
8 26 47 48 61 
24 25 26 46 48 
24 25 46 47 61 
24 26 46 47 61 
24 46 47 48 61 
25 26 47 48 61 
6 8 
8 24 25 26 46 48 
8 24 25 46 47 61 
8 24 26 46 47 61 
8 24 46 47 48 61 
8 25 26 47 48 61 
24 25 26 46 47 61 
24 25 46 47 48 61 
24 26 46 47 48 61 
7 4 
8 24 25 26 46 47 61 
8 24 25 46 47 48 61 
8 24 26 46 47 48 61 
24 25 26 46 47 48 61 
8 1 
8 24 25 26 46 47 48 61 
6
0 1 

1 1 

2 4 
9 29 
27 62 
28 51 
49 50 
3 1 

4 6 
9 27 29 62 
9 28 29 51 
9 29 49 50 
27 28 51 62 
27 49 50 62 
28 49 50 51 
5 1 

6 4 
9 27 28 29 51 62 
9 27 29 49 50 62 
9 28 29 49 50 51 
27 28 49 50 51 62 
7 1 

8 1 
9 27 28 29 49 50 51 62 
7
0 1 

1 8 
13 
33 
34 
35 
53 
54 
55 
63 
2 28 
13 33 
13 34 
13 35 
13 53 
13 54 
13 55 
13 63 
33 34 
33 35 
33 53 
33 54 
33 55 
33 63 
34 35 
34 53 
34 54 
34 55 
34 63 
35 53 
35 54 
35 55 
35 63 
53 54 
53 55 
53 63 
54 55 
54 63 
55 63 
3 56 
13 33 34 
13 33 35 
13 33 53 
13 33 54 
13 33 55 
13 33 63 
13 34 35 
13 34 53 
13 34 54 
13 34 55 
13 34 63 
13 35 53 
13 35 54 
13 35 55 
13 35 63 
13 53 54 
13 53 55 
13 53 63 
13 54 55 
13 54 63 
13 55 63 
33 34 35 
33 34 53 
33 34 54 
33 34 55 
33 34 63 
33 35 53 
33 35 54 
33 35 55 
33 35 63 
33 53 54 
33 53 55 
33 53 63 
33 54 55 
33 54 63 
33 55 63 
34 35 53 
34 35 54 
34 35 55 
34 35 63 
34 53 54 
34 53 55 
34 53 63 
34 54 55 
34 54 63 
34 55 63 
35 53 54 
35 53 55 
35 53 63 
35 54 55 
35 54 63 
35 55 63 
53 54 55 
53 54 63 
53 55 63 
54 55 63 
4 70 
13 33 34 35 
13 33 34 53 
13 33 34 54 
13 33 34 55 
13 33 34 63 
13 33 35 53 
13 33 35 54 
13 33 35 55 
13 33 35 63 
13 33 53 54 
13 33 53 55 
13 33 53 63 
13 33 54 55 
13 33 54 63 
13 33 55 63 
13 34 35 53 
13 34 35 54 
13 34 35 55 
13 34 35 63 
13 34 53 54 
13 34 53 55 
13 34 53 63 
13 34 54 55 
13 34 54 63 
13 34 55 63 
13 35 53 54 
13 35 53 55 
13 35 53 63 
13 35 54 55 
13 35 54 63 
13 35 55 63 
13 53 54 55 
13 53 54 63 
13 53 55 63 
13 54 55 63 
33 34 35 53 
33 34 35 54 
33 34 35 55 
33 34 35 63 
33 34 53 54 
33 34 53 55 
33 34 53 63 
33 34 54 55 
33 34 54 63 
33 34 55 63 
33 35 53 54 
33 35 53 55 
33 35 53 63 
33 35 54 55 
33 35 54 63 
33 35 55 63 
33 53 54 55 
33 53 54 63 
33 53 55 63 
33 54 55 63 
34 35 53 54 
34 35 53 55 
34 35 53 63 
34 35 54 55 
34 35 54 63 
34 35 55 63 
34 53 54 55 
34 53 54 63 
34 53 55 63 
34 54 55 63 
35 53 54 55 
35 53 54 63 
35 53 55 63 
35 54 55 63 
53 54 55 63 
5 56 
13 33 34 35 53 
13 33 34 35 54 
13 33 34 35 55 
13 33 34 35 63 
13 33 34 53 54 
13 33 34 53 55 
13 33 34 53 63 
13 33 34 54 55 
13 33 34 54 63 
13 33 34 55 63 
13 33 35 53 54 
13 33 35 53 55 
13 33 35 53 63 
13 33 35 54 55 
13 33 35 54 63 
13 33 35 55 63 
13 33 53 54 55 
13 33 53 54 63 
13 33 53 55 63 
13 33 54 55 63 
13 34 35 53 54 
13 34 35 53 55 
13 34 35 53 63 
13 34 35 54 55 
13 34 35 54 63 
13 34 35 55 63 
13 34 53 54 55 
13 34 53 54 63 
13 34 53 55 63 
13 34 54 55 63 
13 35 53 54 55 
13 35 53 54 63 
13 35 53 55 63 
13 35 54 55 63 
13 53 54 55 63 
33 34 35 53 54 
33 34 35 53 55 
33 34 35 53 63 
33 34 35 54 55 
33 34 35 54 63 
33 34 35 55 63 
33 34 53 54 55 
33 34 53 54 63 
33 34 53 55 63 
33 34 54 55 63 
33 35 53 54 55 
33 35 53 54 63 
33 35 53 55 63 
33 35 54 55 63 
33 53 54 55 63 
34 35 53 54 55 
34 35 53 54 63 
34 35 53 55 63 
34 35 54 55 63 
34 53 54 55 63 
35 53 54 55 63 
6 28 
13 33 34 35 53 54 
13 33 34 35 53 55 
13 33 34 35 53 63 
13 33 34 35 54 55 
13 33 34 35 54 63 
13 33 34 35 55 63 
13 33 34 53 54 55 
13 33 34 53 54 63 
13 33 34 53 55 63 
13 33 34 54 55 63 
13 33 35 53 54 55 
13 33 35 53 54 63 
13 33 35 53 55 63 
13 33 35 54 55 63 
13 33 53 54 55 63 
13 34 35 53 54 55 
13 34 35 53 54 63 
13 34 35 53 55 63 
13 34 35 54 55 63 
13 34 53 54 55 63 
13 35 53 54 55 63 
33 34 35 53 54 55 
33 34 35 53 54 63 
33 34 35 53 55 63 
33 34 35 54 55 63 
33 34 53 54 55 63 
33 35 53 54 55 63 
34 35 53 54 55 63 
7 8 
13 33 34 35 53 54 55 
13 33 34 35 53 54 63 
13 33 34 35 53 55 63 
13 33 34 35 54 55 63 
13 33 34 53 54 55 63 
13 33 35 53 54 55 63 
13 34 35 53 54 55 63 
33 34 35 53 54 55 63 
8 1 
13 33 34 35 53 54 55 63 
8
0 1 

1 1 

2 4 
23 60 
43 59 
44 45 
58 64 
3 1 

4 6 
23 43 59 60 
23 44 45 60 
23 58 60 64 
43 44 45 59 
43 58 59 64 
44 45 58 64 
5 1 

6 4 
23 43 44 45 59 60 
23 43 58 59 60 64 
23 44 45 58 60 64 
43 44 45 58 59 64 
7 1 

8 1 
23 43 44 45 58 59 60 64 
