//Table for grp 112:
57
0 0 2 2 4 4 2 4 
0 0 2 4 4 2 4 2 
0 0 4 2 2 4 4 2 
0 0 4 4 2 2 2 4 
0 2 0 2 4 2 4 4 
0 2 0 4 4 4 2 2 
0 2 2 0 2 4 4 4 
0 2 2 2 2 2 2 6 
0 2 2 2 2 2 6 2 
0 2 2 2 2 6 2 2 
0 2 2 2 6 2 2 2 
0 2 2 4 2 0 4 4 
0 2 2 4 2 4 0 4 
0 2 2 4 2 4 4 0 
0 2 2 6 2 2 2 2 
0 2 4 0 4 4 2 2 
0 2 4 2 0 2 4 4 
0 2 4 2 4 2 0 4 
0 2 4 2 4 2 4 0 
0 2 4 4 0 4 2 2 
0 2 4 4 4 0 2 2 
0 2 6 2 2 2 2 2 
0 4 0 2 2 4 4 2 
0 4 0 4 2 2 2 4 
0 4 2 0 4 2 4 2 
0 4 2 2 0 4 2 4 
0 4 2 2 4 0 2 4 
0 4 2 2 4 4 2 0 
0 4 2 4 0 2 4 2 
0 4 2 4 4 2 0 2 
0 4 4 0 2 2 2 4 
0 4 4 2 2 0 4 2 
0 4 4 2 2 4 0 2 
0 4 4 4 2 2 2 0 
0 6 2 2 2 2 2 2 
2 0 2 2 2 2 4 4 
2 0 2 4 2 4 2 2 
2 0 4 2 4 2 2 2 
2 2 0 2 2 4 2 4 
2 2 0 4 2 2 4 2 
2 2 2 0 4 2 2 4 
2 2 2 2 0 4 4 2 
2 2 2 2 4 0 4 2 
2 2 2 2 4 4 0 2 
2 2 2 4 0 2 2 4 
2 2 2 4 4 2 2 0 
2 2 4 0 2 2 4 2 
2 2 4 2 2 0 2 4 
2 2 4 2 2 4 2 0 
2 2 4 4 2 2 0 2 
2 4 0 2 4 2 2 2 
2 4 2 0 2 4 2 2 
2 4 2 2 2 2 0 4 
2 4 2 2 2 2 4 0 
2 4 2 4 2 0 2 2 
2 4 4 2 0 2 2 2 
4 2 2 2 2 2 2 2 
1 2 3 4 5 6 7 8 9 10 11 12 13 14 15 16 17 18 19 20 21 22 23 24 25 26 27 28 29 30 31 32 33 34 35 36 37 38 39 40 41 42 43 44 45 46 47 48 49 50 51 52 53 54 55 56 57 58 59 60 61 62 63 64 
2 6 8 9 10 11 12 15 18 20 7 22 23 24 25 26 27 28 29 30 31 32 34 36 16 38 39 19 41 21 42 1 43 44 45 46 47 48 49 50 51 52 53 35 55 37 56 3 40 57 4 5 58 59 60 61 62 54 63 13 14 17 64 33 
3 24 1 13 14 15 16 10 43 8 46 47 4 5 6 7 33 34 35 36 37 38 27 2 30 31 23 58 59 25 26 61 17 18 19 20 21 22 53 54 55 56 9 49 50 11 12 52 44 45 64 48 39 40 41 42 63 28 29 62 32 60 57 51 
4 9 13 5 17 18 19 23 10 27 28 29 14 33 34 35 1 20 21 39 40 41 24 43 44 45 2 30 31 49 50 51 3 36 37 53 54 55 6 7 42 57 8 46 47 58 59 60 11 12 52 62 15 16 56 63 22 25 26 61 64 32 38 48 
5 10 14 17 1 20 21 24 27 2 30 31 33 3 36 37 4 39 40 6 7 42 43 8 46 47 9 49 50 11 12 52 13 53 54 15 16 56 18 19 57 22 23 58 59 25 26 61 28 29 62 32 34 35 63 38 41 44 45 64 48 51 55 60 
6 11 15 18 20 7 22 25 28 30 12 32 34 36 16 38 39 19 41 21 42 1 44 46 26 48 49 29 51 31 52 2 53 35 55 37 56 3 40 57 4 5 58 45 60 47 61 8 50 62 9 10 54 63 13 14 17 59 64 23 24 27 33 43 
7 12 16 19 21 22 1 26 29 31 32 2 35 37 38 3 40 41 4 42 5 6 45 47 48 8 50 51 9 52 10 11 54 55 13 56 14 15 57 17 18 20 59 60 23 61 24 25 62 27 28 30 63 33 34 36 39 64 43 44 46 49 53 58 
8 36 2 23 24 25 26 20 53 15 37 56 9 10 11 12 43 44 45 46 47 48 39 6 21 42 34 54 63 16 38 14 27 28 29 30 31 32 58 59 60 61 18 40 57 7 22 5 35 55 33 3 49 50 51 52 64 19 41 17 1 13 62 4 
9 18 23 10 27 28 29 34 20 39 19 41 24 43 44 45 2 30 31 49 50 51 36 53 35 55 6 21 42 40 57 4 8 46 47 58 59 60 11 12 52 62 15 37 56 54 63 13 7 22 5 17 25 26 61 64 32 16 38 14 33 1 48 3 
10 20 24 27 2 30 31 36 39 6 21 42 43 8 46 47 9 49 50 11 12 52 53 15 37 56 18 40 57 7 22 5 23 58 59 25 26 61 28 29 62 32 34 54 63 16 38 14 19 41 17 1 44 45 64 48 51 35 55 33 3 4 60 13 
11 7 25 28 30 12 32 16 19 21 22 1 44 46 26 48 49 29 51 31 52 2 35 37 38 3 40 41 4 42 5 6 58 45 60 47 61 8 50 62 9 10 54 55 13 56 14 15 57 17 18 20 59 64 23 24 27 63 33 34 36 39 43 53 
12 22 26 29 31 32 2 38 41 42 1 6 45 47 48 8 50 51 9 52 10 11 55 56 3 15 57 4 18 5 20 7 59 60 23 61 24 25 62 27 28 30 63 13 34 14 36 16 17 39 19 21 64 43 44 46 49 33 53 35 37 40 58 54 
13 43 4 14 33 34 35 27 8 23 58 59 5 17 18 19 3 36 37 53 54 55 2 9 49 50 24 25 26 44 45 64 1 20 21 39 40 41 15 16 56 63 10 11 12 28 29 62 46 47 48 60 6 7 42 57 38 30 31 32 51 61 22 52 
14 8 5 33 3 36 37 2 23 24 25 26 17 1 20 21 13 53 54 15 16 56 9 10 11 12 43 44 45 46 47 48 4 39 40 6 7 42 34 35 63 38 27 28 29 30 31 32 58 59 60 61 18 19 57 22 55 49 50 51 52 64 41 62 
15 46 6 34 36 16 38 30 58 25 47 61 18 20 7 22 53 35 55 37 56 3 49 11 31 52 44 59 64 26 48 24 39 19 41 21 42 1 54 63 13 14 28 50 62 12 32 10 45 60 43 8 40 57 4 5 33 29 51 27 2 23 17 9 
16 47 7 35 37 38 3 31 59 26 61 24 19 21 22 1 54 55 13 56 14 15 50 12 52 10 45 64 43 48 8 46 40 41 4 42 5 6 63 33 34 36 29 62 27 32 2 30 60 23 58 25 57 17 18 20 53 51 9 49 11 44 39 28 
17 27 33 1 4 39 40 43 2 9 49 50 3 13 53 54 5 6 7 18 19 57 8 23 58 59 10 11 12 28 29 62 14 15 16 34 35 63 20 21 22 41 24 25 26 44 45 64 30 31 32 51 36 37 38 55 42 46 47 48 60 52 56 61 
18 28 34 20 39 19 41 44 30 49 29 51 36 53 35 55 6 21 42 40 57 4 46 58 45 60 11 31 52 50 62 9 15 37 56 54 63 13 7 22 5 17 25 47 61 59 64 23 12 32 10 27 16 38 14 33 1 26 48 24 43 2 3 8 
19 29 35 21 40 41 4 45 31 50 51 9 37 54 55 13 7 42 5 57 17 18 47 59 60 23 12 52 10 62 27 28 16 56 14 63 33 34 22 1 20 39 26 61 24 64 43 44 32 2 30 49 38 3 36 53 6 48 8 46 58 11 15 25 
20 30 36 39 6 21 42 46 49 11 31 52 53 15 37 56 18 40 57 7 22 5 58 25 47 61 28 50 62 12 32 10 34 54 63 16 38 14 19 41 17 1 44 59 64 26 48 24 29 51 27 2 35 55 33 3 4 45 60 43 8 9 13 23 
21 31 37 40 7 42 5 47 50 12 52 10 54 16 56 14 19 57 17 22 1 20 59 26 61 24 29 62 27 32 2 30 35 63 33 38 3 36 41 4 39 6 45 64 43 48 8 46 51 9 49 11 55 13 53 15 18 60 23 58 25 28 34 44 
22 32 38 41 42 1 6 48 51 52 2 11 55 56 3 15 57 4 18 5 20 7 60 61 8 25 62 9 28 10 30 12 63 13 34 14 36 16 17 39 19 21 64 23 44 24 46 26 27 49 29 31 33 53 35 37 40 43 58 45 47 50 54 59 
23 53 9 24 43 44 45 39 15 34 54 63 10 27 28 29 8 46 47 58 59 60 6 18 40 57 36 16 38 35 55 33 2 30 31 49 50 51 25 26 61 64 20 7 22 19 41 17 37 56 3 13 11 12 52 62 48 21 42 1 4 14 32 5 
24 15 10 43 8 46 47 6 34 36 16 38 27 2 30 31 23 58 59 25 26 61 18 20 7 22 53 35 55 37 56 3 9 49 50 11 12 52 44 45 64 48 39 19 41 21 42 1 54 63 13 14 28 29 62 32 60 40 57 4 5 33 51 17 
25 37 11 44 46 26 48 21 54 16 56 14 28 30 12 32 58 45 60 47 61 8 40 7 42 5 35 63 33 38 3 36 49 29 51 31 52 2 59 64 23 24 19 57 17 22 1 20 55 13 53 15 50 62 9 10 43 41 4 39 6 34 27 18 
26 56 12 45 47 48 8 42 63 38 14 36 29 31 32 2 59 60 23 61 24 25 57 22 5 20 55 33 53 3 15 37 50 51 9 52 10 11 64 43 44 46 41 17 39 1 6 21 13 34 54 16 62 27 28 30 58 4 18 40 7 35 49 19 
27 39 43 2 9 49 50 53 6 18 40 57 8 23 58 59 10 11 12 28 29 62 15 34 54 63 20 7 22 19 41 17 24 25 26 44 45 64 30 31 32 51 36 16 38 35 55 33 21 42 1 4 46 47 48 60 52 37 56 3 13 5 61 14 
28 19 44 30 49 29 51 35 21 40 41 4 46 58 45 60 11 31 52 50 62 9 37 54 55 13 7 42 5 57 17 18 25 47 61 59 64 23 12 32 10 27 16 56 14 63 33 34 22 1 20 39 26 48 24 43 2 38 3 36 53 6 8 15 
29 41 45 31 50 51 9 55 42 57 4 18 47 59 60 23 12 52 10 62 27 28 56 63 13 34 22 5 20 17 39 19 26 61 24 64 43 44 32 2 30 49 38 14 36 33 53 35 1 6 21 40 48 8 46 58 11 3 15 37 54 7 25 16 
30 21 46 49 11 31 52 37 40 7 42 5 58 25 47 61 28 50 62 12 32 10 54 16 56 14 19 57 17 22 1 20 44 59 64 26 48 24 29 51 27 2 35 63 33 38 3 36 41 4 39 6 45 60 43 8 9 55 13 53 15 18 23 34 
31 42 47 50 12 52 10 56 57 22 5 20 59 26 61 24 29 62 27 32 2 30 63 38 14 36 41 17 39 1 6 21 45 64 43 48 8 46 51 9 49 11 55 33 53 3 15 37 4 18 40 7 60 23 58 25 28 13 34 54 16 19 44 35 
32 1 48 51 52 2 11 3 4 5 6 7 60 61 8 25 62 9 28 10 30 12 13 14 15 16 17 18 19 20 21 22 64 23 44 24 46 26 27 49 29 31 33 34 35 36 37 38 39 40 41 42 43 58 45 47 50 53 54 55 56 57 59 63 
33 23 17 3 13 53 54 9 24 43 44 45 1 4 39 40 14 15 16 34 35 63 10 27 28 29 8 46 47 58 59 60 5 6 7 18 19 57 36 37 38 55 2 30 31 49 50 51 25 26 61 64 20 21 22 41 56 11 12 52 62 48 42 32 
34 58 18 36 53 35 55 49 25 44 59 64 20 39 19 41 15 37 56 54 63 13 11 28 50 62 46 26 48 45 60 43 6 21 42 40 57 4 16 38 14 33 30 12 32 29 51 27 47 61 8 23 7 22 5 17 3 31 52 2 9 24 1 10 
35 59 19 37 54 55 13 50 26 45 64 43 21 40 41 4 16 56 14 63 33 34 12 29 62 27 47 48 8 60 23 58 7 42 5 57 17 18 38 3 36 53 31 32 2 51 9 49 61 24 25 44 22 1 20 39 15 52 10 11 28 46 6 30 
36 25 20 53 15 37 56 11 44 46 26 48 39 6 21 42 34 54 63 16 38 14 28 30 12 32 58 45 60 47 61 8 18 40 57 7 22 5 35 55 33 3 49 29 51 31 52 2 59 64 23 24 19 41 17 1 13 50 62 9 10 43 4 27 
37 26 21 54 16 56 14 12 45 47 48 8 40 7 42 5 35 63 33 38 3 36 29 31 32 2 59 60 23 61 24 25 19 57 17 22 1 20 55 13 53 15 50 51 9 52 10 11 64 43 44 46 41 4 39 6 34 62 27 28 30 58 18 49 
38 61 22 55 56 3 15 52 64 48 24 46 41 42 1 6 63 13 34 14 36 16 62 32 10 30 60 43 58 8 25 47 57 4 18 5 20 7 33 53 35 37 51 27 49 2 11 31 23 44 59 26 17 39 19 21 54 9 28 50 12 45 40 29 
39 49 53 6 18 40 57 58 11 28 50 62 15 34 54 63 20 7 22 19 41 17 25 44 59 64 30 12 32 29 51 27 36 16 38 35 55 33 21 42 1 4 46 26 48 45 60 43 31 52 2 9 37 56 3 13 5 47 61 8 23 10 14 24 
40 50 54 7 19 57 17 59 12 29 62 27 16 35 63 33 21 22 1 41 4 39 26 45 64 43 31 32 2 51 9 49 37 38 3 55 13 53 42 5 6 18 47 48 8 60 23 58 52 10 11 28 56 14 15 34 20 61 24 25 44 30 36 46 
41 51 55 42 57 4 18 60 52 62 9 28 56 63 13 34 22 5 20 17 39 19 61 64 23 44 32 10 30 27 49 29 38 14 36 33 53 35 1 6 21 40 48 24 46 43 58 45 2 11 31 50 3 15 37 54 7 8 25 47 59 12 16 26 
42 52 56 57 22 5 20 61 62 32 10 30 63 38 14 36 41 17 39 1 6 21 64 48 24 46 51 27 49 2 11 31 55 33 53 3 15 37 4 18 40 7 60 43 58 8 25 47 9 28 50 12 13 34 54 16 19 23 44 59 26 29 35 45 
43 34 27 8 23 58 59 18 36 53 35 55 2 9 49 50 24 25 26 44 45 64 20 39 19 41 15 37 56 54 63 13 10 11 12 28 29 62 46 47 48 60 6 21 42 40 57 4 16 38 14 33 30 31 32 51 61 7 22 5 17 3 52 1 
44 54 28 46 58 45 60 40 16 35 63 33 30 49 29 51 25 47 61 59 64 23 7 19 57 17 37 38 3 55 13 53 11 31 52 50 62 9 26 48 24 43 21 22 1 41 4 39 56 14 15 34 12 32 10 27 8 42 5 6 18 36 2 20 
45 63 29 47 59 60 23 57 38 55 33 53 31 50 51 9 26 61 24 64 43 44 22 41 17 39 56 3 15 13 34 54 12 52 10 62 27 28 48 8 46 58 42 1 6 4 18 40 14 36 16 35 32 2 30 49 25 5 20 7 19 37 11 21 
46 16 30 58 25 47 61 7 35 37 38 3 49 11 31 52 44 59 64 26 48 24 19 21 22 1 54 55 13 56 14 15 28 50 62 12 32 10 45 60 43 8 40 41 4 42 5 6 63 33 34 36 29 51 27 2 23 57 17 18 20 53 9 39 
47 38 31 59 26 61 24 22 55 56 3 15 50 12 52 10 45 64 43 48 8 46 41 42 1 6 63 13 34 14 36 16 29 62 27 32 2 30 60 23 58 25 57 4 18 5 20 7 33 53 35 37 51 9 49 11 44 17 39 19 21 54 28 40 
48 14 32 60 61 8 25 5 33 3 36 37 51 52 2 11 64 23 44 24 46 26 17 1 20 21 13 53 54 15 16 56 62 9 28 10 30 12 43 58 45 47 4 39 40 6 7 42 34 35 63 38 27 49 29 31 59 18 19 57 22 55 50 41 
49 40 58 11 28 50 62 54 7 19 57 17 25 44 59 64 30 12 32 29 51 27 16 35 63 33 21 22 1 41 4 39 46 26 48 45 60 43 31 52 2 9 37 38 3 55 13 53 42 5 6 18 47 61 8 23 10 56 14 15 34 20 24 36 
50 57 59 12 29 62 27 63 22 41 17 39 26 45 64 43 31 32 2 51 9 49 38 55 33 53 42 1 6 4 18 40 47 48 8 60 23 58 52 10 11 28 56 3 15 13 34 54 5 20 7 19 61 24 25 44 30 14 36 16 35 21 46 37 
51 4 60 52 62 9 28 13 5 17 18 19 61 64 23 44 32 10 30 27 49 29 14 33 34 35 1 20 21 39 40 41 48 24 46 43 58 45 2 11 31 50 3 36 37 53 54 55 6 7 42 57 8 25 47 59 12 15 16 56 63 22 26 38 
52 5 61 62 32 10 30 14 17 1 20 21 64 48 24 46 51 27 49 2 11 31 33 3 36 37 4 39 40 6 7 42 60 43 58 8 25 47 9 28 50 12 13 53 54 15 16 56 18 19 57 22 23 44 59 26 29 34 35 63 38 41 45 55 
53 44 39 15 34 54 63 28 46 58 45 60 6 18 40 57 36 16 38 35 55 33 30 49 29 51 25 47 61 59 64 23 20 7 22 19 41 17 37 56 3 13 11 31 52 50 62 9 26 48 24 43 21 42 1 4 14 12 32 10 27 8 5 2 
54 45 40 16 35 63 33 29 47 59 60 23 7 19 57 17 37 38 3 55 13 53 31 50 51 9 26 61 24 64 43 44 21 22 1 41 4 39 56 14 15 34 12 52 10 62 27 28 48 8 46 58 42 5 6 18 36 32 2 30 49 25 20 11 
55 64 41 56 63 13 34 62 48 60 43 58 42 57 4 18 38 14 36 33 53 35 32 51 27 49 61 8 25 23 44 59 22 5 20 17 39 19 3 15 37 54 52 2 11 9 28 50 24 46 26 45 1 6 21 40 16 10 30 12 29 47 7 31 
56 48 42 63 38 14 36 32 60 61 8 25 57 22 5 20 55 33 53 3 15 37 51 52 2 11 64 23 44 24 46 26 41 17 39 1 6 21 13 34 54 16 62 9 28 10 30 12 43 58 45 47 4 18 40 7 35 27 49 29 31 59 19 50 
57 62 63 22 41 17 39 64 32 51 27 49 38 55 33 53 42 1 6 4 18 40 48 60 43 58 52 2 11 9 28 50 56 3 15 13 34 54 5 20 7 19 61 8 25 23 44 59 10 30 12 29 14 36 16 35 21 24 46 26 45 31 37 47 
58 35 49 25 44 59 64 19 37 54 55 13 11 28 50 62 46 26 48 45 60 43 21 40 41 4 16 56 14 63 33 34 30 12 32 29 51 27 47 61 8 23 7 42 5 57 17 18 38 3 36 53 31 52 2 9 24 22 1 20 39 15 10 6 
59 55 50 26 45 64 43 41 56 63 13 34 12 29 62 27 47 48 8 60 23 58 42 57 4 18 38 14 36 33 53 35 31 32 2 51 9 49 61 24 25 44 22 5 20 17 39 19 3 15 37 54 52 10 11 28 46 1 6 21 40 16 30 7 
60 33 51 61 64 23 44 17 3 13 53 54 52 62 9 28 48 24 46 43 58 45 1 4 39 40 14 15 16 34 35 63 32 10 30 27 49 29 8 25 47 59 5 6 7 18 19 57 36 37 38 55 2 11 31 50 26 20 21 22 41 56 12 42 
61 3 52 64 48 24 46 1 13 14 15 16 62 32 10 30 60 43 58 8 25 47 4 5 6 7 33 34 35 36 37 38 51 27 49 2 11 31 23 44 59 26 17 18 19 20 21 22 53 54 55 56 9 28 50 12 45 39 40 41 42 63 29 57 
62 17 64 32 51 27 49 33 1 4 39 40 48 60 43 58 52 2 11 9 28 50 3 13 53 54 5 6 7 18 19 57 61 8 25 23 44 59 10 30 12 29 14 15 16 34 35 63 20 21 22 41 24 46 26 45 31 36 37 38 55 42 47 56 
63 60 57 38 55 33 53 51 61 64 23 44 22 41 17 39 56 3 15 13 34 54 52 62 9 28 48 24 46 43 58 45 42 1 6 4 18 40 14 36 16 35 32 10 30 27 49 29 8 25 47 59 5 20 7 19 37 2 11 31 50 26 21 12 
64 13 62 48 60 43 58 4 14 33 34 35 32 51 27 49 61 8 25 23 44 59 5 17 18 19 3 36 37 53 54 55 52 2 11 9 28 50 24 46 26 45 1 20 21 39 40 41 15 16 56 63 10 30 12 29 47 6 7 42 57 38 31 22 
1
0 1 

1 4 
1 
5 
7 
21 
2 8 
1 5 
1 7 
1 21 
5 7 
5 21 
6 22 
7 21 
20 42 
3 12 
1 5 7 
1 5 21 
1 6 22 
1 7 21 
1 20 42 
5 6 22 
5 7 21 
5 20 42 
6 7 22 
6 21 22 
7 20 42 
20 21 42 
4 14 
1 5 6 22 
1 5 7 21 
1 5 20 42 
1 6 7 22 
1 6 21 22 
1 7 20 42 
1 20 21 42 
5 6 7 22 
5 6 21 22 
5 7 20 42 
5 20 21 42 
6 7 21 22 
6 20 22 42 
7 20 21 42 
5 12 
1 5 6 7 22 
1 5 6 21 22 
1 5 7 20 42 
1 5 20 21 42 
1 6 7 21 22 
1 6 20 22 42 
1 7 20 21 42 
5 6 7 21 22 
5 6 20 22 42 
5 7 20 21 42 
6 7 20 22 42 
6 20 21 22 42 
6 8 
1 5 6 7 21 22 
1 5 6 20 22 42 
1 5 7 20 21 42 
1 6 7 20 22 42 
1 6 20 21 22 42 
5 6 7 20 22 42 
5 6 20 21 22 42 
6 7 20 21 22 42 
7 4 
1 5 6 7 20 22 42 
1 5 6 20 21 22 42 
1 6 7 20 21 22 42 
5 6 7 20 21 22 42 
8 1 
1 5 6 7 20 21 22 42 
2
0 1 

1 1 

2 4 
2 32 
10 52 
11 12 
30 31 
3 1 

4 6 
2 10 32 52 
2 11 12 32 
2 30 31 32 
10 11 12 52 
10 30 31 52 
11 12 30 31 
5 1 

6 4 
2 10 11 12 32 52 
2 10 30 31 32 52 
2 11 12 30 31 32 
10 11 12 30 31 52 
7 1 

8 1 
2 10 11 12 30 31 32 52 
3
0 1 

1 4 
3 
14 
16 
37 
2 8 
3 14 
3 16 
3 37 
14 16 
14 37 
15 38 
16 37 
36 56 
3 12 
3 14 16 
3 14 37 
3 15 38 
3 16 37 
3 36 56 
14 15 38 
14 16 37 
14 36 56 
15 16 38 
15 37 38 
16 36 56 
36 37 56 
4 14 
3 14 15 38 
3 14 16 37 
3 14 36 56 
3 15 16 38 
3 15 37 38 
3 16 36 56 
3 36 37 56 
14 15 16 38 
14 15 37 38 
14 16 36 56 
14 36 37 56 
15 16 37 38 
15 36 38 56 
16 36 37 56 
5 12 
3 14 15 16 38 
3 14 15 37 38 
3 14 16 36 56 
3 14 36 37 56 
3 15 16 37 38 
3 15 36 38 56 
3 16 36 37 56 
14 15 16 37 38 
14 15 36 38 56 
14 16 36 37 56 
15 16 36 38 56 
15 36 37 38 56 
6 8 
3 14 15 16 37 38 
3 14 15 36 38 56 
3 14 16 36 37 56 
3 15 16 36 38 56 
3 15 36 37 38 56 
14 15 16 36 38 56 
14 15 36 37 38 56 
15 16 36 37 38 56 
7 4 
3 14 15 16 36 38 56 
3 14 15 36 37 38 56 
3 15 16 36 37 38 56 
14 15 16 36 37 38 56 
8 1 
3 14 15 16 36 37 38 56 
4
0 1 

1 1 

2 4 
4 17 
18 57 
19 40 
39 41 
3 1 

4 6 
4 17 18 57 
4 17 19 40 
4 17 39 41 
18 19 40 57 
18 39 41 57 
19 39 40 41 
5 1 

6 4 
4 17 18 19 40 57 
4 17 18 39 41 57 
4 17 19 39 40 41 
18 19 39 40 41 57 
7 1 

8 1 
4 17 18 19 39 40 41 57 
5
0 1 

1 1 

2 4 
8 61 
24 48 
25 47 
26 46 
3 1 

4 6 
8 24 48 61 
8 25 47 61 
8 26 46 61 
24 25 47 48 
24 26 46 48 
25 26 46 47 
5 1 

6 4 
8 24 25 47 48 61 
8 24 26 46 48 61 
8 25 26 46 47 61 
24 25 26 46 47 48 
7 1 

8 1 
8 24 25 26 46 47 48 61 
6
0 1 

1 1 

2 4 
9 62 
27 51 
28 50 
29 49 
3 1 

4 6 
9 27 51 62 
9 28 50 62 
9 29 49 62 
27 28 50 51 
27 29 49 51 
28 29 49 50 
5 1 

6 4 
9 27 28 50 51 62 
9 27 29 49 51 62 
9 28 29 49 50 62 
27 28 29 49 50 51 
7 1 

8 1 
9 27 28 29 49 50 51 62 
7
0 1 

1 1 

2 4 
13 33 
34 63 
35 54 
53 55 
3 1 

4 6 
13 33 34 63 
13 33 35 54 
13 33 53 55 
34 35 54 63 
34 53 55 63 
35 53 54 55 
5 1 

6 4 
13 33 34 35 54 63 
13 33 34 53 55 63 
13 33 35 53 54 55 
34 35 53 54 55 63 
7 1 

8 1 
13 33 34 35 53 54 55 63 
8
0 1 

1 1 

2 4 
23 60 
43 64 
44 45 
58 59 
3 1 

4 6 
23 43 60 64 
23 44 45 60 
23 58 59 60 
43 44 45 64 
43 58 59 64 
44 45 58 59 
5 1 

6 4 
23 43 44 45 60 64 
23 43 58 59 60 64 
23 44 45 58 59 60 
43 44 45 58 59 64 
7 1 

8 1 
23 43 44 45 58 59 60 64 
