//Table for grp 161:
57
0 0 2 2 4 4 2 4 
0 0 2 4 4 2 4 2 
0 0 4 2 2 4 4 2 
0 0 4 4 2 2 2 4 
0 2 0 2 4 2 4 4 
0 2 0 4 4 4 2 2 
0 2 2 0 2 4 4 4 
0 2 2 2 2 2 2 6 
0 2 2 2 2 2 6 2 
0 2 2 2 2 6 2 2 
0 2 2 2 6 2 2 2 
0 2 2 4 2 0 4 4 
0 2 2 4 2 4 0 4 
0 2 2 4 2 4 4 0 
0 2 2 6 2 2 2 2 
0 2 4 0 4 4 2 2 
0 2 4 2 0 2 4 4 
0 2 4 2 4 2 0 4 
0 2 4 2 4 2 4 0 
0 2 4 4 0 4 2 2 
0 2 4 4 4 0 2 2 
0 2 6 2 2 2 2 2 
0 4 0 2 2 4 4 2 
0 4 0 4 2 2 2 4 
0 4 2 0 4 2 4 2 
0 4 2 2 0 4 2 4 
0 4 2 2 4 0 2 4 
0 4 2 2 4 4 2 0 
0 4 2 4 0 2 4 2 
0 4 2 4 4 2 0 2 
0 4 4 0 2 2 2 4 
0 4 4 2 2 0 4 2 
0 4 4 2 2 4 0 2 
0 4 4 4 2 2 2 0 
0 6 2 2 2 2 2 2 
2 0 2 2 2 2 4 4 
2 0 2 4 2 4 2 2 
2 0 4 2 4 2 2 2 
2 2 0 2 2 4 2 4 
2 2 0 4 2 2 4 2 
2 2 2 0 4 2 2 4 
2 2 2 2 0 4 4 2 
2 2 2 2 4 0 4 2 
2 2 2 2 4 4 0 2 
2 2 2 4 0 2 2 4 
2 2 2 4 4 2 2 0 
2 2 4 0 2 2 4 2 
2 2 4 2 2 0 2 4 
2 2 4 2 2 4 2 0 
2 2 4 4 2 2 0 2 
2 4 0 2 4 2 2 2 
2 4 2 0 2 4 2 2 
2 4 2 2 2 2 0 4 
2 4 2 2 2 2 4 0 
2 4 2 4 2 0 2 2 
2 4 4 2 0 2 2 2 
4 2 2 2 2 2 2 2 
1 2 3 4 5 6 7 8 9 10 11 12 13 14 15 16 17 18 19 20 21 22 23 24 25 26 27 28 29 30 31 32 33 34 35 36 37 38 39 40 41 42 43 44 45 46 47 48 49 50 51 52 53 54 55 56 57 58 59 60 61 62 63 64 
2 1 8 9 10 11 12 3 4 5 6 7 23 24 25 26 27 28 29 30 31 32 13 14 15 16 17 18 19 20 21 22 43 44 45 46 47 48 49 50 51 52 33 34 35 36 37 38 39 40 41 42 58 59 60 61 62 53 54 55 56 57 64 63 
3 24 1 13 14 15 16 10 43 8 46 47 4 5 6 7 33 34 35 36 37 38 27 2 30 31 23 58 59 25 26 61 17 18 19 20 21 22 53 54 55 56 9 49 50 11 12 52 44 45 64 48 39 40 41 42 63 28 29 62 32 60 57 51 
4 28 13 5 17 18 19 44 52 49 29 51 14 33 34 35 1 20 21 39 40 41 61 58 45 60 32 10 30 50 62 9 3 36 37 53 54 55 6 7 42 57 48 24 46 59 64 23 2 11 31 27 15 16 56 63 22 8 25 47 43 12 38 26 
5 10 14 17 1 20 21 24 27 2 30 31 33 3 36 37 4 39 40 6 7 42 43 8 46 47 9 49 50 11 12 52 13 53 54 15 16 56 18 19 57 22 23 58 59 25 26 61 28 29 62 32 34 35 63 38 41 44 45 64 48 51 55 60 
6 32 15 41 20 7 22 48 28 52 2 11 55 36 16 38 57 4 18 21 42 1 44 61 8 25 49 29 51 10 30 12 63 13 34 37 56 3 17 39 19 5 58 45 60 24 46 26 50 62 9 31 33 53 35 14 40 59 64 23 47 27 54 43 
7 12 16 19 21 22 1 26 29 31 32 2 35 37 38 3 40 41 4 42 5 6 45 47 48 8 50 51 9 52 10 11 54 55 13 56 14 15 57 17 18 20 59 60 23 61 24 25 62 27 28 30 63 33 34 36 39 64 43 44 46 49 53 58 
8 14 2 23 24 25 26 5 33 3 36 37 9 10 11 12 43 44 45 46 47 48 17 1 20 21 13 53 54 15 16 56 27 28 29 30 31 32 58 59 60 61 4 39 40 6 7 42 34 35 63 38 49 50 51 52 64 18 19 57 22 55 62 41 
9 18 23 10 27 28 29 34 42 39 19 41 24 43 44 45 2 30 31 49 50 51 56 53 35 55 22 5 20 40 57 4 8 46 47 58 59 60 11 12 52 62 38 14 36 54 63 13 1 6 21 17 25 26 61 64 32 3 15 37 33 7 48 16 
10 5 24 27 2 30 31 14 17 1 20 21 43 8 46 47 9 49 50 11 12 52 33 3 36 37 4 39 40 6 7 42 23 58 59 25 26 61 28 29 62 32 13 53 54 15 16 56 18 19 57 22 44 45 64 48 51 34 35 63 38 41 60 55 
11 22 25 51 30 12 32 38 18 42 1 6 60 46 26 48 62 9 28 31 52 2 34 56 3 15 39 19 41 5 20 7 64 23 44 47 61 8 27 49 29 10 53 35 55 14 36 16 40 57 4 21 43 58 45 24 50 54 63 13 37 17 59 33 
12 7 26 29 31 32 2 16 19 21 22 1 45 47 48 8 50 51 9 52 10 11 35 37 38 3 40 41 4 42 5 6 59 60 23 61 24 25 62 27 28 30 54 55 13 56 14 15 57 17 18 20 64 43 44 46 49 63 33 34 36 39 58 53 
13 58 4 14 33 34 35 49 48 44 59 64 5 17 18 19 3 36 37 53 54 55 32 28 50 62 61 8 25 45 60 43 1 20 21 39 40 41 15 16 56 63 52 2 11 29 51 27 24 46 26 23 6 7 42 57 38 10 30 12 9 47 22 31 
14 8 5 33 3 36 37 2 23 24 25 26 17 1 20 21 13 53 54 15 16 56 9 10 11 12 43 44 45 46 47 48 4 39 40 6 7 42 34 35 63 38 27 28 29 30 31 32 58 59 60 61 18 19 57 22 55 49 50 51 52 64 41 62 
15 61 6 55 36 16 38 52 58 48 24 46 41 20 7 22 63 13 34 37 56 3 49 32 10 30 44 59 64 8 25 47 57 4 18 21 42 1 33 53 35 14 28 50 62 2 11 31 45 60 43 26 17 39 19 5 54 29 51 27 12 23 40 9 
16 47 7 35 37 38 3 31 59 26 61 24 19 21 22 1 54 55 13 56 14 15 50 12 52 10 45 64 43 48 8 46 40 41 4 42 5 6 63 33 34 36 29 62 27 32 2 30 60 23 58 25 57 17 18 20 53 51 9 49 11 44 39 28 
17 49 33 1 4 39 40 58 32 28 50 62 3 13 53 54 5 6 7 18 19 57 48 44 59 64 52 2 11 29 51 27 14 15 16 34 35 63 20 21 22 41 61 8 25 45 60 43 10 30 12 9 36 37 38 55 42 24 46 26 23 31 56 47 
18 9 34 42 39 19 41 23 10 27 28 29 56 53 35 55 22 5 20 40 57 4 24 43 44 45 2 30 31 49 50 51 38 14 36 54 63 13 1 6 21 17 8 46 47 58 59 60 11 12 52 62 3 15 37 33 7 25 26 61 64 32 16 48 
19 51 35 21 40 41 4 60 30 62 9 28 37 54 55 13 7 42 5 57 17 18 46 64 23 44 11 31 52 27 49 29 16 56 14 63 33 34 22 1 20 39 25 47 61 43 58 45 12 32 10 50 38 3 36 53 6 26 48 24 59 2 15 8 
20 52 36 57 6 21 42 61 49 32 10 30 63 15 37 56 41 17 39 7 22 5 58 48 24 46 28 50 62 2 11 31 55 33 53 16 38 14 4 18 40 1 44 59 64 8 25 47 29 51 27 12 13 34 54 3 19 45 60 43 26 9 35 23 
21 31 37 40 7 42 5 47 50 12 52 10 54 16 56 14 19 57 17 22 1 20 59 26 61 24 29 62 27 32 2 30 35 63 33 38 3 36 41 4 39 6 45 64 43 48 8 46 51 9 49 11 55 13 53 15 18 60 23 58 25 28 34 44 
22 11 38 18 42 1 6 25 51 30 12 32 34 56 3 15 39 19 41 5 20 7 60 46 26 48 62 9 28 31 52 2 53 35 55 14 36 16 40 57 4 21 64 23 44 47 61 8 27 49 29 10 54 63 13 37 17 43 58 45 24 50 33 59 
23 53 9 24 43 44 45 39 38 34 54 63 10 27 28 29 8 46 47 58 59 60 22 18 40 57 56 3 15 35 55 33 2 30 31 49 50 51 25 26 61 64 42 1 6 19 41 17 14 36 16 13 11 12 52 62 48 5 20 7 4 37 32 21 
24 3 10 43 8 46 47 1 13 14 15 16 27 2 30 31 23 58 59 25 26 61 4 5 6 7 33 34 35 36 37 38 9 49 50 11 12 52 44 45 64 48 17 18 19 20 21 22 53 54 55 56 28 29 62 32 60 39 40 41 42 63 51 57 
25 56 11 60 46 26 48 42 53 38 14 36 51 30 12 32 64 23 44 47 61 8 39 22 5 20 34 54 63 3 15 37 62 9 28 31 52 2 43 58 45 24 18 40 57 1 6 21 35 55 33 16 27 49 29 10 59 19 41 17 7 13 50 4 
26 37 12 45 47 48 8 21 54 16 56 14 29 31 32 2 59 60 23 61 24 25 40 7 42 5 35 63 33 38 3 36 50 51 9 52 10 11 64 43 44 46 19 57 17 22 1 20 55 13 53 15 62 27 28 30 58 41 4 39 6 34 49 18 
27 39 43 2 9 49 50 53 22 18 40 57 8 23 58 59 10 11 12 28 29 62 38 34 54 63 42 1 6 19 41 17 24 25 26 44 45 64 30 31 32 51 56 3 15 35 55 33 5 20 7 4 46 47 48 60 52 14 36 16 13 21 61 37 
28 4 44 52 49 29 51 13 5 17 18 19 61 58 45 60 32 10 30 50 62 9 14 33 34 35 1 20 21 39 40 41 48 24 46 59 64 23 2 11 31 27 3 36 37 53 54 55 6 7 42 57 8 25 47 43 12 15 16 56 63 22 26 38 
29 41 45 31 50 51 9 55 20 57 4 18 47 59 60 23 12 52 10 62 27 28 36 63 13 34 6 21 42 17 39 19 26 61 24 64 43 44 32 2 30 49 15 37 56 33 53 35 7 22 5 40 48 8 46 58 11 16 38 14 54 1 25 3 
30 42 46 62 11 31 52 56 39 22 5 20 64 25 47 61 51 27 49 12 32 10 53 38 14 36 18 40 57 1 6 21 60 43 58 26 48 24 9 28 50 2 34 54 63 3 15 37 19 41 17 7 23 44 59 8 29 35 55 33 16 4 45 13 
31 21 47 50 12 52 10 37 40 7 42 5 59 26 61 24 29 62 27 32 2 30 54 16 56 14 19 57 17 22 1 20 45 64 43 48 8 46 51 9 49 11 35 63 33 38 3 36 41 4 39 6 60 23 58 25 28 55 13 53 15 18 44 34 
32 6 48 28 52 2 11 15 41 20 7 22 44 61 8 25 49 29 51 10 30 12 55 36 16 38 57 4 18 21 42 1 58 45 60 24 46 26 50 62 9 31 63 13 34 37 56 3 17 39 19 5 59 64 23 47 27 33 53 35 14 40 43 54 
33 44 17 3 13 53 54 28 61 58 45 60 1 4 39 40 14 15 16 34 35 63 52 49 29 51 48 24 46 59 64 23 5 6 7 18 19 57 36 37 38 55 32 10 30 50 62 9 8 25 47 43 20 21 22 41 56 2 11 31 27 26 42 12 
34 43 18 56 53 35 55 27 8 23 58 59 42 39 19 41 38 14 36 54 63 13 2 9 49 50 24 25 26 44 45 64 22 5 20 40 57 4 3 15 37 33 10 11 12 28 29 62 46 47 48 60 1 6 21 17 16 30 31 32 51 61 7 52 
35 64 19 37 54 55 13 62 25 60 43 58 21 40 41 4 16 56 14 63 33 34 11 51 27 49 46 26 48 23 44 59 7 42 5 57 17 18 38 3 36 53 30 12 32 9 28 50 47 61 8 45 22 1 20 39 15 31 52 2 29 24 6 10 
36 48 20 63 15 37 56 32 44 61 8 25 57 6 21 42 55 33 53 16 38 14 28 52 2 11 58 45 60 24 46 26 41 17 39 7 22 5 13 34 54 3 49 29 51 10 30 12 59 64 23 47 4 18 40 1 35 50 62 9 31 43 19 27 
37 26 21 54 16 56 14 12 45 47 48 8 40 7 42 5 35 63 33 38 3 36 29 31 32 2 59 60 23 61 24 25 19 57 17 22 1 20 55 13 53 15 50 51 9 52 10 11 64 43 44 46 41 4 39 6 34 62 27 28 30 58 18 49 
38 46 22 34 56 3 15 30 64 25 47 61 18 42 1 6 53 35 55 14 36 16 62 11 31 52 60 43 58 26 48 24 39 19 41 5 20 7 54 63 13 37 51 27 49 12 32 10 23 44 59 8 40 57 4 21 33 9 28 50 2 45 17 29 
39 27 53 22 18 40 57 43 2 9 49 50 38 34 54 63 42 1 6 19 41 17 8 23 58 59 10 11 12 28 29 62 56 3 15 35 55 33 5 20 7 4 24 25 26 44 45 64 30 31 32 51 14 36 16 13 21 46 47 48 60 52 37 61 
40 62 54 7 19 57 17 64 11 51 27 49 16 35 63 33 21 22 1 41 4 39 25 60 43 58 30 12 32 9 28 50 37 38 3 55 13 53 42 5 6 18 46 26 48 23 44 59 31 52 2 29 56 14 15 34 20 47 61 8 45 10 36 24 
41 29 55 20 57 4 18 45 31 50 51 9 36 63 13 34 6 21 42 17 39 19 47 59 60 23 12 52 10 62 27 28 15 37 56 33 53 35 7 22 5 40 26 61 24 64 43 44 32 2 30 49 16 38 14 54 1 48 8 46 58 11 3 25 
42 30 56 39 22 5 20 46 62 11 31 52 53 38 14 36 18 40 57 1 6 21 64 25 47 61 51 27 49 12 32 10 34 54 63 3 15 37 19 41 17 7 60 43 58 26 48 24 9 28 50 2 35 55 33 16 4 23 44 59 8 29 13 45 
43 34 27 8 23 58 59 18 56 53 35 55 2 9 49 50 24 25 26 44 45 64 42 39 19 41 38 14 36 54 63 13 10 11 12 28 29 62 46 47 48 60 22 5 20 40 57 4 3 15 37 33 30 31 32 51 61 1 6 21 17 16 52 7 
44 33 28 61 58 45 60 17 3 13 53 54 52 49 29 51 48 24 46 59 64 23 1 4 39 40 14 15 16 34 35 63 32 10 30 50 62 9 8 25 47 43 5 6 7 18 19 57 36 37 38 55 2 11 31 27 26 20 21 22 41 56 12 42 
45 63 29 47 59 60 23 57 15 55 33 53 31 50 51 9 26 61 24 64 43 44 6 41 17 39 36 16 38 13 34 54 12 52 10 62 27 28 48 8 46 58 20 7 22 4 18 40 37 56 3 35 32 2 30 49 25 21 42 1 19 14 11 5 
46 38 30 64 25 47 61 22 34 56 3 15 62 11 31 52 60 43 58 26 48 24 18 42 1 6 53 35 55 14 36 16 51 27 49 12 32 10 23 44 59 8 39 19 41 5 20 7 54 63 13 37 9 28 50 2 45 40 57 4 21 33 29 17 
47 16 31 59 26 61 24 7 35 37 38 3 50 12 52 10 45 64 43 48 8 46 19 21 22 1 54 55 13 56 14 15 29 62 27 32 2 30 60 23 58 25 40 41 4 42 5 6 63 33 34 36 51 9 49 11 44 57 17 18 20 53 28 39 
48 36 32 44 61 8 25 20 63 15 37 56 28 52 2 11 58 45 60 24 46 26 57 6 21 42 55 33 53 16 38 14 49 29 51 10 30 12 59 64 23 47 41 17 39 7 22 5 13 34 54 3 50 62 9 31 43 4 18 40 1 35 27 19 
49 17 58 32 28 50 62 33 1 4 39 40 48 44 59 64 52 2 11 29 51 27 3 13 53 54 5 6 7 18 19 57 61 8 25 45 60 43 10 30 12 9 14 15 16 34 35 63 20 21 22 41 24 46 26 23 31 36 37 38 55 42 47 56 
50 57 59 12 29 62 27 63 6 41 17 39 26 45 64 43 31 32 2 51 9 49 15 55 33 53 20 7 22 4 18 40 47 48 8 60 23 58 52 10 11 28 36 16 38 13 34 54 21 42 1 19 61 24 25 44 30 37 56 3 35 5 46 14 
51 19 60 30 62 9 28 35 21 40 41 4 46 64 23 44 11 31 52 27 49 29 37 54 55 13 7 42 5 57 17 18 25 47 61 43 58 45 12 32 10 50 16 56 14 63 33 34 22 1 20 39 26 48 24 59 2 38 3 36 53 6 8 15 
52 20 61 49 32 10 30 36 57 6 21 42 58 48 24 46 28 50 62 2 11 31 63 15 37 56 41 17 39 7 22 5 44 59 64 8 25 47 29 51 27 12 55 33 53 16 38 14 4 18 40 1 45 60 43 26 9 13 34 54 3 19 23 35 
53 23 39 38 34 54 63 9 24 43 44 45 22 18 40 57 56 3 15 35 55 33 10 27 28 29 8 46 47 58 59 60 42 1 6 19 41 17 14 36 16 13 2 30 31 49 50 51 25 26 61 64 5 20 7 4 37 11 12 52 62 48 21 32 
54 60 40 16 35 63 33 51 46 64 23 44 7 19 57 17 37 38 3 55 13 53 30 62 9 28 25 47 61 43 58 45 21 22 1 41 4 39 56 14 15 34 11 31 52 27 49 29 26 48 24 59 42 5 6 18 36 12 32 10 50 8 20 2 
55 59 41 36 63 13 34 50 26 45 64 43 20 57 4 18 15 37 56 33 53 35 12 29 62 27 47 48 8 60 23 58 6 21 42 17 39 19 16 38 14 54 31 32 2 51 9 49 61 24 25 44 7 22 5 40 3 52 10 11 28 46 1 30 
56 25 42 53 38 14 36 11 60 46 26 48 39 22 5 20 34 54 63 3 15 37 51 30 12 32 64 23 44 47 61 8 18 40 57 1 6 21 35 55 33 16 62 9 28 31 52 2 43 58 45 24 19 41 17 7 13 27 49 29 10 59 4 50 
57 50 63 6 41 17 39 59 12 29 62 27 15 55 33 53 20 7 22 4 18 40 26 45 64 43 31 32 2 51 9 49 36 16 38 13 34 54 21 42 1 19 47 48 8 60 23 58 52 10 11 28 37 56 3 35 5 61 24 25 44 30 14 46 
58 13 49 48 44 59 64 4 14 33 34 35 32 28 50 62 61 8 25 45 60 43 5 17 18 19 3 36 37 53 54 55 52 2 11 29 51 27 24 46 26 23 1 20 21 39 40 41 15 16 56 63 10 30 12 9 47 6 7 42 57 38 31 22 
59 55 50 26 45 64 43 41 36 63 13 34 12 29 62 27 47 48 8 60 23 58 20 57 4 18 15 37 56 33 53 35 31 32 2 51 9 49 61 24 25 44 6 21 42 17 39 19 16 38 14 54 52 10 11 28 46 7 22 5 40 3 30 1 
60 54 51 46 64 23 44 40 16 35 63 33 30 62 9 28 25 47 61 43 58 45 7 19 57 17 37 38 3 55 13 53 11 31 52 27 49 29 26 48 24 59 21 22 1 41 4 39 56 14 15 34 12 32 10 50 8 42 5 6 18 36 2 20 
61 15 52 58 48 24 46 6 55 36 16 38 49 32 10 30 44 59 64 8 25 47 41 20 7 22 63 13 34 37 56 3 28 50 62 2 11 31 45 60 43 26 57 4 18 21 42 1 33 53 35 14 29 51 27 12 23 17 39 19 5 54 9 40 
62 40 64 11 51 27 49 54 7 19 57 17 25 60 43 58 30 12 32 9 28 50 16 35 63 33 21 22 1 41 4 39 46 26 48 23 44 59 31 52 2 29 37 38 3 55 13 53 42 5 6 18 47 61 8 45 10 56 14 15 34 20 24 36 
63 45 57 15 55 33 53 29 47 59 60 23 6 41 17 39 36 16 38 13 34 54 31 50 51 9 26 61 24 64 43 44 20 7 22 4 18 40 37 56 3 35 12 52 10 62 27 28 48 8 46 58 21 42 1 19 14 32 2 30 49 25 5 11 
64 35 62 25 60 43 58 19 37 54 55 13 11 51 27 49 46 26 48 23 44 59 21 40 41 4 16 56 14 63 33 34 30 12 32 9 28 50 47 61 8 45 7 42 5 57 17 18 38 3 36 53 31 52 2 29 24 22 1 20 39 15 10 6 
1
0 1 

1 4 
1 
5 
7 
21 
2 8 
1 5 
1 7 
1 21 
5 7 
5 21 
6 22 
7 21 
20 42 
3 12 
1 5 7 
1 5 21 
1 6 22 
1 7 21 
1 20 42 
5 6 22 
5 7 21 
5 20 42 
6 7 22 
6 21 22 
7 20 42 
20 21 42 
4 14 
1 5 6 22 
1 5 7 21 
1 5 20 42 
1 6 7 22 
1 6 21 22 
1 7 20 42 
1 20 21 42 
5 6 7 22 
5 6 21 22 
5 7 20 42 
5 20 21 42 
6 7 21 22 
6 20 22 42 
7 20 21 42 
5 12 
1 5 6 7 22 
1 5 6 21 22 
1 5 7 20 42 
1 5 20 21 42 
1 6 7 21 22 
1 6 20 22 42 
1 7 20 21 42 
5 6 7 21 22 
5 6 20 22 42 
5 7 20 21 42 
6 7 20 22 42 
6 20 21 22 42 
6 8 
1 5 6 7 21 22 
1 5 6 20 22 42 
1 5 7 20 21 42 
1 6 7 20 22 42 
1 6 20 21 22 42 
5 6 7 20 22 42 
5 6 20 21 22 42 
6 7 20 21 22 42 
7 4 
1 5 6 7 20 22 42 
1 5 6 20 21 22 42 
1 6 7 20 21 22 42 
5 6 7 20 21 22 42 
8 1 
1 5 6 7 20 21 22 42 
2
0 1 

1 8 
2 
10 
11 
12 
30 
31 
32 
52 
2 28 
2 10 
2 11 
2 12 
2 30 
2 31 
2 32 
2 52 
10 11 
10 12 
10 30 
10 31 
10 32 
10 52 
11 12 
11 30 
11 31 
11 32 
11 52 
12 30 
12 31 
12 32 
12 52 
30 31 
30 32 
30 52 
31 32 
31 52 
32 52 
3 56 
2 10 11 
2 10 12 
2 10 30 
2 10 31 
2 10 32 
2 10 52 
2 11 12 
2 11 30 
2 11 31 
2 11 32 
2 11 52 
2 12 30 
2 12 31 
2 12 32 
2 12 52 
2 30 31 
2 30 32 
2 30 52 
2 31 32 
2 31 52 
2 32 52 
10 11 12 
10 11 30 
10 11 31 
10 11 32 
10 11 52 
10 12 30 
10 12 31 
10 12 32 
10 12 52 
10 30 31 
10 30 32 
10 30 52 
10 31 32 
10 31 52 
10 32 52 
11 12 30 
11 12 31 
11 12 32 
11 12 52 
11 30 31 
11 30 32 
11 30 52 
11 31 32 
11 31 52 
11 32 52 
12 30 31 
12 30 32 
12 30 52 
12 31 32 
12 31 52 
12 32 52 
30 31 32 
30 31 52 
30 32 52 
31 32 52 
4 70 
2 10 11 12 
2 10 11 30 
2 10 11 31 
2 10 11 32 
2 10 11 52 
2 10 12 30 
2 10 12 31 
2 10 12 32 
2 10 12 52 
2 10 30 31 
2 10 30 32 
2 10 30 52 
2 10 31 32 
2 10 31 52 
2 10 32 52 
2 11 12 30 
2 11 12 31 
2 11 12 32 
2 11 12 52 
2 11 30 31 
2 11 30 32 
2 11 30 52 
2 11 31 32 
2 11 31 52 
2 11 32 52 
2 12 30 31 
2 12 30 32 
2 12 30 52 
2 12 31 32 
2 12 31 52 
2 12 32 52 
2 30 31 32 
2 30 31 52 
2 30 32 52 
2 31 32 52 
10 11 12 30 
10 11 12 31 
10 11 12 32 
10 11 12 52 
10 11 30 31 
10 11 30 32 
10 11 30 52 
10 11 31 32 
10 11 31 52 
10 11 32 52 
10 12 30 31 
10 12 30 32 
10 12 30 52 
10 12 31 32 
10 12 31 52 
10 12 32 52 
10 30 31 32 
10 30 31 52 
10 30 32 52 
10 31 32 52 
11 12 30 31 
11 12 30 32 
11 12 30 52 
11 12 31 32 
11 12 31 52 
11 12 32 52 
11 30 31 32 
11 30 31 52 
11 30 32 52 
11 31 32 52 
12 30 31 32 
12 30 31 52 
12 30 32 52 
12 31 32 52 
30 31 32 52 
5 56 
2 10 11 12 30 
2 10 11 12 31 
2 10 11 12 32 
2 10 11 12 52 
2 10 11 30 31 
2 10 11 30 32 
2 10 11 30 52 
2 10 11 31 32 
2 10 11 31 52 
2 10 11 32 52 
2 10 12 30 31 
2 10 12 30 32 
2 10 12 30 52 
2 10 12 31 32 
2 10 12 31 52 
2 10 12 32 52 
2 10 30 31 32 
2 10 30 31 52 
2 10 30 32 52 
2 10 31 32 52 
2 11 12 30 31 
2 11 12 30 32 
2 11 12 30 52 
2 11 12 31 32 
2 11 12 31 52 
2 11 12 32 52 
2 11 30 31 32 
2 11 30 31 52 
2 11 30 32 52 
2 11 31 32 52 
2 12 30 31 32 
2 12 30 31 52 
2 12 30 32 52 
2 12 31 32 52 
2 30 31 32 52 
10 11 12 30 31 
10 11 12 30 32 
10 11 12 30 52 
10 11 12 31 32 
10 11 12 31 52 
10 11 12 32 52 
10 11 30 31 32 
10 11 30 31 52 
10 11 30 32 52 
10 11 31 32 52 
10 12 30 31 32 
10 12 30 31 52 
10 12 30 32 52 
10 12 31 32 52 
10 30 31 32 52 
11 12 30 31 32 
11 12 30 31 52 
11 12 30 32 52 
11 12 31 32 52 
11 30 31 32 52 
12 30 31 32 52 
6 28 
2 10 11 12 30 31 
2 10 11 12 30 32 
2 10 11 12 30 52 
2 10 11 12 31 32 
2 10 11 12 31 52 
2 10 11 12 32 52 
2 10 11 30 31 32 
2 10 11 30 31 52 
2 10 11 30 32 52 
2 10 11 31 32 52 
2 10 12 30 31 32 
2 10 12 30 31 52 
2 10 12 30 32 52 
2 10 12 31 32 52 
2 10 30 31 32 52 
2 11 12 30 31 32 
2 11 12 30 31 52 
2 11 12 30 32 52 
2 11 12 31 32 52 
2 11 30 31 32 52 
2 12 30 31 32 52 
10 11 12 30 31 32 
10 11 12 30 31 52 
10 11 12 30 32 52 
10 11 12 31 32 52 
10 11 30 31 32 52 
10 12 30 31 32 52 
11 12 30 31 32 52 
7 8 
2 10 11 12 30 31 32 
2 10 11 12 30 31 52 
2 10 11 12 30 32 52 
2 10 11 12 31 32 52 
2 10 11 30 31 32 52 
2 10 12 30 31 32 52 
2 11 12 30 31 32 52 
10 11 12 30 31 32 52 
8 1 
2 10 11 12 30 31 32 52 
3
0 1 

1 4 
3 
14 
16 
37 
2 8 
3 14 
3 16 
3 37 
14 16 
14 37 
15 38 
16 37 
36 56 
3 12 
3 14 16 
3 14 37 
3 15 38 
3 16 37 
3 36 56 
14 15 38 
14 16 37 
14 36 56 
15 16 38 
15 37 38 
16 36 56 
36 37 56 
4 14 
3 14 15 38 
3 14 16 37 
3 14 36 56 
3 15 16 38 
3 15 37 38 
3 16 36 56 
3 36 37 56 
14 15 16 38 
14 15 37 38 
14 16 36 56 
14 36 37 56 
15 16 37 38 
15 36 38 56 
16 36 37 56 
5 12 
3 14 15 16 38 
3 14 15 37 38 
3 14 16 36 56 
3 14 36 37 56 
3 15 16 37 38 
3 15 36 38 56 
3 16 36 37 56 
14 15 16 37 38 
14 15 36 38 56 
14 16 36 37 56 
15 16 36 38 56 
15 36 37 38 56 
6 8 
3 14 15 16 37 38 
3 14 15 36 38 56 
3 14 16 36 37 56 
3 15 16 36 38 56 
3 15 36 37 38 56 
14 15 16 36 38 56 
14 15 36 37 38 56 
15 16 36 37 38 56 
7 4 
3 14 15 16 36 38 56 
3 14 15 36 37 38 56 
3 15 16 36 37 38 56 
14 15 16 36 37 38 56 
8 1 
3 14 15 16 36 37 38 56 
4
0 1 

1 1 

2 4 
4 17 
18 39 
19 40 
41 57 
3 1 

4 6 
4 17 18 39 
4 17 19 40 
4 17 41 57 
18 19 39 40 
18 39 41 57 
19 40 41 57 
5 1 

6 4 
4 17 18 19 39 40 
4 17 18 39 41 57 
4 17 19 40 41 57 
18 19 39 40 41 57 
7 1 

8 1 
4 17 18 19 39 40 41 57 
5
0 1 

1 1 

2 4 
8 24 
25 46 
26 47 
48 61 
3 1 

4 6 
8 24 25 46 
8 24 26 47 
8 24 48 61 
25 26 46 47 
25 46 48 61 
26 47 48 61 
5 1 

6 4 
8 24 25 26 46 47 
8 24 25 46 48 61 
8 24 26 47 48 61 
25 26 46 47 48 61 
7 1 

8 1 
8 24 25 26 46 47 48 61 
6
0 1 

1 1 

2 4 
9 49 
27 28 
29 62 
50 51 
3 1 

4 6 
9 27 28 49 
9 29 49 62 
9 49 50 51 
27 28 29 62 
27 28 50 51 
29 50 51 62 
5 1 

6 4 
9 27 28 29 49 62 
9 27 28 49 50 51 
9 29 49 50 51 62 
27 28 29 50 51 62 
7 1 

8 1 
9 27 28 29 49 50 51 62 
7
0 1 

1 1 

2 4 
13 33 
34 53 
35 54 
55 63 
3 1 

4 6 
13 33 34 53 
13 33 35 54 
13 33 55 63 
34 35 53 54 
34 53 55 63 
35 54 55 63 
5 1 

6 4 
13 33 34 35 53 54 
13 33 34 53 55 63 
13 33 35 54 55 63 
34 35 53 54 55 63 
7 1 

8 1 
13 33 34 35 53 54 55 63 
8
0 1 

1 1 

2 4 
23 44 
43 58 
45 60 
59 64 
3 1 

4 6 
23 43 44 58 
23 44 45 60 
23 44 59 64 
43 45 58 60 
43 58 59 64 
45 59 60 64 
5 1 

6 4 
23 43 44 45 58 60 
23 43 44 58 59 64 
23 44 45 59 60 64 
43 45 58 59 60 64 
7 1 

8 1 
23 43 44 45 58 59 60 64 
