//Table for grp 237:
57
0 0 2 2 4 4 2 4 
0 0 2 4 4 2 4 2 
0 0 4 2 2 4 4 2 
0 0 4 4 2 2 2 4 
0 2 0 2 4 2 4 4 
0 2 0 4 4 4 2 2 
0 2 2 0 2 4 4 4 
0 2 2 2 2 2 2 6 
0 2 2 2 2 2 6 2 
0 2 2 2 2 6 2 2 
0 2 2 2 6 2 2 2 
0 2 2 4 2 0 4 4 
0 2 2 4 2 4 0 4 
0 2 2 4 2 4 4 0 
0 2 2 6 2 2 2 2 
0 2 4 0 4 4 2 2 
0 2 4 2 0 2 4 4 
0 2 4 2 4 2 0 4 
0 2 4 2 4 2 4 0 
0 2 4 4 0 4 2 2 
0 2 4 4 4 0 2 2 
0 2 6 2 2 2 2 2 
0 4 0 2 2 4 4 2 
0 4 0 4 2 2 2 4 
0 4 2 0 4 2 4 2 
0 4 2 2 0 4 2 4 
0 4 2 2 4 0 2 4 
0 4 2 2 4 4 2 0 
0 4 2 4 0 2 4 2 
0 4 2 4 4 2 0 2 
0 4 4 0 2 2 2 4 
0 4 4 2 2 0 4 2 
0 4 4 2 2 4 0 2 
0 4 4 4 2 2 2 0 
0 6 2 2 2 2 2 2 
2 0 2 2 2 2 4 4 
2 0 2 4 2 4 2 2 
2 0 4 2 4 2 2 2 
2 2 0 2 2 4 2 4 
2 2 0 4 2 2 4 2 
2 2 2 0 4 2 2 4 
2 2 2 2 0 4 4 2 
2 2 2 2 4 0 4 2 
2 2 2 2 4 4 0 2 
2 2 2 4 0 2 2 4 
2 2 2 4 4 2 2 0 
2 2 4 0 2 2 4 2 
2 2 4 2 2 0 2 4 
2 2 4 2 2 4 2 0 
2 2 4 4 2 2 0 2 
2 4 0 2 4 2 2 2 
2 4 2 0 2 4 2 2 
2 4 2 2 2 2 0 4 
2 4 2 2 2 2 4 0 
2 4 2 4 2 0 2 2 
2 4 4 2 0 2 2 2 
4 2 2 2 2 2 2 2 
1 2 3 4 5 6 7 8 9 10 11 12 13 14 15 16 17 18 19 20 21 22 23 24 25 26 27 28 29 30 31 32 33 34 35 36 37 38 39 40 41 42 43 44 45 46 47 48 49 50 51 52 53 54 55 56 57 58 59 60 61 62 63 64 
2 1 8 9 10 11 12 3 4 5 6 7 23 24 25 26 27 28 29 30 31 32 13 14 15 16 17 18 19 20 21 22 43 44 45 46 47 48 49 50 51 52 33 34 35 36 37 38 39 40 41 42 58 59 60 61 62 53 54 55 56 57 64 63 
3 25 22 13 14 15 16 12 44 46 8 48 41 42 7 6 33 34 35 36 37 38 29 31 32 2 58 23 60 24 61 26 57 19 18 21 20 1 53 54 55 56 50 51 9 52 10 11 43 64 45 47 40 39 4 5 63 62 27 28 30 59 17 49 
4 29 13 6 17 18 19 45 32 50 51 9 15 33 34 35 20 1 22 39 40 41 48 59 60 23 52 12 11 62 27 28 36 3 38 53 54 55 5 42 7 57 61 26 25 64 43 44 31 30 2 49 14 56 16 63 21 47 46 8 58 10 37 24 
5 10 36 17 6 20 21 46 27 11 30 31 53 3 14 56 18 39 40 1 22 42 58 8 24 61 28 49 50 2 32 52 13 33 63 15 16 37 4 41 57 7 23 43 64 25 26 47 9 51 62 12 34 35 54 38 19 44 45 59 48 29 55 60 
6 11 15 18 20 1 22 25 28 30 2 32 34 36 3 38 39 4 41 5 42 7 44 46 8 48 49 9 51 10 52 12 53 13 55 14 56 16 17 57 19 21 58 23 60 24 61 26 27 62 29 31 33 63 35 37 40 43 64 45 47 50 54 59 
7 12 16 19 21 22 1 26 29 31 32 2 35 37 38 3 40 41 4 42 5 6 45 47 48 8 50 51 9 52 10 11 54 55 13 56 14 15 57 17 18 20 59 60 23 61 24 25 62 27 28 30 63 33 34 36 39 64 43 44 46 49 53 58 
8 15 32 23 24 25 26 7 34 36 3 38 51 52 12 11 43 44 45 46 47 48 19 21 22 1 53 13 55 14 56 16 62 29 28 31 30 2 58 59 60 61 40 41 4 42 5 6 33 63 35 37 50 49 9 10 64 57 17 18 20 54 27 39 
9 19 23 11 27 28 29 35 22 40 41 4 25 43 44 45 30 2 32 49 50 51 38 54 55 13 42 7 6 57 17 18 46 8 48 58 59 60 10 52 12 62 56 16 15 63 33 34 21 20 1 39 24 61 26 64 31 37 36 3 53 5 47 14 
10 5 46 27 11 30 31 36 17 6 20 21 58 8 24 61 28 49 50 2 32 52 53 3 14 56 18 39 40 1 22 42 23 43 64 25 26 47 9 51 62 12 13 33 63 15 16 37 4 41 57 7 44 45 59 48 29 34 35 54 38 19 60 55 
11 6 25 28 30 2 32 15 18 20 1 22 44 46 8 48 49 9 51 10 52 12 34 36 3 38 39 4 41 5 42 7 58 23 60 24 61 26 27 62 29 31 53 13 55 14 56 16 17 57 19 21 43 64 45 47 50 33 63 35 37 40 59 54 
12 7 26 29 31 32 2 16 19 21 22 1 45 47 48 8 50 51 9 52 10 11 35 37 38 3 40 41 4 42 5 6 59 60 23 61 24 25 62 27 28 30 54 55 13 56 14 15 57 17 18 20 64 43 44 46 49 63 33 34 36 39 58 53 
13 60 41 15 33 34 35 9 26 64 45 44 7 57 19 18 36 3 38 53 54 55 11 27 28 29 47 48 8 59 58 23 21 22 1 40 39 4 14 56 16 63 30 2 32 49 50 51 61 24 25 43 42 5 6 17 37 10 52 12 62 46 20 31 
14 46 21 33 15 36 37 52 58 8 24 61 40 22 42 5 34 53 54 3 38 56 62 12 31 30 23 43 64 25 26 47 41 57 17 7 6 20 13 55 63 16 29 50 49 32 2 10 44 45 59 48 19 18 39 1 35 51 9 27 11 60 4 28 
15 8 7 34 36 3 38 32 23 24 25 26 19 21 22 1 53 13 55 14 56 16 51 52 12 11 43 44 45 46 47 48 40 41 4 42 5 6 33 63 35 37 62 29 28 31 30 2 58 59 60 61 57 17 18 20 54 50 49 9 10 64 39 27 
16 48 6 35 37 38 3 2 60 61 26 25 18 20 1 22 54 55 13 56 14 15 9 10 11 12 64 45 44 47 46 8 39 4 41 5 42 7 63 33 34 36 27 28 29 30 31 32 59 58 23 24 17 57 19 21 53 49 50 51 52 43 40 62 
17 50 53 20 18 39 40 64 52 51 62 27 14 13 33 63 1 5 42 4 41 57 47 45 59 58 12 31 30 29 28 49 15 36 37 34 35 54 6 7 21 19 48 61 24 60 23 43 32 2 10 9 3 38 56 55 22 26 25 46 44 11 16 8 
18 51 34 1 39 4 41 60 12 62 29 28 3 53 13 55 5 6 7 17 57 19 26 64 45 44 31 32 2 50 49 9 14 15 16 33 63 35 20 21 22 40 47 48 8 59 58 23 52 10 11 27 36 37 38 54 42 61 24 25 43 30 56 46 
19 9 35 22 40 41 4 23 11 27 28 29 38 54 55 13 42 7 6 57 17 18 25 43 44 45 30 2 32 49 50 51 56 16 15 63 33 34 21 20 1 39 46 8 48 58 59 60 10 52 12 62 37 36 3 53 5 24 61 26 64 31 14 47 
20 30 14 39 1 5 42 24 49 2 10 52 33 15 36 37 4 17 57 6 7 21 43 25 46 47 9 27 62 11 12 31 34 53 54 3 38 56 18 19 40 22 44 58 59 8 48 61 28 29 50 32 13 55 63 16 41 23 60 64 26 51 35 45 
21 31 56 40 22 42 5 61 50 32 52 10 63 16 37 36 41 57 17 7 6 20 64 26 47 46 51 62 27 12 11 30 35 54 53 38 3 14 19 18 39 1 45 59 58 48 8 24 29 28 49 2 55 13 33 15 4 60 23 43 25 9 34 44 
22 32 38 41 42 7 6 48 51 52 12 11 55 56 16 15 57 19 18 21 20 1 60 61 26 25 62 29 28 31 30 2 63 35 34 37 36 3 40 39 4 5 64 45 44 47 46 8 50 49 9 10 54 53 13 14 17 59 58 23 24 27 33 43 
23 55 51 25 43 44 45 4 16 63 35 34 12 62 29 28 46 8 48 58 59 60 6 17 18 19 37 38 3 54 53 13 31 32 2 50 49 9 24 61 26 64 20 1 22 39 40 41 56 14 15 33 52 10 11 27 47 5 42 7 57 36 30 21 
24 36 31 43 25 46 47 42 53 3 14 56 50 32 52 10 44 58 59 8 48 61 57 7 21 20 13 33 63 15 16 37 51 62 27 12 11 30 23 60 64 26 19 40 39 22 1 5 34 35 54 38 29 28 49 2 45 41 4 17 6 55 9 18 
25 3 12 44 46 8 48 22 13 14 15 16 29 31 32 2 58 23 60 24 61 26 41 42 7 6 33 34 35 36 37 38 50 51 9 52 10 11 43 64 45 47 57 19 18 21 20 1 53 54 55 56 62 27 28 30 59 40 39 4 5 63 49 17 
26 38 11 45 47 48 8 1 55 56 16 15 28 30 2 32 59 60 23 61 24 25 4 5 6 7 63 35 34 37 36 3 49 9 51 10 52 12 64 43 44 46 17 18 19 20 21 22 54 53 13 14 27 62 29 31 58 39 40 41 42 33 50 57 
27 40 58 30 28 49 50 63 42 41 57 17 24 23 43 64 2 10 52 9 51 62 37 35 54 53 7 21 20 19 18 39 25 46 47 44 45 59 11 12 31 29 38 56 14 55 13 33 22 1 5 4 8 48 61 60 32 16 15 36 34 6 26 3 
28 41 44 2 49 9 51 55 7 57 19 18 8 58 23 60 10 11 12 27 62 29 16 63 35 34 21 22 1 40 39 4 24 25 26 43 64 45 30 31 32 50 37 38 3 54 53 13 42 5 6 17 46 47 48 59 52 56 14 15 33 20 61 36 
29 4 45 32 50 51 9 13 6 17 18 19 48 59 60 23 52 12 11 62 27 28 15 33 34 35 20 1 22 39 40 41 61 26 25 64 43 44 31 30 2 49 36 3 38 53 54 55 5 42 7 57 47 46 8 58 10 14 56 16 63 21 24 37 
30 20 24 49 2 10 52 14 39 1 5 42 43 25 46 47 9 27 62 11 12 31 33 15 36 37 4 17 57 6 7 21 44 58 59 8 48 61 28 29 50 32 34 53 54 3 38 56 18 19 40 22 23 60 64 26 51 13 55 63 16 41 45 35 
31 21 61 50 32 52 10 56 40 22 42 5 64 26 47 46 51 62 27 12 11 30 63 16 37 36 41 57 17 7 6 20 45 59 58 48 8 24 29 28 49 2 35 54 53 38 3 14 19 18 39 1 60 23 43 25 9 55 13 33 15 4 44 34 
32 22 48 51 52 12 11 38 41 42 7 6 60 61 26 25 62 29 28 31 30 2 55 56 16 15 57 19 18 21 20 1 64 45 44 47 46 8 50 49 9 10 63 35 34 37 36 3 40 39 4 5 59 58 23 24 27 54 53 13 14 17 43 33 
33 64 40 36 34 53 54 49 47 45 59 58 42 41 57 17 3 14 56 13 55 63 10 9 27 62 48 61 24 60 23 43 7 21 20 19 18 39 15 16 37 35 11 30 31 28 29 50 26 25 46 44 22 1 5 4 38 2 32 52 51 8 6 12 
34 45 19 3 53 13 55 28 48 59 60 23 22 40 41 4 14 15 16 33 63 35 2 49 9 51 61 26 25 64 43 44 42 7 6 57 17 18 36 37 38 54 10 11 12 27 62 29 47 46 8 58 21 20 1 39 56 30 31 32 50 24 5 52 
35 44 18 38 54 55 13 29 8 58 23 60 1 39 4 41 56 16 15 63 33 34 32 50 51 9 24 25 26 43 64 45 5 6 7 17 57 19 37 36 3 53 52 12 11 62 27 28 46 47 48 59 20 21 22 40 14 31 30 2 49 61 42 10 
36 24 42 53 3 14 56 31 43 25 46 47 57 7 21 20 13 33 63 15 16 37 50 32 52 10 44 58 59 8 48 61 19 40 39 22 1 5 34 35 54 38 51 62 27 12 11 30 23 60 64 26 41 4 17 6 55 29 28 49 2 45 18 9 
37 61 5 54 38 56 14 30 64 26 47 46 17 6 20 21 55 63 33 16 15 36 49 2 10 52 45 59 58 48 8 24 18 39 40 1 22 42 35 34 53 3 9 27 62 11 12 31 60 23 43 25 4 41 57 7 13 28 29 50 32 44 19 51 
38 26 1 55 56 16 15 11 45 47 48 8 4 5 6 7 63 35 34 37 36 3 28 30 2 32 59 60 23 61 24 25 17 18 19 20 21 22 54 53 13 14 49 9 51 10 52 12 64 43 44 46 39 40 41 42 33 27 62 29 31 58 57 50 
39 62 33 5 4 17 57 59 31 29 50 49 36 34 53 54 6 20 21 18 19 40 61 60 64 43 32 52 10 51 9 27 3 14 56 13 55 63 1 22 42 41 26 47 46 45 44 58 12 11 30 28 15 16 37 35 7 48 8 24 23 2 38 25 
40 27 63 42 41 57 17 58 30 28 49 50 37 35 54 53 7 21 20 19 18 39 24 23 43 64 2 10 52 9 51 62 38 56 14 55 13 33 22 1 5 4 25 46 47 44 45 59 11 12 31 29 16 15 36 34 6 8 48 61 60 32 3 26 
41 28 55 7 57 19 18 44 2 49 9 51 16 63 35 34 21 22 1 40 39 4 8 58 23 60 10 11 12 27 62 29 37 38 3 54 53 13 42 5 6 17 24 25 26 43 64 45 30 31 32 50 56 14 15 33 20 46 47 48 59 52 36 61 
42 52 37 57 7 21 20 47 62 12 31 30 54 38 56 14 19 40 39 22 1 5 59 48 61 24 29 50 49 32 2 10 55 63 33 16 15 36 41 4 17 6 60 64 43 26 25 46 51 9 27 11 35 34 53 3 18 45 44 58 8 28 13 23 
43 63 50 46 44 58 59 39 37 35 54 53 52 51 62 27 8 24 61 23 60 64 5 4 17 57 38 56 14 55 13 33 12 31 30 29 28 49 25 26 47 45 6 20 21 18 19 40 16 15 36 34 32 2 10 9 48 1 22 42 41 3 11 7 
44 35 29 8 58 23 60 18 38 54 55 13 32 50 51 9 24 25 26 43 64 45 1 39 4 41 56 16 15 63 33 34 52 12 11 62 27 28 46 47 48 59 5 6 7 17 57 19 37 36 3 53 31 30 2 49 61 20 21 22 40 14 10 42 
45 34 28 48 59 60 23 19 3 53 13 55 2 49 9 51 61 26 25 64 43 44 22 40 41 4 14 15 16 33 63 35 10 11 12 27 62 29 47 46 8 58 42 7 6 57 17 18 36 37 38 54 30 31 32 50 24 21 20 1 39 56 52 5 
46 14 52 58 8 24 61 21 33 15 36 37 62 12 31 30 23 43 64 25 26 47 40 22 42 5 34 53 54 3 38 56 29 50 49 32 2 10 44 45 59 48 41 57 17 7 6 20 13 55 63 16 51 9 27 11 60 19 18 39 1 35 28 4 
47 56 10 59 48 61 24 20 63 16 37 36 27 11 30 31 60 64 43 26 25 46 39 1 5 42 35 54 53 38 3 14 28 49 50 2 32 52 45 44 58 8 4 17 57 6 7 21 55 13 33 15 9 51 62 12 23 18 19 40 22 34 29 41 
48 16 2 60 61 26 25 6 35 37 38 3 9 10 11 12 64 45 44 47 46 8 18 20 1 22 54 55 13 56 14 15 27 28 29 30 31 32 59 58 23 24 39 4 41 5 42 7 63 33 34 36 49 50 51 52 43 17 57 19 21 53 62 40 
49 57 43 10 9 27 62 54 21 19 40 39 46 44 58 59 11 30 31 28 29 50 56 55 63 33 22 42 5 41 4 17 8 24 61 23 60 64 2 32 52 51 16 37 36 35 34 53 7 6 20 18 25 26 47 45 12 38 3 14 13 1 48 15 
50 17 64 52 51 62 27 53 20 18 39 40 47 45 59 58 12 31 30 29 28 49 14 13 33 63 1 5 42 4 41 57 48 61 24 60 23 43 32 2 10 9 15 36 37 34 35 54 6 7 21 19 26 25 46 44 11 3 38 56 55 22 8 16 
51 18 60 12 62 29 28 34 1 39 4 41 26 64 45 44 31 32 2 50 49 9 3 53 13 55 5 6 7 17 57 19 47 48 8 59 58 23 52 10 11 27 14 15 16 33 63 35 20 21 22 40 61 24 25 43 30 36 37 38 54 42 46 56 
52 42 47 62 12 31 30 37 57 7 21 20 59 48 61 24 29 50 49 32 2 10 54 38 56 14 19 40 39 22 1 5 60 64 43 26 25 46 51 9 27 11 55 63 33 16 15 36 41 4 17 6 45 44 58 8 28 35 34 53 3 18 23 13 
53 59 57 14 13 33 63 27 61 60 64 43 21 19 40 39 15 36 37 34 35 54 30 28 49 50 26 47 46 45 44 58 22 42 5 41 4 17 3 38 56 55 2 10 52 9 51 62 48 8 24 23 7 6 20 18 16 11 12 31 29 25 1 32 
54 58 17 56 55 63 33 62 24 23 43 64 20 18 39 40 16 37 36 35 34 53 31 29 50 49 25 46 47 44 45 59 1 5 42 4 41 57 38 3 14 13 32 52 10 51 9 27 8 48 61 60 6 7 21 19 15 12 11 30 28 26 22 2 
55 23 4 16 63 35 34 51 25 43 44 45 6 17 18 19 37 38 3 54 53 13 12 62 29 28 46 8 48 58 59 60 20 1 22 39 40 41 56 14 15 33 31 32 2 50 49 9 24 61 26 64 5 42 7 57 36 52 10 11 27 47 21 30 
56 47 20 63 16 37 36 10 59 48 61 24 39 1 5 42 35 54 53 38 3 14 27 11 30 31 60 64 43 26 25 46 4 17 57 6 7 21 55 13 33 15 28 49 50 2 32 52 45 44 58 8 18 19 40 22 34 9 51 62 12 23 41 29 
57 49 54 21 19 40 39 43 10 9 27 62 56 55 63 33 22 42 5 41 4 17 46 44 58 59 11 30 31 28 29 50 16 37 36 35 34 53 7 6 20 18 8 24 61 23 60 64 2 32 52 51 38 3 14 13 1 25 26 47 45 12 15 48 
58 54 62 24 23 43 64 17 56 55 63 33 31 29 50 49 25 46 47 44 45 59 20 18 39 40 16 37 36 35 34 53 32 52 10 51 9 27 8 48 61 60 1 5 42 4 41 57 38 3 14 13 12 11 30 28 26 6 7 21 19 15 2 22 
59 53 27 61 60 64 43 57 14 13 33 63 30 28 49 50 26 47 46 45 44 58 21 19 40 39 15 36 37 34 35 54 2 10 52 9 51 62 48 8 24 23 22 42 5 41 4 17 3 38 56 55 11 12 31 29 25 7 6 20 18 16 32 1 
60 13 9 26 64 45 44 41 15 33 34 35 11 27 28 29 47 48 8 59 58 23 7 57 19 18 36 3 38 53 54 55 30 2 32 49 50 51 61 24 25 43 21 22 1 40 39 4 14 56 16 63 10 52 12 62 46 42 5 6 17 37 31 20 
61 37 30 64 26 47 46 5 54 38 56 14 49 2 10 52 45 59 58 48 8 24 17 6 20 21 55 63 33 16 15 36 9 27 62 11 12 31 60 23 43 25 18 39 40 1 22 42 35 34 53 3 28 29 50 32 44 4 41 57 7 13 51 19 
62 39 59 31 29 50 49 33 5 4 17 57 61 60 64 43 32 52 10 51 9 27 36 34 53 54 6 20 21 18 19 40 26 47 46 45 44 58 12 11 30 28 3 14 56 13 55 63 1 22 42 41 48 8 24 23 2 15 16 37 35 7 25 38 
63 43 39 37 35 54 53 50 46 44 58 59 5 4 17 57 38 56 14 55 13 33 52 51 62 27 8 24 61 23 60 64 6 20 21 18 19 40 16 15 36 34 12 31 30 29 28 49 25 26 47 45 1 22 42 41 3 32 2 10 9 48 7 11 
64 33 49 47 45 59 58 40 36 34 53 54 10 9 27 62 48 61 24 60 23 43 42 41 57 17 3 14 56 13 55 63 11 30 31 28 29 50 26 25 46 44 7 21 20 19 18 39 15 16 37 35 2 32 52 51 8 22 1 5 4 38 12 6 
1
0 1 

1 4 
1 
6 
7 
22 
2 8 
1 6 
1 7 
1 22 
5 20 
6 7 
6 22 
7 22 
21 42 
3 12 
1 5 20 
1 6 7 
1 6 22 
1 7 22 
1 21 42 
5 6 20 
5 7 20 
5 20 22 
6 7 22 
6 21 42 
7 21 42 
21 22 42 
4 14 
1 5 6 20 
1 5 7 20 
1 5 20 22 
1 6 7 22 
1 6 21 42 
1 7 21 42 
1 21 22 42 
5 6 7 20 
5 6 20 22 
5 7 20 22 
5 20 21 42 
6 7 21 42 
6 21 22 42 
7 21 22 42 
5 12 
1 5 6 7 20 
1 5 6 20 22 
1 5 7 20 22 
1 5 20 21 42 
1 6 7 21 42 
1 6 21 22 42 
1 7 21 22 42 
5 6 7 20 22 
5 6 20 21 42 
5 7 20 21 42 
5 20 21 22 42 
6 7 21 22 42 
6 8 
1 5 6 7 20 22 
1 5 6 20 21 42 
1 5 7 20 21 42 
1 5 20 21 22 42 
1 6 7 21 22 42 
5 6 7 20 21 42 
5 6 20 21 22 42 
5 7 20 21 22 42 
7 4 
1 5 6 7 20 21 42 
1 5 6 20 21 22 42 
1 5 7 20 21 22 42 
5 6 7 20 21 22 42 
8 1 
1 5 6 7 20 21 22 42 
2
0 1 

1 4 
2 
11 
12 
32 
2 8 
2 11 
2 12 
2 32 
10 30 
11 12 
11 32 
12 32 
31 52 
3 12 
2 10 30 
2 11 12 
2 11 32 
2 12 32 
2 31 52 
10 11 30 
10 12 30 
10 30 32 
11 12 32 
11 31 52 
12 31 52 
31 32 52 
4 14 
2 10 11 30 
2 10 12 30 
2 10 30 32 
2 11 12 32 
2 11 31 52 
2 12 31 52 
2 31 32 52 
10 11 12 30 
10 11 30 32 
10 12 30 32 
10 30 31 52 
11 12 31 52 
11 31 32 52 
12 31 32 52 
5 12 
2 10 11 12 30 
2 10 11 30 32 
2 10 12 30 32 
2 10 30 31 52 
2 11 12 31 52 
2 11 31 32 52 
2 12 31 32 52 
10 11 12 30 32 
10 11 30 31 52 
10 12 30 31 52 
10 30 31 32 52 
11 12 31 32 52 
6 8 
2 10 11 12 30 32 
2 10 11 30 31 52 
2 10 12 30 31 52 
2 10 30 31 32 52 
2 11 12 31 32 52 
10 11 12 30 31 52 
10 11 30 31 32 52 
10 12 30 31 32 52 
7 4 
2 10 11 12 30 31 52 
2 10 11 30 31 32 52 
2 10 12 30 31 32 52 
10 11 12 30 31 32 52 
8 1 
2 10 11 12 30 31 32 52 
3
0 1 

1 1 

2 4 
3 38 
14 56 
15 16 
36 37 
3 1 

4 6 
3 14 38 56 
3 15 16 38 
3 36 37 38 
14 15 16 56 
14 36 37 56 
15 16 36 37 
5 1 

6 4 
3 14 15 16 38 56 
3 14 36 37 38 56 
3 15 16 36 37 38 
14 15 16 36 37 56 
7 1 

8 1 
3 14 15 16 36 37 38 56 
4
0 1 

1 4 
17 
39 
40 
57 
2 8 
4 18 
17 39 
17 40 
17 57 
19 41 
39 40 
39 57 
40 57 
3 12 
4 17 18 
4 18 39 
4 18 40 
4 18 57 
17 19 41 
17 39 40 
17 39 57 
17 40 57 
19 39 41 
19 40 41 
19 41 57 
39 40 57 
4 14 
4 17 18 39 
4 17 18 40 
4 17 18 57 
4 18 19 41 
4 18 39 40 
4 18 39 57 
4 18 40 57 
17 19 39 41 
17 19 40 41 
17 19 41 57 
17 39 40 57 
19 39 40 41 
19 39 41 57 
19 40 41 57 
5 12 
4 17 18 19 41 
4 17 18 39 40 
4 17 18 39 57 
4 17 18 40 57 
4 18 19 39 41 
4 18 19 40 41 
4 18 19 41 57 
4 18 39 40 57 
17 19 39 40 41 
17 19 39 41 57 
17 19 40 41 57 
19 39 40 41 57 
6 8 
4 17 18 19 39 41 
4 17 18 19 40 41 
4 17 18 19 41 57 
4 17 18 39 40 57 
4 18 19 39 40 41 
4 18 19 39 41 57 
4 18 19 40 41 57 
17 19 39 40 41 57 
7 4 
4 17 18 19 39 40 41 
4 17 18 19 39 41 57 
4 17 18 19 40 41 57 
4 18 19 39 40 41 57 
8 1 
4 17 18 19 39 40 41 57 
5
0 1 

1 1 

2 4 
8 26 
24 47 
25 48 
46 61 
3 1 

4 6 
8 24 26 47 
8 25 26 48 
8 26 46 61 
24 25 47 48 
24 46 47 61 
25 46 48 61 
5 1 

6 4 
8 24 25 26 47 48 
8 24 26 46 47 61 
8 25 26 46 48 61 
24 25 46 47 48 61 
7 1 

8 1 
8 24 25 26 46 47 48 61 
6
0 1 

1 1 

2 4 
9 51 
27 50 
28 29 
49 62 
3 1 

4 6 
9 27 50 51 
9 28 29 51 
9 49 51 62 
27 28 29 50 
27 49 50 62 
28 29 49 62 
5 1 

6 4 
9 27 28 29 50 51 
9 27 49 50 51 62 
9 28 29 49 51 62 
27 28 29 49 50 62 
7 1 

8 1 
9 27 28 29 49 50 51 62 
7
0 1 

1 1 

2 4 
13 35 
33 54 
34 55 
53 63 
3 1 

4 6 
13 33 35 54 
13 34 35 55 
13 35 53 63 
33 34 54 55 
33 53 54 63 
34 53 55 63 
5 1 

6 4 
13 33 34 35 54 55 
13 33 35 53 54 63 
13 34 35 53 55 63 
33 34 53 54 55 63 
7 1 

8 1 
13 33 34 35 53 54 55 63 
8
0 1 

1 1 

2 4 
23 44 
43 58 
45 60 
59 64 
3 1 

4 6 
23 43 44 58 
23 44 45 60 
23 44 59 64 
43 45 58 60 
43 58 59 64 
45 59 60 64 
5 1 

6 4 
23 43 44 45 58 60 
23 43 44 58 59 64 
23 44 45 59 60 64 
43 45 58 59 60 64 
7 1 

8 1 
23 43 44 45 58 59 60 64 
