//Table for grp 139:
57
0 0 2 2 4 4 2 4 
0 0 2 4 4 2 4 2 
0 0 4 2 2 4 4 2 
0 0 4 4 2 2 2 4 
0 2 0 2 4 2 4 4 
0 2 0 4 4 4 2 2 
0 2 2 0 2 4 4 4 
0 2 2 2 2 2 2 6 
0 2 2 2 2 2 6 2 
0 2 2 2 2 6 2 2 
0 2 2 2 6 2 2 2 
0 2 2 4 2 0 4 4 
0 2 2 4 2 4 0 4 
0 2 2 4 2 4 4 0 
0 2 2 6 2 2 2 2 
0 2 4 0 4 4 2 2 
0 2 4 2 0 2 4 4 
0 2 4 2 4 2 0 4 
0 2 4 2 4 2 4 0 
0 2 4 4 0 4 2 2 
0 2 4 4 4 0 2 2 
0 2 6 2 2 2 2 2 
0 4 0 2 2 4 4 2 
0 4 0 4 2 2 2 4 
0 4 2 0 4 2 4 2 
0 4 2 2 0 4 2 4 
0 4 2 2 4 0 2 4 
0 4 2 2 4 4 2 0 
0 4 2 4 0 2 4 2 
0 4 2 4 4 2 0 2 
0 4 4 0 2 2 2 4 
0 4 4 2 2 0 4 2 
0 4 4 2 2 4 0 2 
0 4 4 4 2 2 2 0 
0 6 2 2 2 2 2 2 
2 0 2 2 2 2 4 4 
2 0 2 4 2 4 2 2 
2 0 4 2 4 2 2 2 
2 2 0 2 2 4 2 4 
2 2 0 4 2 2 4 2 
2 2 2 0 4 2 2 4 
2 2 2 2 0 4 4 2 
2 2 2 2 4 0 4 2 
2 2 2 2 4 4 0 2 
2 2 2 4 0 2 2 4 
2 2 2 4 4 2 2 0 
2 2 4 0 2 2 4 2 
2 2 4 2 2 0 2 4 
2 2 4 2 2 4 2 0 
2 2 4 4 2 2 0 2 
2 4 0 2 4 2 2 2 
2 4 2 0 2 4 2 2 
2 4 2 2 2 2 0 4 
2 4 2 2 2 2 4 0 
2 4 2 4 2 0 2 2 
2 4 4 2 0 2 2 2 
4 2 2 2 2 2 2 2 
1 2 3 4 5 6 7 8 9 10 11 12 13 14 15 16 17 18 19 20 21 22 23 24 25 26 27 28 29 30 31 32 33 34 35 36 37 38 39 40 41 42 43 44 45 46 47 48 49 50 51 52 53 54 55 56 57 58 59 60 61 62 63 64 
2 7 8 9 10 11 12 16 19 21 22 1 23 24 25 26 27 28 29 30 31 32 35 37 38 3 40 41 4 42 5 6 43 44 45 46 47 48 49 50 51 52 54 55 13 56 14 15 57 17 18 20 58 59 60 61 62 63 33 34 36 39 64 53 
3 24 1 13 14 15 16 10 59 8 46 47 4 5 6 7 33 34 35 36 37 38 50 2 30 31 45 64 43 25 26 61 17 18 19 20 21 22 53 54 55 56 29 62 27 11 12 52 60 23 58 48 39 40 41 42 63 51 9 49 32 44 57 28 
4 28 13 1 17 18 19 60 11 49 9 51 3 33 34 35 5 6 7 39 40 41 48 64 45 44 30 2 32 27 62 29 14 15 16 53 54 55 20 21 22 57 61 26 25 59 58 23 10 52 12 50 36 37 38 63 42 47 46 8 43 31 56 24 
5 10 14 40 1 20 21 24 50 2 30 31 54 3 36 37 19 57 17 6 7 42 59 8 46 47 29 62 27 11 12 52 35 63 33 15 16 56 41 4 39 22 45 64 43 25 26 61 51 9 49 32 55 13 53 38 18 60 23 58 48 28 34 44 
6 11 38 18 20 1 22 48 28 30 2 32 55 56 16 15 39 4 41 5 42 7 60 61 26 25 49 9 51 10 52 12 63 35 34 37 36 3 17 57 19 21 64 45 44 47 46 8 27 62 29 31 54 53 13 14 40 59 58 23 24 50 33 43 
7 12 16 19 21 22 1 26 29 31 32 2 35 37 38 3 40 41 4 42 5 6 45 47 48 8 50 51 9 52 10 11 54 55 13 56 14 15 57 17 18 20 59 60 23 61 24 25 62 27 28 30 63 33 34 36 39 64 43 44 46 49 53 58 
8 37 2 23 24 25 26 21 33 16 56 14 9 10 11 12 43 44 45 46 47 48 17 7 42 5 13 53 54 38 3 36 27 28 29 30 31 32 58 59 60 61 4 39 40 22 1 20 34 35 63 15 49 50 51 52 64 18 19 57 6 55 62 41 
9 41 23 2 27 28 29 34 22 57 19 18 8 43 44 45 10 11 12 49 50 51 15 53 13 55 42 7 6 40 39 4 24 25 26 58 59 60 30 31 32 62 36 3 38 33 63 35 21 20 1 17 46 47 48 64 52 14 56 16 54 5 61 37 
10 21 24 50 2 30 31 37 17 7 42 5 59 8 46 47 29 62 27 11 12 52 33 16 56 14 4 39 40 22 1 20 45 64 43 25 26 61 51 9 49 32 13 53 54 38 3 36 18 19 57 6 60 23 58 48 28 34 35 63 15 41 44 55 
11 22 48 28 30 2 32 15 41 42 7 6 60 61 26 25 49 9 51 10 52 12 34 36 3 38 57 19 18 21 20 1 64 45 44 47 46 8 27 62 29 31 53 13 55 14 56 16 40 39 4 5 59 58 23 24 50 33 63 35 37 17 43 54 
12 1 26 29 31 32 2 3 4 5 6 7 45 47 48 8 50 51 9 52 10 11 13 14 15 16 17 18 19 20 21 22 59 60 23 61 24 25 62 27 28 30 33 34 35 36 37 38 39 40 41 42 64 43 44 46 49 53 54 55 56 57 58 63 
13 64 4 3 33 34 35 49 46 60 59 58 1 17 18 19 14 15 16 53 54 55 52 28 27 62 25 24 61 45 44 43 5 6 7 39 40 41 36 37 38 63 32 31 30 9 51 50 8 48 47 23 20 21 22 57 56 12 11 10 29 26 42 2 
14 8 5 54 3 36 37 2 23 24 25 26 40 1 20 21 35 63 33 15 16 56 9 10 11 12 43 44 45 46 47 48 19 57 17 6 7 42 55 13 53 38 27 28 29 30 31 32 58 59 60 61 41 4 39 22 34 49 50 51 52 64 18 62 
15 46 22 34 36 3 38 52 64 25 24 61 41 42 7 6 53 13 55 14 56 16 49 32 31 30 60 59 58 8 48 47 57 19 18 21 20 1 33 63 35 37 28 27 62 12 11 10 45 44 43 26 40 39 4 5 54 9 51 50 2 23 17 29 
16 47 7 35 37 38 3 31 43 26 61 24 19 21 22 1 54 55 13 56 14 15 27 12 52 10 23 58 59 48 8 46 40 41 4 42 5 6 63 33 34 36 9 49 50 32 2 30 44 45 64 25 57 17 18 20 53 28 29 62 11 60 39 51 
17 49 33 21 4 39 40 64 52 28 27 62 37 13 53 54 7 42 5 18 19 57 46 60 59 58 32 31 30 9 51 50 16 56 14 34 35 63 22 1 20 41 25 24 61 45 44 43 12 11 10 29 38 3 36 55 6 8 48 47 23 2 15 26 
18 9 55 6 39 4 41 23 2 27 28 29 38 63 35 34 20 1 22 17 57 19 8 43 44 45 10 11 12 49 50 51 56 16 15 54 53 13 5 42 7 40 24 25 26 58 59 60 30 31 32 62 37 36 3 33 21 46 47 48 64 52 14 61 
19 51 35 7 40 41 4 44 32 62 29 28 16 54 55 13 21 22 1 57 17 18 25 58 23 60 52 12 11 50 49 9 37 38 3 63 33 34 42 5 6 39 46 8 48 43 64 45 31 30 2 27 56 14 15 53 20 24 61 26 59 10 36 47 
20 30 56 57 6 5 42 61 62 11 10 52 53 38 37 36 41 40 39 1 22 21 58 48 47 46 51 50 49 2 32 31 34 33 63 16 15 14 19 18 17 7 44 43 64 26 25 24 29 28 27 12 13 55 54 3 4 23 60 59 8 9 35 45 
21 31 37 17 7 42 5 47 27 12 52 10 33 16 56 14 4 39 40 22 1 20 43 26 61 24 9 49 50 32 2 30 13 53 54 38 3 36 18 19 57 6 23 58 59 48 8 46 28 29 62 11 34 35 63 15 41 44 45 64 25 51 55 60 
22 32 15 41 42 7 6 25 51 52 12 11 34 36 3 38 57 19 18 21 20 1 44 46 8 48 62 29 28 31 30 2 53 13 55 14 56 16 40 39 4 5 58 23 60 24 61 26 50 49 9 10 33 63 35 37 17 43 64 45 47 27 54 59 
23 53 9 8 43 44 45 57 56 34 33 63 2 27 28 29 24 25 26 58 59 60 20 41 40 39 38 37 36 13 55 54 10 11 12 49 50 51 46 47 48 64 6 5 42 19 18 17 16 15 14 35 30 31 32 62 61 1 22 21 4 3 52 7 
24 16 10 59 8 46 47 7 35 37 38 3 50 2 30 31 45 64 43 25 26 61 19 21 22 1 54 55 13 56 14 15 29 62 27 11 12 52 60 23 58 48 40 41 4 42 5 6 63 33 34 36 51 9 49 32 44 57 17 18 20 53 28 39 
25 56 32 44 46 8 48 20 53 38 37 36 51 52 12 11 58 23 60 24 61 26 57 6 5 42 34 33 63 16 15 14 62 29 28 31 30 2 43 64 45 47 41 40 39 1 22 21 13 55 54 3 50 49 9 10 59 19 18 17 7 35 27 4 
26 14 12 45 47 48 8 5 54 3 36 37 29 31 32 2 59 60 23 61 24 25 40 1 20 21 35 63 33 15 16 56 50 51 9 52 10 11 64 43 44 46 19 57 17 6 7 42 55 13 53 38 62 27 28 30 58 41 4 39 22 34 49 18 
27 57 43 31 9 49 50 53 20 41 40 39 47 23 58 59 12 52 10 28 29 62 56 34 33 63 6 5 42 19 18 17 26 61 24 44 45 64 32 2 30 51 38 37 36 13 55 54 1 22 21 4 48 8 46 60 11 16 15 14 35 7 25 3 
28 19 60 11 49 9 51 35 7 40 41 4 48 64 45 44 30 2 32 27 62 29 16 54 55 13 21 22 1 57 17 18 61 26 25 59 58 23 10 52 12 50 37 38 3 63 33 34 42 5 6 39 47 46 8 43 31 56 14 15 53 20 24 36 
29 18 45 12 50 51 9 55 6 39 4 41 26 59 60 23 31 32 2 62 27 28 38 63 35 34 20 1 22 17 57 19 47 48 8 64 43 44 52 10 11 49 56 16 15 54 53 13 5 42 7 40 61 24 25 58 30 37 36 3 33 21 46 14 
30 42 61 62 11 10 52 36 39 22 21 20 58 48 47 46 51 50 49 2 32 31 63 15 14 56 18 17 57 7 6 5 44 43 64 26 25 24 29 28 27 12 55 54 53 3 38 37 4 41 40 1 23 60 59 8 9 35 34 33 16 19 45 13 
31 5 47 27 12 52 10 14 40 1 20 21 43 26 61 24 9 49 50 32 2 30 54 3 36 37 19 57 17 6 7 42 23 58 59 48 8 46 28 29 62 11 35 63 33 15 16 56 41 4 39 22 44 45 64 25 51 55 13 53 38 18 60 34 
32 6 25 51 52 12 11 38 18 20 1 22 44 46 8 48 62 29 28 31 30 2 55 56 16 15 39 4 41 5 42 7 58 23 60 24 61 26 50 49 9 10 63 35 34 37 36 3 17 57 19 21 43 64 45 47 27 54 53 13 14 40 59 33 
33 60 17 37 13 53 54 28 48 64 45 44 21 4 39 40 16 56 14 34 35 63 11 49 9 51 61 26 25 59 58 23 7 42 5 18 19 57 38 3 36 55 30 2 32 27 62 29 47 46 8 43 22 1 20 41 15 10 52 12 50 24 6 31 
34 59 41 15 53 13 55 50 24 45 64 43 22 57 19 18 36 3 38 33 63 35 10 29 62 27 8 46 47 60 23 58 42 7 6 40 39 4 14 56 16 54 2 30 31 51 9 49 25 26 61 44 21 20 1 17 37 11 12 52 28 48 5 32 
35 58 19 16 54 55 13 62 61 44 43 64 7 40 41 4 37 38 3 63 33 34 30 51 50 49 48 47 46 23 60 59 21 22 1 57 17 18 56 14 15 53 11 10 52 29 28 27 26 25 24 45 42 5 6 39 36 2 32 31 9 8 20 12 
36 25 42 63 15 14 56 32 44 46 8 48 39 22 21 20 55 54 53 3 38 37 51 52 12 11 58 23 60 24 61 26 18 17 57 7 6 5 35 34 33 16 62 29 28 31 30 2 43 64 45 47 4 41 40 1 13 50 49 9 10 59 19 27 
37 26 21 33 16 56 14 12 45 47 48 8 17 7 42 5 13 53 54 38 3 36 29 31 32 2 59 60 23 61 24 25 4 39 40 22 1 20 34 35 63 15 50 51 9 52 10 11 64 43 44 46 18 19 57 6 55 62 27 28 30 58 41 49 
38 61 6 55 56 16 15 30 58 48 47 46 18 20 1 22 63 35 34 37 36 3 62 11 10 52 44 43 64 26 25 24 39 4 41 5 42 7 54 53 13 14 51 50 49 2 32 31 23 60 59 8 17 57 19 21 33 29 28 27 12 45 40 9 
39 27 63 42 18 17 57 43 31 9 49 50 36 55 54 53 22 21 20 4 41 40 47 23 58 59 12 52 10 28 29 62 15 14 56 35 34 33 7 6 5 19 26 61 24 44 45 64 32 2 30 51 3 38 37 13 1 48 8 46 60 11 16 25 
40 62 54 5 19 57 17 58 30 51 50 49 14 35 63 33 1 20 21 41 4 39 61 44 43 64 11 10 52 29 28 27 3 36 37 55 13 53 6 7 42 18 48 47 46 23 60 59 2 32 31 9 15 16 56 34 22 26 25 24 45 12 38 8 
41 29 34 22 57 19 18 45 12 50 51 9 15 53 13 55 42 7 6 40 39 4 26 59 60 23 31 32 2 62 27 28 36 3 38 33 63 35 21 20 1 17 47 48 8 64 43 44 52 10 11 49 14 56 16 54 5 61 24 25 58 30 37 46 
42 52 36 39 22 21 20 46 49 32 31 30 63 15 14 56 18 17 57 7 6 5 64 25 24 61 28 27 62 12 11 10 55 54 53 3 38 37 4 41 40 1 60 59 58 8 48 47 9 51 50 2 35 34 33 16 19 45 44 43 26 29 13 23 
43 34 27 47 23 58 59 41 15 53 13 55 31 9 49 50 26 61 24 44 45 64 22 57 19 18 36 3 38 33 63 35 12 52 10 28 29 62 48 8 46 60 42 7 6 40 39 4 14 56 16 54 32 2 30 51 25 21 20 1 17 37 11 5 
44 33 51 25 58 23 60 17 37 13 53 54 32 62 29 28 46 8 48 43 64 45 21 4 39 40 16 56 14 34 35 63 52 12 11 50 49 9 24 61 26 59 7 42 5 18 19 57 38 3 36 55 31 30 2 27 47 22 1 20 41 15 10 6 
45 63 29 26 59 60 23 39 36 55 54 53 12 50 51 9 47 48 8 64 43 44 42 18 17 57 15 14 56 35 34 33 31 32 2 62 27 28 61 24 25 58 22 21 20 4 41 40 3 38 37 13 52 10 11 49 46 7 6 5 19 16 30 1 
46 38 52 64 25 24 61 6 55 56 16 15 49 32 31 30 60 59 58 8 48 47 18 20 1 22 63 35 34 37 36 3 28 27 62 12 11 10 45 44 43 26 39 4 41 5 42 7 54 53 13 14 9 51 50 2 23 17 57 19 21 33 29 40 
47 3 31 43 26 61 24 1 13 14 15 16 27 12 52 10 23 58 59 48 8 46 4 5 6 7 33 34 35 36 37 38 9 49 50 32 2 30 44 45 64 25 17 18 19 20 21 22 53 54 55 56 28 29 62 11 60 39 40 41 42 63 51 57 
48 36 11 60 61 26 25 42 63 15 14 56 28 30 2 32 64 45 44 47 46 8 39 22 21 20 55 54 53 3 38 37 49 9 51 10 52 12 59 58 23 24 18 17 57 7 6 5 35 34 33 16 27 62 29 31 43 4 41 40 1 13 50 19 
49 40 64 52 28 27 62 54 5 19 57 17 46 60 59 58 32 31 30 9 51 50 14 35 63 33 1 20 21 41 4 39 25 24 61 45 44 43 12 11 10 29 3 36 37 55 13 53 6 7 42 18 8 48 47 23 2 15 16 56 34 22 26 38 
50 39 59 10 29 62 27 63 42 18 17 57 24 45 64 43 2 30 31 51 9 49 36 55 54 53 22 21 20 4 41 40 8 46 47 60 23 58 11 12 52 28 15 14 56 35 34 33 7 6 5 19 25 26 61 44 32 3 38 37 13 1 48 16 
51 4 44 32 62 29 28 13 1 17 18 19 25 58 23 60 52 12 11 50 49 9 3 33 34 35 5 6 7 39 40 41 46 8 48 43 64 45 31 30 2 27 14 15 16 53 54 55 20 21 22 57 24 61 26 59 10 36 37 38 63 42 47 56 
52 20 46 49 32 31 30 56 57 6 5 42 64 25 24 61 28 27 62 12 11 10 53 38 37 36 41 40 39 1 22 21 60 59 58 8 48 47 9 51 50 2 34 33 63 16 15 14 19 18 17 7 45 44 43 26 29 13 55 54 3 4 23 35 
53 45 57 56 34 33 63 29 26 59 60 23 20 41 40 39 38 37 36 13 55 54 12 50 51 9 47 48 8 64 43 44 6 5 42 19 18 17 16 15 14 35 31 32 2 62 27 28 61 24 25 58 1 22 21 4 3 52 10 11 49 46 7 30 
54 44 40 14 35 63 33 51 25 58 23 60 5 19 57 17 3 36 37 55 13 53 32 62 29 28 46 8 48 43 64 45 1 20 21 41 4 39 15 16 56 34 52 12 11 50 49 9 24 61 26 59 6 7 42 18 38 31 30 2 27 47 22 10 
55 43 18 38 63 35 34 27 47 23 58 59 6 39 4 41 56 16 15 54 53 13 31 9 49 50 26 61 24 44 45 64 20 1 22 17 57 19 37 36 3 33 12 52 10 28 29 62 48 8 46 60 5 42 7 40 14 32 2 30 51 25 21 11 
56 48 20 53 38 37 36 11 60 61 26 25 57 6 5 42 34 33 63 16 15 14 28 30 2 32 64 45 44 47 46 8 41 40 39 1 22 21 13 55 54 3 49 9 51 10 52 12 59 58 23 24 19 18 17 7 35 27 62 29 31 43 4 50 
57 50 53 20 41 40 39 59 10 29 62 27 56 34 33 63 6 5 42 19 18 17 24 45 64 43 2 30 31 51 9 49 38 37 36 13 55 54 1 22 21 4 8 46 47 60 23 58 11 12 52 28 16 15 14 35 7 25 26 61 44 32 3 48 
58 13 62 61 44 43 64 4 3 33 34 35 30 51 50 49 48 47 46 23 60 59 1 17 18 19 14 15 16 53 54 55 11 10 52 29 28 27 26 25 24 45 5 6 7 39 40 41 36 37 38 63 2 32 31 9 8 20 21 22 57 56 12 42 
59 55 50 24 45 64 43 18 38 63 35 34 10 29 62 27 8 46 47 60 23 58 6 39 4 41 56 16 15 54 53 13 2 30 31 51 9 49 25 26 61 44 20 1 22 17 57 19 37 36 3 33 11 12 52 28 48 5 42 7 40 14 32 21 
60 54 28 48 64 45 44 40 14 35 63 33 11 49 9 51 61 26 25 59 58 23 5 19 57 17 3 36 37 55 13 53 30 2 32 27 62 29 47 46 8 43 1 20 21 41 4 39 15 16 56 34 10 52 12 50 24 6 7 42 18 38 31 22 
61 15 30 58 48 47 46 22 34 36 3 38 62 11 10 52 44 43 64 26 25 24 41 42 7 6 53 13 55 14 56 16 51 50 49 2 32 31 23 60 59 8 57 19 18 21 20 1 33 63 35 37 29 28 27 12 45 40 39 4 5 54 9 17 
62 17 58 30 51 50 49 33 21 4 39 40 61 44 43 64 11 10 52 29 28 27 37 13 53 54 7 42 5 18 19 57 48 47 46 23 60 59 2 32 31 9 16 56 14 34 35 63 22 1 20 41 26 25 24 45 12 38 3 36 55 6 8 15 
63 23 39 36 55 54 53 9 8 43 44 45 42 18 17 57 15 14 56 35 34 33 2 27 28 29 24 25 26 58 59 60 22 21 20 4 41 40 3 38 37 13 10 11 12 49 50 51 46 47 48 64 7 6 5 19 16 30 31 32 62 61 1 52 
64 35 49 46 60 59 58 19 16 54 55 13 52 28 27 62 25 24 61 45 44 43 7 40 41 4 37 38 3 63 33 34 32 31 30 9 51 50 8 48 47 23 21 22 1 57 17 18 56 14 15 53 12 11 10 29 26 42 5 6 39 36 2 20 
1
0 1 

1 8 
1 
5 
6 
7 
20 
21 
22 
42 
2 28 
1 5 
1 6 
1 7 
1 20 
1 21 
1 22 
1 42 
5 6 
5 7 
5 20 
5 21 
5 22 
5 42 
6 7 
6 20 
6 21 
6 22 
6 42 
7 20 
7 21 
7 22 
7 42 
20 21 
20 22 
20 42 
21 22 
21 42 
22 42 
3 56 
1 5 6 
1 5 7 
1 5 20 
1 5 21 
1 5 22 
1 5 42 
1 6 7 
1 6 20 
1 6 21 
1 6 22 
1 6 42 
1 7 20 
1 7 21 
1 7 22 
1 7 42 
1 20 21 
1 20 22 
1 20 42 
1 21 22 
1 21 42 
1 22 42 
5 6 7 
5 6 20 
5 6 21 
5 6 22 
5 6 42 
5 7 20 
5 7 21 
5 7 22 
5 7 42 
5 20 21 
5 20 22 
5 20 42 
5 21 22 
5 21 42 
5 22 42 
6 7 20 
6 7 21 
6 7 22 
6 7 42 
6 20 21 
6 20 22 
6 20 42 
6 21 22 
6 21 42 
6 22 42 
7 20 21 
7 20 22 
7 20 42 
7 21 22 
7 21 42 
7 22 42 
20 21 22 
20 21 42 
20 22 42 
21 22 42 
4 70 
1 5 6 7 
1 5 6 20 
1 5 6 21 
1 5 6 22 
1 5 6 42 
1 5 7 20 
1 5 7 21 
1 5 7 22 
1 5 7 42 
1 5 20 21 
1 5 20 22 
1 5 20 42 
1 5 21 22 
1 5 21 42 
1 5 22 42 
1 6 7 20 
1 6 7 21 
1 6 7 22 
1 6 7 42 
1 6 20 21 
1 6 20 22 
1 6 20 42 
1 6 21 22 
1 6 21 42 
1 6 22 42 
1 7 20 21 
1 7 20 22 
1 7 20 42 
1 7 21 22 
1 7 21 42 
1 7 22 42 
1 20 21 22 
1 20 21 42 
1 20 22 42 
1 21 22 42 
5 6 7 20 
5 6 7 21 
5 6 7 22 
5 6 7 42 
5 6 20 21 
5 6 20 22 
5 6 20 42 
5 6 21 22 
5 6 21 42 
5 6 22 42 
5 7 20 21 
5 7 20 22 
5 7 20 42 
5 7 21 22 
5 7 21 42 
5 7 22 42 
5 20 21 22 
5 20 21 42 
5 20 22 42 
5 21 22 42 
6 7 20 21 
6 7 20 22 
6 7 20 42 
6 7 21 22 
6 7 21 42 
6 7 22 42 
6 20 21 22 
6 20 21 42 
6 20 22 42 
6 21 22 42 
7 20 21 22 
7 20 21 42 
7 20 22 42 
7 21 22 42 
20 21 22 42 
5 56 
1 5 6 7 20 
1 5 6 7 21 
1 5 6 7 22 
1 5 6 7 42 
1 5 6 20 21 
1 5 6 20 22 
1 5 6 20 42 
1 5 6 21 22 
1 5 6 21 42 
1 5 6 22 42 
1 5 7 20 21 
1 5 7 20 22 
1 5 7 20 42 
1 5 7 21 22 
1 5 7 21 42 
1 5 7 22 42 
1 5 20 21 22 
1 5 20 21 42 
1 5 20 22 42 
1 5 21 22 42 
1 6 7 20 21 
1 6 7 20 22 
1 6 7 20 42 
1 6 7 21 22 
1 6 7 21 42 
1 6 7 22 42 
1 6 20 21 22 
1 6 20 21 42 
1 6 20 22 42 
1 6 21 22 42 
1 7 20 21 22 
1 7 20 21 42 
1 7 20 22 42 
1 7 21 22 42 
1 20 21 22 42 
5 6 7 20 21 
5 6 7 20 22 
5 6 7 20 42 
5 6 7 21 22 
5 6 7 21 42 
5 6 7 22 42 
5 6 20 21 22 
5 6 20 21 42 
5 6 20 22 42 
5 6 21 22 42 
5 7 20 21 22 
5 7 20 21 42 
5 7 20 22 42 
5 7 21 22 42 
5 20 21 22 42 
6 7 20 21 22 
6 7 20 21 42 
6 7 20 22 42 
6 7 21 22 42 
6 20 21 22 42 
7 20 21 22 42 
6 28 
1 5 6 7 20 21 
1 5 6 7 20 22 
1 5 6 7 20 42 
1 5 6 7 21 22 
1 5 6 7 21 42 
1 5 6 7 22 42 
1 5 6 20 21 22 
1 5 6 20 21 42 
1 5 6 20 22 42 
1 5 6 21 22 42 
1 5 7 20 21 22 
1 5 7 20 21 42 
1 5 7 20 22 42 
1 5 7 21 22 42 
1 5 20 21 22 42 
1 6 7 20 21 22 
1 6 7 20 21 42 
1 6 7 20 22 42 
1 6 7 21 22 42 
1 6 20 21 22 42 
1 7 20 21 22 42 
5 6 7 20 21 22 
5 6 7 20 21 42 
5 6 7 20 22 42 
5 6 7 21 22 42 
5 6 20 21 22 42 
5 7 20 21 22 42 
6 7 20 21 22 42 
7 8 
1 5 6 7 20 21 22 
1 5 6 7 20 21 42 
1 5 6 7 20 22 42 
1 5 6 7 21 22 42 
1 5 6 20 21 22 42 
1 5 7 20 21 22 42 
1 6 7 20 21 22 42 
5 6 7 20 21 22 42 
8 1 
1 5 6 7 20 21 22 42 
2
0 1 

1 1 

2 4 
2 12 
10 31 
11 32 
30 52 
3 1 

4 6 
2 10 12 31 
2 11 12 32 
2 12 30 52 
10 11 31 32 
10 30 31 52 
11 30 32 52 
5 1 

6 4 
2 10 11 12 31 32 
2 10 12 30 31 52 
2 11 12 30 32 52 
10 11 30 31 32 52 
7 1 

8 1 
2 10 11 12 30 31 32 52 
3
0 1 

1 4 
3 
14 
16 
37 
2 8 
3 14 
3 16 
3 37 
14 16 
14 37 
15 38 
16 37 
36 56 
3 12 
3 14 16 
3 14 37 
3 15 38 
3 16 37 
3 36 56 
14 15 38 
14 16 37 
14 36 56 
15 16 38 
15 37 38 
16 36 56 
36 37 56 
4 14 
3 14 15 38 
3 14 16 37 
3 14 36 56 
3 15 16 38 
3 15 37 38 
3 16 36 56 
3 36 37 56 
14 15 16 38 
14 15 37 38 
14 16 36 56 
14 36 37 56 
15 16 37 38 
15 36 38 56 
16 36 37 56 
5 12 
3 14 15 16 38 
3 14 15 37 38 
3 14 16 36 56 
3 14 36 37 56 
3 15 16 37 38 
3 15 36 38 56 
3 16 36 37 56 
14 15 16 37 38 
14 15 36 38 56 
14 16 36 37 56 
15 16 36 38 56 
15 36 37 38 56 
6 8 
3 14 15 16 37 38 
3 14 15 36 38 56 
3 14 16 36 37 56 
3 15 16 36 38 56 
3 15 36 37 38 56 
14 15 16 36 38 56 
14 15 36 37 38 56 
15 16 36 37 38 56 
7 4 
3 14 15 16 36 38 56 
3 14 15 36 37 38 56 
3 15 16 36 37 38 56 
14 15 16 36 37 38 56 
8 1 
3 14 15 16 36 37 38 56 
4
0 1 

1 4 
4 
18 
19 
41 
2 8 
4 18 
4 19 
4 41 
17 40 
18 19 
18 41 
19 41 
39 57 
3 12 
4 17 40 
4 18 19 
4 18 41 
4 19 41 
4 39 57 
17 18 40 
17 19 40 
17 40 41 
18 19 41 
18 39 57 
19 39 57 
39 41 57 
4 14 
4 17 18 40 
4 17 19 40 
4 17 40 41 
4 18 19 41 
4 18 39 57 
4 19 39 57 
4 39 41 57 
17 18 19 40 
17 18 40 41 
17 19 40 41 
17 39 40 57 
18 19 39 57 
18 39 41 57 
19 39 41 57 
5 12 
4 17 18 19 40 
4 17 18 40 41 
4 17 19 40 41 
4 17 39 40 57 
4 18 19 39 57 
4 18 39 41 57 
4 19 39 41 57 
17 18 19 40 41 
17 18 39 40 57 
17 19 39 40 57 
17 39 40 41 57 
18 19 39 41 57 
6 8 
4 17 18 19 40 41 
4 17 18 39 40 57 
4 17 19 39 40 57 
4 17 39 40 41 57 
4 18 19 39 41 57 
17 18 19 39 40 57 
17 18 39 40 41 57 
17 19 39 40 41 57 
7 4 
4 17 18 19 39 40 57 
4 17 18 39 40 41 57 
4 17 19 39 40 41 57 
17 18 19 39 40 41 57 
8 1 
4 17 18 19 39 40 41 57 
5
0 1 

1 1 

2 4 
8 47 
24 26 
25 46 
48 61 
3 1 

4 6 
8 24 26 47 
8 25 46 47 
8 47 48 61 
24 25 26 46 
24 26 48 61 
25 46 48 61 
5 1 

6 4 
8 24 25 26 46 47 
8 24 26 47 48 61 
8 25 46 47 48 61 
24 25 26 46 48 61 
7 1 

8 1 
8 24 25 26 46 47 48 61 
6
0 1 

1 1 

2 4 
9 51 
27 49 
28 29 
50 62 
3 1 

4 6 
9 27 49 51 
9 28 29 51 
9 50 51 62 
27 28 29 49 
27 49 50 62 
28 29 50 62 
5 1 

6 4 
9 27 28 29 49 51 
9 27 49 50 51 62 
9 28 29 50 51 62 
27 28 29 49 50 62 
7 1 

8 1 
9 27 28 29 49 50 51 62 
7
0 1 

1 4 
13 
35 
53 
63 
2 8 
13 35 
13 53 
13 63 
33 54 
34 55 
35 53 
35 63 
53 63 
3 12 
13 33 54 
13 34 55 
13 35 53 
13 35 63 
13 53 63 
33 35 54 
33 53 54 
33 54 63 
34 35 55 
34 53 55 
34 55 63 
35 53 63 
4 14 
13 33 35 54 
13 33 53 54 
13 33 54 63 
13 34 35 55 
13 34 53 55 
13 34 55 63 
13 35 53 63 
33 34 54 55 
33 35 53 54 
33 35 54 63 
33 53 54 63 
34 35 53 55 
34 35 55 63 
34 53 55 63 
5 12 
13 33 34 54 55 
13 33 35 53 54 
13 33 35 54 63 
13 33 53 54 63 
13 34 35 53 55 
13 34 35 55 63 
13 34 53 55 63 
33 34 35 54 55 
33 34 53 54 55 
33 34 54 55 63 
33 35 53 54 63 
34 35 53 55 63 
6 8 
13 33 34 35 54 55 
13 33 34 53 54 55 
13 33 34 54 55 63 
13 33 35 53 54 63 
13 34 35 53 55 63 
33 34 35 53 54 55 
33 34 35 54 55 63 
33 34 53 54 55 63 
7 4 
13 33 34 35 53 54 55 
13 33 34 35 54 55 63 
13 33 34 53 54 55 63 
33 34 35 53 54 55 63 
8 1 
13 33 34 35 53 54 55 63 
8
0 1 

1 1 

2 4 
23 58 
43 60 
44 59 
45 64 
3 1 

4 6 
23 43 58 60 
23 44 58 59 
23 45 58 64 
43 44 59 60 
43 45 60 64 
44 45 59 64 
5 1 

6 4 
23 43 44 58 59 60 
23 43 45 58 60 64 
23 44 45 58 59 64 
43 44 45 59 60 64 
7 1 

8 1 
23 43 44 45 58 59 60 64 
