//Table for grp 188:
57
0 0 2 2 4 4 2 4 
0 0 2 4 4 2 4 2 
0 0 4 2 2 4 4 2 
0 0 4 4 2 2 2 4 
0 2 0 2 4 2 4 4 
0 2 0 4 4 4 2 2 
0 2 2 0 2 4 4 4 
0 2 2 2 2 2 2 6 
0 2 2 2 2 2 6 2 
0 2 2 2 2 6 2 2 
0 2 2 2 6 2 2 2 
0 2 2 4 2 0 4 4 
0 2 2 4 2 4 0 4 
0 2 2 4 2 4 4 0 
0 2 2 6 2 2 2 2 
0 2 4 0 4 4 2 2 
0 2 4 2 0 2 4 4 
0 2 4 2 4 2 0 4 
0 2 4 2 4 2 4 0 
0 2 4 4 0 4 2 2 
0 2 4 4 4 0 2 2 
0 2 6 2 2 2 2 2 
0 4 0 2 2 4 4 2 
0 4 0 4 2 2 2 4 
0 4 2 0 4 2 4 2 
0 4 2 2 0 4 2 4 
0 4 2 2 4 0 2 4 
0 4 2 2 4 4 2 0 
0 4 2 4 0 2 4 2 
0 4 2 4 4 2 0 2 
0 4 4 0 2 2 2 4 
0 4 4 2 2 0 4 2 
0 4 4 2 2 4 0 2 
0 4 4 4 2 2 2 0 
0 6 2 2 2 2 2 2 
2 0 2 2 2 2 4 4 
2 0 2 4 2 4 2 2 
2 0 4 2 4 2 2 2 
2 2 0 2 2 4 2 4 
2 2 0 4 2 2 4 2 
2 2 2 0 4 2 2 4 
2 2 2 2 0 4 4 2 
2 2 2 2 4 0 4 2 
2 2 2 2 4 4 0 2 
2 2 2 4 0 2 2 4 
2 2 2 4 4 2 2 0 
2 2 4 0 2 2 4 2 
2 2 4 2 2 0 2 4 
2 2 4 2 2 4 2 0 
2 2 4 4 2 2 0 2 
2 4 0 2 4 2 2 2 
2 4 2 0 2 4 2 2 
2 4 2 2 2 2 0 4 
2 4 2 2 2 2 4 0 
2 4 2 4 2 0 2 2 
2 4 4 2 0 2 2 2 
4 2 2 2 2 2 2 2 
1 2 3 4 5 6 7 8 9 10 11 12 13 14 15 16 17 18 19 20 21 22 23 24 25 26 27 28 29 30 31 32 33 34 35 36 37 38 39 40 41 42 43 44 45 46 47 48 49 50 51 52 53 54 55 56 57 58 59 60 61 62 63 64 
2 7 8 9 10 11 12 16 19 21 22 1 23 24 25 26 27 28 29 30 31 32 35 37 38 3 40 41 4 42 5 6 43 44 45 46 47 48 49 50 51 52 54 55 13 56 14 15 57 17 18 20 58 59 60 61 62 63 33 34 36 39 64 53 
3 24 7 13 14 15 16 52 43 48 46 47 19 21 22 1 33 34 35 36 37 38 62 12 10 30 60 58 59 8 25 61 40 41 4 42 5 6 53 54 55 56 29 27 49 32 2 31 23 44 64 26 57 17 18 20 63 51 9 50 11 45 39 28 
4 9 13 1 17 18 19 23 2 27 28 29 3 33 34 35 5 6 7 39 40 41 8 43 44 45 10 11 12 49 50 51 14 15 16 53 54 55 20 21 22 57 24 25 26 58 59 60 30 31 32 62 36 37 38 63 42 46 47 48 64 52 56 61 
5 30 36 17 22 20 21 24 49 2 31 52 53 3 37 56 41 39 40 1 6 42 43 48 46 47 9 50 62 11 12 10 13 54 63 15 16 14 4 18 57 7 60 58 59 8 25 61 28 29 27 32 34 35 33 38 19 23 44 64 26 51 55 45 
6 32 38 18 20 7 22 25 51 52 2 11 55 56 3 15 39 19 41 21 42 1 44 46 26 48 62 9 28 10 30 12 63 13 34 14 36 16 40 57 4 5 58 45 60 47 61 8 27 49 29 31 33 53 35 37 17 59 64 23 24 50 54 43 
7 12 16 19 21 22 1 26 29 31 32 2 35 37 38 3 40 41 4 42 5 6 45 47 48 8 50 51 9 52 10 11 54 55 13 56 14 15 57 17 18 20 59 60 23 61 24 25 62 27 28 30 63 33 34 36 39 64 43 44 46 49 53 58 
8 37 12 23 24 25 26 20 54 15 56 14 29 31 32 2 43 44 45 46 47 48 39 1 21 42 34 63 33 16 38 36 50 51 9 52 10 11 58 59 60 61 4 40 57 6 7 5 35 55 53 3 62 27 28 30 64 18 19 17 22 13 49 41 
9 19 23 2 27 28 29 35 7 40 41 4 8 43 44 45 10 11 12 49 50 51 16 54 55 13 21 22 1 57 17 18 24 25 26 58 59 60 30 31 32 62 37 38 3 63 33 34 42 5 6 39 46 47 48 64 52 56 14 15 53 20 61 36 
10 42 46 27 32 30 31 37 57 7 5 20 58 8 47 61 51 49 50 2 11 52 54 15 56 14 19 17 39 22 1 21 23 59 64 25 26 24 9 28 62 12 34 63 33 16 38 36 41 4 40 6 44 45 43 48 29 35 55 53 3 18 60 13 
11 6 48 28 30 12 32 38 18 20 7 22 60 61 8 25 49 29 51 31 52 2 55 56 3 15 39 19 41 21 42 1 64 23 44 24 46 26 50 62 9 10 63 13 34 14 36 16 40 57 4 5 43 58 45 47 27 33 53 35 37 17 59 54 
12 1 26 29 31 32 2 3 4 5 6 7 45 47 48 8 50 51 9 52 10 11 13 14 15 16 17 18 19 20 21 22 59 60 23 61 24 25 62 27 28 30 33 34 35 36 37 38 39 40 41 42 64 43 44 46 49 53 54 55 56 57 58 63 
13 43 19 3 33 34 35 62 24 60 58 59 7 40 41 4 14 15 16 53 54 55 52 29 27 49 48 46 47 23 44 64 21 22 1 57 17 18 36 37 38 63 12 10 30 51 9 50 8 25 61 45 42 5 6 39 56 32 2 31 28 26 20 11 
14 8 42 33 38 36 37 12 23 24 25 26 57 7 5 20 55 53 54 3 15 56 29 31 32 2 43 44 45 46 47 48 19 17 39 22 1 21 13 34 63 16 50 51 9 52 10 11 58 59 60 61 41 4 40 6 35 62 27 28 30 64 18 49 
15 61 6 34 36 16 38 10 64 26 24 46 18 20 7 22 53 35 55 37 56 3 27 32 30 31 45 43 58 48 8 47 39 19 41 21 42 1 54 63 13 14 51 49 50 2 11 52 60 23 59 25 40 57 4 5 33 9 28 62 12 44 17 29 
16 47 1 35 37 38 3 30 59 25 61 24 4 5 6 7 54 55 13 56 14 15 49 2 31 52 44 64 43 26 48 46 17 18 19 20 21 22 63 33 34 36 9 50 62 11 12 10 45 60 58 8 39 40 41 42 53 28 29 27 32 23 57 51 
17 49 53 5 41 39 40 43 30 9 50 62 36 13 54 63 22 20 21 4 18 57 24 60 58 59 2 31 52 28 29 27 3 37 56 34 35 33 1 6 42 19 48 46 47 23 44 64 11 12 10 51 15 16 14 55 7 8 25 61 45 32 38 26 
18 51 55 6 39 19 41 44 32 62 9 28 38 63 13 34 20 7 22 40 57 4 25 58 45 60 52 2 11 27 49 29 56 3 15 33 53 35 21 42 1 17 46 26 48 59 64 23 10 30 12 50 14 36 16 54 5 47 61 8 43 31 37 24 
19 29 35 7 40 41 4 45 12 50 51 9 16 54 55 13 21 22 1 57 17 18 26 59 60 23 31 32 2 62 27 28 37 38 3 63 33 34 42 5 6 39 47 48 8 64 43 44 52 10 11 49 56 14 15 53 20 61 24 25 58 30 36 46 
20 10 14 39 1 21 42 46 27 32 30 31 33 38 36 37 4 40 57 6 7 5 58 8 47 61 51 49 50 2 11 52 55 53 54 3 15 56 18 19 17 22 23 59 64 25 26 24 9 28 62 12 13 34 63 16 41 44 45 43 48 29 35 60 
21 52 56 40 6 42 5 47 62 12 10 30 63 16 14 36 18 57 17 7 22 20 59 25 61 24 29 27 49 32 2 31 35 33 53 38 3 37 19 41 39 1 44 64 43 26 48 46 51 9 50 11 55 13 54 15 4 45 60 58 8 28 34 23 
22 11 15 41 42 1 6 48 28 30 12 32 34 36 16 38 57 4 18 5 20 7 60 61 8 25 49 29 51 31 52 2 53 35 55 37 56 3 17 39 19 21 64 23 44 24 46 26 50 62 9 10 54 63 13 14 40 43 58 45 47 27 33 59 
23 54 29 8 43 44 45 39 37 34 63 33 12 50 51 9 24 25 26 58 59 60 20 4 40 57 15 56 14 35 55 53 31 32 2 62 27 28 46 47 48 64 1 21 42 18 19 17 16 38 36 13 52 10 11 49 61 6 7 5 41 3 30 22 
24 16 52 43 48 46 47 1 35 37 38 3 62 12 10 30 60 58 59 8 25 61 4 5 6 7 54 55 13 56 14 15 29 27 49 32 2 31 23 44 64 26 17 18 19 20 21 22 63 33 34 36 51 9 50 11 45 39 40 41 42 53 28 57 
25 36 11 44 46 26 48 21 53 3 37 56 28 30 12 32 58 45 60 47 61 8 40 6 42 5 13 54 63 15 16 14 49 29 51 31 52 2 59 64 23 24 18 57 17 7 22 20 34 35 33 38 50 62 9 10 43 19 41 39 1 55 27 4 
26 14 2 45 47 48 8 42 33 38 36 37 9 10 11 12 59 60 23 61 24 25 57 7 5 20 55 53 54 3 15 56 27 28 29 30 31 32 64 43 44 46 19 17 39 22 1 21 13 34 63 16 49 50 51 52 58 41 4 40 6 35 62 18 
27 57 58 10 51 49 50 54 42 19 17 39 46 23 59 64 32 30 31 9 28 62 37 34 63 33 7 5 20 41 4 40 8 47 61 44 45 43 2 11 52 29 15 56 14 35 55 53 22 1 21 18 25 26 24 60 12 16 38 36 13 6 48 3 
28 18 60 11 49 29 51 55 6 39 19 41 48 64 23 44 30 12 32 50 62 9 38 63 13 34 20 7 22 40 57 4 61 8 25 43 58 45 31 52 2 27 56 3 15 33 53 35 21 42 1 17 24 46 26 59 10 14 36 16 54 5 47 37 
29 4 45 12 50 51 9 13 1 17 18 19 26 59 60 23 31 32 2 62 27 28 3 33 34 35 5 6 7 39 40 41 47 48 8 64 43 44 52 10 11 49 14 15 16 53 54 55 20 21 22 57 61 24 25 58 30 36 37 38 63 42 46 56 
30 21 24 49 2 31 52 56 40 6 42 5 43 48 46 47 9 50 62 11 12 10 63 16 14 36 18 57 17 7 22 20 60 58 59 8 25 61 28 29 27 32 35 33 53 38 3 37 19 41 39 1 23 44 64 26 51 55 13 54 15 4 45 34 
31 20 61 50 11 52 10 14 39 1 21 42 64 26 24 46 28 62 27 12 32 30 33 38 36 37 4 40 57 6 7 5 45 43 58 48 8 47 29 51 49 2 55 53 54 3 15 56 18 19 17 22 60 23 59 25 9 13 34 63 16 41 44 35 
32 22 25 51 52 2 11 15 41 42 1 6 44 46 26 48 62 9 28 10 30 12 34 36 16 38 57 4 18 5 20 7 58 45 60 47 61 8 27 49 29 31 53 35 55 37 56 3 17 39 19 21 59 64 23 24 50 54 63 13 14 40 43 33 
33 23 57 14 55 53 54 29 8 43 44 45 42 19 17 39 38 36 37 13 34 63 12 50 51 9 24 25 26 58 59 60 7 5 20 41 4 40 3 15 56 35 31 32 2 62 27 28 46 47 48 64 22 1 21 18 16 52 10 11 49 61 6 30 
34 64 18 15 53 35 55 27 61 45 43 58 6 39 19 41 36 16 38 54 63 13 10 51 49 50 26 24 46 60 23 59 20 7 22 40 57 4 37 56 3 33 32 30 31 9 28 62 48 8 47 44 21 42 1 17 14 2 11 52 29 25 5 12 
35 59 4 16 54 55 13 49 47 44 64 43 1 17 18 19 37 38 3 63 33 34 30 9 50 62 25 61 24 45 60 58 5 6 7 39 40 41 56 14 15 53 2 31 52 28 29 27 26 48 46 23 20 21 22 57 36 11 12 10 51 8 42 32 
36 48 21 53 3 37 56 32 60 61 8 25 40 6 42 5 13 54 63 15 16 14 51 52 2 11 64 23 44 24 46 26 18 57 17 7 22 20 34 35 33 38 62 9 28 10 30 12 43 58 45 47 19 41 39 1 55 27 49 29 31 59 4 50 
37 26 20 54 15 56 14 2 45 47 48 8 39 1 21 42 34 63 33 16 38 36 9 10 11 12 59 60 23 61 24 25 4 40 57 6 7 5 35 55 53 3 27 28 29 30 31 32 64 43 44 46 18 19 17 22 13 49 50 51 52 58 41 62 
38 46 22 55 56 3 15 31 58 8 47 61 41 42 1 6 63 13 34 14 36 16 50 11 52 10 23 59 64 25 26 24 57 4 18 5 20 7 33 53 35 37 28 62 27 12 32 30 44 45 43 48 17 39 19 21 54 29 51 49 2 60 40 9 
39 27 33 20 4 40 57 58 10 51 49 50 14 55 53 54 1 21 42 18 19 17 46 23 59 64 32 30 31 9 28 62 38 36 37 13 34 63 6 7 5 41 8 47 61 44 45 43 2 11 52 29 3 15 56 35 22 25 26 24 60 12 16 48 
40 62 63 21 18 57 17 59 52 29 27 49 56 35 33 53 6 42 5 19 41 39 47 44 64 43 12 10 30 51 9 50 16 14 36 55 13 54 7 22 20 4 25 61 24 45 60 58 32 2 31 28 38 3 37 34 1 26 48 46 23 11 15 8 
41 28 34 22 57 4 18 60 11 49 29 51 15 53 35 55 42 1 6 17 39 19 48 64 23 44 30 12 32 50 62 9 36 16 38 54 63 13 5 20 7 40 61 8 25 43 58 45 31 52 2 27 37 56 3 33 21 24 46 26 59 10 14 47 
42 31 37 57 7 5 20 61 50 11 52 10 54 15 56 14 19 17 39 22 1 21 64 26 24 46 28 62 27 12 32 30 34 63 33 16 38 36 41 4 40 6 45 43 58 48 8 47 29 51 49 2 35 55 53 3 18 60 23 59 25 9 13 44 
43 35 62 24 60 58 59 4 16 54 55 13 52 29 27 49 48 46 47 23 44 64 1 17 18 19 37 38 3 63 33 34 12 10 30 51 9 50 8 25 61 45 5 6 7 39 40 41 56 14 15 53 32 2 31 28 26 20 21 22 57 36 11 42 
44 53 28 25 58 45 60 40 36 13 54 63 11 49 29 51 46 26 48 59 64 23 21 18 57 17 3 37 56 34 35 33 30 12 32 50 62 9 47 61 8 43 6 42 5 19 41 39 15 16 14 55 31 52 2 27 24 7 22 20 4 38 10 1 
45 33 9 26 59 60 23 57 14 55 53 54 2 27 28 29 47 48 8 64 43 44 42 19 17 39 38 36 37 13 34 63 10 11 12 49 50 51 61 24 25 58 7 5 20 41 4 40 3 15 56 35 30 31 32 62 46 22 1 21 18 16 52 6 
46 15 31 58 8 47 61 6 34 36 16 38 50 11 52 10 23 59 64 25 26 24 18 20 7 22 53 35 55 37 56 3 28 62 27 12 32 30 44 45 43 48 39 19 41 21 42 1 54 63 13 14 29 51 49 2 60 40 57 4 5 33 9 17 
47 3 30 59 25 61 24 7 13 14 15 16 49 2 31 52 44 64 43 26 48 46 19 21 22 1 33 34 35 36 37 38 9 50 62 11 12 10 45 60 58 8 40 41 4 42 5 6 53 54 55 56 28 29 27 32 23 57 17 18 20 63 51 39 
48 56 32 60 61 8 25 5 63 16 14 36 51 52 2 11 64 23 44 24 46 26 17 22 20 21 35 33 53 38 3 37 62 9 28 10 30 12 43 58 45 47 41 39 40 1 6 42 55 13 54 15 27 49 29 31 59 4 18 57 7 34 50 19 
49 40 43 30 9 50 62 63 21 18 57 17 24 60 58 59 2 31 52 28 29 27 56 35 33 53 6 42 5 19 41 39 48 46 47 23 44 64 11 12 10 51 16 14 36 55 13 54 7 22 20 4 8 25 61 45 32 38 3 37 34 1 26 15 
50 39 64 31 28 62 27 33 20 4 40 57 61 45 43 58 11 52 10 29 51 49 14 55 53 54 1 21 42 18 19 17 26 24 46 60 23 59 12 32 30 9 38 36 37 13 34 63 6 7 5 41 48 8 47 44 2 3 15 56 35 22 25 16 
51 41 44 32 62 9 28 34 22 57 4 18 25 58 45 60 52 2 11 27 49 29 15 53 35 55 42 1 6 17 39 19 46 26 48 59 64 23 10 30 12 50 36 16 38 54 63 13 5 20 7 40 47 61 8 43 31 37 56 3 33 21 24 14 
52 5 47 62 12 10 30 36 17 22 20 21 59 25 61 24 29 27 49 32 2 31 53 3 37 56 41 39 40 1 6 42 44 64 43 26 48 46 51 9 50 11 13 54 63 15 16 14 4 18 57 7 45 60 58 8 28 34 35 33 38 19 23 55 
53 60 40 36 13 54 63 51 48 64 23 44 21 18 57 17 3 37 56 34 35 33 32 62 9 28 61 8 25 43 58 45 6 42 5 19 41 39 15 16 14 55 52 2 11 27 49 29 24 46 26 59 7 22 20 4 38 10 30 12 50 47 1 31 
54 45 39 37 34 63 33 9 26 59 60 23 20 4 40 57 15 56 14 35 55 53 2 27 28 29 47 48 8 64 43 44 1 21 42 18 19 17 16 38 36 13 10 11 12 49 50 51 61 24 25 58 6 7 5 41 3 30 31 32 62 46 22 52 
55 58 41 38 63 13 34 50 46 23 59 64 22 57 4 18 56 3 15 33 53 35 31 28 62 27 8 47 61 44 45 43 42 1 6 17 39 19 14 36 16 54 11 52 10 29 51 49 25 26 24 60 5 20 7 40 37 12 32 30 9 48 21 2 
56 25 5 63 16 14 36 11 44 46 26 48 17 22 20 21 35 33 53 38 3 37 28 30 12 32 58 45 60 47 61 8 41 39 40 1 6 42 55 13 54 15 49 29 51 31 52 2 59 64 23 24 4 18 57 7 34 50 62 9 10 43 19 27 
57 50 54 42 19 17 39 64 31 28 62 27 37 34 63 33 7 5 20 41 4 40 61 45 43 58 11 52 10 29 51 49 15 56 14 35 55 53 22 1 21 18 26 24 46 60 23 59 12 32 30 9 16 38 36 13 6 48 8 47 44 2 3 25 
58 34 50 46 23 59 64 18 15 53 35 55 31 28 62 27 8 47 61 44 45 43 6 39 19 41 36 16 38 54 63 13 11 52 10 29 51 49 25 26 24 60 20 7 22 40 57 4 37 56 3 33 12 32 30 9 48 21 42 1 17 14 2 5 
59 13 49 47 44 64 43 19 3 33 34 35 30 9 50 62 25 61 24 45 60 58 7 40 41 4 14 15 16 53 54 55 2 31 52 28 29 27 26 48 46 23 21 22 1 57 17 18 36 37 38 63 11 12 10 51 8 42 5 6 39 56 32 20 
60 63 51 48 64 23 44 17 56 35 33 53 32 62 9 28 61 8 25 43 58 45 5 41 39 40 16 14 36 55 13 54 52 2 11 27 49 29 24 46 26 59 22 20 21 4 18 57 38 3 37 34 10 30 12 50 47 1 6 42 19 15 31 7 
61 38 10 64 26 24 46 22 55 56 3 15 27 32 30 31 45 43 58 48 8 47 41 42 1 6 63 13 34 14 36 16 51 49 50 2 11 52 60 23 59 25 57 4 18 5 20 7 33 53 35 37 9 28 62 12 44 17 39 19 21 54 29 40 
62 17 59 52 29 27 49 53 5 41 39 40 47 44 64 43 12 10 30 51 9 50 36 13 54 63 22 20 21 4 18 57 25 61 24 45 60 58 32 2 31 28 3 37 56 34 35 33 1 6 42 19 26 48 46 23 11 15 16 14 55 7 8 38 
63 44 17 56 35 33 53 28 25 58 45 60 5 41 39 40 16 14 36 55 13 54 11 49 29 51 46 26 48 59 64 23 22 20 21 4 18 57 38 3 37 34 30 12 32 50 62 9 47 61 8 43 1 6 42 19 15 31 52 2 27 24 7 10 
64 55 27 61 45 43 58 41 38 63 13 34 10 51 49 50 26 24 46 60 23 59 22 57 4 18 56 3 15 33 53 35 32 30 31 9 28 62 48 8 47 44 42 1 6 17 39 19 14 36 16 54 2 11 52 29 25 5 20 7 40 37 12 21 
1
0 1 

1 2 
1 
7 
2 4 
1 7 
5 20 
6 22 
21 42 
3 6 
1 5 20 
1 6 22 
1 21 42 
5 7 20 
6 7 22 
7 21 42 
4 6 
1 5 7 20 
1 6 7 22 
1 7 21 42 
5 6 20 22 
5 20 21 42 
6 21 22 42 
5 6 
1 5 6 20 22 
1 5 20 21 42 
1 6 21 22 42 
5 6 7 20 22 
5 7 20 21 42 
6 7 21 22 42 
6 4 
1 5 6 7 20 22 
1 5 7 20 21 42 
1 6 7 21 22 42 
5 6 20 21 22 42 
7 2 
1 5 6 20 21 22 42 
5 6 7 20 21 22 42 
8 1 
1 5 6 7 20 21 22 42 
2
0 1 

1 1 

2 4 
2 12 
10 31 
11 32 
30 52 
3 1 

4 6 
2 10 12 31 
2 11 12 32 
2 12 30 52 
10 11 31 32 
10 30 31 52 
11 30 32 52 
5 1 

6 4 
2 10 11 12 31 32 
2 10 12 30 31 52 
2 11 12 30 32 52 
10 11 30 31 32 52 
7 1 

8 1 
2 10 11 12 30 31 32 52 
3
0 1 

1 1 

2 4 
3 16 
14 37 
15 38 
36 56 
3 1 

4 6 
3 14 16 37 
3 15 16 38 
3 16 36 56 
14 15 37 38 
14 36 37 56 
15 36 38 56 
5 1 

6 4 
3 14 15 16 37 38 
3 14 16 36 37 56 
3 15 16 36 38 56 
14 15 36 37 38 56 
7 1 

8 1 
3 14 15 16 36 37 38 56 
4
0 1 

1 2 
4 
19 
2 4 
4 19 
17 39 
18 41 
40 57 
3 6 
4 17 39 
4 18 41 
4 40 57 
17 19 39 
18 19 41 
19 40 57 
4 6 
4 17 19 39 
4 18 19 41 
4 19 40 57 
17 18 39 41 
17 39 40 57 
18 40 41 57 
5 6 
4 17 18 39 41 
4 17 39 40 57 
4 18 40 41 57 
17 18 19 39 41 
17 19 39 40 57 
18 19 40 41 57 
6 4 
4 17 18 19 39 41 
4 17 19 39 40 57 
4 18 19 40 41 57 
17 18 39 40 41 57 
7 2 
4 17 18 39 40 41 57 
17 18 19 39 40 41 57 
8 1 
4 17 18 19 39 40 41 57 
5
0 1 

1 1 

2 4 
8 24 
25 61 
26 47 
46 48 
3 1 

4 6 
8 24 25 61 
8 24 26 47 
8 24 46 48 
25 26 47 61 
25 46 48 61 
26 46 47 48 
5 1 

6 4 
8 24 25 26 47 61 
8 24 25 46 48 61 
8 24 26 46 47 48 
25 26 46 47 48 61 
7 1 

8 1 
8 24 25 26 46 47 48 61 
6
0 1 

1 1 

2 4 
9 29 
27 50 
28 51 
49 62 
3 1 

4 6 
9 27 29 50 
9 28 29 51 
9 29 49 62 
27 28 50 51 
27 49 50 62 
28 49 51 62 
5 1 

6 4 
9 27 28 29 50 51 
9 27 29 49 50 62 
9 28 29 49 51 62 
27 28 49 50 51 62 
7 1 

8 1 
9 27 28 29 49 50 51 62 
7
0 1 

1 1 

2 4 
13 35 
33 54 
34 55 
53 63 
3 1 

4 6 
13 33 35 54 
13 34 35 55 
13 35 53 63 
33 34 54 55 
33 53 54 63 
34 53 55 63 
5 1 

6 4 
13 33 34 35 54 55 
13 33 35 53 54 63 
13 34 35 53 55 63 
33 34 53 54 55 63 
7 1 

8 1 
13 33 34 35 53 54 55 63 
8
0 1 

1 1 

2 4 
23 43 
44 64 
45 59 
58 60 
3 1 

4 6 
23 43 44 64 
23 43 45 59 
23 43 58 60 
44 45 59 64 
44 58 60 64 
45 58 59 60 
5 1 

6 4 
23 43 44 45 59 64 
23 43 44 58 60 64 
23 43 45 58 59 60 
44 45 58 59 60 64 
7 1 

8 1 
23 43 44 45 58 59 60 64 
