//Table for grp 266:
92
0 0 2 2 4 4 2 4 
0 0 2 4 4 2 4 2 
0 0 4 2 2 4 4 2 
0 0 4 4 2 2 2 4 
0 2 0 2 4 2 4 4 
0 2 0 4 4 4 2 2 
0 2 2 0 2 4 4 4 
0 2 2 2 2 2 2 6 
0 2 2 2 2 2 6 2 
0 2 2 2 2 6 2 2 
0 2 2 2 6 2 2 2 
0 2 2 4 2 0 4 4 
0 2 2 4 2 4 0 4 
0 2 2 4 2 4 4 0 
0 2 2 6 2 2 2 2 
0 2 4 0 4 4 2 2 
0 2 4 2 0 2 4 4 
0 2 4 2 4 2 0 4 
0 2 4 2 4 2 4 0 
0 2 4 4 0 4 2 2 
0 2 4 4 4 0 2 2 
0 2 6 2 2 2 2 2 
0 4 0 2 2 4 4 2 
0 4 0 4 2 2 2 4 
0 4 2 0 4 2 4 2 
0 4 2 2 0 4 2 4 
0 4 2 2 4 0 2 4 
0 4 2 2 4 4 2 0 
0 4 2 4 0 2 4 2 
0 4 2 4 4 2 0 2 
0 4 4 0 2 2 2 4 
0 4 4 2 2 0 4 2 
0 4 4 2 2 4 0 2 
0 4 4 4 2 2 2 0 
0 6 2 2 2 2 2 2 
1 1 1 1 3 3 3 5 
1 1 1 3 3 1 5 3 
1 1 1 3 3 5 1 3 
1 1 1 5 3 3 3 1 
1 1 3 1 1 3 5 3 
1 1 3 1 5 3 1 3 
1 1 3 3 1 1 3 5 
1 1 3 3 1 5 3 1 
1 1 3 3 5 1 3 1 
1 1 3 5 1 3 1 3 
1 1 5 1 3 3 3 1 
1 1 5 3 3 1 1 3 
1 3 1 1 1 5 3 3 
1 3 1 1 5 1 3 3 
1 3 1 3 1 3 1 5 
1 3 1 3 1 3 5 1 
1 3 1 3 5 3 1 1 
1 3 1 5 1 1 3 3 
1 3 3 1 3 1 1 5 
1 3 3 1 3 1 5 1 
1 3 3 1 3 5 1 1 
1 3 3 5 3 1 1 1 
1 3 5 1 1 1 3 3 
1 3 5 3 1 3 1 1 
1 5 1 1 3 3 3 1 
1 5 1 3 3 1 1 3 
1 5 3 1 1 3 1 3 
1 5 3 3 1 1 3 1 
2 0 2 2 2 2 4 4 
2 0 2 4 2 4 2 2 
2 0 4 2 4 2 2 2 
2 2 0 2 2 4 2 4 
2 2 0 4 2 2 4 2 
2 2 2 0 4 2 2 4 
2 2 2 2 0 4 4 2 
2 2 2 2 4 0 4 2 
2 2 2 2 4 4 0 2 
2 2 2 4 0 2 2 4 
2 2 2 4 4 2 2 0 
2 2 4 0 2 2 4 2 
2 2 4 2 2 0 2 4 
2 2 4 2 2 4 2 0 
2 2 4 4 2 2 0 2 
2 4 0 2 4 2 2 2 
2 4 2 0 2 4 2 2 
2 4 2 2 2 2 0 4 
2 4 2 2 2 2 4 0 
2 4 2 4 2 0 2 2 
2 4 4 2 0 2 2 2 
3 1 1 3 1 3 3 3 
3 1 3 1 3 1 3 3 
3 1 3 3 3 3 1 1 
3 3 1 1 3 3 1 3 
3 3 1 3 3 1 3 1 
3 3 3 1 1 3 3 1 
3 3 3 3 1 1 1 3 
4 2 2 2 2 2 2 2 
1 2 3 4 5 6 7 8 9 10 11 12 13 14 15 16 17 18 19 20 21 22 23 24 25 26 27 28 29 30 31 32 33 34 35 36 37 38 39 40 41 42 43 44 45 46 47 48 49 50 51 52 53 54 55 56 57 58 59 60 61 62 63 64 
2 1 8 9 10 11 12 3 4 5 6 7 23 24 25 26 27 28 29 30 31 32 13 14 15 16 17 18 19 20 21 22 43 44 45 46 47 48 49 50 51 52 33 34 35 36 37 38 39 40 41 42 58 59 60 61 62 53 54 55 56 57 64 63 
3 26 1 13 14 15 16 12 45 47 48 8 4 5 6 7 33 34 35 36 37 38 29 31 32 2 59 60 23 61 24 25 17 18 19 20 21 22 53 54 55 56 50 51 9 52 10 11 64 43 44 46 39 40 41 42 63 62 27 28 30 58 57 49 
4 9 35 1 17 18 19 45 2 27 28 29 16 54 55 13 5 6 7 39 40 41 26 59 60 23 10 11 12 49 50 51 37 38 3 63 33 34 20 21 22 57 47 48 8 64 43 44 30 31 32 62 56 14 15 53 42 61 24 25 58 52 36 46 
5 31 14 17 1 20 21 47 50 12 52 10 33 3 36 37 4 39 40 6 7 42 59 26 61 24 29 62 27 32 2 30 13 53 54 15 16 56 18 19 57 22 45 64 43 48 8 46 51 9 49 11 34 35 63 38 41 60 23 58 25 28 55 44 
6 11 15 18 20 7 22 25 28 30 12 32 34 36 16 38 39 19 41 21 42 1 44 46 26 48 49 29 51 31 52 2 53 35 55 37 56 3 40 57 4 5 58 45 60 47 61 8 50 62 9 10 54 63 13 14 17 59 64 23 24 27 33 43 
7 12 16 19 21 22 1 26 29 31 32 2 35 37 38 3 40 41 4 42 5 6 45 47 48 8 50 51 9 52 10 11 54 55 13 56 14 15 57 17 18 20 59 60 23 61 24 25 62 27 28 30 63 33 34 36 39 64 43 44 46 49 53 58 
8 16 2 23 24 25 26 7 35 37 38 3 9 10 11 12 43 44 45 46 47 48 19 21 22 1 54 55 13 56 14 15 27 28 29 30 31 32 58 59 60 61 40 41 4 42 5 6 63 33 34 36 49 50 51 52 64 57 17 18 20 53 62 39 
9 4 45 2 27 28 29 35 1 17 18 19 26 59 60 23 10 11 12 49 50 51 16 54 55 13 5 6 7 39 40 41 47 48 8 64 43 44 30 31 32 62 37 38 3 63 33 34 20 21 22 57 61 24 25 58 52 56 14 15 53 42 46 36 
10 21 24 27 2 30 31 37 40 7 42 5 43 8 46 47 9 49 50 11 12 52 54 16 56 14 19 57 17 22 1 20 23 58 59 25 26 61 28 29 62 32 35 63 33 38 3 36 41 4 39 6 44 45 64 48 51 55 13 53 15 18 60 34 
11 6 25 28 30 12 32 15 18 20 7 22 44 46 26 48 49 29 51 31 52 2 34 36 16 38 39 19 41 21 42 1 58 45 60 47 61 8 50 62 9 10 53 35 55 37 56 3 40 57 4 5 59 64 23 24 27 54 63 13 14 17 43 33 
12 7 26 29 31 32 2 16 19 21 22 1 45 47 48 8 50 51 9 52 10 11 35 37 38 3 40 41 4 42 5 6 59 60 23 61 24 25 62 27 28 30 54 55 13 56 14 15 57 17 18 20 64 43 44 46 49 63 33 34 36 39 58 53 
13 45 19 3 33 34 35 9 26 59 60 23 7 40 41 4 14 15 16 53 54 55 2 27 28 29 47 48 8 64 43 44 21 22 1 57 17 18 36 37 38 63 10 11 12 49 50 51 61 24 25 58 42 5 6 39 56 30 31 32 62 46 20 52 
14 24 5 33 3 36 37 10 43 8 46 47 17 1 20 21 13 53 54 15 16 56 27 2 30 31 23 58 59 25 26 61 4 39 40 6 7 42 34 35 63 38 9 49 50 11 12 52 44 45 64 48 18 19 57 22 55 28 29 62 32 60 41 51 
15 48 6 34 36 16 38 32 60 61 8 25 18 20 7 22 53 35 55 37 56 3 51 52 2 11 64 23 44 24 46 26 39 19 41 21 42 1 54 63 13 14 62 9 28 10 30 12 43 58 45 47 40 57 4 5 33 27 49 29 31 59 17 50 
16 8 7 35 37 38 3 2 23 24 25 26 19 21 22 1 54 55 13 56 14 15 9 10 11 12 43 44 45 46 47 48 40 41 4 42 5 6 63 33 34 36 27 28 29 30 31 32 58 59 60 61 57 17 18 20 53 49 50 51 52 64 39 62 
17 50 54 5 4 39 40 43 31 29 62 27 37 35 63 33 1 20 21 18 19 57 24 23 58 59 12 52 10 51 9 49 16 56 14 55 13 53 6 7 42 41 8 46 47 44 45 64 32 2 30 28 38 3 36 34 22 25 26 61 60 11 15 48 
18 28 55 6 39 19 41 60 11 49 29 51 38 63 13 34 20 7 22 40 57 4 48 64 23 44 30 12 32 50 62 9 56 3 15 33 53 35 21 42 1 17 61 8 25 43 58 45 31 52 2 27 14 36 16 54 5 24 46 26 59 10 37 47 
19 29 13 7 40 41 4 23 12 50 51 9 3 33 34 35 21 22 1 57 17 18 8 43 44 45 31 32 2 62 27 28 14 15 16 53 54 55 42 5 6 39 24 25 26 58 59 60 52 10 11 49 36 37 38 63 20 46 47 48 64 30 56 61 
20 52 36 39 6 21 42 61 62 32 10 30 53 15 37 56 18 40 57 7 22 5 64 48 24 46 51 27 49 2 11 31 34 54 63 16 38 14 19 41 17 1 60 43 58 8 25 47 9 28 50 12 35 55 33 3 4 23 44 59 26 29 13 45 
21 10 37 40 7 42 5 24 27 2 30 31 54 16 56 14 19 57 17 22 1 20 43 8 46 47 9 49 50 11 12 52 35 63 33 38 3 36 41 4 39 6 23 58 59 25 26 61 28 29 62 32 55 13 53 15 18 44 45 64 48 51 34 60 
22 32 38 41 42 1 6 48 51 52 2 11 55 56 3 15 57 4 18 5 20 7 60 61 8 25 62 9 28 10 30 12 63 13 34 14 36 16 17 39 19 21 64 23 44 24 46 26 27 49 29 31 33 53 35 37 40 43 58 45 47 50 54 59 
23 35 29 8 43 44 45 4 16 54 55 13 12 50 51 9 24 25 26 58 59 60 1 17 18 19 37 38 3 63 33 34 31 32 2 62 27 28 46 47 48 64 5 6 7 39 40 41 56 14 15 53 52 10 11 49 61 20 21 22 57 36 30 42 
24 14 10 43 8 46 47 5 33 3 36 37 27 2 30 31 23 58 59 25 26 61 17 1 20 21 13 53 54 15 16 56 9 49 50 11 12 52 44 45 64 48 4 39 40 6 7 42 34 35 63 38 28 29 62 32 60 18 19 57 22 55 51 41 
25 38 11 44 46 26 48 22 55 56 3 15 28 30 12 32 58 45 60 47 61 8 41 42 1 6 63 13 34 14 36 16 49 29 51 31 52 2 59 64 23 24 57 4 18 5 20 7 33 53 35 37 50 62 9 10 43 17 39 19 21 54 27 40 
26 3 12 45 47 48 8 1 13 14 15 16 29 31 32 2 59 60 23 61 24 25 4 5 6 7 33 34 35 36 37 38 50 51 9 52 10 11 64 43 44 46 17 18 19 20 21 22 53 54 55 56 62 27 28 30 58 39 40 41 42 63 49 57 
27 40 59 10 9 49 50 33 21 19 57 17 47 45 64 43 2 30 31 28 29 62 14 13 53 54 7 42 5 41 4 39 26 61 24 60 23 58 11 12 52 51 3 36 37 34 35 63 22 1 20 18 48 8 46 44 32 15 16 56 55 6 25 38 
28 18 60 11 49 29 51 55 6 39 19 41 48 64 23 44 30 12 32 50 62 9 38 63 13 34 20 7 22 40 57 4 61 8 25 43 58 45 31 52 2 27 56 3 15 33 53 35 21 42 1 17 24 46 26 59 10 14 36 16 54 5 47 37 
29 19 23 12 50 51 9 13 7 40 41 4 8 43 44 45 31 32 2 62 27 28 3 33 34 35 21 22 1 57 17 18 24 25 26 58 59 60 52 10 11 49 14 15 16 53 54 55 42 5 6 39 46 47 48 64 30 36 37 38 63 20 61 56 
30 42 46 49 11 31 52 56 57 22 5 20 58 25 47 61 28 50 62 12 32 10 63 38 14 36 41 17 39 1 6 21 44 59 64 26 48 24 29 51 27 2 55 33 53 3 15 37 4 18 40 7 45 60 43 8 9 13 34 54 16 19 23 35 
31 5 47 50 12 52 10 14 17 1 20 21 59 26 61 24 29 62 27 32 2 30 33 3 36 37 4 39 40 6 7 42 45 64 43 48 8 46 51 9 49 11 13 53 54 15 16 56 18 19 57 22 60 23 58 25 28 34 35 63 38 41 44 55 
32 22 48 51 52 2 11 38 41 42 1 6 60 61 8 25 62 9 28 10 30 12 55 56 3 15 57 4 18 5 20 7 64 23 44 24 46 26 27 49 29 31 63 13 34 14 36 16 17 39 19 21 43 58 45 47 50 33 53 35 37 40 59 54 
33 43 40 14 13 53 54 50 24 23 58 59 21 19 57 17 3 36 37 34 35 63 31 29 62 27 8 46 47 44 45 64 7 42 5 41 4 39 15 16 56 55 12 52 10 51 9 49 25 26 61 60 22 1 20 18 38 32 2 30 28 48 6 11 
34 60 41 15 53 35 55 28 48 64 23 44 22 57 4 18 36 16 38 54 63 13 11 49 29 51 61 8 25 43 58 45 42 1 6 17 39 19 37 56 3 33 30 12 32 50 62 9 24 46 26 59 5 20 7 40 14 31 52 2 27 47 21 10 
35 23 4 16 54 55 13 29 8 43 44 45 1 17 18 19 37 38 3 63 33 34 12 50 51 9 24 25 26 58 59 60 5 6 7 39 40 41 56 14 15 53 31 32 2 62 27 28 46 47 48 64 20 21 22 57 36 52 10 11 49 61 42 30 
36 46 20 53 15 37 56 30 58 25 47 61 39 6 21 42 34 54 63 16 38 14 49 11 31 52 44 59 64 26 48 24 18 40 57 7 22 5 35 55 33 3 28 50 62 12 32 10 45 60 43 8 19 41 17 1 13 29 51 27 2 23 4 9 
37 47 21 54 16 56 14 31 59 26 61 24 40 7 42 5 35 63 33 38 3 36 50 12 52 10 45 64 43 48 8 46 19 57 17 22 1 20 55 13 53 15 29 62 27 32 2 30 60 23 58 25 41 4 39 6 34 51 9 49 11 44 18 28 
38 25 22 55 56 3 15 11 44 46 26 48 41 42 1 6 63 13 34 14 36 16 28 30 12 32 58 45 60 47 61 8 57 4 18 5 20 7 33 53 35 37 49 29 51 31 52 2 59 64 23 24 17 39 19 21 54 50 62 9 10 43 40 27 
39 62 63 20 18 40 57 58 52 51 27 49 56 55 33 53 6 21 42 19 41 17 46 44 59 64 32 10 30 9 28 50 38 14 36 13 34 54 7 22 5 4 25 47 61 45 60 43 2 11 31 29 3 15 37 35 1 26 48 24 23 12 16 8 
40 27 33 21 19 57 17 59 10 9 49 50 14 13 53 54 7 42 5 41 4 39 47 45 64 43 2 30 31 28 29 62 3 36 37 34 35 63 22 1 20 18 26 61 24 60 23 58 11 12 52 51 15 16 56 55 6 48 8 46 44 32 38 25 
41 51 34 22 57 4 18 44 32 62 9 28 15 53 35 55 42 1 6 17 39 19 25 58 45 60 52 2 11 27 49 29 36 16 38 54 63 13 5 20 7 40 46 26 48 59 64 23 10 30 12 50 37 56 3 33 21 47 61 8 43 31 14 24 
42 30 56 57 22 5 20 46 49 11 31 52 63 38 14 36 41 17 39 1 6 21 58 25 47 61 28 50 62 12 32 10 55 33 53 3 15 37 4 18 40 7 44 59 64 26 48 24 29 51 27 2 13 34 54 16 19 45 60 43 8 9 35 23 
43 33 50 24 23 58 59 40 14 13 53 54 31 29 62 27 8 46 47 44 45 64 21 19 57 17 3 36 37 34 35 63 12 52 10 51 9 49 25 26 61 60 7 42 5 41 4 39 15 16 56 55 32 2 30 28 48 22 1 20 18 38 11 6 
44 55 51 25 58 45 60 18 38 63 13 34 32 62 9 28 46 26 48 59 64 23 6 39 19 41 56 3 15 33 53 35 52 2 11 27 49 29 47 61 8 43 20 7 22 40 57 4 14 36 16 54 10 30 12 50 24 21 42 1 17 37 31 5 
45 13 9 26 59 60 23 19 3 33 34 35 2 27 28 29 47 48 8 64 43 44 7 40 41 4 14 15 16 53 54 55 10 11 12 49 50 51 61 24 25 58 21 22 1 57 17 18 36 37 38 63 30 31 32 62 46 42 5 6 39 56 52 20 
46 36 30 58 25 47 61 20 53 15 37 56 49 11 31 52 44 59 64 26 48 24 39 6 21 42 34 54 63 16 38 14 28 50 62 12 32 10 45 60 43 8 18 40 57 7 22 5 35 55 33 3 29 51 27 2 23 19 41 17 1 13 9 4 
47 37 31 59 26 61 24 21 54 16 56 14 50 12 52 10 45 64 43 48 8 46 40 7 42 5 35 63 33 38 3 36 29 62 27 32 2 30 60 23 58 25 19 57 17 22 1 20 55 13 53 15 51 9 49 11 44 41 4 39 6 34 28 18 
48 15 32 60 61 8 25 6 34 36 16 38 51 52 2 11 64 23 44 24 46 26 18 20 7 22 53 35 55 37 56 3 62 9 28 10 30 12 43 58 45 47 39 19 41 21 42 1 54 63 13 14 27 49 29 31 59 40 57 4 5 33 50 17 
49 57 64 30 28 50 62 53 42 41 17 39 61 60 43 58 11 31 52 29 51 27 36 34 54 63 22 5 20 4 18 40 48 24 46 23 44 59 12 32 10 9 15 37 56 35 55 33 1 6 21 19 8 25 47 45 2 16 38 14 13 7 26 3 
50 17 43 31 29 62 27 54 5 4 39 40 24 23 58 59 12 52 10 51 9 49 37 35 63 33 1 20 21 18 19 57 8 46 47 44 45 64 32 2 30 28 16 56 14 55 13 53 6 7 42 41 25 26 61 60 11 38 3 36 34 22 48 15 
51 41 44 32 62 9 28 34 22 57 4 18 25 58 45 60 52 2 11 27 49 29 15 53 35 55 42 1 6 17 39 19 46 26 48 59 64 23 10 30 12 50 36 16 38 54 63 13 5 20 7 40 47 61 8 43 31 37 56 3 33 21 24 14 
52 20 61 62 32 10 30 36 39 6 21 42 64 48 24 46 51 27 49 2 11 31 53 15 37 56 18 40 57 7 22 5 60 43 58 8 25 47 9 28 50 12 34 54 63 16 38 14 19 41 17 1 23 44 59 26 29 35 55 33 3 4 45 13 
53 58 57 36 34 54 63 62 46 44 59 64 42 41 17 39 15 37 56 35 55 33 52 51 27 49 25 47 61 45 60 43 22 5 20 4 18 40 16 38 14 13 32 10 30 9 28 50 26 48 24 23 1 6 21 19 3 2 11 31 29 8 7 12 
54 59 17 37 35 63 33 27 47 45 64 43 5 4 39 40 16 56 14 55 13 53 10 9 49 50 26 61 24 60 23 58 1 20 21 18 19 57 38 3 36 34 2 30 31 28 29 62 48 8 46 44 6 7 42 41 15 11 12 52 51 25 22 32 
55 44 18 38 63 13 34 51 25 58 45 60 6 39 19 41 56 3 15 33 53 35 32 62 9 28 46 26 48 59 64 23 20 7 22 40 57 4 14 36 16 54 52 2 11 27 49 29 47 61 8 43 21 42 1 17 37 10 30 12 50 24 5 31 
56 61 42 63 38 14 36 52 64 48 24 46 57 22 5 20 55 33 53 3 15 37 62 32 10 30 60 43 58 8 25 47 41 17 39 1 6 21 13 34 54 16 51 27 49 2 11 31 23 44 59 26 4 18 40 7 35 9 28 50 12 45 19 29 
57 49 53 42 41 17 39 64 30 28 50 62 36 34 54 63 22 5 20 4 18 40 61 60 43 58 11 31 52 29 51 27 15 37 56 35 55 33 1 6 21 19 48 24 46 23 44 59 12 32 10 9 16 38 14 13 7 8 25 47 45 2 3 26 
58 53 62 46 44 59 64 57 36 34 54 63 52 51 27 49 25 47 61 45 60 43 42 41 17 39 15 37 56 35 55 33 32 10 30 9 28 50 26 48 24 23 22 5 20 4 18 40 16 38 14 13 2 11 31 29 8 1 6 21 19 3 12 7 
59 54 27 47 45 64 43 17 37 35 63 33 10 9 49 50 26 61 24 60 23 58 5 4 39 40 16 56 14 55 13 53 2 30 31 28 29 62 48 8 46 44 1 20 21 18 19 57 38 3 36 34 11 12 52 51 25 6 7 42 41 15 32 22 
60 34 28 48 64 23 44 41 15 53 35 55 11 49 29 51 61 8 25 43 58 45 22 57 4 18 36 16 38 54 63 13 30 12 32 50 62 9 24 46 26 59 42 1 6 17 39 19 37 56 3 33 31 52 2 27 47 5 20 7 40 14 10 21 
61 56 52 64 48 24 46 42 63 38 14 36 62 32 10 30 60 43 58 8 25 47 57 22 5 20 55 33 53 3 15 37 51 27 49 2 11 31 23 44 59 26 41 17 39 1 6 21 13 34 54 16 9 28 50 12 45 4 18 40 7 35 29 19 
62 39 58 52 51 27 49 63 20 18 40 57 46 44 59 64 32 10 30 9 28 50 56 55 33 53 6 21 42 19 41 17 25 47 61 45 60 43 2 11 31 29 38 14 36 13 34 54 7 22 5 4 26 48 24 23 12 3 15 37 35 1 8 16 
63 64 39 56 55 33 53 49 61 60 43 58 20 18 40 57 38 14 36 13 34 54 30 28 50 62 48 24 46 23 44 59 6 21 42 19 41 17 3 15 37 35 11 31 52 29 51 27 8 25 47 45 7 22 5 4 16 12 32 10 9 26 1 2 
64 63 49 61 60 43 58 39 56 55 33 53 30 28 50 62 48 24 46 23 44 59 20 18 40 57 38 14 36 13 34 54 11 31 52 29 51 27 8 25 47 45 6 21 42 19 41 17 3 15 37 35 12 32 10 9 26 7 22 5 4 16 2 1 
1
0 1 

1 4 
1 
2 
7 
12 
2 8 
1 2 
1 7 
1 12 
2 7 
2 12 
6 22 
7 12 
11 32 
3 12 
1 2 7 
1 2 12 
1 6 22 
1 7 12 
1 11 32 
2 6 22 
2 7 12 
2 11 32 
6 7 22 
6 12 22 
7 11 32 
11 12 32 
4 14 
1 2 6 22 
1 2 7 12 
1 2 11 32 
1 6 7 22 
1 6 12 22 
1 7 11 32 
1 11 12 32 
2 6 7 22 
2 6 12 22 
2 7 11 32 
2 11 12 32 
6 7 12 22 
6 11 22 32 
7 11 12 32 
5 12 
1 2 6 7 22 
1 2 6 12 22 
1 2 7 11 32 
1 2 11 12 32 
1 6 7 12 22 
1 6 11 22 32 
1 7 11 12 32 
2 6 7 12 22 
2 6 11 22 32 
2 7 11 12 32 
6 7 11 22 32 
6 11 12 22 32 
6 8 
1 2 6 7 12 22 
1 2 6 11 22 32 
1 2 7 11 12 32 
1 6 7 11 22 32 
1 6 11 12 22 32 
2 6 7 11 22 32 
2 6 11 12 22 32 
6 7 11 12 22 32 
7 4 
1 2 6 7 11 22 32 
1 2 6 11 12 22 32 
1 6 7 11 12 22 32 
2 6 7 11 12 22 32 
8 1 
1 2 6 7 11 12 22 32 
2
0 1 

1 4 
3 
16 
25 
48 
2 8 
3 16 
3 25 
3 48 
8 26 
15 38 
16 25 
16 48 
25 48 
3 12 
3 8 26 
3 15 38 
3 16 25 
3 16 48 
3 25 48 
8 16 26 
8 25 26 
8 26 48 
15 16 38 
15 25 38 
15 38 48 
16 25 48 
4 14 
3 8 16 26 
3 8 25 26 
3 8 26 48 
3 15 16 38 
3 15 25 38 
3 15 38 48 
3 16 25 48 
8 15 26 38 
8 16 25 26 
8 16 26 48 
8 25 26 48 
15 16 25 38 
15 16 38 48 
15 25 38 48 
5 12 
3 8 15 26 38 
3 8 16 25 26 
3 8 16 26 48 
3 8 25 26 48 
3 15 16 25 38 
3 15 16 38 48 
3 15 25 38 48 
8 15 16 26 38 
8 15 25 26 38 
8 15 26 38 48 
8 16 25 26 48 
15 16 25 38 48 
6 8 
3 8 15 16 26 38 
3 8 15 25 26 38 
3 8 15 26 38 48 
3 8 16 25 26 48 
3 15 16 25 38 48 
8 15 16 25 26 38 
8 15 16 26 38 48 
8 15 25 26 38 48 
7 4 
3 8 15 16 25 26 38 
3 8 15 16 26 38 48 
3 8 15 25 26 38 48 
8 15 16 25 26 38 48 
8 1 
3 8 15 16 25 26 38 48 
3
0 1 

1 4 
4 
9 
19 
29 
2 8 
4 9 
4 19 
4 29 
9 19 
9 29 
18 41 
19 29 
28 51 
3 12 
4 9 19 
4 9 29 
4 18 41 
4 19 29 
4 28 51 
9 18 41 
9 19 29 
9 28 51 
18 19 41 
18 29 41 
19 28 51 
28 29 51 
4 14 
4 9 18 41 
4 9 19 29 
4 9 28 51 
4 18 19 41 
4 18 29 41 
4 19 28 51 
4 28 29 51 
9 18 19 41 
9 18 29 41 
9 19 28 51 
9 28 29 51 
18 19 29 41 
18 28 41 51 
19 28 29 51 
5 12 
4 9 18 19 41 
4 9 18 29 41 
4 9 19 28 51 
4 9 28 29 51 
4 18 19 29 41 
4 18 28 41 51 
4 19 28 29 51 
9 18 19 29 41 
9 18 28 41 51 
9 19 28 29 51 
18 19 28 41 51 
18 28 29 41 51 
6 8 
4 9 18 19 29 41 
4 9 18 28 41 51 
4 9 19 28 29 51 
4 18 19 28 41 51 
4 18 28 29 41 51 
9 18 19 28 41 51 
9 18 28 29 41 51 
18 19 28 29 41 51 
7 4 
4 9 18 19 28 41 51 
4 9 18 28 29 41 51 
4 18 19 28 29 41 51 
9 18 19 28 29 41 51 
8 1 
4 9 18 19 28 29 41 51 
4
0 1 

1 4 
5 
21 
30 
52 
2 8 
5 21 
5 30 
5 52 
10 31 
20 42 
21 30 
21 52 
30 52 
3 12 
5 10 31 
5 20 42 
5 21 30 
5 21 52 
5 30 52 
10 21 31 
10 30 31 
10 31 52 
20 21 42 
20 30 42 
20 42 52 
21 30 52 
4 14 
5 10 21 31 
5 10 30 31 
5 10 31 52 
5 20 21 42 
5 20 30 42 
5 20 42 52 
5 21 30 52 
10 20 31 42 
10 21 30 31 
10 21 31 52 
10 30 31 52 
20 21 30 42 
20 21 42 52 
20 30 42 52 
5 12 
5 10 20 31 42 
5 10 21 30 31 
5 10 21 31 52 
5 10 30 31 52 
5 20 21 30 42 
5 20 21 42 52 
5 20 30 42 52 
10 20 21 31 42 
10 20 30 31 42 
10 20 31 42 52 
10 21 30 31 52 
20 21 30 42 52 
6 8 
5 10 20 21 31 42 
5 10 20 30 31 42 
5 10 20 31 42 52 
5 10 21 30 31 52 
5 20 21 30 42 52 
10 20 21 30 31 42 
10 20 21 31 42 52 
10 20 30 31 42 52 
7 4 
5 10 20 21 30 31 42 
5 10 20 21 31 42 52 
5 10 20 30 31 42 52 
10 20 21 30 31 42 52 
8 1 
5 10 20 21 30 31 42 52 
5
0 1 

1 4 
23 
34 
45 
55 
2 8 
13 35 
23 34 
23 45 
23 55 
34 45 
34 55 
44 60 
45 55 
3 12 
13 23 35 
13 34 35 
13 35 45 
13 35 55 
23 34 45 
23 34 55 
23 44 60 
23 45 55 
34 44 60 
34 45 55 
44 45 60 
44 55 60 
4 14 
13 23 34 35 
13 23 35 45 
13 23 35 55 
13 34 35 45 
13 34 35 55 
13 35 44 60 
13 35 45 55 
23 34 44 60 
23 34 45 55 
23 44 45 60 
23 44 55 60 
34 44 45 60 
34 44 55 60 
44 45 55 60 
5 12 
13 23 34 35 45 
13 23 34 35 55 
13 23 35 44 60 
13 23 35 45 55 
13 34 35 44 60 
13 34 35 45 55 
13 35 44 45 60 
13 35 44 55 60 
23 34 44 45 60 
23 34 44 55 60 
23 44 45 55 60 
34 44 45 55 60 
6 8 
13 23 34 35 44 60 
13 23 34 35 45 55 
13 23 35 44 45 60 
13 23 35 44 55 60 
13 34 35 44 45 60 
13 34 35 44 55 60 
13 35 44 45 55 60 
23 34 44 45 55 60 
7 4 
13 23 34 35 44 45 60 
13 23 34 35 44 55 60 
13 23 35 44 45 55 60 
13 34 35 44 45 55 60 
8 1 
13 23 34 35 44 45 55 60 
6
0 1 

1 4 
14 
24 
37 
47 
2 8 
14 24 
14 37 
14 47 
24 37 
24 47 
36 56 
37 47 
46 61 
3 12 
14 24 37 
14 24 47 
14 36 56 
14 37 47 
14 46 61 
24 36 56 
24 37 47 
24 46 61 
36 37 56 
36 47 56 
37 46 61 
46 47 61 
4 14 
14 24 36 56 
14 24 37 47 
14 24 46 61 
14 36 37 56 
14 36 47 56 
14 37 46 61 
14 46 47 61 
24 36 37 56 
24 36 47 56 
24 37 46 61 
24 46 47 61 
36 37 47 56 
36 46 56 61 
37 46 47 61 
5 12 
14 24 36 37 56 
14 24 36 47 56 
14 24 37 46 61 
14 24 46 47 61 
14 36 37 47 56 
14 36 46 56 61 
14 37 46 47 61 
24 36 37 47 56 
24 36 46 56 61 
24 37 46 47 61 
36 37 46 56 61 
36 46 47 56 61 
6 8 
14 24 36 37 47 56 
14 24 36 46 56 61 
14 24 37 46 47 61 
14 36 37 46 56 61 
14 36 46 47 56 61 
24 36 37 46 56 61 
24 36 46 47 56 61 
36 37 46 47 56 61 
7 4 
14 24 36 37 46 56 61 
14 24 36 46 47 56 61 
14 36 37 46 47 56 61 
24 36 37 46 47 56 61 
8 1 
14 24 36 37 46 47 56 61 
7
0 1 

1 4 
17 
40 
49 
62 
2 8 
17 40 
17 49 
17 62 
27 50 
39 57 
40 49 
40 62 
49 62 
3 12 
17 27 50 
17 39 57 
17 40 49 
17 40 62 
17 49 62 
27 40 50 
27 49 50 
27 50 62 
39 40 57 
39 49 57 
39 57 62 
40 49 62 
4 14 
17 27 40 50 
17 27 49 50 
17 27 50 62 
17 39 40 57 
17 39 49 57 
17 39 57 62 
17 40 49 62 
27 39 50 57 
27 40 49 50 
27 40 50 62 
27 49 50 62 
39 40 49 57 
39 40 57 62 
39 49 57 62 
5 12 
17 27 39 50 57 
17 27 40 49 50 
17 27 40 50 62 
17 27 49 50 62 
17 39 40 49 57 
17 39 40 57 62 
17 39 49 57 62 
27 39 40 50 57 
27 39 49 50 57 
27 39 50 57 62 
27 40 49 50 62 
39 40 49 57 62 
6 8 
17 27 39 40 50 57 
17 27 39 49 50 57 
17 27 39 50 57 62 
17 27 40 49 50 62 
17 39 40 49 57 62 
27 39 40 49 50 57 
27 39 40 50 57 62 
27 39 49 50 57 62 
7 4 
17 27 39 40 49 50 57 
17 27 39 40 50 57 62 
17 27 39 49 50 57 62 
27 39 40 49 50 57 62 
8 1 
17 27 39 40 49 50 57 62 
8
0 1 

1 4 
53 
58 
63 
64 
2 8 
33 54 
43 59 
53 58 
53 63 
53 64 
58 63 
58 64 
63 64 
3 12 
33 53 54 
33 54 58 
33 54 63 
33 54 64 
43 53 59 
43 58 59 
43 59 63 
43 59 64 
53 58 63 
53 58 64 
53 63 64 
58 63 64 
4 14 
33 43 54 59 
33 53 54 58 
33 53 54 63 
33 53 54 64 
33 54 58 63 
33 54 58 64 
33 54 63 64 
43 53 58 59 
43 53 59 63 
43 53 59 64 
43 58 59 63 
43 58 59 64 
43 59 63 64 
53 58 63 64 
5 12 
33 43 53 54 59 
33 43 54 58 59 
33 43 54 59 63 
33 43 54 59 64 
33 53 54 58 63 
33 53 54 58 64 
33 53 54 63 64 
33 54 58 63 64 
43 53 58 59 63 
43 53 58 59 64 
43 53 59 63 64 
43 58 59 63 64 
6 8 
33 43 53 54 58 59 
33 43 53 54 59 63 
33 43 53 54 59 64 
33 43 54 58 59 63 
33 43 54 58 59 64 
33 43 54 59 63 64 
33 53 54 58 63 64 
43 53 58 59 63 64 
7 4 
33 43 53 54 58 59 63 
33 43 53 54 58 59 64 
33 43 53 54 59 63 64 
33 43 54 58 59 63 64 
8 1 
33 43 53 54 58 59 63 64 
