//Table for grp 126:
57
0 0 2 2 4 4 2 4 
0 0 2 4 4 2 4 2 
0 0 4 2 2 4 4 2 
0 0 4 4 2 2 2 4 
0 2 0 2 4 2 4 4 
0 2 0 4 4 4 2 2 
0 2 2 0 2 4 4 4 
0 2 2 2 2 2 2 6 
0 2 2 2 2 2 6 2 
0 2 2 2 2 6 2 2 
0 2 2 2 6 2 2 2 
0 2 2 4 2 0 4 4 
0 2 2 4 2 4 0 4 
0 2 2 4 2 4 4 0 
0 2 2 6 2 2 2 2 
0 2 4 0 4 4 2 2 
0 2 4 2 0 2 4 4 
0 2 4 2 4 2 0 4 
0 2 4 2 4 2 4 0 
0 2 4 4 0 4 2 2 
0 2 4 4 4 0 2 2 
0 2 6 2 2 2 2 2 
0 4 0 2 2 4 4 2 
0 4 0 4 2 2 2 4 
0 4 2 0 4 2 4 2 
0 4 2 2 0 4 2 4 
0 4 2 2 4 0 2 4 
0 4 2 2 4 4 2 0 
0 4 2 4 0 2 4 2 
0 4 2 4 4 2 0 2 
0 4 4 0 2 2 2 4 
0 4 4 2 2 0 4 2 
0 4 4 2 2 4 0 2 
0 4 4 4 2 2 2 0 
0 6 2 2 2 2 2 2 
2 0 2 2 2 2 4 4 
2 0 2 4 2 4 2 2 
2 0 4 2 4 2 2 2 
2 2 0 2 2 4 2 4 
2 2 0 4 2 2 4 2 
2 2 2 0 4 2 2 4 
2 2 2 2 0 4 4 2 
2 2 2 2 4 0 4 2 
2 2 2 2 4 4 0 2 
2 2 2 4 0 2 2 4 
2 2 2 4 4 2 2 0 
2 2 4 0 2 2 4 2 
2 2 4 2 2 0 2 4 
2 2 4 2 2 4 2 0 
2 2 4 4 2 2 0 2 
2 4 0 2 4 2 2 2 
2 4 2 0 2 4 2 2 
2 4 2 2 2 2 0 4 
2 4 2 2 2 2 4 0 
2 4 2 4 2 0 2 2 
2 4 4 2 0 2 2 2 
4 2 2 2 2 2 2 2 
1 2 3 4 5 6 7 8 9 10 11 12 13 14 15 16 17 18 19 20 21 22 23 24 25 26 27 28 29 30 31 32 33 34 35 36 37 38 39 40 41 42 43 44 45 46 47 48 49 50 51 52 53 54 55 56 57 58 59 60 61 62 63 64 
2 6 8 9 10 11 12 15 18 20 7 22 23 24 25 26 27 28 29 30 31 32 34 36 16 38 39 19 41 21 42 1 43 44 45 46 47 48 49 50 51 52 53 35 55 37 56 3 40 57 4 5 58 59 60 61 62 54 63 13 14 17 64 33 
3 24 5 13 14 15 16 2 43 8 46 47 17 1 20 21 33 34 35 36 37 38 9 10 11 12 23 58 59 25 26 61 4 39 40 6 7 42 53 54 55 56 27 28 29 30 31 32 44 45 64 48 18 19 57 22 63 49 50 51 52 60 41 62 
4 9 13 20 17 18 19 23 30 27 28 29 36 33 34 35 6 21 42 39 40 41 46 43 44 45 11 31 52 49 50 51 15 37 56 53 54 55 7 22 5 57 25 47 61 58 59 60 12 32 10 62 16 38 14 63 1 26 48 24 64 2 3 8 
5 10 14 17 1 20 21 24 27 2 30 31 33 3 36 37 4 39 40 6 7 42 43 8 46 47 9 49 50 11 12 52 13 53 54 15 16 56 18 19 57 22 23 58 59 25 26 61 28 29 62 32 34 35 63 38 41 44 45 64 48 51 55 60 
6 11 15 18 20 7 22 25 28 30 12 32 34 36 16 38 39 19 41 21 42 1 44 46 26 48 49 29 51 31 52 2 53 35 55 37 56 3 40 57 4 5 58 45 60 47 61 8 50 62 9 10 54 63 13 14 17 59 64 23 24 27 33 43 
7 12 16 19 21 22 1 26 29 31 32 2 35 37 38 3 40 41 4 42 5 6 45 47 48 8 50 51 9 52 10 11 54 55 13 56 14 15 57 17 18 20 59 60 23 61 24 25 62 27 28 30 63 33 34 36 39 64 43 44 46 49 53 58 
8 36 10 23 24 25 26 6 53 15 37 56 27 2 30 31 43 44 45 46 47 48 18 20 7 22 34 54 63 16 38 14 9 49 50 11 12 52 58 59 60 61 39 19 41 21 42 1 35 55 33 3 28 29 62 32 64 40 57 4 5 13 51 17 
9 18 23 30 27 28 29 34 21 39 19 41 46 43 44 45 11 31 52 49 50 51 37 53 35 55 7 42 5 40 57 4 25 47 61 58 59 60 12 32 10 62 16 56 14 54 63 13 22 1 20 17 26 48 24 64 2 38 3 36 33 6 8 15 
10 20 24 27 2 30 31 36 39 6 21 42 43 8 46 47 9 49 50 11 12 52 53 15 37 56 18 40 57 7 22 5 23 58 59 25 26 61 28 29 62 32 34 54 63 16 38 14 19 41 17 1 44 45 64 48 51 35 55 33 3 4 60 13 
11 7 25 28 30 12 32 16 19 21 22 1 44 46 26 48 49 29 51 31 52 2 35 37 38 3 40 41 4 42 5 6 58 45 60 47 61 8 50 62 9 10 54 55 13 56 14 15 57 17 18 20 59 64 23 24 27 63 33 34 36 39 43 53 
12 22 26 29 31 32 2 38 41 42 1 6 45 47 48 8 50 51 9 52 10 11 55 56 3 15 57 4 18 5 20 7 59 60 23 61 24 25 62 27 28 30 63 13 34 14 36 16 17 39 19 21 64 43 44 46 49 33 53 35 37 40 58 54 
13 43 17 36 33 34 35 9 25 23 58 59 6 4 39 40 15 37 56 53 54 55 30 27 28 29 46 26 48 44 45 64 20 7 22 18 19 57 16 38 14 63 11 31 52 49 50 51 47 61 8 60 21 42 1 41 3 12 32 10 62 24 5 2 
14 8 1 33 3 36 37 10 23 24 25 26 4 5 6 7 13 53 54 15 16 56 27 2 30 31 43 44 45 46 47 48 17 18 19 20 21 22 34 35 63 38 9 49 50 11 12 52 58 59 60 61 39 40 41 42 55 28 29 62 32 64 57 51 
15 46 20 34 36 16 38 11 58 25 47 61 39 6 21 42 53 35 55 37 56 3 28 30 12 32 44 59 64 26 48 24 18 40 57 7 22 5 54 63 13 14 49 29 51 31 52 2 45 60 43 8 19 41 17 1 33 50 62 9 10 23 4 27 
16 47 21 35 37 38 3 12 59 26 61 24 40 7 42 5 54 55 13 56 14 15 29 31 32 2 45 64 43 48 8 46 19 57 17 22 1 20 63 33 34 36 50 51 9 52 10 11 60 23 58 25 41 4 39 6 53 62 27 28 30 44 18 49 
17 27 33 6 4 39 40 43 11 9 49 50 15 13 53 54 20 7 22 18 19 57 25 23 58 59 30 12 32 28 29 62 36 16 38 34 35 63 21 42 1 41 46 26 48 44 45 64 31 52 2 51 37 56 3 55 5 47 61 8 60 10 14 24 
18 28 34 21 39 19 41 44 31 49 29 51 37 53 35 55 7 42 5 40 57 4 47 58 45 60 12 52 10 50 62 9 16 56 14 54 63 13 22 1 20 17 26 61 24 59 64 23 32 2 30 27 38 3 36 33 6 48 8 46 43 11 15 25 
19 29 35 42 40 41 4 45 52 50 51 9 56 54 55 13 22 5 20 57 17 18 61 59 60 23 32 10 30 62 27 28 38 14 36 63 33 34 1 6 21 39 48 24 46 64 43 44 2 11 31 49 3 15 37 53 7 8 25 47 58 12 16 26 
20 30 36 39 6 21 42 46 49 11 31 52 53 15 37 56 18 40 57 7 22 5 58 25 47 61 28 50 62 12 32 10 34 54 63 16 38 14 19 41 17 1 44 59 64 26 48 24 29 51 27 2 35 55 33 3 4 45 60 43 8 9 13 23 
21 31 37 40 7 42 5 47 50 12 52 10 54 16 56 14 19 57 17 22 1 20 59 26 61 24 29 62 27 32 2 30 35 63 33 38 3 36 41 4 39 6 45 64 43 48 8 46 51 9 49 11 55 13 53 15 18 60 23 58 25 28 34 44 
22 32 38 41 42 1 6 48 51 52 2 11 55 56 3 15 57 4 18 5 20 7 60 61 8 25 62 9 28 10 30 12 63 13 34 14 36 16 17 39 19 21 64 23 44 24 46 26 27 49 29 31 33 53 35 37 40 43 58 45 47 50 54 59 
23 53 27 46 43 44 45 18 16 34 54 63 11 9 49 50 25 47 61 58 59 60 21 39 19 41 37 38 3 35 55 33 30 12 32 28 29 62 26 48 24 64 7 42 5 40 57 4 56 14 15 13 31 52 2 51 8 22 1 20 17 36 10 6 
24 15 2 43 8 46 47 20 34 36 16 38 9 10 11 12 23 58 59 25 26 61 39 6 21 42 53 35 55 37 56 3 27 28 29 30 31 32 44 45 64 48 18 40 57 7 22 5 54 63 13 14 49 50 51 52 60 19 41 17 1 33 62 4 
25 37 30 44 46 26 48 7 54 16 56 14 49 11 31 52 58 45 60 47 61 8 19 21 22 1 35 63 33 38 3 36 28 50 62 12 32 10 59 64 23 24 40 41 4 42 5 6 55 13 53 15 29 51 27 2 43 57 17 18 20 34 9 39 
26 56 31 45 47 48 8 22 63 38 14 36 50 12 52 10 59 60 23 61 24 25 41 42 1 6 55 33 53 3 15 37 29 62 27 32 2 30 64 43 44 46 57 4 18 5 20 7 13 34 54 16 51 9 49 11 58 17 39 19 21 35 28 40 
27 39 43 11 9 49 50 53 7 18 40 57 25 23 58 59 30 12 32 28 29 62 16 34 54 63 21 22 1 19 41 17 46 26 48 44 45 64 31 52 2 51 37 38 3 35 55 33 42 5 6 4 47 61 8 60 10 56 14 15 13 20 24 36 
28 19 44 31 49 29 51 35 42 40 41 4 47 58 45 60 12 52 10 50 62 9 56 54 55 13 22 5 20 57 17 18 26 61 24 59 64 23 32 2 30 27 38 14 36 63 33 34 1 6 21 39 48 8 46 43 11 3 15 37 53 7 25 16 
29 41 45 52 50 51 9 55 5 57 4 18 61 59 60 23 32 10 30 62 27 28 14 63 13 34 1 20 21 17 39 19 48 24 46 64 43 44 2 11 31 49 3 36 37 33 53 35 6 7 42 40 8 25 47 58 12 15 16 56 54 22 26 38 
30 21 46 49 11 31 52 37 40 7 42 5 58 25 47 61 28 50 62 12 32 10 54 16 56 14 19 57 17 22 1 20 44 59 64 26 48 24 29 51 27 2 35 63 33 38 3 36 41 4 39 6 45 60 43 8 9 55 13 53 15 18 23 34 
31 42 47 50 12 52 10 56 57 22 5 20 59 26 61 24 29 62 27 32 2 30 63 38 14 36 41 17 39 1 6 21 45 64 43 48 8 46 51 9 49 11 55 33 53 3 15 37 4 18 40 7 60 23 58 25 28 13 34 54 16 19 44 35 
32 1 48 51 52 2 11 3 4 5 6 7 60 61 8 25 62 9 28 10 30 12 13 14 15 16 17 18 19 20 21 22 64 23 44 24 46 26 27 49 29 31 33 34 35 36 37 38 39 40 41 42 43 58 45 47 50 53 54 55 56 57 59 63 
33 23 4 15 13 53 54 27 46 43 44 45 20 17 18 19 36 16 38 34 35 63 11 9 49 50 25 47 61 58 59 60 6 21 42 39 40 41 37 56 3 55 30 12 32 28 29 62 26 48 24 64 7 22 5 57 14 31 52 2 51 8 1 10 
34 58 39 37 53 35 55 28 26 44 59 64 7 18 40 57 16 56 14 54 63 13 31 49 29 51 47 48 8 45 60 43 21 22 1 19 41 17 38 3 36 33 12 52 10 50 62 9 61 24 25 23 42 5 6 4 15 32 2 30 27 46 20 11 
35 59 40 56 54 55 13 29 48 45 64 43 22 19 57 17 38 14 36 63 33 34 52 50 51 9 61 8 25 60 23 58 42 1 6 41 4 39 3 15 37 53 32 10 30 62 27 28 24 46 26 44 5 20 7 18 16 2 11 31 49 47 21 12 
36 25 6 53 15 37 56 30 44 46 26 48 18 20 7 22 34 54 63 16 38 14 49 11 31 52 58 45 60 47 61 8 39 19 41 21 42 1 35 55 33 3 28 50 62 12 32 10 59 64 23 24 40 57 4 5 13 29 51 27 2 43 17 9 
37 26 7 54 16 56 14 31 45 47 48 8 19 21 22 1 35 63 33 38 3 36 50 12 52 10 59 60 23 61 24 25 40 41 4 42 5 6 55 13 53 15 29 62 27 32 2 30 64 43 44 46 57 17 18 20 34 51 9 49 11 58 39 28 
38 61 42 55 56 3 15 32 64 48 24 46 57 22 5 20 63 13 34 14 36 16 51 52 2 11 60 43 58 8 25 47 41 17 39 1 6 21 33 53 35 37 62 9 28 10 30 12 23 44 59 26 4 18 40 7 54 27 49 29 31 45 19 50 
39 49 53 7 18 40 57 58 12 28 50 62 16 34 54 63 21 22 1 19 41 17 26 44 59 64 31 32 2 29 51 27 37 38 3 35 55 33 42 5 6 4 47 48 8 45 60 43 52 10 11 9 56 14 15 13 20 61 24 25 23 30 36 46 
40 50 54 22 19 57 17 59 32 29 62 27 38 35 63 33 42 1 6 41 4 39 48 45 64 43 52 2 11 51 9 49 56 3 15 55 13 53 5 20 7 18 61 8 25 60 23 58 10 30 12 28 14 36 16 34 21 24 46 26 44 31 37 47 
41 51 55 5 57 4 18 60 10 62 9 28 14 63 13 34 1 20 21 17 39 19 24 64 23 44 2 30 31 27 49 29 3 36 37 33 53 35 6 7 42 40 8 46 47 43 58 45 11 12 52 50 15 16 56 54 22 25 26 61 59 32 38 48 
42 52 56 57 22 5 20 61 62 32 10 30 63 38 14 36 41 17 39 1 6 21 64 48 24 46 51 27 49 2 11 31 55 33 53 3 15 37 4 18 40 7 60 43 58 8 25 47 9 28 50 12 13 34 54 16 19 23 44 59 26 29 35 45 
43 34 9 25 23 58 59 39 37 53 35 55 30 27 28 29 46 26 48 44 45 64 7 18 40 57 16 56 14 54 63 13 11 31 52 49 50 51 47 61 8 60 21 22 1 19 41 17 38 3 36 33 12 32 10 62 24 42 5 6 4 15 2 20 
44 54 49 47 58 45 60 19 38 35 63 33 12 28 50 62 26 61 24 59 64 23 42 40 41 4 56 3 15 55 13 53 31 32 2 29 51 27 48 8 46 43 22 5 20 57 17 18 14 36 16 34 52 10 11 9 25 1 6 21 39 37 30 7 
45 63 50 61 59 60 23 41 3 55 33 53 32 29 62 27 48 24 46 64 43 44 5 57 4 18 14 15 16 13 34 54 52 2 11 51 9 49 8 25 47 58 1 20 21 17 39 19 36 37 38 35 10 30 12 28 26 6 7 42 40 56 31 22 
46 16 11 58 25 47 61 21 35 37 38 3 28 30 12 32 44 59 64 26 48 24 40 7 42 5 54 55 13 56 14 15 49 29 51 31 52 2 45 60 43 8 19 57 17 22 1 20 63 33 34 36 50 62 9 10 23 41 4 39 6 53 27 18 
47 38 12 59 26 61 24 42 55 56 3 15 29 31 32 2 45 64 43 48 8 46 57 22 5 20 63 13 34 14 36 16 50 51 9 52 10 11 60 23 58 25 41 17 39 1 6 21 33 53 35 37 62 27 28 30 44 4 18 40 7 54 49 19 
48 14 52 60 61 8 25 1 33 3 36 37 62 32 10 30 64 23 44 24 46 26 4 5 6 7 13 53 54 15 16 56 51 27 49 2 11 31 43 58 45 47 17 18 19 20 21 22 34 35 63 38 9 28 50 12 59 39 40 41 42 55 29 57 
49 40 58 12 28 50 62 54 22 19 57 17 26 44 59 64 31 32 2 29 51 27 38 35 63 33 42 1 6 41 4 39 47 48 8 45 60 43 52 10 11 9 56 3 15 55 13 53 5 20 7 18 61 24 25 23 30 14 36 16 34 21 46 37 
50 57 59 32 29 62 27 63 1 41 17 39 48 45 64 43 52 2 11 51 9 49 3 55 33 53 5 6 7 4 18 40 61 8 25 60 23 58 10 30 12 28 14 15 16 13 34 54 20 21 22 19 24 46 26 44 31 36 37 38 35 42 47 56 
51 4 60 10 62 9 28 13 20 17 18 19 24 64 23 44 2 30 31 27 49 29 36 33 34 35 6 21 42 39 40 41 8 46 47 43 58 45 11 12 52 50 15 37 56 53 54 55 7 22 5 57 25 26 61 59 32 16 38 14 63 1 48 3 
52 5 61 62 32 10 30 14 17 1 20 21 64 48 24 46 51 27 49 2 11 31 33 3 36 37 4 39 40 6 7 42 60 43 58 8 25 47 9 28 50 12 13 53 54 15 16 56 18 19 57 22 23 44 59 26 29 34 35 63 38 41 45 55 
53 44 18 16 34 54 63 49 47 58 45 60 21 39 19 41 37 38 3 35 55 33 12 28 50 62 26 61 24 59 64 23 7 42 5 40 57 4 56 14 15 13 31 32 2 29 51 27 48 8 46 43 22 1 20 17 36 52 10 11 9 25 6 30 
54 45 19 38 35 63 33 50 61 59 60 23 42 40 41 4 56 3 15 55 13 53 32 29 62 27 48 24 46 64 43 44 22 5 20 57 17 18 14 36 16 34 52 2 11 51 9 49 8 25 47 58 1 6 21 39 37 10 30 12 28 26 7 31 
55 64 57 14 63 13 34 51 8 60 43 58 1 41 17 39 3 36 37 33 53 35 10 62 9 28 24 25 26 23 44 59 5 6 7 4 18 40 15 16 56 54 2 30 31 27 49 29 46 47 48 45 20 21 22 19 38 11 12 52 50 61 42 32 
56 48 22 63 38 14 36 52 60 61 8 25 41 42 1 6 55 33 53 3 15 37 62 32 10 30 64 23 44 24 46 26 57 4 18 5 20 7 13 34 54 16 51 27 49 2 11 31 43 58 45 47 17 39 19 21 35 9 28 50 12 59 40 29 
57 62 63 1 41 17 39 64 2 51 27 49 3 55 33 53 5 6 7 4 18 40 8 60 43 58 10 11 12 9 28 50 14 15 16 13 34 54 20 21 22 19 24 25 26 23 44 59 30 31 32 29 36 37 38 35 42 46 47 48 45 52 56 61 
58 35 28 26 44 59 64 40 56 54 55 13 31 49 29 51 47 48 8 45 60 43 22 19 57 17 38 14 36 63 33 34 12 52 10 50 62 9 61 24 25 23 42 1 6 41 4 39 3 15 37 53 32 2 30 27 46 5 20 7 18 16 11 21 
59 55 29 48 45 64 43 57 14 63 13 34 52 50 51 9 61 8 25 60 23 58 1 41 17 39 3 36 37 33 53 35 32 10 30 62 27 28 24 46 26 44 5 6 7 4 18 40 15 16 56 54 2 11 31 49 47 20 21 22 19 38 12 42 
60 33 62 24 64 23 44 4 15 13 53 54 2 51 27 49 8 46 47 43 58 45 20 17 18 19 36 16 38 34 35 63 10 11 12 9 28 50 25 26 61 59 6 21 42 39 40 41 37 56 3 55 30 31 32 29 48 7 22 5 57 14 52 1 
61 3 32 64 48 24 46 5 13 14 15 16 51 52 2 11 60 43 58 8 25 47 17 1 20 21 33 34 35 36 37 38 62 9 28 10 30 12 23 44 59 26 4 39 40 6 7 42 53 54 55 56 27 49 29 31 45 18 19 57 22 63 50 41 
62 17 64 2 51 27 49 33 6 4 39 40 8 60 43 58 10 11 12 9 28 50 15 13 53 54 20 7 22 18 19 57 24 25 26 23 44 59 30 31 32 29 36 16 38 34 35 63 21 42 1 41 46 47 48 45 52 37 56 3 55 5 61 14 
63 60 41 3 55 33 53 62 24 64 23 44 5 57 4 18 14 15 16 13 34 54 2 51 27 49 8 46 47 43 58 45 1 20 21 17 39 19 36 37 38 35 10 11 12 9 28 50 25 26 61 59 6 7 42 40 56 30 31 32 29 48 22 52 
64 13 51 8 60 43 58 17 36 33 34 35 10 62 9 28 24 25 26 23 44 59 6 4 39 40 15 37 56 53 54 55 2 30 31 27 49 29 46 47 48 45 20 7 22 18 19 57 16 38 14 63 11 12 52 50 61 21 42 1 41 3 32 5 
1
0 1 

1 4 
1 
5 
7 
21 
2 8 
1 5 
1 7 
1 21 
5 7 
5 21 
6 22 
7 21 
20 42 
3 12 
1 5 7 
1 5 21 
1 6 22 
1 7 21 
1 20 42 
5 6 22 
5 7 21 
5 20 42 
6 7 22 
6 21 22 
7 20 42 
20 21 42 
4 14 
1 5 6 22 
1 5 7 21 
1 5 20 42 
1 6 7 22 
1 6 21 22 
1 7 20 42 
1 20 21 42 
5 6 7 22 
5 6 21 22 
5 7 20 42 
5 20 21 42 
6 7 21 22 
6 20 22 42 
7 20 21 42 
5 12 
1 5 6 7 22 
1 5 6 21 22 
1 5 7 20 42 
1 5 20 21 42 
1 6 7 21 22 
1 6 20 22 42 
1 7 20 21 42 
5 6 7 21 22 
5 6 20 22 42 
5 7 20 21 42 
6 7 20 22 42 
6 20 21 22 42 
6 8 
1 5 6 7 21 22 
1 5 6 20 22 42 
1 5 7 20 21 42 
1 6 7 20 22 42 
1 6 20 21 22 42 
5 6 7 20 22 42 
5 6 20 21 22 42 
6 7 20 21 22 42 
7 4 
1 5 6 7 20 22 42 
1 5 6 20 21 22 42 
1 6 7 20 21 22 42 
5 6 7 20 21 22 42 
8 1 
1 5 6 7 20 21 22 42 
2
0 1 

1 1 

2 4 
2 32 
10 52 
11 12 
30 31 
3 1 

4 6 
2 10 32 52 
2 11 12 32 
2 30 31 32 
10 11 12 52 
10 30 31 52 
11 12 30 31 
5 1 

6 4 
2 10 11 12 32 52 
2 10 30 31 32 52 
2 11 12 30 31 32 
10 11 12 30 31 52 
7 1 

8 1 
2 10 11 12 30 31 32 52 
3
0 1 

1 1 

2 4 
3 14 
15 56 
16 37 
36 38 
3 1 

4 6 
3 14 15 56 
3 14 16 37 
3 14 36 38 
15 16 37 56 
15 36 38 56 
16 36 37 38 
5 1 

6 4 
3 14 15 16 37 56 
3 14 15 36 38 56 
3 14 16 36 37 38 
15 16 36 37 38 56 
7 1 

8 1 
3 14 15 16 36 37 38 56 
4
0 1 

1 1 

2 4 
4 57 
17 41 
18 40 
19 39 
3 1 

4 6 
4 17 41 57 
4 18 40 57 
4 19 39 57 
17 18 40 41 
17 19 39 41 
18 19 39 40 
5 1 

6 4 
4 17 18 40 41 57 
4 17 19 39 41 57 
4 18 19 39 40 57 
17 18 19 39 40 41 
7 1 

8 1 
4 17 18 19 39 40 41 57 
5
0 1 

1 1 

2 4 
8 48 
24 61 
25 26 
46 47 
3 1 

4 6 
8 24 48 61 
8 25 26 48 
8 46 47 48 
24 25 26 61 
24 46 47 61 
25 26 46 47 
5 1 

6 4 
8 24 25 26 48 61 
8 24 46 47 48 61 
8 25 26 46 47 48 
24 25 26 46 47 61 
7 1 

8 1 
8 24 25 26 46 47 48 61 
6
0 1 

1 1 

2 4 
9 50 
27 29 
28 49 
51 62 
3 1 

4 6 
9 27 29 50 
9 28 49 50 
9 50 51 62 
27 28 29 49 
27 29 51 62 
28 49 51 62 
5 1 

6 4 
9 27 28 29 49 50 
9 27 29 50 51 62 
9 28 49 50 51 62 
27 28 29 49 51 62 
7 1 

8 1 
9 27 28 29 49 50 51 62 
7
0 1 

1 1 

2 4 
13 55 
33 63 
34 35 
53 54 
3 1 

4 6 
13 33 55 63 
13 34 35 55 
13 53 54 55 
33 34 35 63 
33 53 54 63 
34 35 53 54 
5 1 

6 4 
13 33 34 35 55 63 
13 33 53 54 55 63 
13 34 35 53 54 55 
33 34 35 53 54 63 
7 1 

8 1 
13 33 34 35 53 54 55 63 
8
0 1 

1 1 

2 4 
23 59 
43 45 
44 58 
60 64 
3 1 

4 6 
23 43 45 59 
23 44 58 59 
23 59 60 64 
43 44 45 58 
43 45 60 64 
44 58 60 64 
5 1 

6 4 
23 43 44 45 58 59 
23 43 45 59 60 64 
23 44 58 59 60 64 
43 44 45 58 60 64 
7 1 

8 1 
23 43 44 45 58 59 60 64 
