//Table for grp 220:
57
0 0 2 2 4 4 2 4 
0 0 2 4 4 2 4 2 
0 0 4 2 2 4 4 2 
0 0 4 4 2 2 2 4 
0 2 0 2 4 2 4 4 
0 2 0 4 4 4 2 2 
0 2 2 0 2 4 4 4 
0 2 2 2 2 2 2 6 
0 2 2 2 2 2 6 2 
0 2 2 2 2 6 2 2 
0 2 2 2 6 2 2 2 
0 2 2 4 2 0 4 4 
0 2 2 4 2 4 0 4 
0 2 2 4 2 4 4 0 
0 2 2 6 2 2 2 2 
0 2 4 0 4 4 2 2 
0 2 4 2 0 2 4 4 
0 2 4 2 4 2 0 4 
0 2 4 2 4 2 4 0 
0 2 4 4 0 4 2 2 
0 2 4 4 4 0 2 2 
0 2 6 2 2 2 2 2 
0 4 0 2 2 4 4 2 
0 4 0 4 2 2 2 4 
0 4 2 0 4 2 4 2 
0 4 2 2 0 4 2 4 
0 4 2 2 4 0 2 4 
0 4 2 2 4 4 2 0 
0 4 2 4 0 2 4 2 
0 4 2 4 4 2 0 2 
0 4 4 0 2 2 2 4 
0 4 4 2 2 0 4 2 
0 4 4 2 2 4 0 2 
0 4 4 4 2 2 2 0 
0 6 2 2 2 2 2 2 
2 0 2 2 2 2 4 4 
2 0 2 4 2 4 2 2 
2 0 4 2 4 2 2 2 
2 2 0 2 2 4 2 4 
2 2 0 4 2 2 4 2 
2 2 2 0 4 2 2 4 
2 2 2 2 0 4 4 2 
2 2 2 2 4 0 4 2 
2 2 2 2 4 4 0 2 
2 2 2 4 0 2 2 4 
2 2 2 4 4 2 2 0 
2 2 4 0 2 2 4 2 
2 2 4 2 2 0 2 4 
2 2 4 2 2 4 2 0 
2 2 4 4 2 2 0 2 
2 4 0 2 4 2 2 2 
2 4 2 0 2 4 2 2 
2 4 2 2 2 2 0 4 
2 4 2 2 2 2 4 0 
2 4 2 4 2 0 2 2 
2 4 4 2 0 2 2 2 
4 2 2 2 2 2 2 2 
1 2 3 4 5 6 7 8 9 10 11 12 13 14 15 16 17 18 19 20 21 22 23 24 25 26 27 28 29 30 31 32 33 34 35 36 37 38 39 40 41 42 43 44 45 46 47 48 49 50 51 52 53 54 55 56 57 58 59 60 61 62 63 64 
2 1 8 9 10 11 12 3 4 5 6 7 23 24 25 26 27 28 29 30 31 32 13 14 15 16 17 18 19 20 21 22 43 44 45 46 47 48 49 50 51 52 33 34 35 36 37 38 39 40 41 42 58 59 60 61 62 53 54 55 56 57 64 63 
3 25 7 13 14 15 16 32 44 46 8 48 19 21 22 1 33 34 35 36 37 38 51 52 12 11 58 23 60 24 61 26 40 41 4 42 5 6 53 54 55 56 62 29 28 31 30 2 43 64 45 47 57 17 18 20 63 50 49 9 10 59 39 27 
4 29 34 6 17 18 19 60 32 50 51 9 3 53 13 55 20 1 22 39 40 41 26 64 45 44 52 12 11 62 27 28 14 15 16 33 63 35 5 42 7 57 47 48 8 59 58 23 31 30 2 49 36 37 38 54 21 61 24 25 43 10 56 46 
5 30 14 17 1 20 21 46 49 11 10 52 33 3 36 37 4 39 40 6 7 42 58 25 24 61 28 27 62 2 32 31 13 53 54 15 16 56 18 19 57 22 44 43 64 8 48 47 9 51 50 12 34 35 63 38 41 23 60 59 26 29 55 45 
6 11 15 18 20 1 22 25 28 30 2 32 34 36 3 38 39 4 41 5 42 7 44 46 8 48 49 9 51 10 52 12 53 13 55 14 56 16 17 57 19 21 58 23 60 24 61 26 27 62 29 31 33 63 35 37 40 43 64 45 47 50 54 59 
7 12 16 19 21 22 1 26 29 31 32 2 35 37 38 3 40 41 4 42 5 6 45 47 48 8 50 51 9 52 10 11 54 55 13 56 14 15 57 17 18 20 59 60 23 61 24 25 62 27 28 30 63 33 34 36 39 64 43 44 46 49 53 58 
8 15 12 23 24 25 26 22 34 36 3 38 29 31 32 2 43 44 45 46 47 48 41 42 7 6 53 13 55 14 56 16 50 51 9 52 10 11 58 59 60 61 57 19 18 21 20 1 33 63 35 37 62 27 28 30 64 40 39 4 5 54 49 17 
9 19 44 11 27 28 29 55 22 40 41 4 8 58 23 60 30 2 32 49 50 51 16 63 35 34 42 7 6 57 17 18 24 25 26 43 64 45 10 52 12 62 37 38 3 54 53 13 21 20 1 39 46 47 48 59 31 56 14 15 33 5 61 36 
10 20 24 27 2 30 31 36 39 6 5 42 43 8 46 47 9 49 50 11 12 52 53 15 14 56 18 17 57 1 22 21 23 58 59 25 26 61 28 29 62 32 34 33 63 3 38 37 4 41 40 7 44 45 64 48 51 13 55 54 16 19 60 35 
11 6 25 28 30 2 32 15 18 20 1 22 44 46 8 48 49 9 51 10 52 12 34 36 3 38 39 4 41 5 42 7 58 23 60 24 61 26 27 62 29 31 53 13 55 14 56 16 17 57 19 21 43 64 45 47 50 33 63 35 37 40 59 54 
12 7 26 29 31 32 2 16 19 21 22 1 45 47 48 8 50 51 9 52 10 11 35 37 38 3 40 41 4 42 5 6 59 60 23 61 24 25 62 27 28 30 54 55 13 56 14 15 57 17 18 20 64 43 44 46 49 63 33 34 36 39 58 53 
13 60 41 15 33 34 35 9 26 64 45 44 7 57 19 18 36 3 38 53 54 55 11 27 28 29 47 48 8 59 58 23 21 22 1 40 39 4 14 56 16 63 30 2 32 49 50 51 61 24 25 43 42 5 6 17 37 10 52 12 62 46 20 31 
14 24 21 33 3 36 37 31 43 8 46 47 40 7 42 5 13 53 54 15 16 56 50 12 52 10 23 58 59 25 26 61 19 57 17 22 1 20 34 35 63 38 29 62 27 32 2 30 44 45 64 48 41 4 39 6 55 51 9 49 11 60 18 28 
15 8 22 34 36 3 38 12 23 24 25 26 41 42 7 6 53 13 55 14 56 16 29 31 32 2 43 44 45 46 47 48 57 19 18 21 20 1 33 63 35 37 50 51 9 52 10 11 58 59 60 61 40 39 4 5 54 62 27 28 30 64 17 49 
16 48 1 35 37 38 3 11 60 61 26 25 4 5 6 7 54 55 13 56 14 15 28 30 2 32 64 45 44 47 46 8 17 18 19 20 21 22 63 33 34 36 49 9 51 10 52 12 59 58 23 24 39 40 41 42 53 27 62 29 31 43 57 50 
17 62 53 20 4 39 40 59 31 51 50 49 14 34 33 63 6 5 42 18 19 57 61 45 64 43 12 52 10 29 28 27 3 36 37 13 55 54 1 22 21 41 48 47 46 60 23 58 32 2 30 9 15 16 56 35 7 26 25 24 44 11 38 8 
18 51 13 1 39 4 41 45 12 62 29 28 15 33 34 35 5 6 7 17 57 19 48 59 60 23 31 32 2 50 49 9 36 3 38 53 54 55 20 21 22 40 61 26 25 64 43 44 52 10 11 27 14 56 16 63 42 47 46 8 58 30 37 24 
19 9 55 22 40 41 4 44 11 27 28 29 16 63 35 34 42 7 6 57 17 18 8 58 23 60 30 2 32 49 50 51 37 38 3 54 53 13 21 20 1 39 24 25 26 43 64 45 10 52 12 62 56 14 15 33 5 46 47 48 59 31 36 61 
20 10 36 39 6 5 42 24 27 2 30 31 53 15 14 56 18 17 57 1 22 21 43 8 46 47 9 49 50 11 12 52 34 33 63 3 38 37 4 41 40 7 23 58 59 25 26 61 28 29 62 32 13 55 54 16 19 44 45 64 48 51 35 60 
21 52 37 40 7 42 5 61 62 32 31 30 54 16 56 14 19 57 17 22 1 20 64 48 47 46 51 50 49 12 11 10 35 63 33 38 3 36 41 4 39 6 60 59 58 26 25 24 29 28 27 2 55 13 53 15 18 45 44 43 8 9 34 23 
22 32 38 41 42 7 6 48 51 52 12 11 55 56 16 15 57 19 18 21 20 1 60 61 26 25 62 29 28 31 30 2 63 35 34 37 36 3 40 39 4 5 64 45 44 47 46 8 50 49 9 10 54 53 13 14 17 59 58 23 24 27 33 43 
23 55 51 25 43 44 45 4 16 63 35 34 12 62 29 28 46 8 48 58 59 60 6 17 18 19 37 38 3 54 53 13 31 32 2 50 49 9 24 61 26 64 20 1 22 39 40 41 56 14 15 33 52 10 11 27 47 5 42 7 57 36 30 21 
24 14 31 43 8 46 47 21 33 3 36 37 50 12 52 10 23 58 59 25 26 61 40 7 42 5 13 53 54 15 16 56 29 62 27 32 2 30 44 45 64 48 19 57 17 22 1 20 34 35 63 38 51 9 49 11 60 41 4 39 6 55 28 18 
25 3 32 44 46 8 48 7 13 14 15 16 51 52 12 11 58 23 60 24 61 26 19 21 22 1 33 34 35 36 37 38 62 29 28 31 30 2 43 64 45 47 40 41 4 42 5 6 53 54 55 56 50 49 9 10 59 57 17 18 20 63 27 39 
26 38 2 45 47 48 8 6 55 56 16 15 9 10 11 12 59 60 23 61 24 25 18 20 1 22 63 35 34 37 36 3 27 28 29 30 31 32 64 43 44 46 39 4 41 5 42 7 54 53 13 14 49 50 51 52 58 17 57 19 21 33 62 40 
27 57 58 30 9 49 50 54 21 41 40 39 24 44 43 64 11 10 52 28 29 62 56 35 63 33 7 42 5 19 18 17 8 46 47 23 60 59 2 32 31 51 38 37 36 55 13 53 22 1 20 4 25 26 61 45 12 16 15 14 34 6 48 3 
28 41 23 2 49 9 51 35 7 57 19 18 25 43 44 45 10 11 12 27 62 29 38 54 55 13 21 22 1 40 39 4 46 8 48 58 59 60 30 31 32 50 56 16 15 63 33 34 42 5 6 17 24 61 26 64 52 37 36 3 53 20 47 14 
29 4 60 32 50 51 9 34 6 17 18 19 26 64 45 44 52 12 11 62 27 28 3 53 13 55 20 1 22 39 40 41 47 48 8 59 58 23 31 30 2 49 14 15 16 33 63 35 5 42 7 57 61 24 25 43 10 36 37 38 54 21 46 56 
30 5 46 49 11 10 52 14 17 1 20 21 58 25 24 61 28 27 62 2 32 31 33 3 36 37 4 39 40 6 7 42 44 43 64 8 48 47 9 51 50 12 13 53 54 15 16 56 18 19 57 22 23 60 59 26 29 34 35 63 38 41 45 55 
31 42 47 50 12 52 10 56 57 22 21 20 59 26 61 24 29 62 27 32 2 30 63 38 37 36 41 40 39 7 6 5 45 64 43 48 8 46 51 9 49 11 55 54 53 16 15 14 19 18 17 1 60 23 58 25 28 35 34 33 3 4 44 13 
32 22 48 51 52 12 11 38 41 42 7 6 60 61 26 25 62 29 28 31 30 2 55 56 16 15 57 19 18 21 20 1 64 45 44 47 46 8 50 49 9 10 63 35 34 37 36 3 40 39 4 5 59 58 23 24 27 54 53 13 14 17 43 33 
33 59 57 36 13 53 54 49 61 45 64 43 21 41 40 39 15 14 56 34 35 63 10 28 27 62 48 47 46 60 23 58 7 42 5 19 18 17 3 38 37 55 2 30 31 9 51 50 26 25 24 44 22 1 20 4 16 11 12 52 29 8 6 32 
34 45 19 3 53 13 55 28 48 59 60 23 22 40 41 4 14 15 16 33 63 35 2 49 9 51 61 26 25 64 43 44 42 7 6 57 17 18 36 37 38 54 10 11 12 27 62 29 47 46 8 58 21 20 1 39 56 30 31 32 50 24 5 52 
35 44 18 38 54 55 13 29 8 58 23 60 1 39 4 41 56 16 15 63 33 34 32 50 51 9 24 25 26 43 64 45 5 6 7 17 57 19 37 36 3 53 52 12 11 62 27 28 46 47 48 59 20 21 22 40 14 31 30 2 49 61 42 10 
36 46 42 53 15 14 56 52 58 25 24 61 57 22 21 20 34 33 63 3 38 37 62 32 31 30 44 43 64 8 48 47 41 40 39 7 6 5 13 55 54 16 51 50 49 12 11 10 23 60 59 26 19 18 17 1 35 29 28 27 2 45 4 9 
37 47 5 54 16 56 14 10 59 26 61 24 17 1 20 21 35 63 33 38 3 36 27 2 30 31 45 64 43 48 8 46 4 39 40 6 7 42 55 13 53 15 9 49 50 11 12 52 60 23 58 25 18 19 57 22 34 28 29 62 32 44 41 51 
38 26 6 55 56 16 15 2 45 47 48 8 18 20 1 22 63 35 34 37 36 3 9 10 11 12 59 60 23 61 24 25 39 4 41 5 42 7 54 53 13 14 27 28 29 30 31 32 64 43 44 46 17 57 19 21 33 49 50 51 52 58 40 62 
39 50 33 5 18 17 57 64 52 29 62 27 36 13 53 54 1 20 21 4 41 40 47 60 59 58 32 31 30 51 9 49 15 14 56 34 35 63 6 7 42 19 26 61 24 45 44 43 12 11 10 28 3 38 37 55 22 48 8 46 23 2 16 25 
40 49 63 42 19 57 17 43 10 28 27 62 37 55 54 53 22 21 20 41 4 39 46 23 58 59 2 30 31 9 51 50 16 56 14 35 34 33 7 6 5 18 25 24 61 44 45 64 11 12 52 29 38 3 36 13 1 8 48 47 60 32 15 26 
41 28 35 7 57 19 18 23 2 49 9 51 38 54 55 13 21 22 1 40 39 4 25 43 44 45 10 11 12 27 62 29 56 16 15 63 33 34 42 5 6 17 46 8 48 58 59 60 30 31 32 50 37 36 3 53 20 24 61 26 64 52 14 47 
42 31 56 57 22 21 20 47 50 12 52 10 63 38 37 36 41 40 39 7 6 5 59 26 61 24 29 62 27 32 2 30 55 54 53 16 15 14 19 18 17 1 45 64 43 48 8 46 51 9 49 11 35 34 33 3 4 60 23 58 25 28 13 44 
43 54 62 46 23 58 59 39 56 35 63 33 31 51 50 49 25 24 61 44 45 64 5 18 17 57 38 37 36 55 13 53 12 52 10 29 28 27 8 48 47 60 1 20 21 4 41 40 16 15 14 34 32 2 30 9 26 6 7 42 19 3 11 22 
44 35 29 8 58 23 60 18 38 54 55 13 32 50 51 9 24 25 26 43 64 45 1 39 4 41 56 16 15 63 33 34 52 12 11 62 27 28 46 47 48 59 5 6 7 17 57 19 37 36 3 53 31 30 2 49 61 20 21 22 40 14 10 42 
45 34 28 48 59 60 23 19 3 53 13 55 2 49 9 51 61 26 25 64 43 44 22 40 41 4 14 15 16 33 63 35 10 11 12 27 62 29 47 46 8 58 42 7 6 57 17 18 36 37 38 54 30 31 32 50 24 21 20 1 39 56 52 5 
46 36 52 58 25 24 61 42 53 15 14 56 62 32 31 30 44 43 64 8 48 47 57 22 21 20 34 33 63 3 38 37 51 50 49 12 11 10 23 60 59 26 41 40 39 7 6 5 13 55 54 16 29 28 27 2 45 19 18 17 1 35 9 4 
47 37 10 59 26 61 24 5 54 16 56 14 27 2 30 31 45 64 43 48 8 46 17 1 20 21 35 63 33 38 3 36 9 49 50 11 12 52 60 23 58 25 4 39 40 6 7 42 55 13 53 15 28 29 62 32 44 18 19 57 22 34 51 41 
48 16 11 60 61 26 25 1 35 37 38 3 28 30 2 32 64 45 44 47 46 8 4 5 6 7 54 55 13 56 14 15 49 9 51 10 52 12 59 58 23 24 17 18 19 20 21 22 63 33 34 36 27 62 29 31 43 39 40 41 42 53 50 57 
49 40 43 10 28 27 62 63 42 19 57 17 46 23 58 59 2 30 31 9 51 50 37 55 54 53 22 21 20 41 4 39 25 24 61 44 45 64 11 12 52 29 16 56 14 35 34 33 7 6 5 18 8 48 47 60 32 38 3 36 13 1 26 15 
50 39 64 52 29 62 27 33 5 18 17 57 47 60 59 58 32 31 30 51 9 49 36 13 53 54 1 20 21 4 41 40 26 61 24 45 44 43 12 11 10 28 15 14 56 34 35 63 6 7 42 19 48 8 46 23 2 3 38 37 55 22 25 16 
51 18 45 12 62 29 28 13 1 39 4 41 48 59 60 23 31 32 2 50 49 9 15 33 34 35 5 6 7 17 57 19 61 26 25 64 43 44 52 10 11 27 36 3 38 53 54 55 20 21 22 40 47 46 8 58 30 14 56 16 63 42 24 37 
52 21 61 62 32 31 30 37 40 7 42 5 64 48 47 46 51 50 49 12 11 10 54 16 56 14 19 57 17 22 1 20 60 59 58 26 25 24 29 28 27 2 35 63 33 38 3 36 41 4 39 6 45 44 43 8 9 55 13 53 15 18 23 34 
53 64 40 14 34 33 63 27 47 60 59 58 42 19 57 17 3 36 37 13 55 54 30 9 49 50 26 61 24 45 44 43 22 21 20 41 4 39 15 16 56 35 11 10 52 28 29 62 48 8 46 23 7 6 5 18 38 2 32 31 51 25 1 12 
54 43 39 56 35 63 33 62 46 23 58 59 5 18 17 57 38 37 36 55 13 53 31 51 50 49 25 24 61 44 45 64 1 20 21 4 41 40 16 15 14 34 12 52 10 29 28 27 8 48 47 60 6 7 42 19 3 32 2 30 9 26 22 11 
55 23 4 16 63 35 34 51 25 43 44 45 6 17 18 19 37 38 3 54 53 13 12 62 29 28 46 8 48 58 59 60 20 1 22 39 40 41 56 14 15 33 31 32 2 50 49 9 24 61 26 64 5 42 7 57 36 52 10 11 27 47 21 30 
56 61 20 63 38 37 36 30 64 48 47 46 39 6 5 42 55 54 53 16 15 14 49 11 10 52 60 59 58 26 25 24 18 17 57 1 22 21 35 34 33 3 28 27 62 2 32 31 45 44 43 8 4 41 40 7 13 9 51 50 12 23 19 29 
57 27 54 21 41 40 39 58 30 9 49 50 56 35 63 33 7 42 5 19 18 17 24 44 43 64 11 10 52 28 29 62 38 37 36 55 13 53 22 1 20 4 8 46 47 23 60 59 2 32 31 51 16 15 14 34 6 25 26 61 45 12 3 48 
58 63 50 24 44 43 64 17 37 55 54 53 52 29 62 27 8 46 47 23 60 59 20 4 39 40 16 56 14 35 34 33 32 31 30 51 9 49 25 26 61 45 6 5 42 18 19 57 38 3 36 13 12 11 10 28 48 1 22 21 41 15 2 7 
59 33 49 61 45 64 43 57 36 13 53 54 10 28 27 62 48 47 46 60 23 58 21 41 40 39 15 14 56 34 35 63 2 30 31 9 51 50 26 25 24 44 7 42 5 19 18 17 3 38 37 55 11 12 52 29 8 22 1 20 4 16 32 6 
60 13 9 26 64 45 44 41 15 33 34 35 11 27 28 29 47 48 8 59 58 23 7 57 19 18 36 3 38 53 54 55 30 2 32 49 50 51 61 24 25 43 21 22 1 40 39 4 14 56 16 63 10 52 12 62 46 42 5 6 17 37 31 20 
61 56 30 64 48 47 46 20 63 38 37 36 49 11 10 52 60 59 58 26 25 24 39 6 5 42 55 54 53 16 15 14 28 27 62 2 32 31 45 44 43 8 18 17 57 1 22 21 35 34 33 3 9 51 50 12 23 4 41 40 7 13 29 19 
62 17 59 31 51 50 49 53 20 4 39 40 61 45 64 43 12 52 10 29 28 27 14 34 33 63 6 5 42 18 19 57 48 47 46 60 23 58 32 2 30 9 3 36 37 13 55 54 1 22 21 41 26 25 24 44 11 15 16 56 35 7 8 38 
63 58 17 37 55 54 53 50 24 44 43 64 20 4 39 40 16 56 14 35 34 33 52 29 62 27 8 46 47 23 60 59 6 5 42 18 19 57 38 3 36 13 32 31 30 51 9 49 25 26 61 45 1 22 21 41 15 12 11 10 28 48 7 2 
64 53 27 47 60 59 58 40 14 34 33 63 30 9 49 50 26 61 24 45 44 43 42 19 57 17 3 36 37 13 55 54 11 10 52 28 29 62 48 8 46 23 22 21 20 41 4 39 15 16 56 35 2 32 31 51 25 7 6 5 18 38 12 1 
1
0 1 

1 8 
1 
5 
6 
7 
20 
21 
22 
42 
2 28 
1 5 
1 6 
1 7 
1 20 
1 21 
1 22 
1 42 
5 6 
5 7 
5 20 
5 21 
5 22 
5 42 
6 7 
6 20 
6 21 
6 22 
6 42 
7 20 
7 21 
7 22 
7 42 
20 21 
20 22 
20 42 
21 22 
21 42 
22 42 
3 56 
1 5 6 
1 5 7 
1 5 20 
1 5 21 
1 5 22 
1 5 42 
1 6 7 
1 6 20 
1 6 21 
1 6 22 
1 6 42 
1 7 20 
1 7 21 
1 7 22 
1 7 42 
1 20 21 
1 20 22 
1 20 42 
1 21 22 
1 21 42 
1 22 42 
5 6 7 
5 6 20 
5 6 21 
5 6 22 
5 6 42 
5 7 20 
5 7 21 
5 7 22 
5 7 42 
5 20 21 
5 20 22 
5 20 42 
5 21 22 
5 21 42 
5 22 42 
6 7 20 
6 7 21 
6 7 22 
6 7 42 
6 20 21 
6 20 22 
6 20 42 
6 21 22 
6 21 42 
6 22 42 
7 20 21 
7 20 22 
7 20 42 
7 21 22 
7 21 42 
7 22 42 
20 21 22 
20 21 42 
20 22 42 
21 22 42 
4 70 
1 5 6 7 
1 5 6 20 
1 5 6 21 
1 5 6 22 
1 5 6 42 
1 5 7 20 
1 5 7 21 
1 5 7 22 
1 5 7 42 
1 5 20 21 
1 5 20 22 
1 5 20 42 
1 5 21 22 
1 5 21 42 
1 5 22 42 
1 6 7 20 
1 6 7 21 
1 6 7 22 
1 6 7 42 
1 6 20 21 
1 6 20 22 
1 6 20 42 
1 6 21 22 
1 6 21 42 
1 6 22 42 
1 7 20 21 
1 7 20 22 
1 7 20 42 
1 7 21 22 
1 7 21 42 
1 7 22 42 
1 20 21 22 
1 20 21 42 
1 20 22 42 
1 21 22 42 
5 6 7 20 
5 6 7 21 
5 6 7 22 
5 6 7 42 
5 6 20 21 
5 6 20 22 
5 6 20 42 
5 6 21 22 
5 6 21 42 
5 6 22 42 
5 7 20 21 
5 7 20 22 
5 7 20 42 
5 7 21 22 
5 7 21 42 
5 7 22 42 
5 20 21 22 
5 20 21 42 
5 20 22 42 
5 21 22 42 
6 7 20 21 
6 7 20 22 
6 7 20 42 
6 7 21 22 
6 7 21 42 
6 7 22 42 
6 20 21 22 
6 20 21 42 
6 20 22 42 
6 21 22 42 
7 20 21 22 
7 20 21 42 
7 20 22 42 
7 21 22 42 
20 21 22 42 
5 56 
1 5 6 7 20 
1 5 6 7 21 
1 5 6 7 22 
1 5 6 7 42 
1 5 6 20 21 
1 5 6 20 22 
1 5 6 20 42 
1 5 6 21 22 
1 5 6 21 42 
1 5 6 22 42 
1 5 7 20 21 
1 5 7 20 22 
1 5 7 20 42 
1 5 7 21 22 
1 5 7 21 42 
1 5 7 22 42 
1 5 20 21 22 
1 5 20 21 42 
1 5 20 22 42 
1 5 21 22 42 
1 6 7 20 21 
1 6 7 20 22 
1 6 7 20 42 
1 6 7 21 22 
1 6 7 21 42 
1 6 7 22 42 
1 6 20 21 22 
1 6 20 21 42 
1 6 20 22 42 
1 6 21 22 42 
1 7 20 21 22 
1 7 20 21 42 
1 7 20 22 42 
1 7 21 22 42 
1 20 21 22 42 
5 6 7 20 21 
5 6 7 20 22 
5 6 7 20 42 
5 6 7 21 22 
5 6 7 21 42 
5 6 7 22 42 
5 6 20 21 22 
5 6 20 21 42 
5 6 20 22 42 
5 6 21 22 42 
5 7 20 21 22 
5 7 20 21 42 
5 7 20 22 42 
5 7 21 22 42 
5 20 21 22 42 
6 7 20 21 22 
6 7 20 21 42 
6 7 20 22 42 
6 7 21 22 42 
6 20 21 22 42 
7 20 21 22 42 
6 28 
1 5 6 7 20 21 
1 5 6 7 20 22 
1 5 6 7 20 42 
1 5 6 7 21 22 
1 5 6 7 21 42 
1 5 6 7 22 42 
1 5 6 20 21 22 
1 5 6 20 21 42 
1 5 6 20 22 42 
1 5 6 21 22 42 
1 5 7 20 21 22 
1 5 7 20 21 42 
1 5 7 20 22 42 
1 5 7 21 22 42 
1 5 20 21 22 42 
1 6 7 20 21 22 
1 6 7 20 21 42 
1 6 7 20 22 42 
1 6 7 21 22 42 
1 6 20 21 22 42 
1 7 20 21 22 42 
5 6 7 20 21 22 
5 6 7 20 21 42 
5 6 7 20 22 42 
5 6 7 21 22 42 
5 6 20 21 22 42 
5 7 20 21 22 42 
6 7 20 21 22 42 
7 8 
1 5 6 7 20 21 22 
1 5 6 7 20 21 42 
1 5 6 7 20 22 42 
1 5 6 7 21 22 42 
1 5 6 20 21 22 42 
1 5 7 20 21 22 42 
1 6 7 20 21 22 42 
5 6 7 20 21 22 42 
8 1 
1 5 6 7 20 21 22 42 
2
0 1 

1 4 
2 
11 
12 
32 
2 8 
2 11 
2 12 
2 32 
10 30 
11 12 
11 32 
12 32 
31 52 
3 12 
2 10 30 
2 11 12 
2 11 32 
2 12 32 
2 31 52 
10 11 30 
10 12 30 
10 30 32 
11 12 32 
11 31 52 
12 31 52 
31 32 52 
4 14 
2 10 11 30 
2 10 12 30 
2 10 30 32 
2 11 12 32 
2 11 31 52 
2 12 31 52 
2 31 32 52 
10 11 12 30 
10 11 30 32 
10 12 30 32 
10 30 31 52 
11 12 31 52 
11 31 32 52 
12 31 32 52 
5 12 
2 10 11 12 30 
2 10 11 30 32 
2 10 12 30 32 
2 10 30 31 52 
2 11 12 31 52 
2 11 31 32 52 
2 12 31 32 52 
10 11 12 30 32 
10 11 30 31 52 
10 12 30 31 52 
10 30 31 32 52 
11 12 31 32 52 
6 8 
2 10 11 12 30 32 
2 10 11 30 31 52 
2 10 12 30 31 52 
2 10 30 31 32 52 
2 11 12 31 32 52 
10 11 12 30 31 52 
10 11 30 31 32 52 
10 12 30 31 32 52 
7 4 
2 10 11 12 30 31 52 
2 10 11 30 31 32 52 
2 10 12 30 31 32 52 
10 11 12 30 31 32 52 
8 1 
2 10 11 12 30 31 32 52 
3
0 1 

1 1 

2 4 
3 16 
14 37 
15 38 
36 56 
3 1 

4 6 
3 14 16 37 
3 15 16 38 
3 16 36 56 
14 15 37 38 
14 36 37 56 
15 36 38 56 
5 1 

6 4 
3 14 15 16 37 38 
3 14 16 36 37 56 
3 15 16 36 38 56 
14 15 36 37 38 56 
7 1 

8 1 
3 14 15 16 36 37 38 56 
4
0 1 

1 1 

2 4 
4 18 
17 39 
19 41 
40 57 
3 1 

4 6 
4 17 18 39 
4 18 19 41 
4 18 40 57 
17 19 39 41 
17 39 40 57 
19 40 41 57 
5 1 

6 4 
4 17 18 19 39 41 
4 17 18 39 40 57 
4 18 19 40 41 57 
17 19 39 40 41 57 
7 1 

8 1 
4 17 18 19 39 40 41 57 
5
0 1 

1 1 

2 4 
8 48 
24 47 
25 26 
46 61 
3 1 

4 6 
8 24 47 48 
8 25 26 48 
8 46 48 61 
24 25 26 47 
24 46 47 61 
25 26 46 61 
5 1 

6 4 
8 24 25 26 47 48 
8 24 46 47 48 61 
8 25 26 46 48 61 
24 25 26 46 47 61 
7 1 

8 1 
8 24 25 26 46 47 48 61 
6
0 1 

1 1 

2 4 
9 51 
27 50 
28 29 
49 62 
3 1 

4 6 
9 27 50 51 
9 28 29 51 
9 49 51 62 
27 28 29 50 
27 49 50 62 
28 29 49 62 
5 1 

6 4 
9 27 28 29 50 51 
9 27 49 50 51 62 
9 28 29 49 51 62 
27 28 29 49 50 62 
7 1 

8 1 
9 27 28 29 49 50 51 62 
7
0 1 

1 1 

2 4 
13 35 
33 54 
34 55 
53 63 
3 1 

4 6 
13 33 35 54 
13 34 35 55 
13 35 53 63 
33 34 54 55 
33 53 54 63 
34 53 55 63 
5 1 

6 4 
13 33 34 35 54 55 
13 33 35 53 54 63 
13 34 35 53 55 63 
33 34 53 54 55 63 
7 1 

8 1 
13 33 34 35 53 54 55 63 
8
0 1 

1 4 
43 
58 
59 
64 
2 8 
23 44 
43 58 
43 59 
43 64 
45 60 
58 59 
58 64 
59 64 
3 12 
23 43 44 
23 44 58 
23 44 59 
23 44 64 
43 45 60 
43 58 59 
43 58 64 
43 59 64 
45 58 60 
45 59 60 
45 60 64 
58 59 64 
4 14 
23 43 44 58 
23 43 44 59 
23 43 44 64 
23 44 45 60 
23 44 58 59 
23 44 58 64 
23 44 59 64 
43 45 58 60 
43 45 59 60 
43 45 60 64 
43 58 59 64 
45 58 59 60 
45 58 60 64 
45 59 60 64 
5 12 
23 43 44 45 60 
23 43 44 58 59 
23 43 44 58 64 
23 43 44 59 64 
23 44 45 58 60 
23 44 45 59 60 
23 44 45 60 64 
23 44 58 59 64 
43 45 58 59 60 
43 45 58 60 64 
43 45 59 60 64 
45 58 59 60 64 
6 8 
23 43 44 45 58 60 
23 43 44 45 59 60 
23 43 44 45 60 64 
23 43 44 58 59 64 
23 44 45 58 59 60 
23 44 45 58 60 64 
23 44 45 59 60 64 
43 45 58 59 60 64 
7 4 
23 43 44 45 58 59 60 
23 43 44 45 58 60 64 
23 43 44 45 59 60 64 
23 44 45 58 59 60 64 
8 1 
23 43 44 45 58 59 60 64 
