//Table for grp 222:
57
0 0 2 2 4 4 2 4 
0 0 2 4 4 2 4 2 
0 0 4 2 2 4 4 2 
0 0 4 4 2 2 2 4 
0 2 0 2 4 2 4 4 
0 2 0 4 4 4 2 2 
0 2 2 0 2 4 4 4 
0 2 2 2 2 2 2 6 
0 2 2 2 2 2 6 2 
0 2 2 2 2 6 2 2 
0 2 2 2 6 2 2 2 
0 2 2 4 2 0 4 4 
0 2 2 4 2 4 0 4 
0 2 2 4 2 4 4 0 
0 2 2 6 2 2 2 2 
0 2 4 0 4 4 2 2 
0 2 4 2 0 2 4 4 
0 2 4 2 4 2 0 4 
0 2 4 2 4 2 4 0 
0 2 4 4 0 4 2 2 
0 2 4 4 4 0 2 2 
0 2 6 2 2 2 2 2 
0 4 0 2 2 4 4 2 
0 4 0 4 2 2 2 4 
0 4 2 0 4 2 4 2 
0 4 2 2 0 4 2 4 
0 4 2 2 4 0 2 4 
0 4 2 2 4 4 2 0 
0 4 2 4 0 2 4 2 
0 4 2 4 4 2 0 2 
0 4 4 0 2 2 2 4 
0 4 4 2 2 0 4 2 
0 4 4 2 2 4 0 2 
0 4 4 4 2 2 2 0 
0 6 2 2 2 2 2 2 
2 0 2 2 2 2 4 4 
2 0 2 4 2 4 2 2 
2 0 4 2 4 2 2 2 
2 2 0 2 2 4 2 4 
2 2 0 4 2 2 4 2 
2 2 2 0 4 2 2 4 
2 2 2 2 0 4 4 2 
2 2 2 2 4 0 4 2 
2 2 2 2 4 4 0 2 
2 2 2 4 0 2 2 4 
2 2 2 4 4 2 2 0 
2 2 4 0 2 2 4 2 
2 2 4 2 2 0 2 4 
2 2 4 2 2 4 2 0 
2 2 4 4 2 2 0 2 
2 4 0 2 4 2 2 2 
2 4 2 0 2 4 2 2 
2 4 2 2 2 2 0 4 
2 4 2 2 2 2 4 0 
2 4 2 4 2 0 2 2 
2 4 4 2 0 2 2 2 
4 2 2 2 2 2 2 2 
1 2 3 4 5 6 7 8 9 10 11 12 13 14 15 16 17 18 19 20 21 22 23 24 25 26 27 28 29 30 31 32 33 34 35 36 37 38 39 40 41 42 43 44 45 46 47 48 49 50 51 52 53 54 55 56 57 58 59 60 61 62 63 64 
2 6 8 9 10 11 12 15 18 20 1 22 23 24 25 26 27 28 29 30 31 32 34 36 3 38 39 4 41 5 42 7 43 44 45 46 47 48 49 50 51 52 53 13 55 14 56 16 17 57 19 21 58 59 60 61 62 33 63 35 37 40 64 54 
3 25 7 13 14 15 16 32 44 46 8 48 19 21 22 1 33 34 35 36 37 38 51 52 12 11 58 23 60 24 61 26 40 41 4 42 5 6 53 54 55 56 62 29 28 31 30 2 43 64 45 47 57 17 18 20 63 50 49 9 10 59 39 27 
4 29 34 1 17 18 19 60 12 50 51 9 15 53 13 55 5 6 7 39 40 41 48 64 45 44 31 32 2 62 27 28 36 3 38 33 63 35 20 21 22 57 61 26 25 59 58 23 52 10 11 49 14 56 16 54 42 47 46 8 43 30 37 24 
5 30 14 17 6 20 21 46 49 2 10 52 33 15 36 37 18 39 40 1 22 42 58 8 24 61 9 27 62 11 12 31 34 53 54 3 38 56 4 41 57 7 23 43 64 25 26 47 28 29 50 32 13 55 63 16 19 44 45 59 48 51 35 60 
6 11 15 18 20 1 22 25 28 30 2 32 34 36 3 38 39 4 41 5 42 7 44 46 8 48 49 9 51 10 52 12 53 13 55 14 56 16 17 57 19 21 58 23 60 24 61 26 27 62 29 31 33 63 35 37 40 43 64 45 47 50 54 59 
7 12 16 19 21 22 1 26 29 31 32 2 35 37 38 3 40 41 4 42 5 6 45 47 48 8 50 51 9 52 10 11 54 55 13 56 14 15 57 17 18 20 59 60 23 61 24 25 62 27 28 30 63 33 34 36 39 64 43 44 46 49 53 58 
8 3 12 23 24 25 26 7 13 14 15 16 29 31 32 2 43 44 45 46 47 48 19 21 22 1 33 34 35 36 37 38 50 51 9 52 10 11 58 59 60 61 40 41 4 42 5 6 53 54 55 56 62 27 28 30 64 57 17 18 20 63 49 39 
9 41 44 2 27 28 29 35 22 57 19 18 25 58 23 60 10 11 12 49 50 51 16 54 55 13 42 7 6 40 39 4 46 8 48 43 64 45 30 31 32 62 37 38 3 63 33 34 21 20 1 17 24 61 26 59 52 56 14 15 53 5 47 36 
10 5 24 27 11 30 31 14 17 6 20 21 43 25 46 47 28 49 50 2 32 52 33 15 36 37 18 39 40 1 22 42 44 58 59 8 48 61 9 51 62 12 34 53 54 3 38 56 4 41 57 7 23 60 64 26 29 13 55 63 16 19 45 35 
11 1 25 28 30 2 32 3 4 5 6 7 44 46 8 48 49 9 51 10 52 12 13 14 15 16 17 18 19 20 21 22 58 23 60 24 61 26 27 62 29 31 33 34 35 36 37 38 39 40 41 42 43 64 45 47 50 53 54 55 56 57 59 63 
12 22 26 29 31 32 2 38 41 42 7 6 45 47 48 8 50 51 9 52 10 11 55 56 16 15 57 19 18 21 20 1 59 60 23 61 24 25 62 27 28 30 63 35 34 37 36 3 40 39 4 5 64 43 44 46 49 54 53 13 14 17 58 33 
13 60 41 3 33 34 35 9 48 64 45 44 22 57 19 18 14 15 16 53 54 55 2 27 28 29 61 26 25 59 58 23 42 7 6 40 39 4 36 37 38 63 10 11 12 49 50 51 47 46 8 43 21 20 1 17 56 30 31 32 62 24 5 52 
14 24 21 33 15 36 37 31 43 25 46 47 40 22 42 5 34 53 54 3 38 56 50 32 52 10 44 58 59 8 48 61 41 57 17 7 6 20 13 55 63 16 51 62 27 12 11 30 23 60 64 26 19 18 39 1 35 29 28 49 2 45 4 9 
15 8 22 34 36 3 38 12 23 24 25 26 41 42 7 6 53 13 55 14 56 16 29 31 32 2 43 44 45 46 47 48 57 19 18 21 20 1 33 63 35 37 50 51 9 52 10 11 58 59 60 61 40 39 4 5 54 62 27 28 30 64 17 49 
16 48 1 35 37 38 3 11 60 61 26 25 4 5 6 7 54 55 13 56 14 15 28 30 2 32 64 45 44 47 46 8 17 18 19 20 21 22 63 33 34 36 49 9 51 10 52 12 59 58 23 24 39 40 41 42 53 27 62 29 31 43 57 50 
17 62 53 5 18 39 40 59 52 29 50 49 36 13 33 63 6 20 21 4 41 57 47 60 64 43 12 31 30 51 9 27 3 14 56 34 35 54 1 22 42 19 48 61 24 45 44 58 32 2 10 28 15 16 37 55 7 26 25 46 23 11 38 8 
18 51 13 6 39 4 41 45 32 62 29 28 3 33 34 35 20 1 22 17 57 19 26 59 60 23 52 12 11 50 49 9 14 15 16 53 54 55 5 42 7 40 47 48 8 64 43 44 31 30 2 27 36 37 38 63 21 61 24 25 58 10 56 46 
19 9 55 7 40 41 4 44 2 27 28 29 38 63 35 34 21 22 1 57 17 18 25 58 23 60 10 11 12 49 50 51 56 16 15 54 53 13 42 5 6 39 46 8 48 43 64 45 30 31 32 62 37 36 3 33 20 24 61 26 59 52 14 47 
20 10 36 39 1 5 42 24 27 11 30 31 53 3 14 56 4 17 57 6 7 21 43 25 46 47 28 49 50 2 32 52 13 33 63 15 16 37 18 19 40 22 44 58 59 8 48 61 9 51 62 12 34 35 54 38 41 23 60 64 26 29 55 45 
21 52 37 40 22 42 5 61 62 12 31 30 54 38 56 14 41 57 17 7 6 20 64 26 47 46 29 50 49 32 2 10 55 63 33 16 15 36 19 18 39 1 45 59 58 48 8 24 51 9 27 11 35 34 53 3 4 60 23 43 25 28 13 44 
22 32 38 41 42 7 6 48 51 52 12 11 55 56 16 15 57 19 18 21 20 1 60 61 26 25 62 29 28 31 30 2 63 35 34 37 36 3 40 39 4 5 64 45 44 47 46 8 50 49 9 10 54 53 13 14 17 59 58 23 24 27 33 43 
23 35 51 8 43 44 45 18 16 54 55 13 32 62 29 28 24 25 26 58 59 60 6 39 4 41 37 38 3 63 33 34 52 12 11 50 49 9 46 47 48 64 20 1 22 17 57 19 56 14 15 53 31 30 2 27 61 5 42 7 40 36 10 21 
24 36 31 43 25 46 47 42 53 3 14 56 50 32 52 10 44 58 59 8 48 61 57 7 21 20 13 33 63 15 16 37 51 62 27 12 11 30 23 60 64 26 19 40 39 22 1 5 34 35 54 38 29 28 49 2 45 41 4 17 6 55 9 18 
25 15 32 44 46 8 48 22 34 36 3 38 51 52 12 11 58 23 60 24 61 26 41 42 7 6 53 13 55 14 56 16 62 29 28 31 30 2 43 64 45 47 57 19 18 21 20 1 33 63 35 37 50 49 9 10 59 40 39 4 5 54 27 17 
26 16 2 45 47 48 8 1 35 37 38 3 9 10 11 12 59 60 23 61 24 25 4 5 6 7 54 55 13 56 14 15 27 28 29 30 31 32 64 43 44 46 17 18 19 20 21 22 63 33 34 36 49 50 51 52 58 39 40 41 42 53 62 57 
27 40 58 10 28 49 50 63 21 41 57 17 46 23 43 64 11 30 31 9 51 62 56 35 54 53 22 42 5 19 18 39 8 24 61 44 45 59 2 32 52 29 16 37 36 55 13 33 7 6 20 4 25 26 47 60 12 38 3 14 34 1 48 15 
28 19 23 11 49 9 51 55 7 40 41 4 8 43 44 45 30 2 32 27 62 29 38 63 35 34 21 22 1 57 17 18 24 25 26 58 59 60 10 52 12 50 56 16 15 54 53 13 42 5 6 39 46 47 48 64 31 37 36 3 33 20 61 14 
29 18 60 12 50 51 9 13 6 39 4 41 48 64 45 44 31 32 2 62 27 28 3 33 34 35 20 1 22 17 57 19 61 26 25 59 58 23 52 10 11 49 14 15 16 53 54 55 5 42 7 40 47 46 8 43 30 36 37 38 63 21 24 56 
30 20 46 49 2 10 52 36 39 1 5 42 58 8 24 61 9 27 62 11 12 31 53 3 14 56 4 17 57 6 7 21 23 43 64 25 26 47 28 29 50 32 13 33 63 15 16 37 18 19 40 22 44 45 59 48 51 34 35 54 38 41 60 55 
31 21 47 50 32 52 10 37 40 22 42 5 59 48 61 24 51 62 27 12 11 30 54 38 56 14 41 57 17 7 6 20 60 64 43 26 25 46 29 28 49 2 55 63 33 16 15 36 19 18 39 1 45 44 58 8 9 35 34 53 3 4 23 13 
32 7 48 51 52 12 11 16 19 21 22 1 60 61 26 25 62 29 28 31 30 2 35 37 38 3 40 41 4 42 5 6 64 45 44 47 46 8 50 49 9 10 54 55 13 56 14 15 57 17 18 20 59 58 23 24 27 63 33 34 36 39 43 53 
33 59 57 14 34 53 54 49 47 60 64 43 42 19 40 39 15 36 37 13 55 63 30 9 27 62 48 61 24 45 44 58 7 21 20 41 4 17 3 38 56 35 2 10 52 28 29 50 26 25 46 23 22 1 5 18 16 11 12 31 51 8 6 32 
34 45 19 15 53 13 55 28 26 59 60 23 7 40 41 4 36 3 38 33 63 35 11 49 9 51 47 48 8 64 43 44 21 22 1 57 17 18 14 56 16 54 30 2 32 27 62 29 61 24 25 58 42 5 6 39 37 10 52 12 50 46 20 31 
35 44 18 16 54 55 13 29 25 58 23 60 6 39 4 41 37 38 3 63 33 34 12 50 51 9 46 8 48 43 64 45 20 1 22 17 57 19 56 14 15 53 31 32 2 62 27 28 24 61 26 59 5 42 7 40 36 52 10 11 49 47 21 30 
36 46 42 53 3 14 56 52 58 8 24 61 57 7 21 20 13 33 63 15 16 37 62 12 31 30 23 43 64 25 26 47 19 40 39 22 1 5 34 35 54 38 29 50 49 32 2 10 44 45 59 48 41 4 17 6 55 51 9 27 11 60 18 28 
37 47 5 54 38 56 14 10 59 48 61 24 17 6 20 21 55 63 33 16 15 36 27 11 30 31 60 64 43 26 25 46 18 39 40 1 22 42 35 34 53 3 28 49 50 2 32 52 45 44 58 8 4 41 57 7 13 9 51 62 12 23 19 29 
38 26 6 55 56 16 15 2 45 47 48 8 18 20 1 22 63 35 34 37 36 3 9 10 11 12 59 60 23 61 24 25 39 4 41 5 42 7 54 53 13 14 27 28 29 30 31 32 64 43 44 46 17 57 19 21 33 49 50 51 52 58 40 62 
39 50 33 20 4 17 57 64 31 51 62 27 14 34 53 54 1 5 42 18 19 40 61 45 59 58 32 52 10 29 28 49 15 36 37 13 55 63 6 7 21 41 26 47 46 60 23 43 12 11 30 9 3 38 56 35 22 48 8 24 44 2 16 25 
40 49 63 21 41 57 17 43 30 9 27 62 56 35 54 53 22 42 5 19 18 39 24 44 58 59 2 10 52 28 29 50 16 37 36 55 13 33 7 6 20 4 25 46 47 23 60 64 11 12 31 51 38 3 14 34 1 8 48 61 45 32 15 26 
41 28 35 22 57 19 18 23 11 49 9 51 16 54 55 13 42 7 6 40 39 4 8 43 44 45 30 2 32 27 62 29 37 38 3 63 33 34 21 20 1 17 24 25 26 58 59 60 10 52 12 50 56 14 15 53 5 46 47 48 64 31 36 61 
42 31 56 57 7 21 20 47 50 32 52 10 63 16 37 36 19 40 39 22 1 5 59 48 61 24 51 62 27 12 11 30 35 54 53 38 3 14 41 4 17 6 60 64 43 26 25 46 29 28 49 2 55 13 33 15 18 45 44 58 8 9 34 23 
43 63 62 24 44 58 59 17 56 35 54 53 52 29 50 49 25 46 47 23 60 64 5 18 39 40 16 37 36 55 13 33 12 31 30 51 9 27 8 48 61 45 6 20 21 4 41 57 38 3 14 34 32 2 10 28 26 1 22 42 19 15 11 7 
44 55 29 25 58 23 60 4 38 63 35 34 12 50 51 9 46 8 48 43 64 45 1 17 18 19 56 16 15 54 53 13 31 32 2 62 27 28 24 61 26 59 5 6 7 39 40 41 37 36 3 33 52 10 11 49 47 20 21 22 57 14 30 42 
45 13 28 26 59 60 23 41 3 33 34 35 11 49 9 51 47 48 8 64 43 44 22 57 19 18 14 15 16 53 54 55 30 2 32 27 62 29 61 24 25 58 42 7 6 40 39 4 36 37 38 63 10 52 12 50 46 21 20 1 17 56 31 5 
46 14 52 58 8 24 61 21 33 15 36 37 62 12 31 30 23 43 64 25 26 47 40 22 42 5 34 53 54 3 38 56 29 50 49 32 2 10 44 45 59 48 41 57 17 7 6 20 13 55 63 16 51 9 27 11 60 19 18 39 1 35 28 4 
47 56 10 59 48 61 24 20 63 16 37 36 27 11 30 31 60 64 43 26 25 46 39 1 5 42 35 54 53 38 3 14 28 49 50 2 32 52 45 44 58 8 4 17 57 6 7 21 55 13 33 15 9 51 62 12 23 18 19 40 22 34 29 41 
48 38 11 60 61 26 25 6 55 56 16 15 28 30 2 32 64 45 44 47 46 8 18 20 1 22 63 35 34 37 36 3 49 9 51 10 52 12 59 58 23 24 39 4 41 5 42 7 54 53 13 14 27 62 29 31 43 17 57 19 21 33 50 40 
49 57 43 30 9 27 62 54 42 19 40 39 24 44 58 59 2 10 52 28 29 50 37 55 63 33 7 21 20 41 4 17 25 46 47 23 60 64 11 12 31 51 38 56 14 35 34 53 22 1 5 18 8 48 61 45 32 16 15 36 13 6 26 3 
50 17 64 31 51 62 27 53 5 18 39 40 61 45 59 58 32 52 10 29 28 49 36 13 33 63 6 20 21 4 41 57 26 47 46 60 23 43 12 11 30 9 3 14 56 34 35 54 1 22 42 19 48 8 24 44 2 15 16 37 55 7 25 38 
51 4 45 32 62 29 28 34 1 17 18 19 26 59 60 23 52 12 11 50 49 9 15 53 13 55 5 6 7 39 40 41 47 48 8 64 43 44 31 30 2 27 36 3 38 33 63 35 20 21 22 57 61 24 25 58 10 14 56 16 54 42 46 37 
52 42 61 62 12 31 30 56 57 7 21 20 64 26 47 46 29 50 49 32 2 10 63 16 37 36 19 40 39 22 1 5 45 59 58 48 8 24 51 9 27 11 35 54 53 38 3 14 41 4 17 6 60 23 43 25 28 55 13 33 15 18 44 34 
53 64 40 36 13 33 63 27 61 45 59 58 21 41 57 17 3 14 56 34 35 54 10 28 49 50 26 47 46 60 23 43 22 42 5 19 18 39 15 16 37 55 11 30 31 9 51 62 48 8 24 44 7 6 20 4 38 2 32 52 29 25 1 12 
54 43 39 37 55 63 33 62 24 44 58 59 20 4 17 57 38 56 14 35 34 53 52 29 50 49 25 46 47 23 60 64 1 5 42 18 19 40 16 15 36 13 12 31 30 51 9 27 8 48 61 45 6 7 21 41 3 32 2 10 28 26 22 11 
55 23 4 38 63 35 34 51 8 43 44 45 1 17 18 19 56 16 15 54 53 13 32 62 29 28 24 25 26 58 59 60 5 6 7 39 40 41 37 36 3 33 52 12 11 50 49 9 46 47 48 64 20 21 22 57 14 31 30 2 27 61 42 10 
56 61 20 63 16 37 36 30 64 26 47 46 39 1 5 42 35 54 53 38 3 14 49 2 10 52 45 59 58 48 8 24 4 17 57 6 7 21 55 13 33 15 9 27 62 11 12 31 60 23 43 25 18 19 40 22 34 28 29 50 32 44 41 51 
57 27 54 42 19 40 39 58 10 28 49 50 37 55 63 33 7 21 20 41 4 17 46 23 43 64 11 30 31 9 51 62 38 56 14 35 34 53 22 1 5 18 8 24 61 44 45 59 2 32 52 29 16 15 36 13 6 25 26 47 60 12 3 48 
58 54 50 46 23 43 64 39 37 55 63 33 31 51 62 27 8 24 61 44 45 59 20 4 17 57 38 56 14 35 34 53 32 52 10 29 28 49 25 26 47 60 1 5 42 18 19 40 16 15 36 13 12 11 30 9 48 6 7 21 41 3 2 22 
59 53 49 47 60 64 43 40 36 13 33 63 30 9 27 62 48 61 24 45 44 58 21 41 57 17 3 14 56 34 35 54 2 10 52 28 29 50 26 25 46 23 22 42 5 19 18 39 15 16 37 55 11 12 31 51 8 7 6 20 4 38 32 1 
60 34 9 48 64 45 44 19 15 53 13 55 2 27 28 29 61 26 25 59 58 23 7 40 41 4 36 3 38 33 63 35 10 11 12 49 50 51 47 46 8 43 21 22 1 57 17 18 14 56 16 54 30 31 32 62 24 42 5 6 39 37 52 20 
61 37 30 64 26 47 46 5 54 38 56 14 49 2 10 52 45 59 58 48 8 24 17 6 20 21 55 63 33 16 15 36 9 27 62 11 12 31 60 23 43 25 18 39 40 1 22 42 35 34 53 3 28 29 50 32 44 4 41 57 7 13 51 19 
62 39 59 52 29 50 49 33 20 4 17 57 47 60 64 43 12 31 30 51 9 27 14 34 53 54 1 5 42 18 19 40 48 61 24 45 44 58 32 2 10 28 15 36 37 13 55 63 6 7 21 41 26 25 46 23 11 3 38 56 35 22 8 16 
63 58 17 56 35 54 53 50 46 23 43 64 5 18 39 40 16 37 36 55 13 33 31 51 62 27 8 24 61 44 45 59 6 20 21 4 41 57 38 3 14 34 32 52 10 29 28 49 25 26 47 60 1 22 42 19 15 12 11 30 9 48 7 2 
64 33 27 61 45 59 58 57 14 34 53 54 10 28 49 50 26 47 46 60 23 43 42 19 40 39 15 36 37 13 55 63 11 30 31 9 51 62 48 8 24 44 7 21 20 41 4 17 3 38 56 35 2 32 52 29 25 22 1 5 18 16 12 6 
1
0 1 

1 4 
1 
6 
7 
22 
2 8 
1 6 
1 7 
1 22 
5 20 
6 7 
6 22 
7 22 
21 42 
3 12 
1 5 20 
1 6 7 
1 6 22 
1 7 22 
1 21 42 
5 6 20 
5 7 20 
5 20 22 
6 7 22 
6 21 42 
7 21 42 
21 22 42 
4 14 
1 5 6 20 
1 5 7 20 
1 5 20 22 
1 6 7 22 
1 6 21 42 
1 7 21 42 
1 21 22 42 
5 6 7 20 
5 6 20 22 
5 7 20 22 
5 20 21 42 
6 7 21 42 
6 21 22 42 
7 21 22 42 
5 12 
1 5 6 7 20 
1 5 6 20 22 
1 5 7 20 22 
1 5 20 21 42 
1 6 7 21 42 
1 6 21 22 42 
1 7 21 22 42 
5 6 7 20 22 
5 6 20 21 42 
5 7 20 21 42 
5 20 21 22 42 
6 7 21 22 42 
6 8 
1 5 6 7 20 22 
1 5 6 20 21 42 
1 5 7 20 21 42 
1 5 20 21 22 42 
1 6 7 21 22 42 
5 6 7 20 21 42 
5 6 20 21 22 42 
5 7 20 21 22 42 
7 4 
1 5 6 7 20 21 42 
1 5 6 20 21 22 42 
1 5 7 20 21 22 42 
5 6 7 20 21 22 42 
8 1 
1 5 6 7 20 21 22 42 
2
0 1 

1 1 

2 4 
2 11 
10 30 
12 32 
31 52 
3 1 

4 6 
2 10 11 30 
2 11 12 32 
2 11 31 52 
10 12 30 32 
10 30 31 52 
12 31 32 52 
5 1 

6 4 
2 10 11 12 30 32 
2 10 11 30 31 52 
2 11 12 31 32 52 
10 12 30 31 32 52 
7 1 

8 1 
2 10 11 12 30 31 32 52 
3
0 1 

1 1 

2 4 
3 16 
14 56 
15 38 
36 37 
3 1 

4 6 
3 14 16 56 
3 15 16 38 
3 16 36 37 
14 15 38 56 
14 36 37 56 
15 36 37 38 
5 1 

6 4 
3 14 15 16 38 56 
3 14 16 36 37 56 
3 15 16 36 37 38 
14 15 36 37 38 56 
7 1 

8 1 
3 14 15 16 36 37 38 56 
4
0 1 

1 4 
4 
18 
19 
41 
2 8 
4 18 
4 19 
4 41 
17 39 
18 19 
18 41 
19 41 
40 57 
3 12 
4 17 39 
4 18 19 
4 18 41 
4 19 41 
4 40 57 
17 18 39 
17 19 39 
17 39 41 
18 19 41 
18 40 57 
19 40 57 
40 41 57 
4 14 
4 17 18 39 
4 17 19 39 
4 17 39 41 
4 18 19 41 
4 18 40 57 
4 19 40 57 
4 40 41 57 
17 18 19 39 
17 18 39 41 
17 19 39 41 
17 39 40 57 
18 19 40 57 
18 40 41 57 
19 40 41 57 
5 12 
4 17 18 19 39 
4 17 18 39 41 
4 17 19 39 41 
4 17 39 40 57 
4 18 19 40 57 
4 18 40 41 57 
4 19 40 41 57 
17 18 19 39 41 
17 18 39 40 57 
17 19 39 40 57 
17 39 40 41 57 
18 19 40 41 57 
6 8 
4 17 18 19 39 41 
4 17 18 39 40 57 
4 17 19 39 40 57 
4 17 39 40 41 57 
4 18 19 40 41 57 
17 18 19 39 40 57 
17 18 39 40 41 57 
17 19 39 40 41 57 
7 4 
4 17 18 19 39 40 57 
4 17 18 39 40 41 57 
4 17 19 39 40 41 57 
17 18 19 39 40 41 57 
8 1 
4 17 18 19 39 40 41 57 
5
0 1 

1 1 

2 4 
8 26 
24 47 
25 48 
46 61 
3 1 

4 6 
8 24 26 47 
8 25 26 48 
8 26 46 61 
24 25 47 48 
24 46 47 61 
25 46 48 61 
5 1 

6 4 
8 24 25 26 47 48 
8 24 26 46 47 61 
8 25 26 46 48 61 
24 25 46 47 48 61 
7 1 

8 1 
8 24 25 26 46 47 48 61 
6
0 1 

1 1 

2 4 
9 51 
27 62 
28 29 
49 50 
3 1 

4 6 
9 27 51 62 
9 28 29 51 
9 49 50 51 
27 28 29 62 
27 49 50 62 
28 29 49 50 
5 1 

6 4 
9 27 28 29 51 62 
9 27 49 50 51 62 
9 28 29 49 50 51 
27 28 29 49 50 62 
7 1 

8 1 
9 27 28 29 49 50 51 62 
7
0 1 

1 1 

2 4 
13 55 
33 54 
34 35 
53 63 
3 1 

4 6 
13 33 54 55 
13 34 35 55 
13 53 55 63 
33 34 35 54 
33 53 54 63 
34 35 53 63 
5 1 

6 4 
13 33 34 35 54 55 
13 33 53 54 55 63 
13 34 35 53 55 63 
33 34 35 53 54 63 
7 1 

8 1 
13 33 34 35 53 54 55 63 
8
0 1 

1 1 

2 4 
23 44 
43 58 
45 60 
59 64 
3 1 

4 6 
23 43 44 58 
23 44 45 60 
23 44 59 64 
43 45 58 60 
43 58 59 64 
45 59 60 64 
5 1 

6 4 
23 43 44 45 58 60 
23 43 44 58 59 64 
23 44 45 59 60 64 
43 45 58 59 60 64 
7 1 

8 1 
23 43 44 45 58 59 60 64 
