//Table for grp 66:
57
0 0 2 2 4 4 2 4 
0 0 2 4 4 2 4 2 
0 0 4 2 2 4 4 2 
0 0 4 4 2 2 2 4 
0 2 0 2 4 2 4 4 
0 2 0 4 4 4 2 2 
0 2 2 0 2 4 4 4 
0 2 2 2 2 2 2 6 
0 2 2 2 2 2 6 2 
0 2 2 2 2 6 2 2 
0 2 2 2 6 2 2 2 
0 2 2 4 2 0 4 4 
0 2 2 4 2 4 0 4 
0 2 2 4 2 4 4 0 
0 2 2 6 2 2 2 2 
0 2 4 0 4 4 2 2 
0 2 4 2 0 2 4 4 
0 2 4 2 4 2 0 4 
0 2 4 2 4 2 4 0 
0 2 4 4 0 4 2 2 
0 2 4 4 4 0 2 2 
0 2 6 2 2 2 2 2 
0 4 0 2 2 4 4 2 
0 4 0 4 2 2 2 4 
0 4 2 0 4 2 4 2 
0 4 2 2 0 4 2 4 
0 4 2 2 4 0 2 4 
0 4 2 2 4 4 2 0 
0 4 2 4 0 2 4 2 
0 4 2 4 4 2 0 2 
0 4 4 0 2 2 2 4 
0 4 4 2 2 0 4 2 
0 4 4 2 2 4 0 2 
0 4 4 4 2 2 2 0 
0 6 2 2 2 2 2 2 
2 0 2 2 2 2 4 4 
2 0 2 4 2 4 2 2 
2 0 4 2 4 2 2 2 
2 2 0 2 2 4 2 4 
2 2 0 4 2 2 4 2 
2 2 2 0 4 2 2 4 
2 2 2 2 0 4 4 2 
2 2 2 2 4 0 4 2 
2 2 2 2 4 4 0 2 
2 2 2 4 0 2 2 4 
2 2 2 4 4 2 2 0 
2 2 4 0 2 2 4 2 
2 2 4 2 2 0 2 4 
2 2 4 2 2 4 2 0 
2 2 4 4 2 2 0 2 
2 4 0 2 4 2 2 2 
2 4 2 0 2 4 2 2 
2 4 2 2 2 2 0 4 
2 4 2 2 2 2 4 0 
2 4 2 4 2 0 2 2 
2 4 4 2 0 2 2 2 
4 2 2 2 2 2 2 2 
1 2 3 4 5 6 7 8 9 10 11 12 13 14 15 16 17 18 19 20 21 22 23 24 25 26 27 28 29 30 31 32 33 34 35 36 37 38 39 40 41 42 43 44 45 46 47 48 49 50 51 52 53 54 55 56 57 58 59 60 61 62 63 64 
2 7 8 9 10 11 12 16 19 21 22 1 23 24 25 26 27 28 29 30 31 32 35 37 38 3 40 41 4 42 5 6 43 44 45 46 47 48 49 50 51 52 54 55 13 56 14 15 57 17 18 20 58 59 60 61 62 63 33 34 36 39 64 53 
3 24 7 13 14 15 16 31 43 8 46 47 19 21 22 1 33 34 35 36 37 38 50 12 52 10 23 58 59 25 26 61 40 41 4 42 5 6 53 54 55 56 29 62 27 32 2 30 44 45 64 48 57 17 18 20 63 51 9 49 11 60 39 28 
4 28 13 1 17 18 19 44 11 49 9 51 3 33 34 35 5 6 7 39 40 41 25 58 23 60 30 2 32 27 62 29 14 15 16 53 54 55 20 21 22 57 46 8 48 43 64 45 10 52 12 50 36 37 38 63 42 24 61 26 59 31 56 47 
5 10 14 17 1 20 21 24 27 2 30 31 33 3 36 37 4 39 40 6 7 42 43 8 46 47 9 49 50 11 12 52 13 53 54 15 16 56 18 19 57 22 23 58 59 25 26 61 28 29 62 32 34 35 63 38 41 44 45 64 48 51 55 60 
6 11 15 18 20 1 22 25 28 30 2 32 34 36 3 38 39 4 41 5 42 7 44 46 8 48 49 9 51 10 52 12 53 13 55 14 56 16 17 57 19 21 58 23 60 24 61 26 27 62 29 31 33 63 35 37 40 43 64 45 47 50 54 59 
7 12 16 19 21 22 1 26 29 31 32 2 35 37 38 3 40 41 4 42 5 6 45 47 48 8 50 51 9 52 10 11 54 55 13 56 14 15 57 17 18 20 59 60 23 61 24 25 62 27 28 30 63 33 34 36 39 64 43 44 46 49 53 58 
8 37 12 23 24 25 26 5 54 16 56 14 29 31 32 2 43 44 45 46 47 48 17 1 20 21 35 63 33 38 3 36 50 51 9 52 10 11 58 59 60 61 4 39 40 6 7 42 55 13 53 15 62 27 28 30 64 18 19 57 22 34 49 41 
9 41 23 2 27 28 29 55 22 57 19 18 8 43 44 45 10 11 12 49 50 51 38 63 35 34 42 7 6 40 39 4 24 25 26 58 59 60 30 31 32 62 56 16 15 54 53 13 21 20 1 17 46 47 48 64 52 37 36 3 33 5 61 14 
10 21 24 27 2 30 31 37 40 7 42 5 43 8 46 47 9 49 50 11 12 52 54 16 56 14 19 57 17 22 1 20 23 58 59 25 26 61 28 29 62 32 35 63 33 38 3 36 41 4 39 6 44 45 64 48 51 55 13 53 15 18 60 34 
11 22 25 28 30 2 32 38 41 42 7 6 44 46 8 48 49 9 51 10 52 12 55 56 16 15 57 19 18 21 20 1 58 23 60 24 61 26 27 62 29 31 63 35 34 37 36 3 40 39 4 5 43 64 45 47 50 54 53 13 14 17 59 33 
12 1 26 29 31 32 2 3 4 5 6 7 45 47 48 8 50 51 9 52 10 11 13 14 15 16 17 18 19 20 21 22 59 60 23 61 24 25 62 27 28 30 33 34 35 36 37 38 39 40 41 42 64 43 44 46 49 53 54 55 56 57 58 63 
13 58 19 3 33 34 35 62 46 44 43 64 7 40 41 4 14 15 16 53 54 55 52 51 50 49 25 24 61 23 60 59 21 22 1 57 17 18 36 37 38 63 32 31 30 29 28 27 8 48 47 45 42 5 6 39 56 12 11 10 9 26 20 2 
14 8 21 33 3 36 37 12 23 24 25 26 40 7 42 5 13 53 54 15 16 56 29 31 32 2 43 44 45 46 47 48 19 57 17 22 1 20 34 35 63 38 50 51 9 52 10 11 58 59 60 61 41 4 39 6 55 62 27 28 30 64 18 49 
15 46 22 34 36 3 38 52 58 25 24 61 41 42 7 6 53 13 55 14 56 16 62 32 31 30 44 43 64 8 48 47 57 19 18 21 20 1 33 63 35 37 51 50 49 12 11 10 23 60 59 26 40 39 4 5 54 29 28 27 2 45 17 9 
16 47 1 35 37 38 3 10 59 26 61 24 4 5 6 7 54 55 13 56 14 15 27 2 30 31 45 64 43 48 8 46 17 18 19 20 21 22 63 33 34 36 9 49 50 11 12 52 60 23 58 25 39 40 41 42 53 28 29 62 32 44 57 51 
17 49 33 5 4 39 40 58 30 28 27 62 14 13 53 54 1 20 21 18 19 57 46 44 43 64 11 10 52 9 51 50 3 36 37 34 35 63 6 7 42 41 25 24 61 23 60 59 2 32 31 29 15 16 56 55 22 8 48 47 45 12 38 26 
18 9 34 6 39 4 41 23 2 27 28 29 15 53 13 55 20 1 22 17 57 19 8 43 44 45 10 11 12 49 50 51 36 3 38 33 63 35 5 42 7 40 24 25 26 58 59 60 30 31 32 62 14 56 16 54 21 46 47 48 64 52 37 61 
19 51 35 7 40 41 4 60 32 62 29 28 16 54 55 13 21 22 1 57 17 18 48 64 45 44 52 12 11 50 49 9 37 38 3 63 33 34 42 5 6 39 61 26 25 59 58 23 31 30 2 27 56 14 15 53 20 47 46 8 43 10 36 24 
20 30 36 39 6 5 42 46 49 11 10 52 53 15 14 56 18 17 57 1 22 21 58 25 24 61 28 27 62 2 32 31 34 33 63 3 38 37 4 41 40 7 44 43 64 8 48 47 9 51 50 12 13 55 54 16 19 23 60 59 26 29 35 45 
21 31 37 40 7 42 5 47 50 12 52 10 54 16 56 14 19 57 17 22 1 20 59 26 61 24 29 62 27 32 2 30 35 63 33 38 3 36 41 4 39 6 45 64 43 48 8 46 51 9 49 11 55 13 53 15 18 60 23 58 25 28 34 44 
22 32 38 41 42 7 6 48 51 52 12 11 55 56 16 15 57 19 18 21 20 1 60 61 26 25 62 29 28 31 30 2 63 35 34 37 36 3 40 39 4 5 64 45 44 47 46 8 50 49 9 10 54 53 13 14 17 59 58 23 24 27 33 43 
23 63 29 8 43 44 45 39 56 55 54 53 12 50 51 9 24 25 26 58 59 60 20 18 17 57 38 37 36 35 34 33 31 32 2 62 27 28 46 47 48 64 6 5 42 4 41 40 16 15 14 13 52 10 11 49 61 1 22 21 19 3 30 7 
24 16 31 43 8 46 47 1 35 37 38 3 50 12 52 10 23 58 59 25 26 61 4 5 6 7 54 55 13 56 14 15 29 62 27 32 2 30 44 45 64 48 17 18 19 20 21 22 63 33 34 36 51 9 49 11 60 39 40 41 42 53 28 57 
25 56 32 44 46 8 48 20 63 38 37 36 51 52 12 11 58 23 60 24 61 26 39 6 5 42 55 54 53 16 15 14 62 29 28 31 30 2 43 64 45 47 18 17 57 1 22 21 35 34 33 3 50 49 9 10 59 4 41 40 7 13 27 19 
26 14 2 45 47 48 8 21 33 3 36 37 9 10 11 12 59 60 23 61 24 25 40 7 42 5 13 53 54 15 16 56 27 28 29 30 31 32 64 43 44 46 19 57 17 22 1 20 34 35 63 38 49 50 51 52 58 41 4 39 6 55 62 18 
27 57 43 10 9 49 50 63 42 41 40 39 24 23 58 59 2 30 31 28 29 62 56 55 54 53 22 21 20 19 18 17 8 46 47 44 45 64 11 12 52 51 38 37 36 35 34 33 7 6 5 4 25 26 61 60 32 16 15 14 13 1 48 3 
28 19 44 11 49 9 51 35 7 40 41 4 25 58 23 60 30 2 32 27 62 29 16 54 55 13 21 22 1 57 17 18 46 8 48 43 64 45 10 52 12 50 37 38 3 63 33 34 42 5 6 39 24 61 26 59 31 56 14 15 53 20 47 36 
29 18 45 12 50 51 9 34 6 39 4 41 26 59 60 23 31 32 2 62 27 28 15 53 13 55 20 1 22 17 57 19 47 48 8 64 43 44 52 10 11 49 36 3 38 33 63 35 5 42 7 40 61 24 25 58 30 14 56 16 54 21 46 37 
30 42 46 49 11 10 52 56 57 22 21 20 58 25 24 61 28 27 62 2 32 31 63 38 37 36 41 40 39 7 6 5 44 43 64 8 48 47 9 51 50 12 55 54 53 16 15 14 19 18 17 1 23 60 59 26 29 35 34 33 3 4 45 13 
31 5 47 50 12 52 10 14 17 1 20 21 59 26 61 24 29 62 27 32 2 30 33 3 36 37 4 39 40 6 7 42 45 64 43 48 8 46 51 9 49 11 13 53 54 15 16 56 18 19 57 22 60 23 58 25 28 34 35 63 38 41 44 55 
32 6 48 51 52 12 11 15 18 20 1 22 60 61 26 25 62 29 28 31 30 2 34 36 3 38 39 4 41 5 42 7 64 45 44 47 46 8 50 49 9 10 53 13 55 14 56 16 17 57 19 21 59 58 23 24 27 33 63 35 37 40 43 54 
33 44 40 14 13 53 54 51 25 58 23 60 21 19 57 17 3 36 37 34 35 63 32 62 29 28 46 8 48 43 64 45 7 42 5 41 4 39 15 16 56 55 52 12 11 50 49 9 24 61 26 59 22 1 20 18 38 31 30 2 27 47 6 10 
34 43 41 15 53 13 55 50 24 23 58 59 22 57 19 18 36 3 38 33 63 35 31 29 62 27 8 46 47 44 45 64 42 7 6 40 39 4 14 56 16 54 12 52 10 51 9 49 25 26 61 60 21 20 1 17 37 32 2 30 28 48 5 11 
35 64 4 16 54 55 13 49 61 60 59 58 1 17 18 19 37 38 3 63 33 34 30 28 27 62 48 47 46 45 44 43 5 6 7 39 40 41 56 14 15 53 11 10 52 9 51 50 26 25 24 23 20 21 22 57 36 2 32 31 29 8 42 12 
36 25 42 53 15 14 56 32 44 46 8 48 57 22 21 20 34 33 63 3 38 37 51 52 12 11 58 23 60 24 61 26 41 40 39 7 6 5 13 55 54 16 62 29 28 31 30 2 43 64 45 47 19 18 17 1 35 50 49 9 10 59 4 27 
37 26 5 54 16 56 14 2 45 47 48 8 17 1 20 21 35 63 33 38 3 36 9 10 11 12 59 60 23 61 24 25 4 39 40 6 7 42 55 13 53 15 27 28 29 30 31 32 64 43 44 46 18 19 57 22 34 49 50 51 52 58 41 62 
38 61 6 55 56 16 15 30 64 48 47 46 18 20 1 22 63 35 34 37 36 3 49 11 10 52 60 59 58 26 25 24 39 4 41 5 42 7 54 53 13 14 28 27 62 2 32 31 45 44 43 8 17 57 19 21 33 9 51 50 12 23 40 29 
39 27 53 20 18 17 57 43 10 9 49 50 36 34 33 63 6 5 42 4 41 40 24 23 58 59 2 30 31 28 29 62 15 14 56 13 55 54 1 22 21 19 8 46 47 44 45 64 11 12 52 51 3 38 37 35 7 25 26 61 60 32 16 48 
40 62 54 21 19 57 17 64 52 51 50 49 37 35 63 33 7 42 5 41 4 39 61 60 59 58 32 31 30 29 28 27 16 56 14 55 13 53 22 1 20 18 48 47 46 45 44 43 12 11 10 9 38 3 36 34 6 26 25 24 23 2 15 8 
41 29 55 22 57 19 18 45 12 50 51 9 38 63 35 34 42 7 6 40 39 4 26 59 60 23 31 32 2 62 27 28 56 16 15 54 53 13 21 20 1 17 47 48 8 64 43 44 52 10 11 49 37 36 3 33 5 61 24 25 58 30 14 46 
42 52 56 57 22 21 20 61 62 32 31 30 63 38 37 36 41 40 39 7 6 5 64 48 47 46 51 50 49 12 11 10 55 54 53 16 15 14 19 18 17 1 60 59 58 26 25 24 29 28 27 2 35 34 33 3 4 45 44 43 8 9 13 23 
43 55 50 24 23 58 59 18 38 63 35 34 31 29 62 27 8 46 47 44 45 64 6 39 4 41 56 16 15 54 53 13 12 52 10 51 9 49 25 26 61 60 20 1 22 17 57 19 37 36 3 33 32 2 30 28 48 5 42 7 40 14 11 21 
44 54 51 25 58 23 60 17 37 35 63 33 32 62 29 28 46 8 48 43 64 45 5 4 39 40 16 56 14 55 13 53 52 12 11 50 49 9 24 61 26 59 1 20 21 18 19 57 38 3 36 34 31 30 2 27 47 6 7 42 41 15 10 22 
45 53 9 26 59 60 23 57 36 34 33 63 2 27 28 29 47 48 8 64 43 44 42 41 40 39 15 14 56 13 55 54 10 11 12 49 50 51 61 24 25 58 22 21 20 19 18 17 3 38 37 35 30 31 32 62 46 7 6 5 4 16 52 1 
46 38 52 58 25 24 61 6 55 56 16 15 62 32 31 30 44 43 64 8 48 47 18 20 1 22 63 35 34 37 36 3 51 50 49 12 11 10 23 60 59 26 39 4 41 5 42 7 54 53 13 14 29 28 27 2 45 17 57 19 21 33 9 40 
47 3 10 59 26 61 24 7 13 14 15 16 27 2 30 31 45 64 43 48 8 46 19 21 22 1 33 34 35 36 37 38 9 49 50 11 12 52 60 23 58 25 40 41 4 42 5 6 53 54 55 56 28 29 62 32 44 57 17 18 20 63 51 39 
48 36 11 60 61 26 25 42 53 15 14 56 28 30 2 32 64 45 44 47 46 8 57 22 21 20 34 33 63 3 38 37 49 9 51 10 52 12 59 58 23 24 41 40 39 7 6 5 13 55 54 16 27 62 29 31 43 19 18 17 1 35 50 4 
49 40 58 30 28 27 62 54 21 19 57 17 46 44 43 64 11 10 52 9 51 50 37 35 63 33 7 42 5 41 4 39 25 24 61 23 60 59 2 32 31 29 16 56 14 55 13 53 22 1 20 18 8 48 47 45 12 38 3 36 34 6 26 15 
50 39 59 31 29 62 27 53 20 18 17 57 47 45 64 43 12 52 10 51 9 49 36 34 33 63 6 5 42 4 41 40 26 61 24 60 23 58 32 2 30 28 15 14 56 13 55 54 1 22 21 19 48 8 46 44 11 3 38 37 35 7 25 16 
51 4 60 32 62 29 28 13 1 17 18 19 48 64 45 44 52 12 11 50 49 9 3 33 34 35 5 6 7 39 40 41 61 26 25 59 58 23 31 30 2 27 14 15 16 53 54 55 20 21 22 57 47 46 8 43 10 36 37 38 63 42 24 56 
52 20 61 62 32 31 30 36 39 6 5 42 64 48 47 46 51 50 49 12 11 10 53 15 14 56 18 17 57 1 22 21 60 59 58 26 25 24 29 28 27 2 34 33 63 3 38 37 4 41 40 7 45 44 43 8 9 13 55 54 16 19 23 35 
53 23 57 36 34 33 63 29 8 43 44 45 42 41 40 39 15 14 56 13 55 54 12 50 51 9 24 25 26 58 59 60 22 21 20 19 18 17 3 38 37 35 31 32 2 62 27 28 46 47 48 64 7 6 5 4 16 52 10 11 49 61 1 30 
54 60 17 37 35 63 33 28 48 64 45 44 5 4 39 40 16 56 14 55 13 53 11 49 9 51 61 26 25 59 58 23 1 20 21 18 19 57 38 3 36 34 30 2 32 27 62 29 47 46 8 43 6 7 42 41 15 10 52 12 50 24 22 31 
55 59 18 38 63 35 34 27 47 45 64 43 6 39 4 41 56 16 15 54 53 13 10 9 49 50 26 61 24 60 23 58 20 1 22 17 57 19 37 36 3 33 2 30 31 28 29 62 48 8 46 44 5 42 7 40 14 11 12 52 51 25 21 32 
56 48 20 63 38 37 36 11 60 61 26 25 39 6 5 42 55 54 53 16 15 14 28 30 2 32 64 45 44 47 46 8 18 17 57 1 22 21 35 34 33 3 49 9 51 10 52 12 59 58 23 24 4 41 40 7 13 27 62 29 31 43 19 50 
57 50 63 42 41 40 39 59 31 29 62 27 56 55 54 53 22 21 20 19 18 17 47 45 64 43 12 52 10 51 9 49 38 37 36 35 34 33 7 6 5 4 26 61 24 60 23 58 32 2 30 28 16 15 14 13 1 48 8 46 44 11 3 25 
58 35 62 46 44 43 64 4 16 54 55 13 52 51 50 49 25 24 61 23 60 59 1 17 18 19 37 38 3 63 33 34 32 31 30 29 28 27 8 48 47 45 5 6 7 39 40 41 56 14 15 53 12 11 10 9 26 20 21 22 57 36 2 42 
59 34 27 47 45 64 43 41 15 53 13 55 10 9 49 50 26 61 24 60 23 58 22 57 19 18 36 3 38 33 63 35 2 30 31 28 29 62 48 8 46 44 42 7 6 40 39 4 14 56 16 54 11 12 52 51 25 21 20 1 17 37 32 5 
60 33 28 48 64 45 44 40 14 13 53 54 11 49 9 51 61 26 25 59 58 23 21 19 57 17 3 36 37 34 35 63 30 2 32 27 62 29 47 46 8 43 7 42 5 41 4 39 15 16 56 55 10 52 12 50 24 22 1 20 18 38 31 6 
61 15 30 64 48 47 46 22 34 36 3 38 49 11 10 52 60 59 58 26 25 24 41 42 7 6 53 13 55 14 56 16 28 27 62 2 32 31 45 44 43 8 57 19 18 21 20 1 33 63 35 37 9 51 50 12 23 40 39 4 5 54 29 17 
62 17 64 52 51 50 49 33 5 4 39 40 61 60 59 58 32 31 30 29 28 27 14 13 53 54 1 20 21 18 19 57 48 47 46 45 44 43 12 11 10 9 3 36 37 34 35 63 6 7 42 41 26 25 24 23 2 15 16 56 55 22 8 38 
63 45 39 56 55 54 53 9 26 59 60 23 20 18 17 57 38 37 36 35 34 33 2 27 28 29 47 48 8 64 43 44 6 5 42 4 41 40 16 15 14 13 10 11 12 49 50 51 61 24 25 58 1 22 21 19 3 30 31 32 62 46 7 52 
64 13 49 61 60 59 58 19 3 33 34 35 30 28 27 62 48 47 46 45 44 43 7 40 41 4 14 15 16 53 54 55 11 10 52 9 51 50 26 25 24 23 21 22 1 57 17 18 36 37 38 63 2 32 31 29 8 42 5 6 39 56 12 20 
1
0 1 

1 8 
1 
5 
6 
7 
20 
21 
22 
42 
2 28 
1 5 
1 6 
1 7 
1 20 
1 21 
1 22 
1 42 
5 6 
5 7 
5 20 
5 21 
5 22 
5 42 
6 7 
6 20 
6 21 
6 22 
6 42 
7 20 
7 21 
7 22 
7 42 
20 21 
20 22 
20 42 
21 22 
21 42 
22 42 
3 56 
1 5 6 
1 5 7 
1 5 20 
1 5 21 
1 5 22 
1 5 42 
1 6 7 
1 6 20 
1 6 21 
1 6 22 
1 6 42 
1 7 20 
1 7 21 
1 7 22 
1 7 42 
1 20 21 
1 20 22 
1 20 42 
1 21 22 
1 21 42 
1 22 42 
5 6 7 
5 6 20 
5 6 21 
5 6 22 
5 6 42 
5 7 20 
5 7 21 
5 7 22 
5 7 42 
5 20 21 
5 20 22 
5 20 42 
5 21 22 
5 21 42 
5 22 42 
6 7 20 
6 7 21 
6 7 22 
6 7 42 
6 20 21 
6 20 22 
6 20 42 
6 21 22 
6 21 42 
6 22 42 
7 20 21 
7 20 22 
7 20 42 
7 21 22 
7 21 42 
7 22 42 
20 21 22 
20 21 42 
20 22 42 
21 22 42 
4 70 
1 5 6 7 
1 5 6 20 
1 5 6 21 
1 5 6 22 
1 5 6 42 
1 5 7 20 
1 5 7 21 
1 5 7 22 
1 5 7 42 
1 5 20 21 
1 5 20 22 
1 5 20 42 
1 5 21 22 
1 5 21 42 
1 5 22 42 
1 6 7 20 
1 6 7 21 
1 6 7 22 
1 6 7 42 
1 6 20 21 
1 6 20 22 
1 6 20 42 
1 6 21 22 
1 6 21 42 
1 6 22 42 
1 7 20 21 
1 7 20 22 
1 7 20 42 
1 7 21 22 
1 7 21 42 
1 7 22 42 
1 20 21 22 
1 20 21 42 
1 20 22 42 
1 21 22 42 
5 6 7 20 
5 6 7 21 
5 6 7 22 
5 6 7 42 
5 6 20 21 
5 6 20 22 
5 6 20 42 
5 6 21 22 
5 6 21 42 
5 6 22 42 
5 7 20 21 
5 7 20 22 
5 7 20 42 
5 7 21 22 
5 7 21 42 
5 7 22 42 
5 20 21 22 
5 20 21 42 
5 20 22 42 
5 21 22 42 
6 7 20 21 
6 7 20 22 
6 7 20 42 
6 7 21 22 
6 7 21 42 
6 7 22 42 
6 20 21 22 
6 20 21 42 
6 20 22 42 
6 21 22 42 
7 20 21 22 
7 20 21 42 
7 20 22 42 
7 21 22 42 
20 21 22 42 
5 56 
1 5 6 7 20 
1 5 6 7 21 
1 5 6 7 22 
1 5 6 7 42 
1 5 6 20 21 
1 5 6 20 22 
1 5 6 20 42 
1 5 6 21 22 
1 5 6 21 42 
1 5 6 22 42 
1 5 7 20 21 
1 5 7 20 22 
1 5 7 20 42 
1 5 7 21 22 
1 5 7 21 42 
1 5 7 22 42 
1 5 20 21 22 
1 5 20 21 42 
1 5 20 22 42 
1 5 21 22 42 
1 6 7 20 21 
1 6 7 20 22 
1 6 7 20 42 
1 6 7 21 22 
1 6 7 21 42 
1 6 7 22 42 
1 6 20 21 22 
1 6 20 21 42 
1 6 20 22 42 
1 6 21 22 42 
1 7 20 21 22 
1 7 20 21 42 
1 7 20 22 42 
1 7 21 22 42 
1 20 21 22 42 
5 6 7 20 21 
5 6 7 20 22 
5 6 7 20 42 
5 6 7 21 22 
5 6 7 21 42 
5 6 7 22 42 
5 6 20 21 22 
5 6 20 21 42 
5 6 20 22 42 
5 6 21 22 42 
5 7 20 21 22 
5 7 20 21 42 
5 7 20 22 42 
5 7 21 22 42 
5 20 21 22 42 
6 7 20 21 22 
6 7 20 21 42 
6 7 20 22 42 
6 7 21 22 42 
6 20 21 22 42 
7 20 21 22 42 
6 28 
1 5 6 7 20 21 
1 5 6 7 20 22 
1 5 6 7 20 42 
1 5 6 7 21 22 
1 5 6 7 21 42 
1 5 6 7 22 42 
1 5 6 20 21 22 
1 5 6 20 21 42 
1 5 6 20 22 42 
1 5 6 21 22 42 
1 5 7 20 21 22 
1 5 7 20 21 42 
1 5 7 20 22 42 
1 5 7 21 22 42 
1 5 20 21 22 42 
1 6 7 20 21 22 
1 6 7 20 21 42 
1 6 7 20 22 42 
1 6 7 21 22 42 
1 6 20 21 22 42 
1 7 20 21 22 42 
5 6 7 20 21 22 
5 6 7 20 21 42 
5 6 7 20 22 42 
5 6 7 21 22 42 
5 6 20 21 22 42 
5 7 20 21 22 42 
6 7 20 21 22 42 
7 8 
1 5 6 7 20 21 22 
1 5 6 7 20 21 42 
1 5 6 7 20 22 42 
1 5 6 7 21 22 42 
1 5 6 20 21 22 42 
1 5 7 20 21 22 42 
1 6 7 20 21 22 42 
5 6 7 20 21 22 42 
8 1 
1 5 6 7 20 21 22 42 
2
0 1 

1 1 

2 4 
2 12 
10 31 
11 32 
30 52 
3 1 

4 6 
2 10 12 31 
2 11 12 32 
2 12 30 52 
10 11 31 32 
10 30 31 52 
11 30 32 52 
5 1 

6 4 
2 10 11 12 31 32 
2 10 12 30 31 52 
2 11 12 30 32 52 
10 11 30 31 32 52 
7 1 

8 1 
2 10 11 12 30 31 32 52 
3
0 1 

1 1 

2 4 
3 16 
14 37 
15 38 
36 56 
3 1 

4 6 
3 14 16 37 
3 15 16 38 
3 16 36 56 
14 15 37 38 
14 36 37 56 
15 36 38 56 
5 1 

6 4 
3 14 15 16 37 38 
3 14 16 36 37 56 
3 15 16 36 38 56 
14 15 36 37 38 56 
7 1 

8 1 
3 14 15 16 36 37 38 56 
4
0 1 

1 8 
4 
17 
18 
19 
39 
40 
41 
57 
2 28 
4 17 
4 18 
4 19 
4 39 
4 40 
4 41 
4 57 
17 18 
17 19 
17 39 
17 40 
17 41 
17 57 
18 19 
18 39 
18 40 
18 41 
18 57 
19 39 
19 40 
19 41 
19 57 
39 40 
39 41 
39 57 
40 41 
40 57 
41 57 
3 56 
4 17 18 
4 17 19 
4 17 39 
4 17 40 
4 17 41 
4 17 57 
4 18 19 
4 18 39 
4 18 40 
4 18 41 
4 18 57 
4 19 39 
4 19 40 
4 19 41 
4 19 57 
4 39 40 
4 39 41 
4 39 57 
4 40 41 
4 40 57 
4 41 57 
17 18 19 
17 18 39 
17 18 40 
17 18 41 
17 18 57 
17 19 39 
17 19 40 
17 19 41 
17 19 57 
17 39 40 
17 39 41 
17 39 57 
17 40 41 
17 40 57 
17 41 57 
18 19 39 
18 19 40 
18 19 41 
18 19 57 
18 39 40 
18 39 41 
18 39 57 
18 40 41 
18 40 57 
18 41 57 
19 39 40 
19 39 41 
19 39 57 
19 40 41 
19 40 57 
19 41 57 
39 40 41 
39 40 57 
39 41 57 
40 41 57 
4 70 
4 17 18 19 
4 17 18 39 
4 17 18 40 
4 17 18 41 
4 17 18 57 
4 17 19 39 
4 17 19 40 
4 17 19 41 
4 17 19 57 
4 17 39 40 
4 17 39 41 
4 17 39 57 
4 17 40 41 
4 17 40 57 
4 17 41 57 
4 18 19 39 
4 18 19 40 
4 18 19 41 
4 18 19 57 
4 18 39 40 
4 18 39 41 
4 18 39 57 
4 18 40 41 
4 18 40 57 
4 18 41 57 
4 19 39 40 
4 19 39 41 
4 19 39 57 
4 19 40 41 
4 19 40 57 
4 19 41 57 
4 39 40 41 
4 39 40 57 
4 39 41 57 
4 40 41 57 
17 18 19 39 
17 18 19 40 
17 18 19 41 
17 18 19 57 
17 18 39 40 
17 18 39 41 
17 18 39 57 
17 18 40 41 
17 18 40 57 
17 18 41 57 
17 19 39 40 
17 19 39 41 
17 19 39 57 
17 19 40 41 
17 19 40 57 
17 19 41 57 
17 39 40 41 
17 39 40 57 
17 39 41 57 
17 40 41 57 
18 19 39 40 
18 19 39 41 
18 19 39 57 
18 19 40 41 
18 19 40 57 
18 19 41 57 
18 39 40 41 
18 39 40 57 
18 39 41 57 
18 40 41 57 
19 39 40 41 
19 39 40 57 
19 39 41 57 
19 40 41 57 
39 40 41 57 
5 56 
4 17 18 19 39 
4 17 18 19 40 
4 17 18 19 41 
4 17 18 19 57 
4 17 18 39 40 
4 17 18 39 41 
4 17 18 39 57 
4 17 18 40 41 
4 17 18 40 57 
4 17 18 41 57 
4 17 19 39 40 
4 17 19 39 41 
4 17 19 39 57 
4 17 19 40 41 
4 17 19 40 57 
4 17 19 41 57 
4 17 39 40 41 
4 17 39 40 57 
4 17 39 41 57 
4 17 40 41 57 
4 18 19 39 40 
4 18 19 39 41 
4 18 19 39 57 
4 18 19 40 41 
4 18 19 40 57 
4 18 19 41 57 
4 18 39 40 41 
4 18 39 40 57 
4 18 39 41 57 
4 18 40 41 57 
4 19 39 40 41 
4 19 39 40 57 
4 19 39 41 57 
4 19 40 41 57 
4 39 40 41 57 
17 18 19 39 40 
17 18 19 39 41 
17 18 19 39 57 
17 18 19 40 41 
17 18 19 40 57 
17 18 19 41 57 
17 18 39 40 41 
17 18 39 40 57 
17 18 39 41 57 
17 18 40 41 57 
17 19 39 40 41 
17 19 39 40 57 
17 19 39 41 57 
17 19 40 41 57 
17 39 40 41 57 
18 19 39 40 41 
18 19 39 40 57 
18 19 39 41 57 
18 19 40 41 57 
18 39 40 41 57 
19 39 40 41 57 
6 28 
4 17 18 19 39 40 
4 17 18 19 39 41 
4 17 18 19 39 57 
4 17 18 19 40 41 
4 17 18 19 40 57 
4 17 18 19 41 57 
4 17 18 39 40 41 
4 17 18 39 40 57 
4 17 18 39 41 57 
4 17 18 40 41 57 
4 17 19 39 40 41 
4 17 19 39 40 57 
4 17 19 39 41 57 
4 17 19 40 41 57 
4 17 39 40 41 57 
4 18 19 39 40 41 
4 18 19 39 40 57 
4 18 19 39 41 57 
4 18 19 40 41 57 
4 18 39 40 41 57 
4 19 39 40 41 57 
17 18 19 39 40 41 
17 18 19 39 40 57 
17 18 19 39 41 57 
17 18 19 40 41 57 
17 18 39 40 41 57 
17 19 39 40 41 57 
18 19 39 40 41 57 
7 8 
4 17 18 19 39 40 41 
4 17 18 19 39 40 57 
4 17 18 19 39 41 57 
4 17 18 19 40 41 57 
4 17 18 39 40 41 57 
4 17 19 39 40 41 57 
4 18 19 39 40 41 57 
17 18 19 39 40 41 57 
8 1 
4 17 18 19 39 40 41 57 
5
0 1 

1 1 

2 4 
8 24 
25 46 
26 47 
48 61 
3 1 

4 6 
8 24 25 46 
8 24 26 47 
8 24 48 61 
25 26 46 47 
25 46 48 61 
26 47 48 61 
5 1 

6 4 
8 24 25 26 46 47 
8 24 25 46 48 61 
8 24 26 47 48 61 
25 26 46 47 48 61 
7 1 

8 1 
8 24 25 26 46 47 48 61 
6
0 1 

1 1 

2 4 
9 51 
27 62 
28 29 
49 50 
3 1 

4 6 
9 27 51 62 
9 28 29 51 
9 49 50 51 
27 28 29 62 
27 49 50 62 
28 29 49 50 
5 1 

6 4 
9 27 28 29 51 62 
9 27 49 50 51 62 
9 28 29 49 50 51 
27 28 29 49 50 62 
7 1 

8 1 
9 27 28 29 49 50 51 62 
7
0 1 

1 1 

2 4 
13 35 
33 54 
34 55 
53 63 
3 1 

4 6 
13 33 35 54 
13 34 35 55 
13 35 53 63 
33 34 54 55 
33 53 54 63 
34 53 55 63 
5 1 

6 4 
13 33 34 35 54 55 
13 33 35 53 54 63 
13 34 35 53 55 63 
33 34 53 54 55 63 
7 1 

8 1 
13 33 34 35 53 54 55 63 
8
0 1 

1 1 

2 4 
23 58 
43 44 
45 64 
59 60 
3 1 

4 6 
23 43 44 58 
23 45 58 64 
23 58 59 60 
43 44 45 64 
43 44 59 60 
45 59 60 64 
5 1 

6 4 
23 43 44 45 58 64 
23 43 44 58 59 60 
23 45 58 59 60 64 
43 44 45 59 60 64 
7 1 

8 1 
23 43 44 45 58 59 60 64 
