//Table for grp 167:
57
0 0 2 2 4 4 2 4 
0 0 2 4 4 2 4 2 
0 0 4 2 2 4 4 2 
0 0 4 4 2 2 2 4 
0 2 0 2 4 2 4 4 
0 2 0 4 4 4 2 2 
0 2 2 0 2 4 4 4 
0 2 2 2 2 2 2 6 
0 2 2 2 2 2 6 2 
0 2 2 2 2 6 2 2 
0 2 2 2 6 2 2 2 
0 2 2 4 2 0 4 4 
0 2 2 4 2 4 0 4 
0 2 2 4 2 4 4 0 
0 2 2 6 2 2 2 2 
0 2 4 0 4 4 2 2 
0 2 4 2 0 2 4 4 
0 2 4 2 4 2 0 4 
0 2 4 2 4 2 4 0 
0 2 4 4 0 4 2 2 
0 2 4 4 4 0 2 2 
0 2 6 2 2 2 2 2 
0 4 0 2 2 4 4 2 
0 4 0 4 2 2 2 4 
0 4 2 0 4 2 4 2 
0 4 2 2 0 4 2 4 
0 4 2 2 4 0 2 4 
0 4 2 2 4 4 2 0 
0 4 2 4 0 2 4 2 
0 4 2 4 4 2 0 2 
0 4 4 0 2 2 2 4 
0 4 4 2 2 0 4 2 
0 4 4 2 2 4 0 2 
0 4 4 4 2 2 2 0 
0 6 2 2 2 2 2 2 
2 0 2 2 2 2 4 4 
2 0 2 4 2 4 2 2 
2 0 4 2 4 2 2 2 
2 2 0 2 2 4 2 4 
2 2 0 4 2 2 4 2 
2 2 2 0 4 2 2 4 
2 2 2 2 0 4 4 2 
2 2 2 2 4 0 4 2 
2 2 2 2 4 4 0 2 
2 2 2 4 0 2 2 4 
2 2 2 4 4 2 2 0 
2 2 4 0 2 2 4 2 
2 2 4 2 2 0 2 4 
2 2 4 2 2 4 2 0 
2 2 4 4 2 2 0 2 
2 4 0 2 4 2 2 2 
2 4 2 0 2 4 2 2 
2 4 2 2 2 2 0 4 
2 4 2 2 2 2 4 0 
2 4 2 4 2 0 2 2 
2 4 4 2 0 2 2 2 
4 2 2 2 2 2 2 2 
1 2 3 4 5 6 7 8 9 10 11 12 13 14 15 16 17 18 19 20 21 22 23 24 25 26 27 28 29 30 31 32 33 34 35 36 37 38 39 40 41 42 43 44 45 46 47 48 49 50 51 52 53 54 55 56 57 58 59 60 61 62 63 64 
2 1 8 9 10 11 12 3 4 5 6 7 23 24 25 26 27 28 29 30 31 32 13 14 15 16 17 18 19 20 21 22 43 44 45 46 47 48 49 50 51 52 33 34 35 36 37 38 39 40 41 42 58 59 60 61 62 53 54 55 56 57 64 63 
3 24 6 13 14 15 16 30 43 26 46 47 18 20 7 22 33 34 35 36 37 38 49 32 31 52 45 58 59 48 8 61 39 19 41 21 42 1 53 54 55 56 51 50 62 2 11 10 60 23 64 25 40 57 4 5 63 9 28 27 12 44 17 29 
4 28 13 5 17 18 19 44 30 49 29 51 14 33 34 35 7 20 21 39 40 41 46 58 45 60 32 31 52 50 62 9 16 36 37 53 54 55 22 1 42 57 48 47 61 59 64 23 2 11 10 27 38 3 56 63 6 8 25 24 43 12 15 26 
5 31 14 17 7 20 21 47 50 2 52 10 33 16 36 37 19 39 40 22 1 42 59 8 61 24 9 62 27 11 12 30 35 53 54 38 3 56 41 4 57 6 23 64 43 25 26 46 28 29 49 32 55 13 63 15 18 44 45 58 48 51 34 60 
6 32 15 18 20 7 22 48 51 52 2 11 34 36 16 38 39 19 41 21 42 1 60 61 8 25 62 9 28 10 30 12 53 35 55 37 56 3 40 57 4 5 64 23 44 24 46 26 27 49 29 31 54 63 13 14 17 43 58 45 47 50 33 59 
7 12 16 19 21 22 1 26 29 31 32 2 35 37 38 3 40 41 4 42 5 6 45 47 48 8 50 51 9 52 10 11 54 55 13 56 14 15 57 17 18 20 59 60 23 61 24 25 62 27 28 30 63 33 34 36 39 64 43 44 46 49 53 58 
8 14 11 23 24 25 26 20 33 16 36 37 28 30 12 32 43 44 45 46 47 48 39 22 21 42 35 53 54 38 3 56 49 29 51 31 52 2 58 59 60 61 41 40 57 1 6 5 55 13 63 15 50 62 9 10 64 4 18 17 7 34 27 19 
9 18 23 10 27 28 29 34 20 39 19 41 24 43 44 45 12 30 31 49 50 51 36 53 35 55 22 21 42 40 57 4 26 46 47 58 59 60 32 2 52 62 38 37 56 54 63 13 1 6 5 17 48 8 61 64 11 3 15 14 33 7 25 16 
10 21 24 27 12 30 31 37 40 1 42 5 43 26 46 47 29 49 50 32 2 52 54 3 56 14 4 57 17 6 7 20 45 58 59 48 8 61 51 9 62 11 13 63 33 15 16 36 18 19 39 22 60 23 64 25 28 34 35 53 38 41 44 55 
11 22 25 28 30 12 32 38 41 42 1 6 44 46 26 48 49 29 51 31 52 2 55 56 3 15 57 4 18 5 20 7 58 45 60 47 61 8 50 62 9 10 63 13 34 14 36 16 17 39 19 21 59 64 23 24 27 33 53 35 37 40 43 54 
12 7 26 29 31 32 2 16 19 21 22 1 45 47 48 8 50 51 9 52 10 11 35 37 38 3 40 41 4 42 5 6 59 60 23 61 24 25 62 27 28 30 54 55 13 56 14 15 57 17 18 20 64 43 44 46 49 63 33 34 36 39 58 53 
13 58 18 14 33 34 35 50 48 60 59 64 20 39 19 41 16 36 37 53 54 55 2 9 62 27 61 8 25 23 44 43 22 21 42 40 57 4 38 3 56 63 10 11 12 28 29 49 24 46 26 45 1 6 5 17 15 30 31 32 51 47 7 52 
14 8 20 33 16 36 37 11 23 24 25 26 39 22 21 42 35 53 54 38 3 56 28 30 12 32 43 44 45 46 47 48 41 40 57 1 6 5 55 13 63 15 49 29 51 31 52 2 58 59 60 61 4 18 17 7 34 50 62 9 10 64 19 27 
15 61 7 34 36 16 38 10 64 25 24 46 19 21 22 1 53 35 55 37 56 3 27 12 30 31 44 43 58 26 48 47 40 41 4 42 5 6 54 63 13 14 29 49 50 32 2 52 45 60 59 8 57 17 18 20 33 51 9 62 11 23 39 28 
16 47 22 35 37 38 3 52 59 8 61 24 41 42 1 6 54 55 13 56 14 15 62 11 10 30 23 64 43 25 26 46 57 4 18 5 20 7 63 33 34 36 28 27 49 12 32 31 44 45 58 48 17 39 19 21 53 29 51 50 2 60 40 9 
17 62 33 7 19 39 40 64 11 28 27 49 16 35 53 54 21 22 1 41 4 57 25 44 43 58 30 12 32 29 51 50 37 38 3 55 13 63 42 5 6 18 46 26 48 45 60 59 31 52 2 9 56 14 15 34 20 47 61 8 23 10 36 24 
18 9 34 20 39 19 41 23 10 27 28 29 36 53 35 55 22 21 42 40 57 4 24 43 44 45 12 30 31 49 50 51 38 37 56 54 63 13 1 6 5 17 26 46 47 58 59 60 32 2 52 62 3 15 14 33 7 48 8 61 64 11 16 25 
19 51 35 21 40 41 4 60 52 62 9 28 37 54 55 13 1 42 5 57 17 18 61 64 23 44 11 10 30 27 49 29 3 56 14 63 33 34 6 7 20 39 25 24 46 43 58 45 12 32 31 50 15 16 36 53 22 26 48 47 59 2 38 8 
20 30 36 39 22 21 42 46 49 32 31 52 53 38 37 56 41 40 57 1 6 5 58 48 47 61 51 50 62 2 11 10 55 54 63 3 15 14 4 18 17 7 60 59 64 8 25 24 9 28 27 12 13 34 33 16 19 23 44 43 26 29 35 45 
21 10 37 40 1 42 5 24 27 12 30 31 54 3 56 14 4 57 17 6 7 20 43 26 46 47 29 49 50 32 2 52 13 63 33 15 16 36 18 19 39 22 45 58 59 48 8 61 51 9 62 11 34 35 53 38 41 60 23 64 25 28 55 44 
22 11 38 41 42 1 6 25 28 30 12 32 55 56 3 15 57 4 18 5 20 7 44 46 26 48 49 29 51 31 52 2 63 13 34 14 36 16 17 39 19 21 58 45 60 47 61 8 50 62 9 10 33 53 35 37 40 59 64 23 24 27 54 43 
23 53 28 24 43 44 45 40 38 55 54 63 30 49 29 51 26 46 47 58 59 60 1 4 57 17 56 3 15 13 34 33 32 31 52 50 62 9 48 8 61 64 5 6 7 18 19 39 14 36 16 35 2 11 10 27 25 20 21 22 41 37 12 42 
24 3 30 43 26 46 47 6 13 14 15 16 49 32 31 52 45 58 59 48 8 61 18 20 7 22 33 34 35 36 37 38 51 50 62 2 11 10 60 23 64 25 39 19 41 21 42 1 53 54 55 56 9 28 27 12 44 40 57 4 5 63 29 17 
25 56 12 44 46 26 48 5 63 15 14 36 29 31 32 2 58 45 60 47 61 8 17 7 20 21 34 33 53 16 38 37 50 51 9 52 10 11 59 64 23 24 19 39 40 22 1 42 35 55 54 3 62 27 28 30 43 41 4 57 6 13 49 18 
26 37 32 45 47 48 8 42 54 3 56 14 51 52 2 11 59 60 23 61 24 25 57 6 5 20 13 63 33 15 16 36 62 9 28 10 30 12 64 43 44 46 18 17 39 7 22 21 34 35 53 38 27 49 29 31 58 19 41 40 1 55 50 4 
27 57 43 12 29 49 50 63 6 18 17 39 26 45 58 59 31 32 2 51 9 62 15 34 33 53 20 7 22 19 41 40 47 48 8 60 23 64 52 10 11 28 36 16 38 35 55 54 21 42 1 4 61 24 25 44 30 37 56 3 13 5 46 14 
28 4 44 30 49 29 51 13 5 17 18 19 46 58 45 60 32 31 52 50 62 9 14 33 34 35 7 20 21 39 40 41 48 47 61 59 64 23 2 11 10 27 16 36 37 53 54 55 22 1 42 57 8 25 24 43 12 38 3 56 63 6 26 15 
29 41 45 31 50 51 9 55 42 57 4 18 47 59 60 23 2 52 10 62 27 28 56 63 13 34 6 5 20 17 39 19 8 61 24 64 43 44 11 12 30 49 15 14 36 33 53 35 7 22 21 40 25 26 46 58 32 16 38 37 54 1 48 3 
30 20 46 49 32 31 52 36 39 22 21 42 58 48 47 61 51 50 62 2 11 10 53 38 37 56 41 40 57 1 6 5 60 59 64 8 25 24 9 28 27 12 55 54 63 3 15 14 4 18 17 7 23 44 43 26 29 13 34 33 16 19 45 35 
31 5 47 50 2 52 10 14 17 7 20 21 59 8 61 24 9 62 27 11 12 30 33 16 36 37 19 39 40 22 1 42 23 64 43 25 26 46 28 29 49 32 35 53 54 38 3 56 41 4 57 6 44 45 58 48 51 55 13 63 15 18 60 34 
32 6 48 51 52 2 11 15 18 20 7 22 60 61 8 25 62 9 28 10 30 12 34 36 16 38 39 19 41 21 42 1 64 23 44 24 46 26 27 49 29 31 53 35 55 37 56 3 40 57 4 5 43 58 45 47 50 54 63 13 14 17 59 33 
33 44 39 16 35 53 54 29 46 58 45 60 22 41 40 57 37 38 3 55 13 63 31 50 51 9 48 47 61 59 64 23 42 1 6 4 18 17 56 14 15 34 2 52 10 62 27 28 8 25 24 43 5 20 7 19 36 11 12 30 49 26 21 32 
34 43 19 36 53 35 55 49 26 45 58 59 21 40 41 4 38 37 56 54 63 13 32 51 50 62 47 48 8 60 23 64 1 42 5 57 17 18 3 15 14 33 52 2 11 9 28 27 61 24 25 44 6 7 20 39 16 10 30 12 29 46 22 31 
35 64 41 37 54 55 13 27 25 44 43 58 42 57 4 18 3 56 14 63 33 34 12 29 49 50 46 26 48 45 60 59 6 5 20 17 39 19 15 16 36 53 31 32 2 51 9 62 47 61 8 23 7 22 21 40 38 52 10 11 28 24 1 30 
36 48 21 53 38 37 56 2 60 61 8 25 40 1 42 5 55 54 63 3 15 14 9 10 11 12 64 23 44 24 46 26 4 57 17 6 7 20 13 34 33 16 27 28 29 30 31 32 43 58 45 47 18 19 39 22 35 49 50 51 52 59 41 62 
37 26 42 54 3 56 14 32 45 47 48 8 57 6 5 20 13 63 33 15 16 36 51 52 2 11 59 60 23 61 24 25 18 17 39 7 22 21 34 35 53 38 62 9 28 10 30 12 64 43 44 46 19 41 40 1 55 27 49 29 31 58 4 50 
38 46 1 55 56 3 15 31 58 48 47 61 4 5 6 7 63 13 34 14 36 16 50 2 52 10 60 59 64 8 25 24 17 18 19 20 21 22 33 53 35 37 9 62 27 11 12 30 23 44 43 26 39 40 41 42 54 28 29 49 32 45 57 51 
39 50 53 22 41 40 57 59 2 9 62 27 38 55 54 63 42 1 6 4 18 17 8 23 64 43 10 11 12 28 29 49 56 3 15 13 34 33 5 20 7 19 24 25 26 44 45 58 30 31 32 51 14 36 16 35 21 46 47 48 60 52 37 61 
40 49 54 1 4 57 17 58 32 51 50 62 3 13 63 33 5 6 7 18 19 39 48 60 59 64 52 2 11 9 28 27 14 15 16 34 35 53 20 21 22 41 61 8 25 23 44 43 10 30 12 29 36 37 38 55 42 24 46 26 45 31 56 47 
41 29 55 42 57 4 18 45 31 50 51 9 56 63 13 34 6 5 20 17 39 19 47 59 60 23 2 52 10 62 27 28 15 14 36 33 53 35 7 22 21 40 8 61 24 64 43 44 11 12 30 49 16 38 37 54 1 25 26 46 58 32 3 48 
42 52 56 57 6 5 20 61 62 11 10 30 63 15 14 36 18 17 39 7 22 21 64 25 24 46 28 27 49 12 32 31 34 33 53 16 38 37 19 41 40 1 44 43 58 26 48 47 29 51 50 2 35 55 54 3 4 45 60 59 8 9 13 23 
43 34 49 26 45 58 59 19 36 53 35 55 32 51 50 62 47 48 8 60 23 64 21 40 41 4 38 37 56 54 63 13 52 2 11 9 28 27 61 24 25 44 1 42 5 57 17 18 3 15 14 33 10 30 12 29 46 6 7 20 39 16 31 22 
44 33 29 46 58 45 60 39 16 35 53 54 31 50 51 9 48 47 61 59 64 23 22 41 40 57 37 38 3 55 13 63 2 52 10 62 27 28 8 25 24 43 42 1 6 4 18 17 56 14 15 34 11 12 30 49 26 5 20 7 19 36 32 21 
45 63 51 47 59 60 23 17 15 34 33 53 52 62 9 28 8 61 24 64 43 44 7 19 39 40 36 16 38 35 55 54 11 10 30 27 49 29 25 26 46 58 21 22 1 41 4 57 37 56 3 13 12 32 31 50 48 42 5 6 18 14 2 20 
46 38 31 58 48 47 61 1 55 56 3 15 50 2 52 10 60 59 64 8 25 24 4 5 6 7 63 13 34 14 36 16 9 62 27 11 12 30 23 44 43 26 17 18 19 20 21 22 33 53 35 37 28 29 49 32 45 39 40 41 42 54 51 57 
47 16 52 59 8 61 24 22 35 37 38 3 62 11 10 30 23 64 43 25 26 46 41 42 1 6 54 55 13 56 14 15 28 27 49 12 32 31 44 45 58 48 57 4 18 5 20 7 63 33 34 36 29 51 50 2 60 17 39 19 21 53 9 40 
48 36 2 60 61 8 25 21 53 38 37 56 9 10 11 12 64 23 44 24 46 26 40 1 42 5 55 54 63 3 15 14 27 28 29 30 31 32 43 58 45 47 4 57 17 6 7 20 13 34 33 16 49 50 51 52 59 18 19 39 22 35 62 41 
49 40 58 32 51 50 62 54 1 4 57 17 48 60 59 64 52 2 11 9 28 27 3 13 63 33 5 6 7 18 19 39 61 8 25 23 44 43 10 30 12 29 14 15 16 34 35 53 20 21 22 41 24 46 26 45 31 36 37 38 55 42 47 56 
50 39 59 2 9 62 27 53 22 41 40 57 8 23 64 43 10 11 12 28 29 49 38 55 54 63 42 1 6 4 18 17 24 25 26 44 45 58 30 31 32 51 56 3 15 13 34 33 5 20 7 19 46 47 48 60 52 14 36 16 35 21 61 37 
51 19 60 52 62 9 28 35 21 40 41 4 61 64 23 44 11 10 30 27 49 29 37 54 55 13 1 42 5 57 17 18 25 24 46 43 58 45 12 32 31 50 3 56 14 63 33 34 6 7 20 39 26 48 47 59 2 15 16 36 53 22 8 38 
52 42 61 62 11 10 30 56 57 6 5 20 64 25 24 46 28 27 49 12 32 31 63 15 14 36 18 17 39 7 22 21 44 43 58 26 48 47 29 51 50 2 34 33 53 16 38 37 19 41 40 1 45 60 59 8 9 35 55 54 3 4 23 13 
53 23 40 38 55 54 63 28 24 43 44 45 1 4 57 17 56 3 15 13 34 33 30 49 29 51 26 46 47 58 59 60 5 6 7 18 19 39 14 36 16 35 32 31 52 50 62 9 48 8 61 64 20 21 22 41 37 2 11 10 27 25 42 12 
54 60 57 3 13 63 33 9 61 64 23 44 6 18 17 39 14 15 16 34 35 53 10 27 28 29 25 24 46 43 58 45 20 7 22 19 41 40 36 37 38 55 12 30 31 49 50 51 26 48 47 59 21 42 1 4 56 32 2 52 62 8 5 11 
55 59 4 56 63 13 34 62 8 23 64 43 5 17 18 19 15 14 36 33 53 35 11 28 27 49 24 25 26 44 45 58 7 20 21 39 40 41 16 38 37 54 30 12 32 29 51 50 46 47 48 60 22 1 42 57 3 31 52 2 9 61 6 10 
56 25 5 63 15 14 36 12 44 46 26 48 17 7 20 21 34 33 53 16 38 37 29 31 32 2 58 45 60 47 61 8 19 39 40 22 1 42 35 55 54 3 50 51 9 52 10 11 59 64 23 24 41 4 57 6 13 62 27 28 30 43 18 49 
57 27 63 6 18 17 39 43 12 29 49 50 15 34 33 53 20 7 22 19 41 40 26 45 58 59 31 32 2 51 9 62 36 16 38 35 55 54 21 42 1 4 47 48 8 60 23 64 52 10 11 28 37 56 3 13 5 61 24 25 44 30 14 46 
58 13 50 48 60 59 64 18 14 33 34 35 2 9 62 27 61 8 25 23 44 43 20 39 19 41 16 36 37 53 54 55 10 11 12 28 29 49 24 46 26 45 22 21 42 40 57 4 38 3 56 63 30 31 32 51 47 1 6 5 17 15 52 7 
59 55 62 8 23 64 43 4 56 63 13 34 11 28 27 49 24 25 26 44 45 58 5 17 18 19 15 14 36 33 53 35 30 12 32 29 51 50 46 47 48 60 7 20 21 39 40 41 16 38 37 54 31 52 2 9 61 22 1 42 57 3 10 6 
60 54 9 61 64 23 44 57 3 13 63 33 10 27 28 29 25 24 46 43 58 45 6 18 17 39 14 15 16 34 35 53 12 30 31 49 50 51 26 48 47 59 20 7 22 19 41 40 36 37 38 55 32 2 52 62 8 21 42 1 4 56 11 5 
61 15 10 64 25 24 46 7 34 36 16 38 27 12 30 31 44 43 58 26 48 47 19 21 22 1 53 35 55 37 56 3 29 49 50 32 2 52 45 60 59 8 40 41 4 42 5 6 54 63 13 14 51 9 62 11 23 57 17 18 20 33 28 39 
62 17 64 11 28 27 49 33 7 19 39 40 25 44 43 58 30 12 32 29 51 50 16 35 53 54 21 22 1 41 4 57 46 26 48 45 60 59 31 52 2 9 37 38 3 55 13 63 42 5 6 18 47 61 8 23 10 56 14 15 34 20 24 36 
63 45 17 15 34 33 53 51 47 59 60 23 7 19 39 40 36 16 38 35 55 54 52 62 9 28 8 61 24 64 43 44 21 22 1 41 4 57 37 56 3 13 11 10 30 27 49 29 25 26 46 58 42 5 6 18 14 12 32 31 50 48 20 2 
64 35 27 25 44 43 58 41 37 54 55 13 12 29 49 50 46 26 48 45 60 59 42 57 4 18 3 56 14 63 33 34 31 32 2 51 9 62 47 61 8 23 6 5 20 17 39 19 15 16 36 53 52 10 11 28 24 7 22 21 40 38 30 1 
1
0 1 

1 4 
1 
7 
20 
42 
2 8 
1 7 
1 20 
1 42 
5 21 
6 22 
7 20 
7 42 
20 42 
3 12 
1 5 21 
1 6 22 
1 7 20 
1 7 42 
1 20 42 
5 7 21 
5 20 21 
5 21 42 
6 7 22 
6 20 22 
6 22 42 
7 20 42 
4 14 
1 5 7 21 
1 5 20 21 
1 5 21 42 
1 6 7 22 
1 6 20 22 
1 6 22 42 
1 7 20 42 
5 6 21 22 
5 7 20 21 
5 7 21 42 
5 20 21 42 
6 7 20 22 
6 7 22 42 
6 20 22 42 
5 12 
1 5 6 21 22 
1 5 7 20 21 
1 5 7 21 42 
1 5 20 21 42 
1 6 7 20 22 
1 6 7 22 42 
1 6 20 22 42 
5 6 7 21 22 
5 6 20 21 22 
5 6 21 22 42 
5 7 20 21 42 
6 7 20 22 42 
6 8 
1 5 6 7 21 22 
1 5 6 20 21 22 
1 5 6 21 22 42 
1 5 7 20 21 42 
1 6 7 20 22 42 
5 6 7 20 21 22 
5 6 7 21 22 42 
5 6 20 21 22 42 
7 4 
1 5 6 7 20 21 22 
1 5 6 7 21 22 42 
1 5 6 20 21 22 42 
5 6 7 20 21 22 42 
8 1 
1 5 6 7 20 21 22 42 
2
0 1 

1 8 
2 
10 
11 
12 
30 
31 
32 
52 
2 28 
2 10 
2 11 
2 12 
2 30 
2 31 
2 32 
2 52 
10 11 
10 12 
10 30 
10 31 
10 32 
10 52 
11 12 
11 30 
11 31 
11 32 
11 52 
12 30 
12 31 
12 32 
12 52 
30 31 
30 32 
30 52 
31 32 
31 52 
32 52 
3 56 
2 10 11 
2 10 12 
2 10 30 
2 10 31 
2 10 32 
2 10 52 
2 11 12 
2 11 30 
2 11 31 
2 11 32 
2 11 52 
2 12 30 
2 12 31 
2 12 32 
2 12 52 
2 30 31 
2 30 32 
2 30 52 
2 31 32 
2 31 52 
2 32 52 
10 11 12 
10 11 30 
10 11 31 
10 11 32 
10 11 52 
10 12 30 
10 12 31 
10 12 32 
10 12 52 
10 30 31 
10 30 32 
10 30 52 
10 31 32 
10 31 52 
10 32 52 
11 12 30 
11 12 31 
11 12 32 
11 12 52 
11 30 31 
11 30 32 
11 30 52 
11 31 32 
11 31 52 
11 32 52 
12 30 31 
12 30 32 
12 30 52 
12 31 32 
12 31 52 
12 32 52 
30 31 32 
30 31 52 
30 32 52 
31 32 52 
4 70 
2 10 11 12 
2 10 11 30 
2 10 11 31 
2 10 11 32 
2 10 11 52 
2 10 12 30 
2 10 12 31 
2 10 12 32 
2 10 12 52 
2 10 30 31 
2 10 30 32 
2 10 30 52 
2 10 31 32 
2 10 31 52 
2 10 32 52 
2 11 12 30 
2 11 12 31 
2 11 12 32 
2 11 12 52 
2 11 30 31 
2 11 30 32 
2 11 30 52 
2 11 31 32 
2 11 31 52 
2 11 32 52 
2 12 30 31 
2 12 30 32 
2 12 30 52 
2 12 31 32 
2 12 31 52 
2 12 32 52 
2 30 31 32 
2 30 31 52 
2 30 32 52 
2 31 32 52 
10 11 12 30 
10 11 12 31 
10 11 12 32 
10 11 12 52 
10 11 30 31 
10 11 30 32 
10 11 30 52 
10 11 31 32 
10 11 31 52 
10 11 32 52 
10 12 30 31 
10 12 30 32 
10 12 30 52 
10 12 31 32 
10 12 31 52 
10 12 32 52 
10 30 31 32 
10 30 31 52 
10 30 32 52 
10 31 32 52 
11 12 30 31 
11 12 30 32 
11 12 30 52 
11 12 31 32 
11 12 31 52 
11 12 32 52 
11 30 31 32 
11 30 31 52 
11 30 32 52 
11 31 32 52 
12 30 31 32 
12 30 31 52 
12 30 32 52 
12 31 32 52 
30 31 32 52 
5 56 
2 10 11 12 30 
2 10 11 12 31 
2 10 11 12 32 
2 10 11 12 52 
2 10 11 30 31 
2 10 11 30 32 
2 10 11 30 52 
2 10 11 31 32 
2 10 11 31 52 
2 10 11 32 52 
2 10 12 30 31 
2 10 12 30 32 
2 10 12 30 52 
2 10 12 31 32 
2 10 12 31 52 
2 10 12 32 52 
2 10 30 31 32 
2 10 30 31 52 
2 10 30 32 52 
2 10 31 32 52 
2 11 12 30 31 
2 11 12 30 32 
2 11 12 30 52 
2 11 12 31 32 
2 11 12 31 52 
2 11 12 32 52 
2 11 30 31 32 
2 11 30 31 52 
2 11 30 32 52 
2 11 31 32 52 
2 12 30 31 32 
2 12 30 31 52 
2 12 30 32 52 
2 12 31 32 52 
2 30 31 32 52 
10 11 12 30 31 
10 11 12 30 32 
10 11 12 30 52 
10 11 12 31 32 
10 11 12 31 52 
10 11 12 32 52 
10 11 30 31 32 
10 11 30 31 52 
10 11 30 32 52 
10 11 31 32 52 
10 12 30 31 32 
10 12 30 31 52 
10 12 30 32 52 
10 12 31 32 52 
10 30 31 32 52 
11 12 30 31 32 
11 12 30 31 52 
11 12 30 32 52 
11 12 31 32 52 
11 30 31 32 52 
12 30 31 32 52 
6 28 
2 10 11 12 30 31 
2 10 11 12 30 32 
2 10 11 12 30 52 
2 10 11 12 31 32 
2 10 11 12 31 52 
2 10 11 12 32 52 
2 10 11 30 31 32 
2 10 11 30 31 52 
2 10 11 30 32 52 
2 10 11 31 32 52 
2 10 12 30 31 32 
2 10 12 30 31 52 
2 10 12 30 32 52 
2 10 12 31 32 52 
2 10 30 31 32 52 
2 11 12 30 31 32 
2 11 12 30 31 52 
2 11 12 30 32 52 
2 11 12 31 32 52 
2 11 30 31 32 52 
2 12 30 31 32 52 
10 11 12 30 31 32 
10 11 12 30 31 52 
10 11 12 30 32 52 
10 11 12 31 32 52 
10 11 30 31 32 52 
10 12 30 31 32 52 
11 12 30 31 32 52 
7 8 
2 10 11 12 30 31 32 
2 10 11 12 30 31 52 
2 10 11 12 30 32 52 
2 10 11 12 31 32 52 
2 10 11 30 31 32 52 
2 10 12 30 31 32 52 
2 11 12 30 31 32 52 
10 11 12 30 31 32 52 
8 1 
2 10 11 12 30 31 32 52 
3
0 1 

1 1 

2 4 
3 38 
14 36 
15 16 
37 56 
3 1 

4 6 
3 14 36 38 
3 15 16 38 
3 37 38 56 
14 15 16 36 
14 36 37 56 
15 16 37 56 
5 1 

6 4 
3 14 15 16 36 38 
3 14 36 37 38 56 
3 15 16 37 38 56 
14 15 16 36 37 56 
7 1 

8 1 
3 14 15 16 36 37 38 56 
4
0 1 

1 1 

2 4 
4 40 
17 19 
18 39 
41 57 
3 1 

4 6 
4 17 19 40 
4 18 39 40 
4 40 41 57 
17 18 19 39 
17 19 41 57 
18 39 41 57 
5 1 

6 4 
4 17 18 19 39 40 
4 17 19 40 41 57 
4 18 39 40 41 57 
17 18 19 39 41 57 
7 1 

8 1 
4 17 18 19 39 40 41 57 
5
0 1 

1 1 

2 4 
8 46 
24 48 
25 47 
26 61 
3 1 

4 6 
8 24 46 48 
8 25 46 47 
8 26 46 61 
24 25 47 48 
24 26 48 61 
25 26 47 61 
5 1 

6 4 
8 24 25 46 47 48 
8 24 26 46 48 61 
8 25 26 46 47 61 
24 25 26 47 48 61 
7 1 

8 1 
8 24 25 26 46 47 48 61 
6
0 1 

1 1 

2 4 
9 49 
27 51 
28 50 
29 62 
3 1 

4 6 
9 27 49 51 
9 28 49 50 
9 29 49 62 
27 28 50 51 
27 29 51 62 
28 29 50 62 
5 1 

6 4 
9 27 28 49 50 51 
9 27 29 49 51 62 
9 28 29 49 50 62 
27 28 29 50 51 62 
7 1 

8 1 
9 27 28 29 49 50 51 62 
7
0 1 

1 1 

2 4 
13 53 
33 34 
35 63 
54 55 
3 1 

4 6 
13 33 34 53 
13 35 53 63 
13 53 54 55 
33 34 35 63 
33 34 54 55 
35 54 55 63 
5 1 

6 4 
13 33 34 35 53 63 
13 33 34 53 54 55 
13 35 53 54 55 63 
33 34 35 54 55 63 
7 1 

8 1 
13 33 34 35 53 54 55 63 
8
0 1 

1 8 
23 
43 
44 
45 
58 
59 
60 
64 
2 28 
23 43 
23 44 
23 45 
23 58 
23 59 
23 60 
23 64 
43 44 
43 45 
43 58 
43 59 
43 60 
43 64 
44 45 
44 58 
44 59 
44 60 
44 64 
45 58 
45 59 
45 60 
45 64 
58 59 
58 60 
58 64 
59 60 
59 64 
60 64 
3 56 
23 43 44 
23 43 45 
23 43 58 
23 43 59 
23 43 60 
23 43 64 
23 44 45 
23 44 58 
23 44 59 
23 44 60 
23 44 64 
23 45 58 
23 45 59 
23 45 60 
23 45 64 
23 58 59 
23 58 60 
23 58 64 
23 59 60 
23 59 64 
23 60 64 
43 44 45 
43 44 58 
43 44 59 
43 44 60 
43 44 64 
43 45 58 
43 45 59 
43 45 60 
43 45 64 
43 58 59 
43 58 60 
43 58 64 
43 59 60 
43 59 64 
43 60 64 
44 45 58 
44 45 59 
44 45 60 
44 45 64 
44 58 59 
44 58 60 
44 58 64 
44 59 60 
44 59 64 
44 60 64 
45 58 59 
45 58 60 
45 58 64 
45 59 60 
45 59 64 
45 60 64 
58 59 60 
58 59 64 
58 60 64 
59 60 64 
4 70 
23 43 44 45 
23 43 44 58 
23 43 44 59 
23 43 44 60 
23 43 44 64 
23 43 45 58 
23 43 45 59 
23 43 45 60 
23 43 45 64 
23 43 58 59 
23 43 58 60 
23 43 58 64 
23 43 59 60 
23 43 59 64 
23 43 60 64 
23 44 45 58 
23 44 45 59 
23 44 45 60 
23 44 45 64 
23 44 58 59 
23 44 58 60 
23 44 58 64 
23 44 59 60 
23 44 59 64 
23 44 60 64 
23 45 58 59 
23 45 58 60 
23 45 58 64 
23 45 59 60 
23 45 59 64 
23 45 60 64 
23 58 59 60 
23 58 59 64 
23 58 60 64 
23 59 60 64 
43 44 45 58 
43 44 45 59 
43 44 45 60 
43 44 45 64 
43 44 58 59 
43 44 58 60 
43 44 58 64 
43 44 59 60 
43 44 59 64 
43 44 60 64 
43 45 58 59 
43 45 58 60 
43 45 58 64 
43 45 59 60 
43 45 59 64 
43 45 60 64 
43 58 59 60 
43 58 59 64 
43 58 60 64 
43 59 60 64 
44 45 58 59 
44 45 58 60 
44 45 58 64 
44 45 59 60 
44 45 59 64 
44 45 60 64 
44 58 59 60 
44 58 59 64 
44 58 60 64 
44 59 60 64 
45 58 59 60 
45 58 59 64 
45 58 60 64 
45 59 60 64 
58 59 60 64 
5 56 
23 43 44 45 58 
23 43 44 45 59 
23 43 44 45 60 
23 43 44 45 64 
23 43 44 58 59 
23 43 44 58 60 
23 43 44 58 64 
23 43 44 59 60 
23 43 44 59 64 
23 43 44 60 64 
23 43 45 58 59 
23 43 45 58 60 
23 43 45 58 64 
23 43 45 59 60 
23 43 45 59 64 
23 43 45 60 64 
23 43 58 59 60 
23 43 58 59 64 
23 43 58 60 64 
23 43 59 60 64 
23 44 45 58 59 
23 44 45 58 60 
23 44 45 58 64 
23 44 45 59 60 
23 44 45 59 64 
23 44 45 60 64 
23 44 58 59 60 
23 44 58 59 64 
23 44 58 60 64 
23 44 59 60 64 
23 45 58 59 60 
23 45 58 59 64 
23 45 58 60 64 
23 45 59 60 64 
23 58 59 60 64 
43 44 45 58 59 
43 44 45 58 60 
43 44 45 58 64 
43 44 45 59 60 
43 44 45 59 64 
43 44 45 60 64 
43 44 58 59 60 
43 44 58 59 64 
43 44 58 60 64 
43 44 59 60 64 
43 45 58 59 60 
43 45 58 59 64 
43 45 58 60 64 
43 45 59 60 64 
43 58 59 60 64 
44 45 58 59 60 
44 45 58 59 64 
44 45 58 60 64 
44 45 59 60 64 
44 58 59 60 64 
45 58 59 60 64 
6 28 
23 43 44 45 58 59 
23 43 44 45 58 60 
23 43 44 45 58 64 
23 43 44 45 59 60 
23 43 44 45 59 64 
23 43 44 45 60 64 
23 43 44 58 59 60 
23 43 44 58 59 64 
23 43 44 58 60 64 
23 43 44 59 60 64 
23 43 45 58 59 60 
23 43 45 58 59 64 
23 43 45 58 60 64 
23 43 45 59 60 64 
23 43 58 59 60 64 
23 44 45 58 59 60 
23 44 45 58 59 64 
23 44 45 58 60 64 
23 44 45 59 60 64 
23 44 58 59 60 64 
23 45 58 59 60 64 
43 44 45 58 59 60 
43 44 45 58 59 64 
43 44 45 58 60 64 
43 44 45 59 60 64 
43 44 58 59 60 64 
43 45 58 59 60 64 
44 45 58 59 60 64 
7 8 
23 43 44 45 58 59 60 
23 43 44 45 58 59 64 
23 43 44 45 58 60 64 
23 43 44 45 59 60 64 
23 43 44 58 59 60 64 
23 43 45 58 59 60 64 
23 44 45 58 59 60 64 
43 44 45 58 59 60 64 
8 1 
23 43 44 45 58 59 60 64 
