//Table for grp 137:
57
0 0 2 2 4 4 2 4 
0 0 2 4 4 2 4 2 
0 0 4 2 2 4 4 2 
0 0 4 4 2 2 2 4 
0 2 0 2 4 2 4 4 
0 2 0 4 4 4 2 2 
0 2 2 0 2 4 4 4 
0 2 2 2 2 2 2 6 
0 2 2 2 2 2 6 2 
0 2 2 2 2 6 2 2 
0 2 2 2 6 2 2 2 
0 2 2 4 2 0 4 4 
0 2 2 4 2 4 0 4 
0 2 2 4 2 4 4 0 
0 2 2 6 2 2 2 2 
0 2 4 0 4 4 2 2 
0 2 4 2 0 2 4 4 
0 2 4 2 4 2 0 4 
0 2 4 2 4 2 4 0 
0 2 4 4 0 4 2 2 
0 2 4 4 4 0 2 2 
0 2 6 2 2 2 2 2 
0 4 0 2 2 4 4 2 
0 4 0 4 2 2 2 4 
0 4 2 0 4 2 4 2 
0 4 2 2 0 4 2 4 
0 4 2 2 4 0 2 4 
0 4 2 2 4 4 2 0 
0 4 2 4 0 2 4 2 
0 4 2 4 4 2 0 2 
0 4 4 0 2 2 2 4 
0 4 4 2 2 0 4 2 
0 4 4 2 2 4 0 2 
0 4 4 4 2 2 2 0 
0 6 2 2 2 2 2 2 
2 0 2 2 2 2 4 4 
2 0 2 4 2 4 2 2 
2 0 4 2 4 2 2 2 
2 2 0 2 2 4 2 4 
2 2 0 4 2 2 4 2 
2 2 2 0 4 2 2 4 
2 2 2 2 0 4 4 2 
2 2 2 2 4 0 4 2 
2 2 2 2 4 4 0 2 
2 2 2 4 0 2 2 4 
2 2 2 4 4 2 2 0 
2 2 4 0 2 2 4 2 
2 2 4 2 2 0 2 4 
2 2 4 2 2 4 2 0 
2 2 4 4 2 2 0 2 
2 4 0 2 4 2 2 2 
2 4 2 0 2 4 2 2 
2 4 2 2 2 2 0 4 
2 4 2 2 2 2 4 0 
2 4 2 4 2 0 2 2 
2 4 4 2 0 2 2 2 
4 2 2 2 2 2 2 2 
1 2 3 4 5 6 7 8 9 10 11 12 13 14 15 16 17 18 19 20 21 22 23 24 25 26 27 28 29 30 31 32 33 34 35 36 37 38 39 40 41 42 43 44 45 46 47 48 49 50 51 52 53 54 55 56 57 58 59 60 61 62 63 64 
2 7 8 9 10 11 12 16 19 21 22 1 23 24 25 26 27 28 29 30 31 32 35 37 38 3 40 41 4 42 5 6 43 44 45 46 47 48 49 50 51 52 54 55 13 56 14 15 57 17 18 20 58 59 60 61 62 63 33 34 36 39 64 53 
3 24 1 13 14 15 16 31 59 26 46 47 4 5 6 7 33 34 35 36 37 38 27 2 52 10 23 64 43 48 8 61 17 18 19 20 21 22 53 54 55 56 29 49 50 11 12 30 44 45 58 25 39 40 41 42 63 51 9 62 32 60 57 28 
4 28 13 7 17 18 19 60 32 49 9 51 16 33 34 35 21 22 1 39 40 41 25 64 45 44 52 12 11 27 62 29 37 38 3 53 54 55 42 5 6 57 46 8 48 59 58 23 31 30 2 50 56 14 15 63 20 24 61 26 43 10 36 47 
5 31 37 40 7 20 21 24 27 2 52 10 33 3 56 14 4 57 17 22 1 42 59 26 46 47 29 49 50 11 12 30 35 53 54 15 16 36 18 19 39 6 23 64 43 48 8 61 51 9 62 32 55 13 63 38 41 44 45 58 25 28 34 60 
6 11 38 18 20 1 22 48 28 30 2 32 55 56 16 15 39 4 41 5 42 7 60 61 26 25 49 9 51 10 52 12 63 35 34 37 36 3 17 57 19 21 64 45 44 47 46 8 27 62 29 31 54 53 13 14 40 59 58 23 24 50 33 43 
7 12 16 19 21 22 1 26 29 31 32 2 35 37 38 3 40 41 4 42 5 6 45 47 48 8 50 51 9 52 10 11 54 55 13 56 14 15 57 17 18 20 59 60 23 61 24 25 62 27 28 30 63 33 34 36 39 64 43 44 46 49 53 58 
8 37 2 23 24 25 26 5 33 3 56 14 9 10 11 12 43 44 45 46 47 48 40 7 20 21 35 53 54 15 16 36 27 28 29 30 31 32 58 59 60 61 4 57 17 22 1 42 55 13 63 38 49 50 51 52 64 18 19 39 6 34 62 41 
9 41 23 12 27 28 29 34 6 57 19 18 26 43 44 45 31 32 2 49 50 51 38 53 13 55 20 1 22 40 39 4 47 48 8 58 59 60 52 10 11 62 56 16 15 33 63 35 5 42 7 17 61 24 25 64 30 37 36 3 54 21 46 14 
10 5 47 50 12 30 31 37 40 7 20 21 43 8 61 24 9 62 27 32 2 52 33 3 56 14 4 57 17 22 1 42 45 58 59 25 26 46 28 29 49 11 35 53 54 15 16 36 18 19 39 6 60 23 64 48 51 55 13 63 38 41 44 34 
11 22 48 28 30 2 32 15 41 42 7 6 60 61 26 25 49 9 51 10 52 12 34 36 3 38 57 19 18 21 20 1 64 45 44 47 46 8 27 62 29 31 53 13 55 14 56 16 40 39 4 5 59 58 23 24 50 33 63 35 37 17 43 54 
12 1 26 29 31 32 2 3 4 5 6 7 45 47 48 8 50 51 9 52 10 11 13 14 15 16 17 18 19 20 21 22 59 60 23 61 24 25 62 27 28 30 33 34 35 36 37 38 39 40 41 42 64 43 44 46 49 53 54 55 56 57 58 63 
13 64 4 16 33 34 35 62 61 44 59 58 7 17 18 19 37 38 3 53 54 55 52 28 50 49 25 47 46 23 60 43 21 22 1 39 40 41 56 14 15 63 11 31 30 9 51 27 8 48 24 45 42 5 6 57 36 2 32 10 29 26 20 12 
14 8 21 54 16 36 37 2 23 24 25 26 17 1 42 5 13 63 33 38 3 56 9 10 11 12 43 44 45 46 47 48 19 39 40 6 7 20 34 35 53 15 27 28 29 30 31 32 58 59 60 61 41 4 57 22 55 49 50 51 52 64 18 62 
15 46 22 34 36 3 38 30 64 48 24 61 41 42 7 6 53 13 55 14 56 16 62 32 10 52 44 59 58 26 25 47 57 19 18 21 20 1 33 63 35 37 28 50 49 12 11 31 23 60 43 8 40 39 4 5 54 9 51 27 2 45 17 29 
16 47 7 35 37 38 3 10 43 8 61 24 19 21 22 1 54 55 13 56 14 15 50 12 30 31 45 58 59 25 26 46 40 41 4 42 5 6 63 33 34 36 9 62 27 32 2 52 60 23 64 48 57 17 18 20 53 28 29 49 11 44 39 51 
17 62 54 5 19 39 40 64 52 28 50 49 37 13 63 33 7 20 21 41 4 57 61 44 59 58 11 31 30 9 51 27 3 56 14 34 35 53 22 1 42 18 25 47 46 23 60 43 2 32 10 29 15 16 36 55 6 8 48 24 45 12 38 26 
18 9 55 22 39 4 41 23 12 27 28 29 15 63 35 34 42 7 6 17 57 19 26 43 44 45 31 32 2 49 50 51 36 3 38 54 53 13 21 20 1 40 47 48 8 58 59 60 52 10 11 62 14 56 16 33 5 61 24 25 64 30 37 46 
19 51 35 1 40 41 4 44 11 62 29 28 3 54 55 13 5 6 7 57 17 18 48 58 23 60 30 2 32 50 49 9 14 15 16 63 33 34 20 21 22 39 61 26 25 43 64 45 10 52 12 27 36 37 38 53 42 47 46 8 59 31 56 24 
20 52 36 57 22 5 42 61 49 11 31 30 63 38 14 56 18 40 39 7 6 21 58 25 47 46 51 27 62 2 32 10 34 54 53 16 15 37 4 41 17 1 60 43 64 8 48 24 29 28 50 12 13 55 33 3 19 45 44 59 26 9 35 23 
21 10 14 17 1 42 5 47 50 12 30 31 54 16 36 37 19 39 40 6 7 20 43 8 61 24 9 62 27 32 2 52 13 63 33 38 3 56 41 4 57 22 45 58 59 25 26 46 28 29 49 11 34 35 53 15 18 60 23 64 48 51 55 44 
22 32 15 41 42 7 6 25 51 52 12 11 34 36 3 38 57 19 18 21 20 1 44 46 8 48 62 29 28 31 30 2 53 13 55 14 56 16 40 39 4 5 58 23 60 24 61 26 50 49 9 10 33 63 35 37 17 43 64 45 47 27 54 59 
23 53 9 26 43 44 45 39 36 55 33 63 12 27 28 29 47 48 8 58 59 60 20 41 17 57 38 14 56 35 34 54 31 32 2 49 50 51 61 24 25 64 22 5 42 19 18 40 16 15 37 13 52 10 11 62 46 7 6 21 4 3 30 1 
24 16 31 59 26 46 47 7 35 37 38 3 27 2 52 10 23 64 43 48 8 61 19 21 22 1 54 55 13 56 14 15 29 49 50 11 12 30 44 45 58 25 40 41 4 42 5 6 63 33 34 36 51 9 62 32 60 57 17 18 20 53 28 39 
25 56 32 44 46 8 48 42 53 15 37 36 51 52 12 11 58 23 60 24 61 26 39 6 21 20 55 33 63 3 38 14 62 29 28 31 30 2 43 64 45 47 41 17 57 1 22 5 35 34 54 16 50 49 9 10 59 19 18 40 7 13 27 4 
26 14 12 45 47 48 8 21 54 16 36 37 29 31 32 2 59 60 23 61 24 25 17 1 42 5 13 63 33 38 3 56 50 51 9 52 10 11 64 43 44 46 19 39 40 6 7 20 34 35 53 15 62 27 28 30 58 41 4 57 22 55 49 18 
27 39 59 10 29 49 50 53 20 41 17 57 47 23 64 43 12 30 31 51 9 62 36 55 33 63 22 5 42 19 18 40 8 61 24 44 45 58 32 2 52 28 38 14 56 35 34 54 7 6 21 4 25 26 46 60 11 16 15 37 13 1 48 3 
28 19 60 32 49 9 51 35 1 40 41 4 25 64 45 44 52 12 11 27 62 29 3 54 55 13 5 6 7 57 17 18 46 8 48 59 58 23 31 30 2 50 14 15 16 63 33 34 20 21 22 39 24 61 26 43 10 36 37 38 53 42 47 56 
29 18 45 2 50 51 9 55 22 39 4 41 8 59 60 23 10 11 12 62 27 28 15 63 35 34 42 7 6 17 57 19 24 25 26 64 43 44 30 31 32 49 36 3 38 54 53 13 21 20 1 40 46 47 48 58 52 14 56 16 33 5 61 37 
30 20 46 62 32 10 52 36 57 22 5 42 64 48 24 61 28 50 49 12 11 31 63 38 14 56 18 40 39 7 6 21 44 59 58 26 25 47 9 51 27 2 34 54 53 16 15 37 4 41 17 1 23 60 43 8 29 13 55 33 3 19 45 35 
31 21 24 27 2 52 10 14 17 1 42 5 59 26 46 47 29 49 50 11 12 30 54 16 36 37 19 39 40 6 7 20 23 64 43 48 8 61 51 9 62 32 13 63 33 38 3 56 41 4 57 22 44 45 58 25 28 34 35 53 15 18 60 55 
32 6 25 51 52 12 11 38 18 20 1 22 44 46 8 48 62 29 28 31 30 2 55 56 16 15 39 4 41 5 42 7 58 23 60 24 61 26 50 49 9 10 63 35 34 37 36 3 17 57 19 21 43 64 45 47 27 54 53 13 14 40 59 33 
33 60 40 14 35 53 54 28 25 64 45 44 21 4 57 17 16 36 37 55 13 63 32 49 9 51 46 8 48 59 58 23 1 42 5 18 19 39 38 3 56 34 52 12 11 27 62 29 24 61 26 43 6 7 20 41 15 31 30 2 50 47 22 10 
34 59 41 38 53 13 55 27 47 23 64 43 6 57 19 18 56 16 15 33 63 35 10 29 49 50 8 61 24 44 45 58 20 1 22 40 39 4 37 36 3 54 12 30 31 51 9 62 25 26 46 60 5 42 7 17 14 32 2 52 28 48 21 11 
35 58 19 3 54 55 13 49 46 60 43 64 1 40 41 4 14 15 16 63 33 34 30 51 27 62 48 24 61 45 44 59 5 6 7 57 17 18 36 37 38 53 32 10 52 29 28 50 26 25 47 23 20 21 22 39 56 12 11 31 9 8 42 2 
36 25 20 63 38 14 56 32 44 46 8 48 57 22 5 42 34 54 53 16 15 37 51 52 12 11 58 23 60 24 61 26 18 40 39 7 6 21 13 55 33 3 62 29 28 31 30 2 43 64 45 47 4 41 17 1 35 50 49 9 10 59 19 27 
37 26 5 33 3 56 14 12 45 47 48 8 40 7 20 21 35 53 54 15 16 36 29 31 32 2 59 60 23 61 24 25 4 57 17 22 1 42 55 13 63 38 50 51 9 52 10 11 64 43 44 46 18 19 39 6 34 62 27 28 30 58 41 49 
38 61 6 55 56 16 15 52 58 25 47 46 18 20 1 22 63 35 34 37 36 3 49 11 31 30 60 43 64 8 48 24 39 4 41 5 42 7 54 53 13 14 51 27 62 2 32 10 45 44 59 26 17 57 19 21 33 29 28 50 12 23 40 9 
39 50 53 20 41 17 57 43 31 9 62 27 36 55 33 63 22 5 42 19 18 40 24 45 58 59 2 52 10 28 29 49 38 14 56 35 34 54 7 6 21 4 26 46 47 60 23 64 11 12 30 51 16 15 37 13 1 48 8 61 44 32 3 25 
40 49 33 21 4 57 17 58 30 51 27 62 14 35 53 54 1 42 5 18 19 39 46 60 43 64 32 10 52 29 28 50 16 36 37 55 13 63 6 7 20 41 48 24 61 45 44 59 12 11 31 9 38 3 56 34 22 26 25 47 23 2 15 8 
41 29 34 6 57 19 18 45 2 50 51 9 38 53 13 55 20 1 22 40 39 4 8 59 60 23 10 11 12 62 27 28 56 16 15 33 63 35 5 42 7 17 24 25 26 64 43 44 30 31 32 49 37 36 3 54 21 46 47 48 58 52 14 61 
42 30 56 39 6 21 20 46 62 32 10 52 53 15 37 36 41 17 57 1 22 5 64 48 24 61 28 50 49 12 11 31 55 33 63 3 38 14 19 18 40 7 44 59 58 26 25 47 9 51 27 2 35 34 54 16 4 23 60 43 8 29 13 45 
43 34 50 24 45 58 59 41 38 53 13 55 31 9 62 27 26 46 47 60 23 64 6 57 19 18 56 16 15 33 63 35 2 52 10 28 29 49 48 8 61 44 20 1 22 40 39 4 37 36 3 54 11 12 30 51 25 5 42 7 17 14 32 21 
44 33 51 48 58 23 60 40 14 35 53 54 11 62 29 28 61 26 25 43 64 45 21 4 57 17 16 36 37 55 13 63 30 2 32 50 49 9 47 46 8 59 1 42 5 18 19 39 38 3 56 34 10 52 12 27 24 6 7 20 41 15 31 22 
45 63 29 8 59 60 23 57 56 34 54 53 2 50 51 9 24 25 26 64 43 44 42 18 40 39 15 37 36 13 55 33 10 11 12 62 27 28 46 47 48 58 6 21 20 4 41 17 3 38 14 35 30 31 32 49 61 1 22 5 19 16 52 7 
46 38 30 64 48 24 61 6 55 56 16 15 62 32 10 52 44 59 58 26 25 47 18 20 1 22 63 35 34 37 36 3 28 50 49 12 11 31 23 60 43 8 39 4 41 5 42 7 54 53 13 14 9 51 27 2 45 17 57 19 21 33 29 40 
47 3 10 43 8 61 24 1 13 14 15 16 50 12 30 31 45 58 59 25 26 46 4 5 6 7 33 34 35 36 37 38 9 62 27 32 2 52 60 23 64 48 17 18 19 20 21 22 53 54 55 56 28 29 49 11 44 39 40 41 42 63 51 57 
48 36 11 60 61 26 25 20 63 38 14 56 28 30 2 32 64 45 44 47 46 8 57 22 5 42 34 54 53 16 15 37 49 9 51 10 52 12 59 58 23 24 18 40 39 7 6 21 13 55 33 3 27 62 29 31 43 4 41 17 1 35 50 19 
49 17 58 30 51 27 62 54 5 19 39 40 46 60 43 64 32 10 52 29 28 50 37 13 63 33 7 20 21 41 4 57 48 24 61 45 44 59 12 11 31 9 3 56 14 34 35 53 22 1 42 18 26 25 47 23 2 15 16 36 55 6 8 38 
50 57 43 31 9 62 27 63 42 18 40 39 24 45 58 59 2 52 10 28 29 49 56 34 54 53 6 21 20 4 41 17 26 46 47 60 23 64 11 12 30 51 15 37 36 13 55 33 1 22 5 19 48 8 61 44 32 3 38 14 35 7 25 16 
51 4 44 11 62 29 28 13 7 17 18 19 48 58 23 60 30 2 32 50 49 9 16 33 34 35 21 22 1 39 40 41 61 26 25 43 64 45 10 52 12 27 37 38 3 53 54 55 42 5 6 57 47 46 8 59 31 56 14 15 63 20 24 36 
52 42 61 49 11 31 30 56 39 6 21 20 58 25 47 46 51 27 62 2 32 10 53 15 37 36 41 17 57 1 22 5 60 43 64 8 48 24 29 28 50 12 55 33 63 3 38 14 19 18 40 7 45 44 59 26 9 35 34 54 16 4 23 13 
53 45 39 36 55 33 63 29 8 59 60 23 20 41 17 57 38 14 56 35 34 54 2 50 51 9 24 25 26 64 43 44 22 5 42 19 18 40 16 15 37 13 10 11 12 62 27 28 46 47 48 58 7 6 21 4 3 30 31 32 49 61 1 52 
54 44 17 37 13 63 33 51 48 58 23 60 5 19 39 40 3 56 14 34 35 53 11 62 29 28 61 26 25 43 64 45 7 20 21 41 4 57 15 16 36 55 30 2 32 50 49 9 47 46 8 59 22 1 42 18 38 10 52 12 27 24 6 31 
55 43 18 15 63 35 34 50 24 45 58 59 22 39 4 41 36 3 38 54 53 13 31 9 62 27 26 46 47 60 23 64 42 7 6 17 57 19 14 56 16 33 2 52 10 28 29 49 48 8 61 44 21 20 1 40 37 11 12 30 51 25 5 32 
56 48 42 53 15 37 36 11 60 61 26 25 39 6 21 20 55 33 63 3 38 14 28 30 2 32 64 45 44 47 46 8 41 17 57 1 22 5 35 34 54 16 49 9 51 10 52 12 59 58 23 24 19 18 40 7 13 27 62 29 31 43 4 50 
57 27 63 42 18 40 39 59 10 29 49 50 56 34 54 53 6 21 20 4 41 17 47 23 64 43 12 30 31 51 9 62 15 37 36 13 55 33 1 22 5 19 8 61 24 44 45 58 32 2 52 28 3 38 14 35 7 25 26 46 60 11 16 48 
58 13 49 46 60 43 64 4 16 33 34 35 30 51 27 62 48 24 61 45 44 59 7 17 18 19 37 38 3 53 54 55 32 10 52 29 28 50 26 25 47 23 21 22 1 39 40 41 56 14 15 63 12 11 31 9 8 42 5 6 57 36 2 20 
59 55 27 47 23 64 43 18 15 63 35 34 10 29 49 50 8 61 24 44 45 58 22 39 4 41 36 3 38 54 53 13 12 30 31 51 9 62 25 26 46 60 42 7 6 17 57 19 14 56 16 33 32 2 52 28 48 21 20 1 40 37 11 5 
60 54 28 25 64 45 44 17 37 13 63 33 32 49 9 51 46 8 48 59 58 23 5 19 39 40 3 56 14 34 35 53 52 12 11 27 62 29 24 61 26 43 7 20 21 41 4 57 15 16 36 55 31 30 2 50 47 22 1 42 18 38 10 6 
61 15 52 58 25 47 46 22 34 36 3 38 49 11 31 30 60 43 64 8 48 24 41 42 7 6 53 13 55 14 56 16 51 27 62 2 32 10 45 44 59 26 57 19 18 21 20 1 33 63 35 37 29 28 50 12 23 40 39 4 5 54 9 17 
62 40 64 52 28 50 49 33 21 4 57 17 61 44 59 58 11 31 30 9 51 27 14 35 53 54 1 42 5 18 19 39 25 47 46 23 60 43 2 32 10 29 16 36 37 55 13 63 6 7 20 41 8 48 24 45 12 38 3 56 34 22 26 15 
63 23 57 56 34 54 53 9 26 43 44 45 42 18 40 39 15 37 36 13 55 33 12 27 28 29 47 48 8 58 59 60 6 21 20 4 41 17 3 38 14 35 31 32 2 49 50 51 61 24 25 64 1 22 5 19 16 52 10 11 62 46 7 30 
64 35 62 61 44 59 58 19 3 54 55 13 52 28 50 49 25 47 46 23 60 43 1 40 41 4 14 15 16 63 33 34 11 31 30 9 51 27 8 48 24 45 5 6 7 57 17 18 36 37 38 53 2 32 10 29 26 20 21 22 39 56 12 42 
1
0 1 

1 4 
1 
6 
7 
22 
2 8 
1 6 
1 7 
1 22 
5 21 
6 7 
6 22 
7 22 
20 42 
3 12 
1 5 21 
1 6 7 
1 6 22 
1 7 22 
1 20 42 
5 6 21 
5 7 21 
5 21 22 
6 7 22 
6 20 42 
7 20 42 
20 22 42 
4 14 
1 5 6 21 
1 5 7 21 
1 5 21 22 
1 6 7 22 
1 6 20 42 
1 7 20 42 
1 20 22 42 
5 6 7 21 
5 6 21 22 
5 7 21 22 
5 20 21 42 
6 7 20 42 
6 20 22 42 
7 20 22 42 
5 12 
1 5 6 7 21 
1 5 6 21 22 
1 5 7 21 22 
1 5 20 21 42 
1 6 7 20 42 
1 6 20 22 42 
1 7 20 22 42 
5 6 7 21 22 
5 6 20 21 42 
5 7 20 21 42 
5 20 21 22 42 
6 7 20 22 42 
6 8 
1 5 6 7 21 22 
1 5 6 20 21 42 
1 5 7 20 21 42 
1 5 20 21 22 42 
1 6 7 20 22 42 
5 6 7 20 21 42 
5 6 20 21 22 42 
5 7 20 21 22 42 
7 4 
1 5 6 7 20 21 42 
1 5 6 20 21 22 42 
1 5 7 20 21 22 42 
5 6 7 20 21 22 42 
8 1 
1 5 6 7 20 21 22 42 
2
0 1 

1 1 

2 4 
2 12 
10 31 
11 32 
30 52 
3 1 

4 6 
2 10 12 31 
2 11 12 32 
2 12 30 52 
10 11 31 32 
10 30 31 52 
11 30 32 52 
5 1 

6 4 
2 10 11 12 31 32 
2 10 12 30 31 52 
2 11 12 30 32 52 
10 11 30 31 32 52 
7 1 

8 1 
2 10 11 12 30 31 32 52 
3
0 1 

1 4 
3 
14 
16 
37 
2 8 
3 14 
3 16 
3 37 
14 16 
14 37 
15 38 
16 37 
36 56 
3 12 
3 14 16 
3 14 37 
3 15 38 
3 16 37 
3 36 56 
14 15 38 
14 16 37 
14 36 56 
15 16 38 
15 37 38 
16 36 56 
36 37 56 
4 14 
3 14 15 38 
3 14 16 37 
3 14 36 56 
3 15 16 38 
3 15 37 38 
3 16 36 56 
3 36 37 56 
14 15 16 38 
14 15 37 38 
14 16 36 56 
14 36 37 56 
15 16 37 38 
15 36 38 56 
16 36 37 56 
5 12 
3 14 15 16 38 
3 14 15 37 38 
3 14 16 36 56 
3 14 36 37 56 
3 15 16 37 38 
3 15 36 38 56 
3 16 36 37 56 
14 15 16 37 38 
14 15 36 38 56 
14 16 36 37 56 
15 16 36 38 56 
15 36 37 38 56 
6 8 
3 14 15 16 37 38 
3 14 15 36 38 56 
3 14 16 36 37 56 
3 15 16 36 38 56 
3 15 36 37 38 56 
14 15 16 36 38 56 
14 15 36 37 38 56 
15 16 36 37 38 56 
7 4 
3 14 15 16 36 38 56 
3 14 15 36 37 38 56 
3 15 16 36 37 38 56 
14 15 16 36 37 38 56 
8 1 
3 14 15 16 36 37 38 56 
4
0 1 

1 1 

2 4 
4 19 
17 40 
18 41 
39 57 
3 1 

4 6 
4 17 19 40 
4 18 19 41 
4 19 39 57 
17 18 40 41 
17 39 40 57 
18 39 41 57 
5 1 

6 4 
4 17 18 19 40 41 
4 17 19 39 40 57 
4 18 19 39 41 57 
17 18 39 40 41 57 
7 1 

8 1 
4 17 18 19 39 40 41 57 
5
0 1 

1 1 

2 4 
8 47 
24 26 
25 46 
48 61 
3 1 

4 6 
8 24 26 47 
8 25 46 47 
8 47 48 61 
24 25 26 46 
24 26 48 61 
25 46 48 61 
5 1 

6 4 
8 24 25 26 46 47 
8 24 26 47 48 61 
8 25 46 47 48 61 
24 25 26 46 48 61 
7 1 

8 1 
8 24 25 26 46 47 48 61 
6
0 1 

1 1 

2 4 
9 28 
27 62 
29 51 
49 50 
3 1 

4 6 
9 27 28 62 
9 28 29 51 
9 28 49 50 
27 29 51 62 
27 49 50 62 
29 49 50 51 
5 1 

6 4 
9 27 28 29 51 62 
9 27 28 49 50 62 
9 28 29 49 50 51 
27 29 49 50 51 62 
7 1 

8 1 
9 27 28 29 49 50 51 62 
7
0 1 

1 4 
33 
34 
54 
55 
2 8 
13 35 
33 34 
33 54 
33 55 
34 54 
34 55 
53 63 
54 55 
3 12 
13 33 35 
13 34 35 
13 35 54 
13 35 55 
33 34 54 
33 34 55 
33 53 63 
33 54 55 
34 53 63 
34 54 55 
53 54 63 
53 55 63 
4 14 
13 33 34 35 
13 33 35 54 
13 33 35 55 
13 34 35 54 
13 34 35 55 
13 35 53 63 
13 35 54 55 
33 34 53 63 
33 34 54 55 
33 53 54 63 
33 53 55 63 
34 53 54 63 
34 53 55 63 
53 54 55 63 
5 12 
13 33 34 35 54 
13 33 34 35 55 
13 33 35 53 63 
13 33 35 54 55 
13 34 35 53 63 
13 34 35 54 55 
13 35 53 54 63 
13 35 53 55 63 
33 34 53 54 63 
33 34 53 55 63 
33 53 54 55 63 
34 53 54 55 63 
6 8 
13 33 34 35 53 63 
13 33 34 35 54 55 
13 33 35 53 54 63 
13 33 35 53 55 63 
13 34 35 53 54 63 
13 34 35 53 55 63 
13 35 53 54 55 63 
33 34 53 54 55 63 
7 4 
13 33 34 35 53 54 63 
13 33 34 35 53 55 63 
13 33 35 53 54 55 63 
13 34 35 53 54 55 63 
8 1 
13 33 34 35 53 54 55 63 
8
0 1 

1 1 

2 4 
23 64 
43 44 
45 58 
59 60 
3 1 

4 6 
23 43 44 64 
23 45 58 64 
23 59 60 64 
43 44 45 58 
43 44 59 60 
45 58 59 60 
5 1 

6 4 
23 43 44 45 58 64 
23 43 44 59 60 64 
23 45 58 59 60 64 
43 44 45 58 59 60 
7 1 

8 1 
23 43 44 45 58 59 60 64 
