//Table for grp 208:
57
0 0 2 2 4 4 2 4 
0 0 2 4 4 2 4 2 
0 0 4 2 2 4 4 2 
0 0 4 4 2 2 2 4 
0 2 0 2 4 2 4 4 
0 2 0 4 4 4 2 2 
0 2 2 0 2 4 4 4 
0 2 2 2 2 2 2 6 
0 2 2 2 2 2 6 2 
0 2 2 2 2 6 2 2 
0 2 2 2 6 2 2 2 
0 2 2 4 2 0 4 4 
0 2 2 4 2 4 0 4 
0 2 2 4 2 4 4 0 
0 2 2 6 2 2 2 2 
0 2 4 0 4 4 2 2 
0 2 4 2 0 2 4 4 
0 2 4 2 4 2 0 4 
0 2 4 2 4 2 4 0 
0 2 4 4 0 4 2 2 
0 2 4 4 4 0 2 2 
0 2 6 2 2 2 2 2 
0 4 0 2 2 4 4 2 
0 4 0 4 2 2 2 4 
0 4 2 0 4 2 4 2 
0 4 2 2 0 4 2 4 
0 4 2 2 4 0 2 4 
0 4 2 2 4 4 2 0 
0 4 2 4 0 2 4 2 
0 4 2 4 4 2 0 2 
0 4 4 0 2 2 2 4 
0 4 4 2 2 0 4 2 
0 4 4 2 2 4 0 2 
0 4 4 4 2 2 2 0 
0 6 2 2 2 2 2 2 
2 0 2 2 2 2 4 4 
2 0 2 4 2 4 2 2 
2 0 4 2 4 2 2 2 
2 2 0 2 2 4 2 4 
2 2 0 4 2 2 4 2 
2 2 2 0 4 2 2 4 
2 2 2 2 0 4 4 2 
2 2 2 2 4 0 4 2 
2 2 2 2 4 4 0 2 
2 2 2 4 0 2 2 4 
2 2 2 4 4 2 2 0 
2 2 4 0 2 2 4 2 
2 2 4 2 2 0 2 4 
2 2 4 2 2 4 2 0 
2 2 4 4 2 2 0 2 
2 4 0 2 4 2 2 2 
2 4 2 0 2 4 2 2 
2 4 2 2 2 2 0 4 
2 4 2 2 2 2 4 0 
2 4 2 4 2 0 2 2 
2 4 4 2 0 2 2 2 
4 2 2 2 2 2 2 2 
1 2 3 4 5 6 7 8 9 10 11 12 13 14 15 16 17 18 19 20 21 22 23 24 25 26 27 28 29 30 31 32 33 34 35 36 37 38 39 40 41 42 43 44 45 46 47 48 49 50 51 52 53 54 55 56 57 58 59 60 61 62 63 64 
2 6 8 9 10 11 12 15 18 20 1 22 23 24 25 26 27 28 29 30 31 32 34 36 3 38 39 4 41 5 42 7 43 44 45 46 47 48 49 50 51 52 53 13 55 14 56 16 17 57 19 21 58 59 60 61 62 33 63 35 37 40 64 54 
3 25 7 13 14 15 16 32 44 46 8 48 19 21 22 1 33 34 35 36 37 38 51 52 12 11 58 23 60 24 61 26 40 41 4 42 5 6 53 54 55 56 62 29 28 31 30 2 43 64 45 47 57 17 18 20 63 50 49 9 10 59 39 27 
4 29 13 6 17 18 19 45 32 50 51 9 15 33 34 35 20 1 22 39 40 41 48 59 60 23 52 12 11 62 27 28 36 3 38 53 54 55 5 42 7 57 61 26 25 64 43 44 31 30 2 49 14 56 16 63 21 47 46 8 58 10 37 24 
5 10 14 17 1 20 21 24 27 2 30 31 33 3 36 37 4 39 40 6 7 42 43 8 46 47 9 49 50 11 12 52 13 53 54 15 16 56 18 19 57 22 23 58 59 25 26 61 28 29 62 32 34 35 63 38 41 44 45 64 48 51 55 60 
6 11 15 18 20 1 22 25 28 30 2 32 34 36 3 38 39 4 41 5 42 7 44 46 8 48 49 9 51 10 52 12 53 13 55 14 56 16 17 57 19 21 58 23 60 24 61 26 27 62 29 31 33 63 35 37 40 43 64 45 47 50 54 59 
7 12 16 19 21 22 1 26 29 31 32 2 35 37 38 3 40 41 4 42 5 6 45 47 48 8 50 51 9 52 10 11 54 55 13 56 14 15 57 17 18 20 59 60 23 61 24 25 62 27 28 30 63 33 34 36 39 64 43 44 46 49 53 58 
8 3 12 23 24 25 26 7 13 14 15 16 29 31 32 2 43 44 45 46 47 48 19 21 22 1 33 34 35 36 37 38 50 51 9 52 10 11 58 59 60 61 40 41 4 42 5 6 53 54 55 56 62 27 28 30 64 57 17 18 20 63 49 39 
9 41 23 11 27 28 29 55 7 57 19 18 25 43 44 45 30 2 32 49 50 51 16 63 35 34 21 22 1 40 39 4 46 8 48 58 59 60 10 52 12 62 37 38 3 54 53 13 42 5 6 17 24 61 26 64 31 56 14 15 33 20 47 36 
10 20 24 27 2 30 31 36 39 6 5 42 43 8 46 47 9 49 50 11 12 52 53 15 14 56 18 17 57 1 22 21 23 58 59 25 26 61 28 29 62 32 34 33 63 3 38 37 4 41 40 7 44 45 64 48 51 13 55 54 16 19 60 35 
11 1 25 28 30 2 32 3 4 5 6 7 44 46 8 48 49 9 51 10 52 12 13 14 15 16 17 18 19 20 21 22 58 23 60 24 61 26 27 62 29 31 33 34 35 36 37 38 39 40 41 42 43 64 45 47 50 53 54 55 56 57 59 63 
12 22 26 29 31 32 2 38 41 42 7 6 45 47 48 8 50 51 9 52 10 11 55 56 16 15 57 19 18 21 20 1 59 60 23 61 24 25 62 27 28 30 63 35 34 37 36 3 40 39 4 5 64 43 44 46 49 54 53 13 14 17 58 33 
13 60 19 15 33 34 35 28 26 64 45 44 22 40 41 4 36 3 38 53 54 55 2 49 9 51 47 48 8 59 58 23 42 7 6 57 17 18 14 56 16 63 10 11 12 27 62 29 61 24 25 43 21 20 1 39 37 30 31 32 50 46 5 52 
14 46 21 33 3 36 37 52 58 25 24 61 40 7 42 5 13 53 54 15 16 56 62 32 31 30 44 43 64 8 48 47 19 57 17 22 1 20 34 35 63 38 51 50 49 12 11 10 23 60 59 26 41 4 39 6 55 29 28 27 2 45 18 9 
15 8 22 34 36 3 38 12 23 24 25 26 41 42 7 6 53 13 55 14 56 16 29 31 32 2 43 44 45 46 47 48 57 19 18 21 20 1 33 63 35 37 50 51 9 52 10 11 58 59 60 61 40 39 4 5 54 62 27 28 30 64 17 49 
16 48 1 35 37 38 3 11 60 61 26 25 4 5 6 7 54 55 13 56 14 15 28 30 2 32 64 45 44 47 46 8 17 18 19 20 21 22 63 33 34 36 49 9 51 10 52 12 59 58 23 24 39 40 41 42 53 27 62 29 31 43 57 50 
17 50 33 20 4 39 40 59 52 29 62 27 36 13 53 54 6 5 42 18 19 57 61 45 64 43 32 31 30 51 9 49 15 14 56 34 35 63 1 22 21 41 48 47 46 60 23 58 12 11 10 28 3 38 37 55 7 26 25 24 44 2 16 8 
18 51 34 1 39 4 41 60 12 62 29 28 3 53 13 55 5 6 7 17 57 19 26 64 45 44 31 32 2 50 49 9 14 15 16 33 63 35 20 21 22 40 47 48 8 59 58 23 52 10 11 27 36 37 38 54 42 61 24 25 43 30 56 46 
19 9 35 22 40 41 4 23 11 27 28 29 38 54 55 13 42 7 6 57 17 18 25 43 44 45 30 2 32 49 50 51 56 16 15 63 33 34 21 20 1 39 46 8 48 58 59 60 10 52 12 62 37 36 3 53 5 24 61 26 64 31 14 47 
20 30 36 39 6 5 42 46 49 11 10 52 53 15 14 56 18 17 57 1 22 21 58 25 24 61 28 27 62 2 32 31 34 33 63 3 38 37 4 41 40 7 44 43 64 8 48 47 9 51 50 12 13 55 54 16 19 23 60 59 26 29 35 45 
21 31 37 40 7 42 5 47 50 12 52 10 54 16 56 14 19 57 17 22 1 20 59 26 61 24 29 62 27 32 2 30 35 63 33 38 3 36 41 4 39 6 45 64 43 48 8 46 51 9 49 11 55 13 53 15 18 60 23 58 25 28 34 44 
22 32 38 41 42 7 6 48 51 52 12 11 55 56 16 15 57 19 18 21 20 1 60 61 26 25 62 29 28 31 30 2 63 35 34 37 36 3 40 39 4 5 64 45 44 47 46 8 50 49 9 10 54 53 13 14 17 59 58 23 24 27 33 43 
23 35 29 25 43 44 45 4 38 54 55 13 32 50 51 9 46 8 48 58 59 60 6 17 18 19 56 16 15 63 33 34 52 12 11 62 27 28 24 61 26 64 20 1 22 39 40 41 37 36 3 53 31 30 2 49 47 5 42 7 57 14 10 21 
24 14 31 43 8 46 47 21 33 3 36 37 50 12 52 10 23 58 59 25 26 61 40 7 42 5 13 53 54 15 16 56 29 62 27 32 2 30 44 45 64 48 19 57 17 22 1 20 34 35 63 38 51 9 49 11 60 41 4 39 6 55 28 18 
25 15 32 44 46 8 48 22 34 36 3 38 51 52 12 11 58 23 60 24 61 26 41 42 7 6 53 13 55 14 56 16 62 29 28 31 30 2 43 64 45 47 57 19 18 21 20 1 33 63 35 37 50 49 9 10 59 40 39 4 5 54 27 17 
26 16 2 45 47 48 8 1 35 37 38 3 9 10 11 12 59 60 23 61 24 25 4 5 6 7 54 55 13 56 14 15 27 28 29 30 31 32 64 43 44 46 17 18 19 20 21 22 63 33 34 36 49 50 51 52 58 39 40 41 42 53 62 57 
27 57 43 30 9 49 50 63 21 41 40 39 46 23 58 59 11 10 52 28 29 62 37 55 54 53 7 42 5 19 18 17 25 24 61 44 45 64 2 32 31 51 16 56 14 35 34 33 22 1 20 4 8 48 47 60 12 38 3 36 13 6 26 15 
28 19 44 2 49 9 51 35 22 40 41 4 8 58 23 60 10 11 12 27 62 29 38 54 55 13 42 7 6 57 17 18 24 25 26 43 64 45 30 31 32 50 56 16 15 63 33 34 21 20 1 39 46 47 48 59 52 37 36 3 53 5 61 14 
29 18 45 32 50 51 9 34 1 39 4 41 48 59 60 23 52 12 11 62 27 28 3 53 13 55 5 6 7 17 57 19 61 26 25 64 43 44 31 30 2 49 14 15 16 33 63 35 20 21 22 40 47 46 8 58 10 36 37 38 54 42 24 56 
30 5 46 49 11 10 52 14 17 1 20 21 58 25 24 61 28 27 62 2 32 31 33 3 36 37 4 39 40 6 7 42 44 43 64 8 48 47 9 51 50 12 13 53 54 15 16 56 18 19 57 22 23 60 59 26 29 34 35 63 38 41 45 55 
31 42 47 50 12 52 10 56 57 22 21 20 59 26 61 24 29 62 27 32 2 30 63 38 37 36 41 40 39 7 6 5 45 64 43 48 8 46 51 9 49 11 55 54 53 16 15 14 19 18 17 1 60 23 58 25 28 35 34 33 3 4 44 13 
32 7 48 51 52 12 11 16 19 21 22 1 60 61 26 25 62 29 28 31 30 2 35 37 38 3 40 41 4 42 5 6 64 45 44 47 46 8 50 49 9 10 54 55 13 56 14 15 57 17 18 20 59 58 23 24 27 63 33 34 36 39 43 53 
33 64 40 36 13 53 54 49 47 60 59 58 42 19 57 17 15 14 56 34 35 63 10 28 27 62 26 61 24 45 44 43 22 21 20 41 4 39 3 38 37 55 2 30 31 9 51 50 48 8 46 23 7 6 5 18 16 11 12 52 29 25 1 32 
34 45 41 3 53 13 55 9 48 59 60 23 7 57 19 18 14 15 16 33 63 35 11 27 28 29 61 26 25 64 43 44 21 22 1 40 39 4 36 37 38 54 30 2 32 49 50 51 47 46 8 58 42 5 6 17 56 10 52 12 62 24 20 31 
35 44 4 38 54 55 13 51 8 58 23 60 6 17 18 19 56 16 15 63 33 34 12 62 29 28 24 25 26 43 64 45 20 1 22 39 40 41 37 36 3 53 31 32 2 50 49 9 46 47 48 59 5 42 7 57 14 52 10 11 27 61 21 30 
36 24 42 53 15 14 56 31 43 8 46 47 57 22 21 20 34 33 63 3 38 37 50 12 52 10 23 58 59 25 26 61 41 40 39 7 6 5 13 55 54 16 29 62 27 32 2 30 44 45 64 48 19 18 17 1 35 51 9 49 11 60 4 28 
37 61 5 54 16 56 14 30 64 48 47 46 17 1 20 21 35 63 33 38 3 36 49 11 10 52 60 59 58 26 25 24 4 39 40 6 7 42 55 13 53 15 28 27 62 2 32 31 45 44 43 8 18 19 57 22 34 9 51 50 12 23 41 29 
38 26 6 55 56 16 15 2 45 47 48 8 18 20 1 22 63 35 34 37 36 3 9 10 11 12 59 60 23 61 24 25 39 4 41 5 42 7 54 53 13 14 27 28 29 30 31 32 64 43 44 46 17 57 19 21 33 49 50 51 52 58 40 62 
39 62 53 5 18 17 57 64 31 51 50 49 14 34 33 63 1 20 21 4 41 40 47 60 59 58 12 52 10 29 28 27 3 36 37 13 55 54 6 7 42 19 26 61 24 45 44 43 32 2 30 9 15 16 56 35 22 48 8 46 23 11 38 25 
40 27 54 42 19 57 17 43 30 9 49 50 56 35 63 33 22 21 20 41 4 39 46 23 58 59 11 10 52 28 29 62 38 37 36 55 13 53 7 6 5 18 25 24 61 44 45 64 2 32 31 51 16 15 14 34 1 8 48 47 60 12 3 26 
41 28 55 7 57 19 18 44 2 49 9 51 16 63 35 34 21 22 1 40 39 4 8 58 23 60 10 11 12 27 62 29 37 38 3 54 53 13 42 5 6 17 24 25 26 43 64 45 30 31 32 50 56 14 15 33 20 46 47 48 59 52 36 61 
42 52 56 57 22 21 20 61 62 32 31 30 63 38 37 36 41 40 39 7 6 5 64 48 47 46 51 50 49 12 11 10 55 54 53 16 15 14 19 18 17 1 60 59 58 26 25 24 29 28 27 2 35 34 33 3 4 45 44 43 8 9 13 23 
43 54 50 46 23 58 59 17 56 35 63 33 52 29 62 27 25 24 61 44 45 64 20 4 39 40 38 37 36 55 13 53 32 31 30 51 9 49 8 48 47 60 6 5 42 18 19 57 16 15 14 34 12 11 10 28 26 1 22 21 41 3 2 7 
44 55 51 8 58 23 60 18 16 63 35 34 12 62 29 28 24 25 26 43 64 45 1 39 4 41 37 38 3 54 53 13 31 32 2 50 49 9 46 47 48 59 5 6 7 17 57 19 56 14 15 33 52 10 11 27 61 20 21 22 40 36 30 42 
45 13 9 48 59 60 23 19 15 33 34 35 11 27 28 29 61 26 25 64 43 44 22 40 41 4 36 3 38 53 54 55 30 2 32 49 50 51 47 46 8 58 42 7 6 57 17 18 14 56 16 63 10 52 12 62 24 21 20 1 39 37 31 5 
46 36 52 58 25 24 61 42 53 15 14 56 62 32 31 30 44 43 64 8 48 47 57 22 21 20 34 33 63 3 38 37 51 50 49 12 11 10 23 60 59 26 41 40 39 7 6 5 13 55 54 16 29 28 27 2 45 19 18 17 1 35 9 4 
47 37 10 59 26 61 24 5 54 16 56 14 27 2 30 31 45 64 43 48 8 46 17 1 20 21 35 63 33 38 3 36 9 49 50 11 12 52 60 23 58 25 4 39 40 6 7 42 55 13 53 15 28 29 62 32 44 18 19 57 22 34 51 41 
48 38 11 60 61 26 25 6 55 56 16 15 28 30 2 32 64 45 44 47 46 8 18 20 1 22 63 35 34 37 36 3 49 9 51 10 52 12 59 58 23 24 39 4 41 5 42 7 54 53 13 14 27 62 29 31 43 17 57 19 21 33 50 40 
49 40 58 10 28 27 62 54 42 19 57 17 24 44 43 64 2 30 31 9 51 50 56 35 63 33 22 21 20 41 4 39 8 46 47 23 60 59 11 12 52 29 38 37 36 55 13 53 7 6 5 18 25 26 61 45 32 16 15 14 34 1 48 3 
50 39 59 52 29 62 27 53 5 18 17 57 61 45 64 43 32 31 30 51 9 49 14 34 33 63 1 20 21 4 41 40 48 47 46 60 23 58 12 11 10 28 3 36 37 13 55 54 6 7 42 19 26 25 24 44 2 15 16 56 35 22 8 38 
51 4 60 12 62 29 28 13 6 17 18 19 26 64 45 44 31 32 2 50 49 9 15 33 34 35 20 1 22 39 40 41 47 48 8 59 58 23 52 10 11 27 36 3 38 53 54 55 5 42 7 57 61 24 25 43 30 14 56 16 63 21 46 37 
52 21 61 62 32 31 30 37 40 7 42 5 64 48 47 46 51 50 49 12 11 10 54 16 56 14 19 57 17 22 1 20 60 59 58 26 25 24 29 28 27 2 35 63 33 38 3 36 41 4 39 6 45 44 43 8 9 55 13 53 15 18 23 34 
53 59 57 14 34 33 63 27 61 45 64 43 21 41 40 39 3 36 37 13 55 54 30 9 49 50 48 47 46 60 23 58 7 42 5 19 18 17 15 16 56 35 11 10 52 28 29 62 26 25 24 44 22 1 20 4 38 2 32 31 51 8 6 12 
54 58 17 56 35 63 33 62 24 44 43 64 20 4 39 40 38 37 36 55 13 53 31 51 50 49 8 46 47 23 60 59 6 5 42 18 19 57 16 15 14 34 12 52 10 29 28 27 25 26 61 45 1 22 21 41 3 32 2 30 9 48 7 11 
55 23 18 16 63 35 34 29 25 43 44 45 1 39 4 41 37 38 3 54 53 13 32 50 51 9 46 8 48 58 59 60 5 6 7 17 57 19 56 14 15 33 52 12 11 62 27 28 24 61 26 64 20 21 22 40 36 31 30 2 49 47 42 10 
56 47 20 63 38 37 36 10 59 26 61 24 39 6 5 42 55 54 53 16 15 14 27 2 30 31 45 64 43 48 8 46 18 17 57 1 22 21 35 34 33 3 9 49 50 11 12 52 60 23 58 25 4 41 40 7 13 28 29 62 32 44 19 51 
57 49 63 21 41 40 39 58 10 28 27 62 37 55 54 53 7 42 5 19 18 17 24 44 43 64 2 30 31 9 51 50 16 56 14 35 34 33 22 1 20 4 8 46 47 23 60 59 11 12 52 29 38 3 36 13 6 25 26 61 45 32 15 48 
58 63 62 24 44 43 64 39 37 55 54 53 31 51 50 49 8 46 47 23 60 59 5 18 17 57 16 56 14 35 34 33 12 52 10 29 28 27 25 26 61 45 1 20 21 4 41 40 38 3 36 13 32 2 30 9 48 6 7 42 19 15 11 22 
59 33 27 61 45 64 43 40 36 13 53 54 30 9 49 50 48 47 46 60 23 58 42 19 57 17 15 14 56 34 35 63 11 10 52 28 29 62 26 25 24 44 22 21 20 41 4 39 3 38 37 55 2 32 31 51 8 7 6 5 18 16 12 1 
60 34 28 26 64 45 44 41 3 53 13 55 2 49 9 51 47 48 8 59 58 23 7 57 19 18 14 15 16 33 63 35 10 11 12 27 62 29 61 24 25 43 21 22 1 40 39 4 36 37 38 54 30 31 32 50 46 42 5 6 17 56 52 20 
61 56 30 64 48 47 46 20 63 38 37 36 49 11 10 52 60 59 58 26 25 24 39 6 5 42 55 54 53 16 15 14 28 27 62 2 32 31 45 44 43 8 18 17 57 1 22 21 35 34 33 3 9 51 50 12 23 4 41 40 7 13 29 19 
62 17 64 31 51 50 49 33 20 4 39 40 47 60 59 58 12 52 10 29 28 27 36 13 53 54 6 5 42 18 19 57 26 61 24 45 44 43 32 2 30 9 15 14 56 34 35 63 1 22 21 41 48 8 46 23 11 3 38 37 55 7 25 16 
63 43 39 37 55 54 53 50 46 23 58 59 5 18 17 57 16 56 14 35 34 33 52 29 62 27 25 24 61 44 45 64 1 20 21 4 41 40 38 3 36 13 32 31 30 51 9 49 8 48 47 60 6 7 42 19 15 12 11 10 28 26 22 2 
64 53 49 47 60 59 58 57 14 34 33 63 10 28 27 62 26 61 24 45 44 43 21 41 40 39 3 36 37 13 55 54 2 30 31 9 51 50 48 8 46 23 7 42 5 19 18 17 15 16 56 35 11 12 52 29 25 22 1 20 4 38 32 6 
1
0 1 

1 8 
1 
5 
6 
7 
20 
21 
22 
42 
2 28 
1 5 
1 6 
1 7 
1 20 
1 21 
1 22 
1 42 
5 6 
5 7 
5 20 
5 21 
5 22 
5 42 
6 7 
6 20 
6 21 
6 22 
6 42 
7 20 
7 21 
7 22 
7 42 
20 21 
20 22 
20 42 
21 22 
21 42 
22 42 
3 56 
1 5 6 
1 5 7 
1 5 20 
1 5 21 
1 5 22 
1 5 42 
1 6 7 
1 6 20 
1 6 21 
1 6 22 
1 6 42 
1 7 20 
1 7 21 
1 7 22 
1 7 42 
1 20 21 
1 20 22 
1 20 42 
1 21 22 
1 21 42 
1 22 42 
5 6 7 
5 6 20 
5 6 21 
5 6 22 
5 6 42 
5 7 20 
5 7 21 
5 7 22 
5 7 42 
5 20 21 
5 20 22 
5 20 42 
5 21 22 
5 21 42 
5 22 42 
6 7 20 
6 7 21 
6 7 22 
6 7 42 
6 20 21 
6 20 22 
6 20 42 
6 21 22 
6 21 42 
6 22 42 
7 20 21 
7 20 22 
7 20 42 
7 21 22 
7 21 42 
7 22 42 
20 21 22 
20 21 42 
20 22 42 
21 22 42 
4 70 
1 5 6 7 
1 5 6 20 
1 5 6 21 
1 5 6 22 
1 5 6 42 
1 5 7 20 
1 5 7 21 
1 5 7 22 
1 5 7 42 
1 5 20 21 
1 5 20 22 
1 5 20 42 
1 5 21 22 
1 5 21 42 
1 5 22 42 
1 6 7 20 
1 6 7 21 
1 6 7 22 
1 6 7 42 
1 6 20 21 
1 6 20 22 
1 6 20 42 
1 6 21 22 
1 6 21 42 
1 6 22 42 
1 7 20 21 
1 7 20 22 
1 7 20 42 
1 7 21 22 
1 7 21 42 
1 7 22 42 
1 20 21 22 
1 20 21 42 
1 20 22 42 
1 21 22 42 
5 6 7 20 
5 6 7 21 
5 6 7 22 
5 6 7 42 
5 6 20 21 
5 6 20 22 
5 6 20 42 
5 6 21 22 
5 6 21 42 
5 6 22 42 
5 7 20 21 
5 7 20 22 
5 7 20 42 
5 7 21 22 
5 7 21 42 
5 7 22 42 
5 20 21 22 
5 20 21 42 
5 20 22 42 
5 21 22 42 
6 7 20 21 
6 7 20 22 
6 7 20 42 
6 7 21 22 
6 7 21 42 
6 7 22 42 
6 20 21 22 
6 20 21 42 
6 20 22 42 
6 21 22 42 
7 20 21 22 
7 20 21 42 
7 20 22 42 
7 21 22 42 
20 21 22 42 
5 56 
1 5 6 7 20 
1 5 6 7 21 
1 5 6 7 22 
1 5 6 7 42 
1 5 6 20 21 
1 5 6 20 22 
1 5 6 20 42 
1 5 6 21 22 
1 5 6 21 42 
1 5 6 22 42 
1 5 7 20 21 
1 5 7 20 22 
1 5 7 20 42 
1 5 7 21 22 
1 5 7 21 42 
1 5 7 22 42 
1 5 20 21 22 
1 5 20 21 42 
1 5 20 22 42 
1 5 21 22 42 
1 6 7 20 21 
1 6 7 20 22 
1 6 7 20 42 
1 6 7 21 22 
1 6 7 21 42 
1 6 7 22 42 
1 6 20 21 22 
1 6 20 21 42 
1 6 20 22 42 
1 6 21 22 42 
1 7 20 21 22 
1 7 20 21 42 
1 7 20 22 42 
1 7 21 22 42 
1 20 21 22 42 
5 6 7 20 21 
5 6 7 20 22 
5 6 7 20 42 
5 6 7 21 22 
5 6 7 21 42 
5 6 7 22 42 
5 6 20 21 22 
5 6 20 21 42 
5 6 20 22 42 
5 6 21 22 42 
5 7 20 21 22 
5 7 20 21 42 
5 7 20 22 42 
5 7 21 22 42 
5 20 21 22 42 
6 7 20 21 22 
6 7 20 21 42 
6 7 20 22 42 
6 7 21 22 42 
6 20 21 22 42 
7 20 21 22 42 
6 28 
1 5 6 7 20 21 
1 5 6 7 20 22 
1 5 6 7 20 42 
1 5 6 7 21 22 
1 5 6 7 21 42 
1 5 6 7 22 42 
1 5 6 20 21 22 
1 5 6 20 21 42 
1 5 6 20 22 42 
1 5 6 21 22 42 
1 5 7 20 21 22 
1 5 7 20 21 42 
1 5 7 20 22 42 
1 5 7 21 22 42 
1 5 20 21 22 42 
1 6 7 20 21 22 
1 6 7 20 21 42 
1 6 7 20 22 42 
1 6 7 21 22 42 
1 6 20 21 22 42 
1 7 20 21 22 42 
5 6 7 20 21 22 
5 6 7 20 21 42 
5 6 7 20 22 42 
5 6 7 21 22 42 
5 6 20 21 22 42 
5 7 20 21 22 42 
6 7 20 21 22 42 
7 8 
1 5 6 7 20 21 22 
1 5 6 7 20 21 42 
1 5 6 7 20 22 42 
1 5 6 7 21 22 42 
1 5 6 20 21 22 42 
1 5 7 20 21 22 42 
1 6 7 20 21 22 42 
5 6 7 20 21 22 42 
8 1 
1 5 6 7 20 21 22 42 
2
0 1 

1 1 

2 4 
2 11 
10 30 
12 32 
31 52 
3 1 

4 6 
2 10 11 30 
2 11 12 32 
2 11 31 52 
10 12 30 32 
10 30 31 52 
12 31 32 52 
5 1 

6 4 
2 10 11 12 30 32 
2 10 11 30 31 52 
2 11 12 31 32 52 
10 12 30 31 32 52 
7 1 

8 1 
2 10 11 12 30 31 32 52 
3
0 1 

1 1 

2 4 
3 16 
14 37 
15 38 
36 56 
3 1 

4 6 
3 14 16 37 
3 15 16 38 
3 16 36 56 
14 15 37 38 
14 36 37 56 
15 36 38 56 
5 1 

6 4 
3 14 15 16 37 38 
3 14 16 36 37 56 
3 15 16 36 38 56 
14 15 36 37 38 56 
7 1 

8 1 
3 14 15 16 36 37 38 56 
4
0 1 

1 1 

2 4 
4 18 
17 39 
19 41 
40 57 
3 1 

4 6 
4 17 18 39 
4 18 19 41 
4 18 40 57 
17 19 39 41 
17 39 40 57 
19 40 41 57 
5 1 

6 4 
4 17 18 19 39 41 
4 17 18 39 40 57 
4 18 19 40 41 57 
17 19 39 40 41 57 
7 1 

8 1 
4 17 18 19 39 40 41 57 
5
0 1 

1 1 

2 4 
8 26 
24 47 
25 48 
46 61 
3 1 

4 6 
8 24 26 47 
8 25 26 48 
8 26 46 61 
24 25 47 48 
24 46 47 61 
25 46 48 61 
5 1 

6 4 
8 24 25 26 47 48 
8 24 26 46 47 61 
8 25 26 46 48 61 
24 25 46 47 48 61 
7 1 

8 1 
8 24 25 26 46 47 48 61 
6
0 1 

1 1 

2 4 
9 29 
27 50 
28 51 
49 62 
3 1 

4 6 
9 27 29 50 
9 28 29 51 
9 29 49 62 
27 28 50 51 
27 49 50 62 
28 49 51 62 
5 1 

6 4 
9 27 28 29 50 51 
9 27 29 49 50 62 
9 28 29 49 51 62 
27 28 49 50 51 62 
7 1 

8 1 
9 27 28 29 49 50 51 62 
7
0 1 

1 1 

2 4 
13 55 
33 63 
34 35 
53 54 
3 1 

4 6 
13 33 55 63 
13 34 35 55 
13 53 54 55 
33 34 35 63 
33 53 54 63 
34 35 53 54 
5 1 

6 4 
13 33 34 35 55 63 
13 33 53 54 55 63 
13 34 35 53 54 55 
33 34 35 53 54 63 
7 1 

8 1 
13 33 34 35 53 54 55 63 
8
0 1 

1 1 

2 4 
23 44 
43 58 
45 60 
59 64 
3 1 

4 6 
23 43 44 58 
23 44 45 60 
23 44 59 64 
43 45 58 60 
43 58 59 64 
45 59 60 64 
5 1 

6 4 
23 43 44 45 58 60 
23 43 44 58 59 64 
23 44 45 59 60 64 
43 45 58 59 60 64 
7 1 

8 1 
23 43 44 45 58 59 60 64 
