//Table for grp 106:
57
0 0 2 2 4 4 2 4 
0 0 2 4 4 2 4 2 
0 0 4 2 2 4 4 2 
0 0 4 4 2 2 2 4 
0 2 0 2 4 2 4 4 
0 2 0 4 4 4 2 2 
0 2 2 0 2 4 4 4 
0 2 2 2 2 2 2 6 
0 2 2 2 2 2 6 2 
0 2 2 2 2 6 2 2 
0 2 2 2 6 2 2 2 
0 2 2 4 2 0 4 4 
0 2 2 4 2 4 0 4 
0 2 2 4 2 4 4 0 
0 2 2 6 2 2 2 2 
0 2 4 0 4 4 2 2 
0 2 4 2 0 2 4 4 
0 2 4 2 4 2 0 4 
0 2 4 2 4 2 4 0 
0 2 4 4 0 4 2 2 
0 2 4 4 4 0 2 2 
0 2 6 2 2 2 2 2 
0 4 0 2 2 4 4 2 
0 4 0 4 2 2 2 4 
0 4 2 0 4 2 4 2 
0 4 2 2 0 4 2 4 
0 4 2 2 4 0 2 4 
0 4 2 2 4 4 2 0 
0 4 2 4 0 2 4 2 
0 4 2 4 4 2 0 2 
0 4 4 0 2 2 2 4 
0 4 4 2 2 0 4 2 
0 4 4 2 2 4 0 2 
0 4 4 4 2 2 2 0 
0 6 2 2 2 2 2 2 
2 0 2 2 2 2 4 4 
2 0 2 4 2 4 2 2 
2 0 4 2 4 2 2 2 
2 2 0 2 2 4 2 4 
2 2 0 4 2 2 4 2 
2 2 2 0 4 2 2 4 
2 2 2 2 0 4 4 2 
2 2 2 2 4 0 4 2 
2 2 2 2 4 4 0 2 
2 2 2 4 0 2 2 4 
2 2 2 4 4 2 2 0 
2 2 4 0 2 2 4 2 
2 2 4 2 2 0 2 4 
2 2 4 2 2 4 2 0 
2 2 4 4 2 2 0 2 
2 4 0 2 4 2 2 2 
2 4 2 0 2 4 2 2 
2 4 2 2 2 2 0 4 
2 4 2 2 2 2 4 0 
2 4 2 4 2 0 2 2 
2 4 4 2 0 2 2 2 
4 2 2 2 2 2 2 2 
1 2 3 4 5 6 7 8 9 10 11 12 13 14 15 16 17 18 19 20 21 22 23 24 25 26 27 28 29 30 31 32 33 34 35 36 37 38 39 40 41 42 43 44 45 46 47 48 49 50 51 52 53 54 55 56 57 58 59 60 61 62 63 64 
2 6 8 9 10 11 12 15 18 20 1 22 23 24 25 26 27 28 29 30 31 32 34 36 3 38 39 4 41 5 42 7 43 44 45 46 47 48 49 50 51 52 53 13 55 14 56 16 17 57 19 21 58 59 60 61 62 33 63 35 37 40 64 54 
3 24 5 13 14 15 16 12 43 26 46 47 17 7 20 21 33 34 35 36 37 38 29 31 32 2 45 58 59 48 8 61 19 39 40 22 1 42 53 54 55 56 50 51 9 52 10 11 60 23 64 25 41 4 57 6 63 62 27 28 30 44 18 49 
4 9 13 1 17 18 19 23 2 27 28 29 3 33 34 35 5 6 7 39 40 41 8 43 44 45 10 11 12 49 50 51 14 15 16 53 54 55 20 21 22 57 24 25 26 58 59 60 30 31 32 62 36 37 38 63 42 46 47 48 64 52 56 61 
5 31 14 17 7 20 21 47 50 2 52 10 33 16 36 37 19 39 40 22 1 42 59 8 61 24 9 62 27 11 12 30 35 53 54 38 3 56 41 4 57 6 23 64 43 25 26 46 28 29 49 32 55 13 63 15 18 44 45 58 48 51 34 60 
6 11 15 18 20 1 22 25 28 30 2 32 34 36 3 38 39 4 41 5 42 7 44 46 8 48 49 9 51 10 52 12 53 13 55 14 56 16 17 57 19 21 58 23 60 24 61 26 27 62 29 31 33 63 35 37 40 43 64 45 47 50 54 59 
7 12 16 19 21 22 1 26 29 31 32 2 35 37 38 3 40 41 4 42 5 6 45 47 48 8 50 51 9 52 10 11 54 55 13 56 14 15 57 17 18 20 59 60 23 61 24 25 62 27 28 30 63 33 34 36 39 64 43 44 46 49 53 58 
8 36 10 23 24 25 26 22 53 38 14 56 27 12 30 31 43 44 45 46 47 48 41 42 7 6 55 33 63 16 15 37 29 49 50 32 2 52 58 59 60 61 57 19 18 21 20 1 35 34 54 3 51 9 62 11 64 40 39 4 5 13 28 17 
9 18 23 2 27 28 29 34 6 39 4 41 8 43 44 45 10 11 12 49 50 51 15 53 13 55 20 1 22 17 57 19 24 25 26 58 59 60 30 31 32 62 36 3 38 33 63 35 5 42 7 40 46 47 48 64 52 14 56 16 54 21 61 37 
10 42 24 27 12 30 31 56 57 6 21 20 43 26 46 47 29 49 50 32 2 52 63 15 37 36 18 40 39 1 22 5 45 58 59 48 8 61 51 9 62 11 34 54 53 3 38 14 4 41 17 7 60 23 64 25 28 13 55 33 16 19 44 35 
11 1 25 28 30 2 32 3 4 5 6 7 44 46 8 48 49 9 51 10 52 12 13 14 15 16 17 18 19 20 21 22 58 23 60 24 61 26 27 62 29 31 33 34 35 36 37 38 39 40 41 42 43 64 45 47 50 53 54 55 56 57 59 63 
12 22 26 29 31 32 2 38 41 42 7 6 45 47 48 8 50 51 9 52 10 11 55 56 16 15 57 19 18 21 20 1 59 60 23 61 24 25 62 27 28 30 63 35 34 37 36 3 40 39 4 5 64 43 44 46 49 54 53 13 14 17 58 33 
13 43 17 3 33 34 35 29 24 45 58 59 5 19 39 40 14 15 16 53 54 55 12 50 51 9 26 46 47 60 23 64 7 20 21 41 4 57 36 37 38 63 31 32 2 62 27 28 48 8 61 44 22 1 42 18 56 52 10 11 49 25 6 30 
14 8 7 33 16 36 37 10 23 24 25 26 19 21 22 1 35 53 54 38 3 56 27 12 30 31 43 44 45 46 47 48 40 41 4 42 5 6 55 13 63 15 29 49 50 32 2 52 58 59 60 61 57 17 18 20 34 51 9 62 11 64 39 28 
15 46 20 34 36 3 38 32 58 48 24 61 39 22 5 42 53 13 55 14 56 16 51 52 12 11 60 43 64 26 25 47 41 17 57 7 6 21 33 63 35 37 62 29 28 31 30 2 45 44 59 8 19 18 40 1 54 50 49 9 10 23 4 27 
16 47 21 35 37 38 3 2 59 8 61 24 40 1 42 5 54 55 13 56 14 15 9 10 11 12 23 64 43 25 26 46 4 57 17 6 7 20 63 33 34 36 27 28 29 30 31 32 44 45 58 48 18 19 39 22 53 49 50 51 52 60 41 62 
17 50 33 5 19 39 40 59 31 9 62 27 14 35 53 54 7 20 21 41 4 57 47 23 64 43 2 52 10 28 29 49 16 36 37 55 13 63 22 1 42 18 8 61 24 44 45 58 11 12 30 51 38 3 56 34 6 25 26 46 60 32 15 48 
18 28 34 6 39 4 41 44 11 49 9 51 15 53 13 55 20 1 22 17 57 19 25 58 23 60 30 2 32 27 62 29 36 3 38 33 63 35 5 42 7 40 46 8 48 43 64 45 10 52 12 50 14 56 16 54 21 24 61 26 59 31 37 47 
19 29 35 7 40 41 4 45 12 50 51 9 16 54 55 13 21 22 1 57 17 18 26 59 60 23 31 32 2 62 27 28 37 38 3 63 33 34 42 5 6 39 47 48 8 64 43 44 52 10 11 49 56 14 15 53 20 61 24 25 58 30 36 46 
20 52 36 39 22 5 42 61 62 11 31 30 53 38 14 56 41 17 57 7 6 21 64 25 47 46 28 50 49 2 32 10 55 33 63 16 15 37 19 18 40 1 44 59 58 8 48 24 9 51 27 12 35 34 54 3 4 23 60 43 26 29 13 45 
21 10 37 40 1 42 5 24 27 12 30 31 54 3 56 14 4 57 17 6 7 20 43 26 46 47 29 49 50 32 2 52 13 63 33 15 16 36 18 19 39 22 45 58 59 48 8 61 51 9 62 11 34 35 53 38 41 60 23 64 25 28 55 44 
22 32 38 41 42 7 6 48 51 52 12 11 55 56 16 15 57 19 18 21 20 1 60 61 26 25 62 29 28 31 30 2 63 35 34 37 36 3 40 39 4 5 64 45 44 47 46 8 50 49 9 10 54 53 13 14 17 59 58 23 24 27 33 43 
23 53 27 8 43 44 45 41 36 55 33 63 10 29 49 50 24 25 26 58 59 60 22 57 19 18 38 14 56 35 34 54 12 30 31 51 9 62 46 47 48 64 42 7 6 40 39 4 16 15 37 13 32 2 52 28 61 21 20 1 17 3 11 5 
24 15 12 43 26 46 47 20 34 36 3 38 29 31 32 2 45 58 59 48 8 61 39 22 5 42 53 13 55 14 56 16 50 51 9 52 10 11 60 23 64 25 41 17 57 7 6 21 33 63 35 37 62 27 28 30 44 19 18 40 1 54 49 4 
25 14 30 44 46 8 48 7 33 16 36 37 49 32 10 52 58 23 60 24 61 26 19 21 22 1 35 53 54 38 3 56 51 27 62 12 11 31 43 64 45 47 40 41 4 42 5 6 55 13 63 15 29 28 50 2 59 57 17 18 20 34 9 39 
26 56 31 45 47 48 8 6 63 15 37 36 50 2 52 10 59 60 23 61 24 25 18 20 1 22 34 54 53 3 38 14 9 62 27 11 12 30 64 43 44 46 39 4 41 5 42 7 13 55 33 16 28 29 49 32 58 17 57 19 21 35 51 40 
27 57 43 10 29 49 50 63 42 18 40 39 24 45 58 59 12 30 31 51 9 62 56 34 54 53 6 21 20 4 41 17 26 46 47 60 23 64 32 2 52 28 15 37 36 13 55 33 1 22 5 19 48 8 61 44 11 3 38 14 35 7 25 16 
28 4 44 11 49 9 51 13 1 17 18 19 25 58 23 60 30 2 32 27 62 29 3 33 34 35 5 6 7 39 40 41 46 8 48 43 64 45 10 52 12 50 14 15 16 53 54 55 20 21 22 57 24 61 26 59 31 36 37 38 63 42 47 56 
29 41 45 12 50 51 9 55 22 57 19 18 26 59 60 23 31 32 2 62 27 28 38 63 35 34 42 7 6 40 39 4 47 48 8 64 43 44 52 10 11 49 56 16 15 54 53 13 21 20 1 17 61 24 25 58 30 37 36 3 33 5 46 14 
30 21 46 49 32 10 52 37 40 1 42 5 58 48 24 61 51 27 62 12 11 31 54 3 56 14 4 57 17 6 7 20 60 43 64 26 25 47 29 28 50 2 13 63 33 15 16 36 18 19 39 22 45 44 59 8 9 34 35 53 38 41 23 55 
31 20 47 50 2 52 10 36 39 22 5 42 59 8 61 24 9 62 27 11 12 30 53 38 14 56 41 17 57 7 6 21 23 64 43 25 26 46 28 29 49 32 55 33 63 16 15 37 19 18 40 1 44 45 58 48 51 35 34 54 3 4 60 13 
32 7 48 51 52 12 11 16 19 21 22 1 60 61 26 25 62 29 28 31 30 2 35 37 38 3 40 41 4 42 5 6 64 45 44 47 46 8 50 49 9 10 54 55 13 56 14 15 57 17 18 20 59 58 23 24 27 63 33 34 36 39 43 53 
33 23 19 14 35 53 54 27 8 43 44 45 7 40 41 4 16 36 37 55 13 63 10 29 49 50 24 25 26 58 59 60 21 22 1 57 17 18 38 3 56 34 12 30 31 51 9 62 46 47 48 64 42 5 6 39 15 32 2 52 28 61 20 11 
34 58 39 15 53 13 55 51 46 60 43 64 20 41 17 57 36 3 38 33 63 35 32 62 29 28 48 24 61 45 44 59 22 5 42 19 18 40 14 56 16 54 52 12 11 50 49 9 26 25 47 23 7 6 21 4 37 31 30 2 27 8 1 10 
35 59 40 16 54 55 13 9 47 23 64 43 21 4 57 17 37 38 3 63 33 34 2 27 28 29 8 61 24 44 45 58 1 42 5 18 19 39 56 14 15 53 10 11 12 49 50 51 25 26 46 60 6 7 20 41 36 30 31 32 62 48 22 52 
36 25 22 53 38 14 56 30 44 46 8 48 41 42 7 6 55 33 63 16 15 37 49 32 10 52 58 23 60 24 61 26 57 19 18 21 20 1 35 34 54 3 51 27 62 12 11 31 43 64 45 47 40 39 4 5 13 29 28 50 2 59 17 9 
37 26 1 54 3 56 14 31 45 47 48 8 4 5 6 7 13 63 33 15 16 36 50 2 52 10 59 60 23 61 24 25 17 18 19 20 21 22 34 35 53 38 9 62 27 11 12 30 64 43 44 46 39 40 41 42 55 28 29 49 32 58 57 51 
38 61 42 55 56 16 15 11 64 25 47 46 57 6 21 20 63 35 34 37 36 3 28 30 2 32 44 59 58 8 48 24 18 40 39 1 22 5 54 53 13 14 49 9 51 10 52 12 23 60 43 26 4 41 17 7 33 27 62 29 31 45 19 50 
39 62 53 20 41 17 57 64 52 28 50 49 36 55 33 63 22 5 42 19 18 40 61 44 59 58 11 31 30 9 51 27 38 14 56 35 34 54 7 6 21 4 25 47 46 23 60 43 2 32 10 29 16 15 37 13 1 8 48 24 45 12 3 26 
40 27 54 21 4 57 17 43 10 29 49 50 37 13 63 33 1 42 5 18 19 39 24 45 58 59 12 30 31 51 9 62 3 56 14 34 35 53 6 7 20 41 26 46 47 60 23 64 32 2 52 28 15 16 36 55 22 48 8 61 44 11 38 25 
41 51 55 22 57 19 18 60 32 62 29 28 38 63 35 34 42 7 6 40 39 4 48 64 45 44 52 12 11 50 49 9 56 16 15 54 53 13 21 20 1 17 61 26 25 59 58 23 31 30 2 27 37 36 3 33 5 47 46 8 43 10 14 24 
42 30 56 57 6 21 20 46 49 32 10 52 63 15 37 36 18 40 39 1 22 5 58 48 24 61 51 27 62 12 11 31 34 54 53 3 38 14 4 41 17 7 60 43 64 26 25 47 29 28 50 2 13 55 33 16 19 45 44 59 8 9 35 23 
43 34 29 24 45 58 59 39 15 53 13 55 12 50 51 9 26 46 47 60 23 64 20 41 17 57 36 3 38 33 63 35 31 32 2 62 27 28 48 8 61 44 22 5 42 19 18 40 14 56 16 54 52 10 11 49 25 7 6 21 4 37 30 1 
44 33 49 25 58 23 60 19 14 35 53 54 30 51 27 62 46 8 48 43 64 45 7 40 41 4 16 36 37 55 13 63 32 10 52 29 28 50 24 61 26 59 21 22 1 57 17 18 38 3 56 34 12 11 31 9 47 42 5 6 39 15 2 20 
45 63 50 26 59 60 23 18 56 34 54 53 31 9 62 27 47 48 8 64 43 44 6 39 4 41 15 37 36 13 55 33 2 52 10 28 29 49 61 24 25 58 20 1 22 17 57 19 3 38 14 35 11 12 30 51 46 5 42 7 40 16 32 21 
46 3 32 58 48 24 61 5 13 14 15 16 51 52 12 11 60 43 64 26 25 47 17 7 20 21 33 34 35 36 37 38 62 29 28 31 30 2 45 44 59 8 19 39 40 22 1 42 53 54 55 56 50 49 9 10 23 41 4 57 6 63 27 18 
47 38 2 59 8 61 24 42 55 56 16 15 9 10 11 12 23 64 43 25 26 46 57 6 21 20 63 35 34 37 36 3 27 28 29 30 31 32 44 45 58 48 18 40 39 1 22 5 54 53 13 14 49 50 51 52 60 4 41 17 7 33 62 19 
48 37 52 60 61 26 25 1 54 3 56 14 62 11 31 30 64 45 44 47 46 8 4 5 6 7 13 63 33 15 16 36 28 50 49 2 32 10 59 58 23 24 17 18 19 20 21 22 34 35 53 38 9 51 27 12 43 39 40 41 42 55 29 57 
49 40 58 30 51 27 62 54 21 4 57 17 46 60 43 64 32 10 52 29 28 50 37 13 63 33 1 42 5 18 19 39 48 24 61 45 44 59 12 11 31 9 3 56 14 34 35 53 6 7 20 41 26 25 47 23 2 15 16 36 55 22 8 38 
50 39 59 31 9 62 27 53 20 41 17 57 47 23 64 43 2 52 10 28 29 49 36 55 33 63 22 5 42 19 18 40 8 61 24 44 45 58 11 12 30 51 38 14 56 35 34 54 7 6 21 4 25 26 46 60 32 16 15 37 13 1 48 3 
51 19 60 32 62 29 28 35 7 40 41 4 48 64 45 44 52 12 11 50 49 9 16 54 55 13 21 22 1 57 17 18 61 26 25 59 58 23 31 30 2 27 37 38 3 63 33 34 42 5 6 39 47 46 8 43 10 56 14 15 53 20 24 36 
52 5 61 62 11 31 30 14 17 7 20 21 64 25 47 46 28 50 49 2 32 10 33 16 36 37 19 39 40 22 1 42 44 59 58 8 48 24 9 51 27 12 35 53 54 38 3 56 41 4 57 6 23 60 43 26 29 55 13 63 15 18 45 34 
53 44 41 36 55 33 63 49 25 58 23 60 22 57 19 18 38 14 56 35 34 54 30 51 27 62 46 8 48 43 64 45 42 7 6 40 39 4 16 15 37 13 32 10 52 29 28 50 24 61 26 59 21 20 1 17 3 12 11 31 9 47 5 2 
54 45 4 37 13 63 33 50 26 59 60 23 1 17 18 19 3 56 14 34 35 53 31 9 62 27 47 48 8 64 43 44 5 6 7 39 40 41 15 16 36 55 2 52 10 28 29 49 61 24 25 58 20 21 22 57 38 11 12 30 51 46 42 32 
55 64 57 38 63 35 34 28 61 44 59 58 42 18 40 39 56 16 15 54 53 13 11 49 9 51 25 47 46 23 60 43 6 21 20 4 41 17 37 36 3 33 30 2 32 27 62 29 8 48 24 45 1 22 5 19 14 10 52 12 50 26 7 31 
56 48 6 63 15 37 36 52 60 61 26 25 18 20 1 22 34 54 53 3 38 14 62 11 31 30 64 45 44 47 46 8 39 4 41 5 42 7 13 55 33 16 28 50 49 2 32 10 59 58 23 24 17 57 19 21 35 9 51 27 12 43 40 29 
57 49 63 42 18 40 39 58 30 51 27 62 56 34 54 53 6 21 20 4 41 17 46 60 43 64 32 10 52 29 28 50 15 37 36 13 55 33 1 22 5 19 48 24 61 45 44 59 12 11 31 9 3 38 14 35 7 26 25 47 23 2 16 8 
58 13 51 46 60 43 64 17 3 33 34 35 32 62 29 28 48 24 61 45 44 59 5 19 39 40 14 15 16 53 54 55 52 12 11 50 49 9 26 25 47 23 7 20 21 41 4 57 36 37 38 63 31 30 2 27 8 22 1 42 18 56 10 6 
59 55 9 47 23 64 43 57 38 63 35 34 2 27 28 29 8 61 24 44 45 58 42 18 40 39 56 16 15 54 53 13 10 11 12 49 50 51 25 26 46 60 6 21 20 4 41 17 37 36 3 33 30 31 32 62 48 1 22 5 19 14 52 7 
60 54 62 48 64 45 44 4 37 13 63 33 52 28 50 49 61 26 25 59 58 23 1 17 18 19 3 56 14 34 35 53 11 31 30 9 51 27 47 46 8 43 5 6 7 39 40 41 15 16 36 55 2 32 10 29 24 20 21 22 57 38 12 42 
61 16 11 64 25 47 46 21 35 37 38 3 28 30 2 32 44 59 58 8 48 24 40 1 42 5 54 55 13 56 14 15 49 9 51 10 52 12 23 60 43 26 4 57 17 6 7 20 63 33 34 36 27 62 29 31 45 18 19 39 22 53 50 41 
62 17 64 52 28 50 49 33 5 19 39 40 61 44 59 58 11 31 30 9 51 27 14 35 53 54 7 20 21 41 4 57 25 47 46 23 60 43 2 32 10 29 16 36 37 55 13 63 22 1 42 18 8 48 24 45 12 38 3 56 34 6 26 15 
63 60 18 56 34 54 53 62 48 64 45 44 6 39 4 41 15 37 36 13 55 33 52 28 50 49 61 26 25 59 58 23 20 1 22 17 57 19 3 38 14 35 11 31 30 9 51 27 47 46 8 43 5 42 7 40 16 2 32 10 29 24 21 12 
64 35 28 61 44 59 58 40 16 54 55 13 11 49 9 51 25 47 46 23 60 43 21 4 57 17 37 38 3 63 33 34 30 2 32 27 62 29 8 48 24 45 1 42 5 18 19 39 56 14 15 53 10 52 12 50 26 6 7 20 41 36 31 22 
1
0 1 

1 4 
1 
6 
7 
22 
2 8 
1 6 
1 7 
1 22 
5 21 
6 7 
6 22 
7 22 
20 42 
3 12 
1 5 21 
1 6 7 
1 6 22 
1 7 22 
1 20 42 
5 6 21 
5 7 21 
5 21 22 
6 7 22 
6 20 42 
7 20 42 
20 22 42 
4 14 
1 5 6 21 
1 5 7 21 
1 5 21 22 
1 6 7 22 
1 6 20 42 
1 7 20 42 
1 20 22 42 
5 6 7 21 
5 6 21 22 
5 7 21 22 
5 20 21 42 
6 7 20 42 
6 20 22 42 
7 20 22 42 
5 12 
1 5 6 7 21 
1 5 6 21 22 
1 5 7 21 22 
1 5 20 21 42 
1 6 7 20 42 
1 6 20 22 42 
1 7 20 22 42 
5 6 7 21 22 
5 6 20 21 42 
5 7 20 21 42 
5 20 21 22 42 
6 7 20 22 42 
6 8 
1 5 6 7 21 22 
1 5 6 20 21 42 
1 5 7 20 21 42 
1 5 20 21 22 42 
1 6 7 20 22 42 
5 6 7 20 21 42 
5 6 20 21 22 42 
5 7 20 21 22 42 
7 4 
1 5 6 7 20 21 42 
1 5 6 20 21 22 42 
1 5 7 20 21 22 42 
5 6 7 20 21 22 42 
8 1 
1 5 6 7 20 21 22 42 
2
0 1 

1 1 

2 4 
2 11 
10 30 
12 32 
31 52 
3 1 

4 6 
2 10 11 30 
2 11 12 32 
2 11 31 52 
10 12 30 32 
10 30 31 52 
12 31 32 52 
5 1 

6 4 
2 10 11 12 30 32 
2 10 11 30 31 52 
2 11 12 31 32 52 
10 12 30 31 32 52 
7 1 

8 1 
2 10 11 12 30 31 32 52 
3
0 1 

1 1 

2 4 
3 37 
14 16 
15 56 
36 38 
3 1 

4 6 
3 14 16 37 
3 15 37 56 
3 36 37 38 
14 15 16 56 
14 16 36 38 
15 36 38 56 
5 1 

6 4 
3 14 15 16 37 56 
3 14 16 36 37 38 
3 15 36 37 38 56 
14 15 16 36 38 56 
7 1 

8 1 
3 14 15 16 36 37 38 56 
4
0 1 

1 4 
4 
18 
19 
41 
2 8 
4 18 
4 19 
4 41 
17 40 
18 19 
18 41 
19 41 
39 57 
3 12 
4 17 40 
4 18 19 
4 18 41 
4 19 41 
4 39 57 
17 18 40 
17 19 40 
17 40 41 
18 19 41 
18 39 57 
19 39 57 
39 41 57 
4 14 
4 17 18 40 
4 17 19 40 
4 17 40 41 
4 18 19 41 
4 18 39 57 
4 19 39 57 
4 39 41 57 
17 18 19 40 
17 18 40 41 
17 19 40 41 
17 39 40 57 
18 19 39 57 
18 39 41 57 
19 39 41 57 
5 12 
4 17 18 19 40 
4 17 18 40 41 
4 17 19 40 41 
4 17 39 40 57 
4 18 19 39 57 
4 18 39 41 57 
4 19 39 41 57 
17 18 19 40 41 
17 18 39 40 57 
17 19 39 40 57 
17 39 40 41 57 
18 19 39 41 57 
6 8 
4 17 18 19 40 41 
4 17 18 39 40 57 
4 17 19 39 40 57 
4 17 39 40 41 57 
4 18 19 39 41 57 
17 18 19 39 40 57 
17 18 39 40 41 57 
17 19 39 40 41 57 
7 4 
4 17 18 19 39 40 57 
4 17 18 39 40 41 57 
4 17 19 39 40 41 57 
17 18 19 39 40 41 57 
8 1 
4 17 18 19 39 40 41 57 
5
0 1 

1 1 

2 4 
8 48 
24 61 
25 26 
46 47 
3 1 

4 6 
8 24 48 61 
8 25 26 48 
8 46 47 48 
24 25 26 61 
24 46 47 61 
25 26 46 47 
5 1 

6 4 
8 24 25 26 48 61 
8 24 46 47 48 61 
8 25 26 46 47 48 
24 25 26 46 47 61 
7 1 

8 1 
8 24 25 26 46 47 48 61 
6
0 1 

1 1 

2 4 
9 28 
27 49 
29 51 
50 62 
3 1 

4 6 
9 27 28 49 
9 28 29 51 
9 28 50 62 
27 29 49 51 
27 49 50 62 
29 50 51 62 
5 1 

6 4 
9 27 28 29 49 51 
9 27 28 49 50 62 
9 28 29 50 51 62 
27 29 49 50 51 62 
7 1 

8 1 
9 27 28 29 49 50 51 62 
7
0 1 

1 1 

2 4 
13 54 
33 35 
34 63 
53 55 
3 1 

4 6 
13 33 35 54 
13 34 54 63 
13 53 54 55 
33 34 35 63 
33 35 53 55 
34 53 55 63 
5 1 

6 4 
13 33 34 35 54 63 
13 33 35 53 54 55 
13 34 53 54 55 63 
33 34 35 53 55 63 
7 1 

8 1 
13 33 34 35 53 54 55 63 
8
0 1 

1 1 

2 4 
23 60 
43 64 
44 45 
58 59 
3 1 

4 6 
23 43 60 64 
23 44 45 60 
23 58 59 60 
43 44 45 64 
43 58 59 64 
44 45 58 59 
5 1 

6 4 
23 43 44 45 60 64 
23 43 58 59 60 64 
23 44 45 58 59 60 
43 44 45 58 59 64 
7 1 

8 1 
23 43 44 45 58 59 60 64 
