//Table for grp 91:
57
0 0 2 2 4 4 2 4 
0 0 2 4 4 2 4 2 
0 0 4 2 2 4 4 2 
0 0 4 4 2 2 2 4 
0 2 0 2 4 2 4 4 
0 2 0 4 4 4 2 2 
0 2 2 0 2 4 4 4 
0 2 2 2 2 2 2 6 
0 2 2 2 2 2 6 2 
0 2 2 2 2 6 2 2 
0 2 2 2 6 2 2 2 
0 2 2 4 2 0 4 4 
0 2 2 4 2 4 0 4 
0 2 2 4 2 4 4 0 
0 2 2 6 2 2 2 2 
0 2 4 0 4 4 2 2 
0 2 4 2 0 2 4 4 
0 2 4 2 4 2 0 4 
0 2 4 2 4 2 4 0 
0 2 4 4 0 4 2 2 
0 2 4 4 4 0 2 2 
0 2 6 2 2 2 2 2 
0 4 0 2 2 4 4 2 
0 4 0 4 2 2 2 4 
0 4 2 0 4 2 4 2 
0 4 2 2 0 4 2 4 
0 4 2 2 4 0 2 4 
0 4 2 2 4 4 2 0 
0 4 2 4 0 2 4 2 
0 4 2 4 4 2 0 2 
0 4 4 0 2 2 2 4 
0 4 4 2 2 0 4 2 
0 4 4 2 2 4 0 2 
0 4 4 4 2 2 2 0 
0 6 2 2 2 2 2 2 
2 0 2 2 2 2 4 4 
2 0 2 4 2 4 2 2 
2 0 4 2 4 2 2 2 
2 2 0 2 2 4 2 4 
2 2 0 4 2 2 4 2 
2 2 2 0 4 2 2 4 
2 2 2 2 0 4 4 2 
2 2 2 2 4 0 4 2 
2 2 2 2 4 4 0 2 
2 2 2 4 0 2 2 4 
2 2 2 4 4 2 2 0 
2 2 4 0 2 2 4 2 
2 2 4 2 2 0 2 4 
2 2 4 2 2 4 2 0 
2 2 4 4 2 2 0 2 
2 4 0 2 4 2 2 2 
2 4 2 0 2 4 2 2 
2 4 2 2 2 2 0 4 
2 4 2 2 2 2 4 0 
2 4 2 4 2 0 2 2 
2 4 4 2 0 2 2 2 
4 2 2 2 2 2 2 2 
1 2 3 4 5 6 7 8 9 10 11 12 13 14 15 16 17 18 19 20 21 22 23 24 25 26 27 28 29 30 31 32 33 34 35 36 37 38 39 40 41 42 43 44 45 46 47 48 49 50 51 52 53 54 55 56 57 58 59 60 61 62 63 64 
2 6 8 9 10 11 12 38 18 20 1 22 23 24 25 26 27 28 29 30 31 32 55 56 16 15 39 4 41 5 42 7 43 44 45 46 47 48 49 50 51 52 63 35 34 37 36 3 17 57 19 21 58 59 60 61 62 54 53 13 14 40 64 33 
3 24 1 13 14 15 16 10 43 8 46 47 4 5 6 7 33 34 35 36 37 38 27 2 30 31 23 58 59 25 26 61 17 18 19 20 21 22 53 54 55 56 9 49 50 11 12 52 44 45 64 48 39 40 41 42 63 28 29 62 32 60 57 51 
4 9 13 7 17 18 19 23 12 27 28 29 16 33 34 35 21 22 1 39 40 41 26 43 44 45 31 32 2 49 50 51 37 38 3 53 54 55 42 5 6 57 47 48 8 58 59 60 52 10 11 62 56 14 15 63 20 61 24 25 64 30 36 46 
5 31 14 17 1 20 21 47 50 12 52 10 33 3 36 37 4 39 40 6 7 42 59 26 61 24 29 62 27 32 2 30 13 53 54 15 16 56 18 19 57 22 45 64 43 48 8 46 51 9 49 11 34 35 63 38 41 60 23 58 25 28 55 44 
6 11 38 18 20 1 22 48 28 30 2 32 55 56 16 15 39 4 41 5 42 7 60 61 26 25 49 9 51 10 52 12 63 35 34 37 36 3 17 57 19 21 64 45 44 47 46 8 27 62 29 31 54 53 13 14 40 59 58 23 24 50 33 43 
7 12 16 19 21 22 1 26 29 31 32 2 35 37 38 3 40 41 4 42 5 6 45 47 48 8 50 51 9 52 10 11 54 55 13 56 14 15 57 17 18 20 59 60 23 61 24 25 62 27 28 30 63 33 34 36 39 64 43 44 46 49 53 58 
8 56 2 23 24 25 26 20 63 38 37 36 9 10 11 12 43 44 45 46 47 48 39 6 5 42 55 54 53 16 15 14 27 28 29 30 31 32 58 59 60 61 18 17 57 1 22 21 35 34 33 3 49 50 51 52 64 4 41 40 7 13 62 19 
9 18 23 12 27 28 29 55 22 39 4 41 26 43 44 45 31 32 2 49 50 51 15 63 35 34 42 7 6 17 57 19 47 48 8 58 59 60 52 10 11 62 36 3 38 54 53 13 21 20 1 40 61 24 25 64 30 14 56 16 33 5 46 37 
10 42 24 27 2 30 31 36 57 22 21 20 43 8 46 47 9 49 50 11 12 52 53 15 14 56 41 40 39 7 6 5 23 58 59 25 26 61 28 29 62 32 34 33 63 3 38 37 19 18 17 1 44 45 64 48 51 13 55 54 16 4 60 35 
11 1 48 28 30 2 32 3 4 5 6 7 60 61 26 25 49 9 51 10 52 12 13 14 15 16 17 18 19 20 21 22 64 45 44 47 46 8 27 62 29 31 33 34 35 36 37 38 39 40 41 42 59 58 23 24 50 53 54 55 56 57 43 63 
12 22 26 29 31 32 2 15 41 42 7 6 45 47 48 8 50 51 9 52 10 11 34 36 3 38 57 19 18 21 20 1 59 60 23 61 24 25 62 27 28 30 53 13 55 14 56 16 40 39 4 5 64 43 44 46 49 33 63 35 37 17 58 54 
13 43 4 16 33 34 35 27 47 23 58 59 7 17 18 19 37 38 3 53 54 55 31 9 49 50 26 61 24 44 45 64 21 22 1 39 40 41 56 14 15 63 12 52 10 28 29 62 48 8 46 60 42 5 6 57 36 32 2 30 51 25 20 11 
14 26 5 33 3 36 37 12 45 47 48 8 17 1 20 21 13 53 54 15 16 56 29 31 32 2 59 60 23 61 24 25 4 39 40 6 7 42 34 35 63 38 50 51 9 52 10 11 64 43 44 46 18 19 57 22 55 62 27 28 30 58 41 49 
15 46 22 34 36 3 38 52 58 25 24 61 41 42 7 6 53 13 55 14 56 16 62 32 31 30 44 43 64 8 48 47 57 19 18 21 20 1 33 63 35 37 51 50 49 12 11 10 23 60 59 26 40 39 4 5 54 29 28 27 2 45 17 9 
16 47 7 35 37 38 3 31 59 26 61 24 19 21 22 1 54 55 13 56 14 15 50 12 52 10 45 64 43 48 8 46 40 41 4 42 5 6 63 33 34 36 29 62 27 32 2 30 60 23 58 25 57 17 18 20 53 51 9 49 11 44 39 28 
17 50 33 21 4 39 40 59 10 29 62 27 37 13 53 54 7 42 5 18 19 57 24 45 64 43 2 30 31 51 9 49 16 56 14 34 35 63 22 1 20 41 8 46 47 60 23 58 11 12 52 28 38 3 36 55 6 25 26 61 44 32 15 48 
18 28 55 22 39 4 41 60 32 49 9 51 15 63 35 34 42 7 6 17 57 19 25 64 45 44 52 12 11 27 62 29 36 3 38 54 53 13 21 20 1 40 46 8 48 59 58 23 31 30 2 50 14 56 16 33 5 24 61 26 43 10 37 47 
19 29 35 1 40 41 4 45 2 50 51 9 3 54 55 13 5 6 7 57 17 18 8 59 60 23 10 11 12 62 27 28 14 15 16 63 33 34 20 21 22 39 24 25 26 64 43 44 30 31 32 49 36 37 38 53 42 46 47 48 58 52 56 61 
20 52 56 39 6 5 42 46 62 32 31 30 63 38 37 36 18 17 57 1 22 21 58 25 24 61 51 50 49 12 11 10 55 54 53 16 15 14 4 41 40 7 44 43 64 8 48 47 29 28 27 2 35 34 33 3 19 23 60 59 26 9 13 45 
21 10 37 40 7 42 5 24 27 2 30 31 54 16 56 14 19 57 17 22 1 20 43 8 46 47 9 49 50 11 12 52 35 63 33 38 3 36 41 4 39 6 23 58 59 25 26 61 28 29 62 32 55 13 53 15 18 44 45 64 48 51 34 60 
22 32 15 41 42 7 6 25 51 52 12 11 34 36 3 38 57 19 18 21 20 1 44 46 8 48 62 29 28 31 30 2 53 13 55 14 56 16 40 39 4 5 58 23 60 24 61 26 50 49 9 10 33 63 35 37 17 43 64 45 47 27 54 59 
23 63 9 26 43 44 45 39 36 55 54 53 12 27 28 29 47 48 8 58 59 60 42 18 17 57 15 14 56 35 34 33 31 32 2 49 50 51 61 24 25 64 22 21 20 4 41 40 3 38 37 13 52 10 11 62 46 7 6 5 19 16 30 1 
24 15 10 43 8 46 47 22 34 36 3 38 27 2 30 31 23 58 59 25 26 61 41 42 7 6 53 13 55 14 56 16 9 49 50 11 12 52 44 45 64 48 57 19 18 21 20 1 33 63 35 37 28 29 62 32 60 40 39 4 5 54 51 17 
25 37 32 44 46 8 48 21 54 16 56 14 51 52 12 11 58 23 60 24 61 26 40 7 42 5 35 63 33 38 3 36 62 29 28 31 30 2 43 64 45 47 19 57 17 22 1 20 55 13 53 15 50 49 9 10 59 41 4 39 6 34 27 18 
26 36 12 45 47 48 8 42 53 15 14 56 29 31 32 2 59 60 23 61 24 25 57 22 21 20 34 33 63 3 38 37 50 51 9 52 10 11 64 43 44 46 41 40 39 7 6 5 13 55 54 16 62 27 28 30 58 19 18 17 1 35 49 4 
27 57 43 31 9 49 50 53 20 41 40 39 47 23 58 59 12 52 10 28 29 62 56 34 33 63 6 5 42 19 18 17 26 61 24 44 45 64 32 2 30 51 38 37 36 13 55 54 1 22 21 4 48 8 46 60 11 16 15 14 35 7 25 3 
28 4 60 32 49 9 51 13 7 17 18 19 25 64 45 44 52 12 11 27 62 29 16 33 34 35 21 22 1 39 40 41 46 8 48 59 58 23 31 30 2 50 37 38 3 53 54 55 42 5 6 57 24 61 26 43 10 56 14 15 63 20 47 36 
29 41 45 2 50 51 9 34 6 57 19 18 8 59 60 23 10 11 12 62 27 28 38 53 13 55 20 1 22 40 39 4 24 25 26 64 43 44 30 31 32 49 56 16 15 33 63 35 5 42 7 17 46 47 48 58 52 37 36 3 54 21 61 14 
30 21 61 49 11 10 52 37 40 7 42 5 64 48 47 46 28 27 62 2 32 31 54 16 56 14 19 57 17 22 1 20 60 59 58 26 25 24 9 51 50 12 35 63 33 38 3 36 41 4 39 6 45 44 43 8 29 55 13 53 15 18 23 34 
31 20 47 50 12 52 10 56 39 6 5 42 59 26 61 24 29 62 27 32 2 30 63 38 37 36 18 17 57 1 22 21 45 64 43 48 8 46 51 9 49 11 55 54 53 16 15 14 4 41 40 7 60 23 58 25 28 35 34 33 3 19 44 13 
32 7 25 51 52 12 11 16 19 21 22 1 44 46 8 48 62 29 28 31 30 2 35 37 38 3 40 41 4 42 5 6 58 23 60 24 61 26 50 49 9 10 54 55 13 56 14 15 57 17 18 20 43 64 45 47 27 63 33 34 36 39 59 53 
33 45 17 37 13 53 54 29 8 59 60 23 21 4 39 40 16 56 14 34 35 63 2 50 51 9 24 25 26 64 43 44 7 42 5 18 19 57 38 3 36 55 10 11 12 62 27 28 46 47 48 58 22 1 20 41 15 30 31 32 49 61 6 52 
34 58 41 38 53 13 55 62 61 44 43 64 6 57 19 18 56 16 15 33 63 35 30 51 50 49 48 47 46 23 60 59 20 1 22 40 39 4 37 36 3 54 11 10 52 29 28 27 26 25 24 45 5 42 7 17 14 2 32 31 9 8 21 12 
35 59 19 3 54 55 13 50 24 45 64 43 1 40 41 4 14 15 16 63 33 34 10 29 62 27 8 46 47 60 23 58 5 6 7 57 17 18 36 37 38 53 2 30 31 51 9 49 25 26 61 44 20 21 22 39 56 11 12 52 28 48 42 32 
36 48 42 53 15 14 56 11 60 61 26 25 57 22 21 20 34 33 63 3 38 37 28 30 2 32 64 45 44 47 46 8 41 40 39 7 6 5 13 55 54 16 49 9 51 10 52 12 59 58 23 24 19 18 17 1 35 27 62 29 31 43 4 50 
37 8 21 54 16 56 14 2 23 24 25 26 40 7 42 5 35 63 33 38 3 36 9 10 11 12 43 44 45 46 47 48 19 57 17 22 1 20 55 13 53 15 27 28 29 30 31 32 58 59 60 61 41 4 39 6 34 49 50 51 52 64 18 62 
38 61 6 55 56 16 15 30 64 48 47 46 18 20 1 22 63 35 34 37 36 3 49 11 10 52 60 59 58 26 25 24 39 4 41 5 42 7 54 53 13 14 28 27 62 2 32 31 45 44 43 8 17 57 19 21 33 9 51 50 12 23 40 29 
39 62 63 42 18 17 57 58 30 51 50 49 36 55 54 53 22 21 20 4 41 40 61 44 43 64 11 10 52 29 28 27 15 14 56 35 34 33 7 6 5 19 48 47 46 23 60 59 2 32 31 9 3 38 37 13 1 26 25 24 45 12 16 8 
40 27 54 5 19 57 17 43 31 9 49 50 14 35 63 33 1 20 21 41 4 39 47 23 58 59 12 52 10 28 29 62 3 36 37 55 13 53 6 7 42 18 26 61 24 44 45 64 32 2 30 51 15 16 56 34 22 48 8 46 60 11 38 25 
41 51 34 6 57 19 18 44 11 62 29 28 38 53 13 55 20 1 22 40 39 4 48 58 23 60 30 2 32 50 49 9 56 16 15 33 63 35 5 42 7 17 61 26 25 43 64 45 10 52 12 27 37 36 3 54 21 47 46 8 59 31 14 24 
42 30 36 57 22 21 20 61 49 11 10 52 53 15 14 56 41 40 39 7 6 5 64 48 47 46 28 27 62 2 32 31 34 33 63 3 38 37 19 18 17 1 60 59 58 26 25 24 9 51 50 12 13 55 54 16 4 45 44 43 8 29 35 23 
43 34 27 47 23 58 59 41 38 53 13 55 31 9 49 50 26 61 24 44 45 64 6 57 19 18 56 16 15 33 63 35 12 52 10 28 29 62 48 8 46 60 20 1 22 40 39 4 37 36 3 54 32 2 30 51 25 5 42 7 17 14 11 21 
44 54 51 48 58 23 60 40 14 35 63 33 11 62 29 28 61 26 25 43 64 45 5 19 57 17 3 36 37 55 13 53 30 2 32 50 49 9 47 46 8 59 1 20 21 41 4 39 15 16 56 34 10 52 12 27 24 6 7 42 18 38 31 22 
45 53 29 8 59 60 23 57 56 34 33 63 2 50 51 9 24 25 26 64 43 44 20 41 40 39 38 37 36 13 55 54 10 11 12 62 27 28 46 47 48 58 6 5 42 19 18 17 16 15 14 35 30 31 32 49 61 1 22 21 4 3 52 7 
46 3 52 58 25 24 61 1 13 14 15 16 62 32 31 30 44 43 64 8 48 47 4 5 6 7 33 34 35 36 37 38 51 50 49 12 11 10 23 60 59 26 17 18 19 20 21 22 53 54 55 56 29 28 27 2 45 39 40 41 42 63 9 57 
47 38 31 59 26 61 24 6 55 56 16 15 50 12 52 10 45 64 43 48 8 46 18 20 1 22 63 35 34 37 36 3 29 62 27 32 2 30 60 23 58 25 39 4 41 5 42 7 54 53 13 14 51 9 49 11 44 17 57 19 21 33 28 40 
48 14 11 60 61 26 25 5 33 3 36 37 28 30 2 32 64 45 44 47 46 8 17 1 20 21 13 53 54 15 16 56 49 9 51 10 52 12 59 58 23 24 4 39 40 6 7 42 34 35 63 38 27 62 29 31 43 18 19 57 22 55 50 41 
49 40 64 52 28 27 62 54 5 19 57 17 46 60 59 58 32 31 30 9 51 50 14 35 63 33 1 20 21 41 4 39 25 24 61 45 44 43 12 11 10 29 3 36 37 55 13 53 6 7 42 18 8 48 47 23 2 15 16 56 34 22 26 38 
50 39 59 10 29 62 27 63 42 18 17 57 24 45 64 43 2 30 31 51 9 49 36 55 54 53 22 21 20 4 41 40 8 46 47 60 23 58 11 12 52 28 15 14 56 35 34 33 7 6 5 19 25 26 61 44 32 3 38 37 13 1 48 16 
51 19 44 11 62 29 28 35 1 40 41 4 48 58 23 60 30 2 32 50 49 9 3 54 55 13 5 6 7 57 17 18 61 26 25 43 64 45 10 52 12 27 14 15 16 63 33 34 20 21 22 39 47 46 8 59 31 36 37 38 53 42 24 56 
52 5 46 62 32 31 30 14 17 1 20 21 58 25 24 61 51 50 49 12 11 10 33 3 36 37 4 39 40 6 7 42 44 43 64 8 48 47 29 28 27 2 13 53 54 15 16 56 18 19 57 22 23 60 59 26 9 34 35 63 38 41 45 55 
53 60 57 56 34 33 63 28 25 64 45 44 20 41 40 39 38 37 36 13 55 54 32 49 9 51 46 8 48 59 58 23 6 5 42 19 18 17 16 15 14 35 52 12 11 27 62 29 24 61 26 43 1 22 21 4 3 31 30 2 50 47 7 10 
54 23 40 14 35 63 33 9 26 43 44 45 5 19 57 17 3 36 37 55 13 53 12 27 28 29 47 48 8 58 59 60 1 20 21 41 4 39 15 16 56 34 31 32 2 49 50 51 61 24 25 64 6 7 42 18 38 52 10 11 62 46 22 30 
55 64 18 15 63 35 34 49 46 60 59 58 22 39 4 41 36 3 38 54 53 13 52 28 27 62 25 24 61 45 44 43 42 7 6 17 57 19 14 56 16 33 32 31 30 9 51 50 8 48 47 23 21 20 1 40 37 12 11 10 29 26 5 2 
56 25 20 63 38 37 36 32 44 46 8 48 39 6 5 42 55 54 53 16 15 14 51 52 12 11 58 23 60 24 61 26 18 17 57 1 22 21 35 34 33 3 62 29 28 31 30 2 43 64 45 47 4 41 40 7 13 50 49 9 10 59 19 27 
57 49 53 20 41 40 39 64 52 28 27 62 56 34 33 63 6 5 42 19 18 17 46 60 59 58 32 31 30 9 51 50 38 37 36 13 55 54 1 22 21 4 25 24 61 45 44 43 12 11 10 29 16 15 14 35 7 8 48 47 23 2 3 26 
58 13 62 61 44 43 64 4 16 33 34 35 30 51 50 49 48 47 46 23 60 59 7 17 18 19 37 38 3 53 54 55 11 10 52 29 28 27 26 25 24 45 21 22 1 39 40 41 56 14 15 63 2 32 31 9 8 42 5 6 57 36 12 20 
59 55 50 24 45 64 43 18 15 63 35 34 10 29 62 27 8 46 47 60 23 58 22 39 4 41 36 3 38 54 53 13 2 30 31 51 9 49 25 26 61 44 42 7 6 17 57 19 14 56 16 33 11 12 52 28 48 21 20 1 40 37 32 5 
60 33 28 25 64 45 44 17 37 13 53 54 32 49 9 51 46 8 48 59 58 23 21 4 39 40 16 56 14 34 35 63 52 12 11 27 62 29 24 61 26 43 7 42 5 18 19 57 38 3 36 55 31 30 2 50 47 22 1 20 41 15 10 6 
61 16 30 64 48 47 46 7 35 37 38 3 49 11 10 52 60 59 58 26 25 24 19 21 22 1 54 55 13 56 14 15 28 27 62 2 32 31 45 44 43 8 40 41 4 42 5 6 63 33 34 36 9 51 50 12 23 57 17 18 20 53 29 39 
62 17 58 30 51 50 49 33 21 4 39 40 61 44 43 64 11 10 52 29 28 27 37 13 53 54 7 42 5 18 19 57 48 47 46 23 60 59 2 32 31 9 16 56 14 34 35 63 22 1 20 41 26 25 24 45 12 38 3 36 55 6 8 15 
63 44 39 36 55 54 53 51 48 58 23 60 42 18 17 57 15 14 56 35 34 33 11 62 29 28 61 26 25 43 64 45 22 21 20 4 41 40 3 38 37 13 30 2 32 50 49 9 47 46 8 59 7 6 5 19 16 10 52 12 27 24 1 31 
64 35 49 46 60 59 58 19 3 54 55 13 52 28 27 62 25 24 61 45 44 43 1 40 41 4 14 15 16 63 33 34 32 31 30 9 51 50 8 48 47 23 5 6 7 57 17 18 36 37 38 53 12 11 10 29 26 20 21 22 39 56 2 42 
1
0 1 

1 8 
1 
5 
6 
7 
20 
21 
22 
42 
2 28 
1 5 
1 6 
1 7 
1 20 
1 21 
1 22 
1 42 
5 6 
5 7 
5 20 
5 21 
5 22 
5 42 
6 7 
6 20 
6 21 
6 22 
6 42 
7 20 
7 21 
7 22 
7 42 
20 21 
20 22 
20 42 
21 22 
21 42 
22 42 
3 56 
1 5 6 
1 5 7 
1 5 20 
1 5 21 
1 5 22 
1 5 42 
1 6 7 
1 6 20 
1 6 21 
1 6 22 
1 6 42 
1 7 20 
1 7 21 
1 7 22 
1 7 42 
1 20 21 
1 20 22 
1 20 42 
1 21 22 
1 21 42 
1 22 42 
5 6 7 
5 6 20 
5 6 21 
5 6 22 
5 6 42 
5 7 20 
5 7 21 
5 7 22 
5 7 42 
5 20 21 
5 20 22 
5 20 42 
5 21 22 
5 21 42 
5 22 42 
6 7 20 
6 7 21 
6 7 22 
6 7 42 
6 20 21 
6 20 22 
6 20 42 
6 21 22 
6 21 42 
6 22 42 
7 20 21 
7 20 22 
7 20 42 
7 21 22 
7 21 42 
7 22 42 
20 21 22 
20 21 42 
20 22 42 
21 22 42 
4 70 
1 5 6 7 
1 5 6 20 
1 5 6 21 
1 5 6 22 
1 5 6 42 
1 5 7 20 
1 5 7 21 
1 5 7 22 
1 5 7 42 
1 5 20 21 
1 5 20 22 
1 5 20 42 
1 5 21 22 
1 5 21 42 
1 5 22 42 
1 6 7 20 
1 6 7 21 
1 6 7 22 
1 6 7 42 
1 6 20 21 
1 6 20 22 
1 6 20 42 
1 6 21 22 
1 6 21 42 
1 6 22 42 
1 7 20 21 
1 7 20 22 
1 7 20 42 
1 7 21 22 
1 7 21 42 
1 7 22 42 
1 20 21 22 
1 20 21 42 
1 20 22 42 
1 21 22 42 
5 6 7 20 
5 6 7 21 
5 6 7 22 
5 6 7 42 
5 6 20 21 
5 6 20 22 
5 6 20 42 
5 6 21 22 
5 6 21 42 
5 6 22 42 
5 7 20 21 
5 7 20 22 
5 7 20 42 
5 7 21 22 
5 7 21 42 
5 7 22 42 
5 20 21 22 
5 20 21 42 
5 20 22 42 
5 21 22 42 
6 7 20 21 
6 7 20 22 
6 7 20 42 
6 7 21 22 
6 7 21 42 
6 7 22 42 
6 20 21 22 
6 20 21 42 
6 20 22 42 
6 21 22 42 
7 20 21 22 
7 20 21 42 
7 20 22 42 
7 21 22 42 
20 21 22 42 
5 56 
1 5 6 7 20 
1 5 6 7 21 
1 5 6 7 22 
1 5 6 7 42 
1 5 6 20 21 
1 5 6 20 22 
1 5 6 20 42 
1 5 6 21 22 
1 5 6 21 42 
1 5 6 22 42 
1 5 7 20 21 
1 5 7 20 22 
1 5 7 20 42 
1 5 7 21 22 
1 5 7 21 42 
1 5 7 22 42 
1 5 20 21 22 
1 5 20 21 42 
1 5 20 22 42 
1 5 21 22 42 
1 6 7 20 21 
1 6 7 20 22 
1 6 7 20 42 
1 6 7 21 22 
1 6 7 21 42 
1 6 7 22 42 
1 6 20 21 22 
1 6 20 21 42 
1 6 20 22 42 
1 6 21 22 42 
1 7 20 21 22 
1 7 20 21 42 
1 7 20 22 42 
1 7 21 22 42 
1 20 21 22 42 
5 6 7 20 21 
5 6 7 20 22 
5 6 7 20 42 
5 6 7 21 22 
5 6 7 21 42 
5 6 7 22 42 
5 6 20 21 22 
5 6 20 21 42 
5 6 20 22 42 
5 6 21 22 42 
5 7 20 21 22 
5 7 20 21 42 
5 7 20 22 42 
5 7 21 22 42 
5 20 21 22 42 
6 7 20 21 22 
6 7 20 21 42 
6 7 20 22 42 
6 7 21 22 42 
6 20 21 22 42 
7 20 21 22 42 
6 28 
1 5 6 7 20 21 
1 5 6 7 20 22 
1 5 6 7 20 42 
1 5 6 7 21 22 
1 5 6 7 21 42 
1 5 6 7 22 42 
1 5 6 20 21 22 
1 5 6 20 21 42 
1 5 6 20 22 42 
1 5 6 21 22 42 
1 5 7 20 21 22 
1 5 7 20 21 42 
1 5 7 20 22 42 
1 5 7 21 22 42 
1 5 20 21 22 42 
1 6 7 20 21 22 
1 6 7 20 21 42 
1 6 7 20 22 42 
1 6 7 21 22 42 
1 6 20 21 22 42 
1 7 20 21 22 42 
5 6 7 20 21 22 
5 6 7 20 21 42 
5 6 7 20 22 42 
5 6 7 21 22 42 
5 6 20 21 22 42 
5 7 20 21 22 42 
6 7 20 21 22 42 
7 8 
1 5 6 7 20 21 22 
1 5 6 7 20 21 42 
1 5 6 7 20 22 42 
1 5 6 7 21 22 42 
1 5 6 20 21 22 42 
1 5 7 20 21 22 42 
1 6 7 20 21 22 42 
5 6 7 20 21 22 42 
8 1 
1 5 6 7 20 21 22 42 
2
0 1 

1 1 

2 4 
2 11 
10 52 
12 32 
30 31 
3 1 

4 6 
2 10 11 52 
2 11 12 32 
2 11 30 31 
10 12 32 52 
10 30 31 52 
12 30 31 32 
5 1 

6 4 
2 10 11 12 32 52 
2 10 11 30 31 52 
2 11 12 30 31 32 
10 12 30 31 32 52 
7 1 

8 1 
2 10 11 12 30 31 32 52 
3
0 1 

1 4 
3 
14 
16 
37 
2 8 
3 14 
3 16 
3 37 
14 16 
14 37 
15 38 
16 37 
36 56 
3 12 
3 14 16 
3 14 37 
3 15 38 
3 16 37 
3 36 56 
14 15 38 
14 16 37 
14 36 56 
15 16 38 
15 37 38 
16 36 56 
36 37 56 
4 14 
3 14 15 38 
3 14 16 37 
3 14 36 56 
3 15 16 38 
3 15 37 38 
3 16 36 56 
3 36 37 56 
14 15 16 38 
14 15 37 38 
14 16 36 56 
14 36 37 56 
15 16 37 38 
15 36 38 56 
16 36 37 56 
5 12 
3 14 15 16 38 
3 14 15 37 38 
3 14 16 36 56 
3 14 36 37 56 
3 15 16 37 38 
3 15 36 38 56 
3 16 36 37 56 
14 15 16 37 38 
14 15 36 38 56 
14 16 36 37 56 
15 16 36 38 56 
15 36 37 38 56 
6 8 
3 14 15 16 37 38 
3 14 15 36 38 56 
3 14 16 36 37 56 
3 15 16 36 38 56 
3 15 36 37 38 56 
14 15 16 36 38 56 
14 15 36 37 38 56 
15 16 36 37 38 56 
7 4 
3 14 15 16 36 38 56 
3 14 15 36 37 38 56 
3 15 16 36 37 38 56 
14 15 16 36 37 38 56 
8 1 
3 14 15 16 36 37 38 56 
4
0 1 

1 1 

2 4 
4 19 
17 40 
18 41 
39 57 
3 1 

4 6 
4 17 19 40 
4 18 19 41 
4 19 39 57 
17 18 40 41 
17 39 40 57 
18 39 41 57 
5 1 

6 4 
4 17 18 19 40 41 
4 17 19 39 40 57 
4 18 19 39 41 57 
17 18 39 40 41 57 
7 1 

8 1 
4 17 18 19 39 40 41 57 
5
0 1 

1 1 

2 4 
8 46 
24 48 
25 47 
26 61 
3 1 

4 6 
8 24 46 48 
8 25 46 47 
8 26 46 61 
24 25 47 48 
24 26 48 61 
25 26 47 61 
5 1 

6 4 
8 24 25 46 47 48 
8 24 26 46 48 61 
8 25 26 46 47 61 
24 25 26 47 48 61 
7 1 

8 1 
8 24 25 26 46 47 48 61 
6
0 1 

1 1 

2 4 
9 51 
27 49 
28 29 
50 62 
3 1 

4 6 
9 27 49 51 
9 28 29 51 
9 50 51 62 
27 28 29 49 
27 49 50 62 
28 29 50 62 
5 1 

6 4 
9 27 28 29 49 51 
9 27 49 50 51 62 
9 28 29 50 51 62 
27 28 29 49 50 62 
7 1 

8 1 
9 27 28 29 49 50 51 62 
7
0 1 

1 4 
34 
53 
55 
63 
2 8 
13 35 
33 54 
34 53 
34 55 
34 63 
53 55 
53 63 
55 63 
3 12 
13 34 35 
13 35 53 
13 35 55 
13 35 63 
33 34 54 
33 53 54 
33 54 55 
33 54 63 
34 53 55 
34 53 63 
34 55 63 
53 55 63 
4 14 
13 33 35 54 
13 34 35 53 
13 34 35 55 
13 34 35 63 
13 35 53 55 
13 35 53 63 
13 35 55 63 
33 34 53 54 
33 34 54 55 
33 34 54 63 
33 53 54 55 
33 53 54 63 
33 54 55 63 
34 53 55 63 
5 12 
13 33 34 35 54 
13 33 35 53 54 
13 33 35 54 55 
13 33 35 54 63 
13 34 35 53 55 
13 34 35 53 63 
13 34 35 55 63 
13 35 53 55 63 
33 34 53 54 55 
33 34 53 54 63 
33 34 54 55 63 
33 53 54 55 63 
6 8 
13 33 34 35 53 54 
13 33 34 35 54 55 
13 33 34 35 54 63 
13 33 35 53 54 55 
13 33 35 53 54 63 
13 33 35 54 55 63 
13 34 35 53 55 63 
33 34 53 54 55 63 
7 4 
13 33 34 35 53 54 55 
13 33 34 35 53 54 63 
13 33 34 35 54 55 63 
13 33 35 53 54 55 63 
8 1 
13 33 34 35 53 54 55 63 
8
0 1 

1 1 

2 4 
23 64 
43 44 
45 58 
59 60 
3 1 

4 6 
23 43 44 64 
23 45 58 64 
23 59 60 64 
43 44 45 58 
43 44 59 60 
45 58 59 60 
5 1 

6 4 
23 43 44 45 58 64 
23 43 44 59 60 64 
23 45 58 59 60 64 
43 44 45 58 59 60 
7 1 

8 1 
23 43 44 45 58 59 60 64 
