//Table for grp 88:
57
0 0 2 2 4 4 2 4 
0 0 2 4 4 2 4 2 
0 0 4 2 2 4 4 2 
0 0 4 4 2 2 2 4 
0 2 0 2 4 2 4 4 
0 2 0 4 4 4 2 2 
0 2 2 0 2 4 4 4 
0 2 2 2 2 2 2 6 
0 2 2 2 2 2 6 2 
0 2 2 2 2 6 2 2 
0 2 2 2 6 2 2 2 
0 2 2 4 2 0 4 4 
0 2 2 4 2 4 0 4 
0 2 2 4 2 4 4 0 
0 2 2 6 2 2 2 2 
0 2 4 0 4 4 2 2 
0 2 4 2 0 2 4 4 
0 2 4 2 4 2 0 4 
0 2 4 2 4 2 4 0 
0 2 4 4 0 4 2 2 
0 2 4 4 4 0 2 2 
0 2 6 2 2 2 2 2 
0 4 0 2 2 4 4 2 
0 4 0 4 2 2 2 4 
0 4 2 0 4 2 4 2 
0 4 2 2 0 4 2 4 
0 4 2 2 4 0 2 4 
0 4 2 2 4 4 2 0 
0 4 2 4 0 2 4 2 
0 4 2 4 4 2 0 2 
0 4 4 0 2 2 2 4 
0 4 4 2 2 0 4 2 
0 4 4 2 2 4 0 2 
0 4 4 4 2 2 2 0 
0 6 2 2 2 2 2 2 
2 0 2 2 2 2 4 4 
2 0 2 4 2 4 2 2 
2 0 4 2 4 2 2 2 
2 2 0 2 2 4 2 4 
2 2 0 4 2 2 4 2 
2 2 2 0 4 2 2 4 
2 2 2 2 0 4 4 2 
2 2 2 2 4 0 4 2 
2 2 2 2 4 4 0 2 
2 2 2 4 0 2 2 4 
2 2 2 4 4 2 2 0 
2 2 4 0 2 2 4 2 
2 2 4 2 2 0 2 4 
2 2 4 2 2 4 2 0 
2 2 4 4 2 2 0 2 
2 4 0 2 4 2 2 2 
2 4 2 0 2 4 2 2 
2 4 2 2 2 2 0 4 
2 4 2 2 2 2 4 0 
2 4 2 4 2 0 2 2 
2 4 4 2 0 2 2 2 
4 2 2 2 2 2 2 2 
1 2 3 4 5 6 7 8 9 10 11 12 13 14 15 16 17 18 19 20 21 22 23 24 25 26 27 28 29 30 31 32 33 34 35 36 37 38 39 40 41 42 43 44 45 46 47 48 49 50 51 52 53 54 55 56 57 58 59 60 61 62 63 64 
2 6 8 9 10 11 12 15 18 20 7 22 23 24 25 26 27 28 29 30 31 32 34 36 16 38 39 19 41 21 42 1 43 44 45 46 47 48 49 50 51 52 53 35 55 37 56 3 40 57 4 5 58 59 60 61 62 54 63 13 14 17 64 33 
3 24 1 13 14 15 16 10 43 8 46 47 4 5 6 7 33 34 35 36 37 38 27 2 30 31 23 58 59 25 26 61 17 18 19 20 21 22 53 54 55 56 9 49 50 11 12 52 44 45 64 48 39 40 41 42 63 28 29 62 32 60 57 51 
4 29 13 1 17 18 19 45 12 50 51 9 3 33 34 35 5 6 7 39 40 41 26 59 60 23 31 32 2 62 27 28 14 15 16 53 54 55 20 21 22 57 47 48 8 64 43 44 52 10 11 49 36 37 38 63 42 61 24 25 58 30 56 46 
5 10 14 17 1 20 21 24 27 2 30 31 33 3 36 37 4 39 40 6 7 42 43 8 46 47 9 49 50 11 12 52 13 53 54 15 16 56 18 19 57 22 23 58 59 25 26 61 28 29 62 32 34 35 63 38 41 44 45 64 48 51 55 60 
6 11 15 18 20 7 22 25 28 30 12 32 34 36 16 38 39 19 41 21 42 1 44 46 26 48 49 29 51 31 52 2 53 35 55 37 56 3 40 57 4 5 58 45 60 47 61 8 50 62 9 10 54 63 13 14 17 59 64 23 24 27 33 43 
7 12 16 19 21 22 1 26 29 31 32 2 35 37 38 3 40 41 4 42 5 6 45 47 48 8 50 51 9 52 10 11 54 55 13 56 14 15 57 17 18 20 59 60 23 61 24 25 62 27 28 30 63 33 34 36 39 64 43 44 46 49 53 58 
8 36 2 23 24 25 26 20 53 15 37 56 9 10 11 12 43 44 45 46 47 48 39 6 21 42 34 54 63 16 38 14 27 28 29 30 31 32 58 59 60 61 18 40 57 7 22 5 35 55 33 3 49 50 51 52 64 19 41 17 1 13 62 4 
9 41 23 2 27 28 29 55 22 57 4 18 8 43 44 45 10 11 12 49 50 51 38 63 13 34 42 1 6 17 39 19 24 25 26 58 59 60 30 31 32 62 56 3 15 33 53 35 5 20 7 40 46 47 48 64 52 14 36 16 54 21 61 37 
10 20 24 27 2 30 31 36 39 6 21 42 43 8 46 47 9 49 50 11 12 52 53 15 37 56 18 40 57 7 22 5 23 58 59 25 26 61 28 29 62 32 34 54 63 16 38 14 19 41 17 1 44 45 64 48 51 35 55 33 3 4 60 13 
11 7 25 28 30 12 32 16 19 21 22 1 44 46 26 48 49 29 51 31 52 2 35 37 38 3 40 41 4 42 5 6 58 45 60 47 61 8 50 62 9 10 54 55 13 56 14 15 57 17 18 20 59 64 23 24 27 63 33 34 36 39 43 53 
12 22 26 29 31 32 2 38 41 42 1 6 45 47 48 8 50 51 9 52 10 11 55 56 3 15 57 4 18 5 20 7 59 60 23 61 24 25 62 27 28 30 63 13 34 14 36 16 17 39 19 21 64 43 44 46 49 33 53 35 37 40 58 54 
13 59 4 3 33 34 35 50 47 45 64 43 1 17 18 19 14 15 16 53 54 55 31 29 62 27 26 61 24 60 23 58 5 6 7 39 40 41 36 37 38 63 12 52 10 51 9 49 48 8 46 44 20 21 22 57 56 32 2 30 28 25 42 11 
14 8 5 33 3 36 37 2 23 24 25 26 17 1 20 21 13 53 54 15 16 56 9 10 11 12 43 44 45 46 47 48 4 39 40 6 7 42 34 35 63 38 27 28 29 30 31 32 58 59 60 61 18 19 57 22 55 49 50 51 52 64 41 62 
15 46 6 34 36 16 38 30 58 25 47 61 18 20 7 22 53 35 55 37 56 3 49 11 31 52 44 59 64 26 48 24 39 19 41 21 42 1 54 63 13 14 28 50 62 12 32 10 45 60 43 8 40 57 4 5 33 29 51 27 2 23 17 9 
16 47 7 35 37 38 3 31 59 26 61 24 19 21 22 1 54 55 13 56 14 15 50 12 52 10 45 64 43 48 8 46 40 41 4 42 5 6 63 33 34 36 29 62 27 32 2 30 60 23 58 25 57 17 18 20 53 51 9 49 11 44 39 28 
17 50 33 5 4 39 40 59 31 29 62 27 14 13 53 54 1 20 21 18 19 57 47 45 64 43 12 52 10 51 9 49 3 36 37 34 35 63 6 7 42 41 26 61 24 60 23 58 32 2 30 28 15 16 56 55 22 48 8 46 44 11 38 25 
18 51 34 6 39 19 41 60 32 62 9 28 15 53 35 55 20 7 22 40 57 4 48 64 23 44 52 2 11 27 49 29 36 16 38 54 63 13 21 42 1 17 61 8 25 43 58 45 10 30 12 50 37 56 3 33 5 24 46 26 59 31 14 47 
19 9 35 7 40 41 4 23 2 27 28 29 16 54 55 13 21 22 1 57 17 18 8 43 44 45 10 11 12 49 50 51 37 38 3 63 33 34 42 5 6 39 24 25 26 58 59 60 30 31 32 62 56 14 15 53 20 46 47 48 64 52 36 61 
20 30 36 39 6 21 42 46 49 11 31 52 53 15 37 56 18 40 57 7 22 5 58 25 47 61 28 50 62 12 32 10 34 54 63 16 38 14 19 41 17 1 44 59 64 26 48 24 29 51 27 2 35 55 33 3 4 45 60 43 8 9 13 23 
21 31 37 40 7 42 5 47 50 12 52 10 54 16 56 14 19 57 17 22 1 20 59 26 61 24 29 62 27 32 2 30 35 63 33 38 3 36 41 4 39 6 45 64 43 48 8 46 51 9 49 11 55 13 53 15 18 60 23 58 25 28 34 44 
22 32 38 41 42 1 6 48 51 52 2 11 55 56 3 15 57 4 18 5 20 7 60 61 8 25 62 9 28 10 30 12 63 13 34 14 36 16 17 39 19 21 64 23 44 24 46 26 27 49 29 31 33 53 35 37 40 43 58 45 47 50 54 59 
23 63 9 8 43 44 45 57 56 55 33 53 2 27 28 29 24 25 26 58 59 60 42 41 17 39 38 14 36 13 34 54 10 11 12 49 50 51 46 47 48 64 22 5 20 4 18 40 3 15 37 35 30 31 32 62 61 1 6 21 19 16 52 7 
24 15 10 43 8 46 47 6 34 36 16 38 27 2 30 31 23 58 59 25 26 61 18 20 7 22 53 35 55 37 56 3 9 49 50 11 12 52 44 45 64 48 39 19 41 21 42 1 54 63 13 14 28 29 62 32 60 40 57 4 5 33 51 17 
25 37 11 44 46 26 48 21 54 16 56 14 28 30 12 32 58 45 60 47 61 8 40 7 42 5 35 63 33 38 3 36 49 29 51 31 52 2 59 64 23 24 19 57 17 22 1 20 55 13 53 15 50 62 9 10 43 41 4 39 6 34 27 18 
26 56 12 45 47 48 8 42 63 38 14 36 29 31 32 2 59 60 23 61 24 25 57 22 5 20 55 33 53 3 15 37 50 51 9 52 10 11 64 43 44 46 41 17 39 1 6 21 13 34 54 16 62 27 28 30 58 4 18 40 7 35 49 19 
27 57 43 10 9 49 50 63 42 41 17 39 24 23 58 59 2 30 31 28 29 62 56 55 33 53 22 5 20 4 18 40 8 46 47 44 45 64 11 12 52 51 38 14 36 13 34 54 1 6 21 19 25 26 61 60 32 3 15 37 35 7 48 16 
28 4 44 11 49 29 51 13 1 17 18 19 25 58 45 60 30 12 32 50 62 9 3 33 34 35 5 6 7 39 40 41 46 26 48 59 64 23 31 52 2 27 14 15 16 53 54 55 20 21 22 57 47 61 8 43 10 36 37 38 63 42 24 56 
29 18 45 12 50 51 9 34 6 39 19 41 26 59 60 23 31 32 2 62 27 28 15 53 35 55 20 7 22 40 57 4 47 48 8 64 43 44 52 10 11 49 36 16 38 54 63 13 21 42 1 17 61 24 25 58 30 37 56 3 33 5 46 14 
30 21 46 49 11 31 52 37 40 7 42 5 58 25 47 61 28 50 62 12 32 10 54 16 56 14 19 57 17 22 1 20 44 59 64 26 48 24 29 51 27 2 35 63 33 38 3 36 41 4 39 6 45 60 43 8 9 55 13 53 15 18 23 34 
31 42 47 50 12 52 10 56 57 22 5 20 59 26 61 24 29 62 27 32 2 30 63 38 14 36 41 17 39 1 6 21 45 64 43 48 8 46 51 9 49 11 55 33 53 3 15 37 4 18 40 7 60 23 58 25 28 13 34 54 16 19 44 35 
32 1 48 51 52 2 11 3 4 5 6 7 60 61 8 25 62 9 28 10 30 12 13 14 15 16 17 18 19 20 21 22 64 23 44 24 46 26 27 49 29 31 33 34 35 36 37 38 39 40 41 42 43 58 45 47 50 53 54 55 56 57 59 63 
33 45 17 14 13 53 54 29 26 59 60 23 5 4 39 40 3 36 37 34 35 63 12 50 51 9 47 48 8 64 43 44 1 20 21 18 19 57 15 16 56 55 31 32 2 62 27 28 61 24 25 58 6 7 42 41 38 52 10 11 49 46 22 30 
34 64 18 15 53 35 55 62 61 60 43 58 6 39 19 41 36 16 38 54 63 13 52 51 27 49 48 24 46 23 44 59 20 7 22 40 57 4 37 56 3 33 32 10 30 9 28 50 8 25 47 45 21 42 1 17 14 2 11 31 29 26 5 12 
35 43 19 16 54 55 13 27 24 23 58 59 7 40 41 4 37 38 3 63 33 34 10 9 49 50 8 46 47 44 45 64 21 22 1 57 17 18 56 14 15 53 2 30 31 28 29 62 25 26 61 60 42 5 6 39 36 11 12 52 51 48 20 32 
36 25 20 53 15 37 56 11 44 46 26 48 39 6 21 42 34 54 63 16 38 14 28 30 12 32 58 45 60 47 61 8 18 40 57 7 22 5 35 55 33 3 49 29 51 31 52 2 59 64 23 24 19 41 17 1 13 50 62 9 10 43 4 27 
37 26 21 54 16 56 14 12 45 47 48 8 40 7 42 5 35 63 33 38 3 36 29 31 32 2 59 60 23 61 24 25 19 57 17 22 1 20 55 13 53 15 50 51 9 52 10 11 64 43 44 46 41 4 39 6 34 62 27 28 30 58 18 49 
38 61 22 55 56 3 15 52 64 48 24 46 41 42 1 6 63 13 34 14 36 16 62 32 10 30 60 43 58 8 25 47 57 4 18 5 20 7 33 53 35 37 51 27 49 2 11 31 23 44 59 26 17 39 19 21 54 9 28 50 12 45 40 29 
39 62 53 20 18 40 57 64 52 51 27 49 36 34 54 63 6 21 42 19 41 17 61 60 43 58 32 10 30 9 28 50 15 37 56 35 55 33 7 22 5 4 48 24 46 23 44 59 2 11 31 29 16 38 14 13 1 8 25 47 45 12 3 26 
40 27 54 21 19 57 17 43 10 9 49 50 37 35 63 33 7 42 5 41 4 39 24 23 58 59 2 30 31 28 29 62 16 56 14 55 13 53 22 1 20 18 8 46 47 44 45 64 11 12 52 51 38 3 36 34 6 25 26 61 60 32 15 48 
41 28 55 22 57 4 18 44 11 49 29 51 38 63 13 34 42 1 6 17 39 19 25 58 45 60 30 12 32 50 62 9 56 3 15 33 53 35 5 20 7 40 46 26 48 59 64 23 31 52 2 27 14 36 16 54 21 47 61 8 43 10 37 24 
42 52 56 57 22 5 20 61 62 32 10 30 63 38 14 36 41 17 39 1 6 21 64 48 24 46 51 27 49 2 11 31 55 33 53 3 15 37 4 18 40 7 60 43 58 8 25 47 9 28 50 12 13 34 54 16 19 23 44 59 26 29 35 45 
43 55 27 24 23 58 59 41 38 63 13 34 10 9 49 50 8 46 47 44 45 64 22 57 4 18 56 3 15 33 53 35 2 30 31 28 29 62 25 26 61 60 42 1 6 17 39 19 14 36 16 54 11 12 52 51 48 5 20 7 40 37 32 21 
44 33 28 25 58 45 60 17 14 13 53 54 11 49 29 51 46 26 48 59 64 23 5 4 39 40 3 36 37 34 35 63 30 12 32 50 62 9 47 61 8 43 1 20 21 18 19 57 15 16 56 55 31 52 2 27 24 6 7 42 41 38 10 22 
45 53 29 26 59 60 23 39 36 34 54 63 12 50 51 9 47 48 8 64 43 44 20 18 40 57 15 37 56 35 55 33 31 32 2 62 27 28 61 24 25 58 6 21 42 19 41 17 16 38 14 13 52 10 11 49 46 7 22 5 4 3 30 1 
46 16 30 58 25 47 61 7 35 37 38 3 49 11 31 52 44 59 64 26 48 24 19 21 22 1 54 55 13 56 14 15 28 50 62 12 32 10 45 60 43 8 40 41 4 42 5 6 63 33 34 36 29 51 27 2 23 57 17 18 20 53 9 39 
47 38 31 59 26 61 24 22 55 56 3 15 50 12 52 10 45 64 43 48 8 46 41 42 1 6 63 13 34 14 36 16 29 62 27 32 2 30 60 23 58 25 57 4 18 5 20 7 33 53 35 37 51 9 49 11 44 17 39 19 21 54 28 40 
48 14 32 60 61 8 25 5 33 3 36 37 51 52 2 11 64 23 44 24 46 26 17 1 20 21 13 53 54 15 16 56 62 9 28 10 30 12 43 58 45 47 4 39 40 6 7 42 34 35 63 38 27 49 29 31 59 18 19 57 22 55 50 41 
49 17 58 30 28 50 62 33 5 4 39 40 46 44 59 64 11 31 52 29 51 27 14 13 53 54 1 20 21 18 19 57 25 47 61 45 60 43 12 32 10 9 3 36 37 34 35 63 6 7 42 41 26 48 24 23 2 15 16 56 55 22 8 38 
50 39 59 31 29 62 27 53 20 18 40 57 47 45 64 43 12 52 10 51 9 49 36 34 54 63 6 21 42 19 41 17 26 61 24 60 23 58 32 2 30 28 15 37 56 35 55 33 7 22 5 4 48 8 46 44 11 16 38 14 13 1 25 3 
51 19 60 32 62 9 28 35 7 40 41 4 48 64 23 44 52 2 11 27 49 29 16 54 55 13 21 22 1 57 17 18 61 8 25 43 58 45 10 30 12 50 37 38 3 63 33 34 42 5 6 39 24 46 26 59 31 56 14 15 53 20 47 36 
52 5 61 62 32 10 30 14 17 1 20 21 64 48 24 46 51 27 49 2 11 31 33 3 36 37 4 39 40 6 7 42 60 43 58 8 25 47 9 28 50 12 13 53 54 15 16 56 18 19 57 22 23 44 59 26 29 34 35 63 38 41 45 55 
53 60 39 36 34 54 63 51 48 64 23 44 20 18 40 57 15 37 56 35 55 33 32 62 9 28 61 8 25 43 58 45 6 21 42 19 41 17 16 38 14 13 52 2 11 27 49 29 24 46 26 59 7 22 5 4 3 10 30 12 50 47 1 31 
54 23 40 37 35 63 33 9 8 43 44 45 21 19 57 17 16 56 14 55 13 53 2 27 28 29 24 25 26 58 59 60 7 42 5 41 4 39 38 3 36 34 10 11 12 49 50 51 46 47 48 64 22 1 20 18 15 30 31 32 62 61 6 52 
55 58 41 38 63 13 34 49 46 44 59 64 22 57 4 18 56 3 15 33 53 35 30 28 50 62 25 47 61 45 60 43 42 1 6 17 39 19 14 36 16 54 11 31 52 29 51 27 26 48 24 23 5 20 7 40 37 12 32 10 9 8 21 2 
56 48 42 63 38 14 36 32 60 61 8 25 57 22 5 20 55 33 53 3 15 37 51 52 2 11 64 23 44 24 46 26 41 17 39 1 6 21 13 34 54 16 62 9 28 10 30 12 43 58 45 47 4 18 40 7 35 27 49 29 31 59 19 50 
57 49 63 42 41 17 39 58 30 28 50 62 56 55 33 53 22 5 20 4 18 40 46 44 59 64 11 31 52 29 51 27 38 14 36 13 34 54 1 6 21 19 25 47 61 45 60 43 12 32 10 9 3 15 37 35 7 26 48 24 23 2 16 8 
58 13 49 46 44 59 64 4 3 33 34 35 30 28 50 62 25 47 61 45 60 43 1 17 18 19 14 15 16 53 54 55 11 31 52 29 51 27 26 48 24 23 5 6 7 39 40 41 36 37 38 63 12 32 10 9 8 20 21 22 57 56 2 42 
59 34 50 47 45 64 43 18 15 53 35 55 31 29 62 27 26 61 24 60 23 58 6 39 19 41 36 16 38 54 63 13 12 52 10 51 9 49 48 8 46 44 20 7 22 40 57 4 37 56 3 33 32 2 30 28 25 21 42 1 17 14 11 5 
60 54 51 48 64 23 44 40 37 35 63 33 32 62 9 28 61 8 25 43 58 45 21 19 57 17 16 56 14 55 13 53 52 2 11 27 49 29 24 46 26 59 7 42 5 41 4 39 38 3 36 34 10 30 12 50 47 22 1 20 18 15 31 6 
61 3 52 64 48 24 46 1 13 14 15 16 62 32 10 30 60 43 58 8 25 47 4 5 6 7 33 34 35 36 37 38 51 27 49 2 11 31 23 44 59 26 17 18 19 20 21 22 53 54 55 56 9 28 50 12 45 39 40 41 42 63 29 57 
62 40 64 52 51 27 49 54 21 19 57 17 61 60 43 58 32 10 30 9 28 50 37 35 63 33 7 42 5 41 4 39 48 24 46 23 44 59 2 11 31 29 16 56 14 55 13 53 22 1 20 18 8 25 47 45 12 38 3 36 34 6 26 15 
63 44 57 56 55 33 53 28 25 58 45 60 42 41 17 39 38 14 36 13 34 54 11 49 29 51 46 26 48 59 64 23 22 5 20 4 18 40 3 15 37 35 30 12 32 50 62 9 47 61 8 43 1 6 21 19 16 31 52 2 27 24 7 10 
64 35 62 61 60 43 58 19 16 54 55 13 52 51 27 49 48 24 46 23 44 59 7 40 41 4 37 38 3 63 33 34 32 10 30 9 28 50 8 25 47 45 21 22 1 57 17 18 56 14 15 53 2 11 31 29 26 42 5 6 39 36 12 20 
1
0 1 

1 4 
1 
5 
7 
21 
2 8 
1 5 
1 7 
1 21 
5 7 
5 21 
6 22 
7 21 
20 42 
3 12 
1 5 7 
1 5 21 
1 6 22 
1 7 21 
1 20 42 
5 6 22 
5 7 21 
5 20 42 
6 7 22 
6 21 22 
7 20 42 
20 21 42 
4 14 
1 5 6 22 
1 5 7 21 
1 5 20 42 
1 6 7 22 
1 6 21 22 
1 7 20 42 
1 20 21 42 
5 6 7 22 
5 6 21 22 
5 7 20 42 
5 20 21 42 
6 7 21 22 
6 20 22 42 
7 20 21 42 
5 12 
1 5 6 7 22 
1 5 6 21 22 
1 5 7 20 42 
1 5 20 21 42 
1 6 7 21 22 
1 6 20 22 42 
1 7 20 21 42 
5 6 7 21 22 
5 6 20 22 42 
5 7 20 21 42 
6 7 20 22 42 
6 20 21 22 42 
6 8 
1 5 6 7 21 22 
1 5 6 20 22 42 
1 5 7 20 21 42 
1 6 7 20 22 42 
1 6 20 21 22 42 
5 6 7 20 22 42 
5 6 20 21 22 42 
6 7 20 21 22 42 
7 4 
1 5 6 7 20 22 42 
1 5 6 20 21 22 42 
1 6 7 20 21 22 42 
5 6 7 20 21 22 42 
8 1 
1 5 6 7 20 21 22 42 
2
0 1 

1 1 

2 4 
2 32 
10 52 
11 12 
30 31 
3 1 

4 6 
2 10 32 52 
2 11 12 32 
2 30 31 32 
10 11 12 52 
10 30 31 52 
11 12 30 31 
5 1 

6 4 
2 10 11 12 32 52 
2 10 30 31 32 52 
2 11 12 30 31 32 
10 11 12 30 31 52 
7 1 

8 1 
2 10 11 12 30 31 32 52 
3
0 1 

1 4 
3 
14 
16 
37 
2 8 
3 14 
3 16 
3 37 
14 16 
14 37 
15 38 
16 37 
36 56 
3 12 
3 14 16 
3 14 37 
3 15 38 
3 16 37 
3 36 56 
14 15 38 
14 16 37 
14 36 56 
15 16 38 
15 37 38 
16 36 56 
36 37 56 
4 14 
3 14 15 38 
3 14 16 37 
3 14 36 56 
3 15 16 38 
3 15 37 38 
3 16 36 56 
3 36 37 56 
14 15 16 38 
14 15 37 38 
14 16 36 56 
14 36 37 56 
15 16 37 38 
15 36 38 56 
16 36 37 56 
5 12 
3 14 15 16 38 
3 14 15 37 38 
3 14 16 36 56 
3 14 36 37 56 
3 15 16 37 38 
3 15 36 38 56 
3 16 36 37 56 
14 15 16 37 38 
14 15 36 38 56 
14 16 36 37 56 
15 16 36 38 56 
15 36 37 38 56 
6 8 
3 14 15 16 37 38 
3 14 15 36 38 56 
3 14 16 36 37 56 
3 15 16 36 38 56 
3 15 36 37 38 56 
14 15 16 36 38 56 
14 15 36 37 38 56 
15 16 36 37 38 56 
7 4 
3 14 15 16 36 38 56 
3 14 15 36 37 38 56 
3 15 16 36 37 38 56 
14 15 16 36 37 38 56 
8 1 
3 14 15 16 36 37 38 56 
4
0 1 

1 4 
4 
17 
19 
40 
2 8 
4 17 
4 19 
4 40 
17 19 
17 40 
18 41 
19 40 
39 57 
3 12 
4 17 19 
4 17 40 
4 18 41 
4 19 40 
4 39 57 
17 18 41 
17 19 40 
17 39 57 
18 19 41 
18 40 41 
19 39 57 
39 40 57 
4 14 
4 17 18 41 
4 17 19 40 
4 17 39 57 
4 18 19 41 
4 18 40 41 
4 19 39 57 
4 39 40 57 
17 18 19 41 
17 18 40 41 
17 19 39 57 
17 39 40 57 
18 19 40 41 
18 39 41 57 
19 39 40 57 
5 12 
4 17 18 19 41 
4 17 18 40 41 
4 17 19 39 57 
4 17 39 40 57 
4 18 19 40 41 
4 18 39 41 57 
4 19 39 40 57 
17 18 19 40 41 
17 18 39 41 57 
17 19 39 40 57 
18 19 39 41 57 
18 39 40 41 57 
6 8 
4 17 18 19 40 41 
4 17 18 39 41 57 
4 17 19 39 40 57 
4 18 19 39 41 57 
4 18 39 40 41 57 
17 18 19 39 41 57 
17 18 39 40 41 57 
18 19 39 40 41 57 
7 4 
4 17 18 19 39 41 57 
4 17 18 39 40 41 57 
4 18 19 39 40 41 57 
17 18 19 39 40 41 57 
8 1 
4 17 18 19 39 40 41 57 
5
0 1 

1 1 

2 4 
8 61 
24 48 
25 47 
26 46 
3 1 

4 6 
8 24 48 61 
8 25 47 61 
8 26 46 61 
24 25 47 48 
24 26 46 48 
25 26 46 47 
5 1 

6 4 
8 24 25 47 48 61 
8 24 26 46 48 61 
8 25 26 46 47 61 
24 25 26 46 47 48 
7 1 

8 1 
8 24 25 26 46 47 48 61 
6
0 1 

1 1 

2 4 
9 28 
27 49 
29 51 
50 62 
3 1 

4 6 
9 27 28 49 
9 28 29 51 
9 28 50 62 
27 29 49 51 
27 49 50 62 
29 50 51 62 
5 1 

6 4 
9 27 28 29 49 51 
9 27 28 49 50 62 
9 28 29 50 51 62 
27 29 49 50 51 62 
7 1 

8 1 
9 27 28 29 49 50 51 62 
7
0 1 

1 4 
13 
33 
35 
54 
2 8 
13 33 
13 35 
13 54 
33 35 
33 54 
34 55 
35 54 
53 63 
3 12 
13 33 35 
13 33 54 
13 34 55 
13 35 54 
13 53 63 
33 34 55 
33 35 54 
33 53 63 
34 35 55 
34 54 55 
35 53 63 
53 54 63 
4 14 
13 33 34 55 
13 33 35 54 
13 33 53 63 
13 34 35 55 
13 34 54 55 
13 35 53 63 
13 53 54 63 
33 34 35 55 
33 34 54 55 
33 35 53 63 
33 53 54 63 
34 35 54 55 
34 53 55 63 
35 53 54 63 
5 12 
13 33 34 35 55 
13 33 34 54 55 
13 33 35 53 63 
13 33 53 54 63 
13 34 35 54 55 
13 34 53 55 63 
13 35 53 54 63 
33 34 35 54 55 
33 34 53 55 63 
33 35 53 54 63 
34 35 53 55 63 
34 53 54 55 63 
6 8 
13 33 34 35 54 55 
13 33 34 53 55 63 
13 33 35 53 54 63 
13 34 35 53 55 63 
13 34 53 54 55 63 
33 34 35 53 55 63 
33 34 53 54 55 63 
34 35 53 54 55 63 
7 4 
13 33 34 35 53 55 63 
13 33 34 53 54 55 63 
13 34 35 53 54 55 63 
33 34 35 53 54 55 63 
8 1 
13 33 34 35 53 54 55 63 
8
0 1 

1 1 

2 4 
23 58 
43 44 
45 64 
59 60 
3 1 

4 6 
23 43 44 58 
23 45 58 64 
23 58 59 60 
43 44 45 64 
43 44 59 60 
45 59 60 64 
5 1 

6 4 
23 43 44 45 58 64 
23 43 44 58 59 60 
23 45 58 59 60 64 
43 44 45 59 60 64 
7 1 

8 1 
23 43 44 45 58 59 60 64 
