//Table for grp 172:
57
0 0 2 2 4 4 2 4 
0 0 2 4 4 2 4 2 
0 0 4 2 2 4 4 2 
0 0 4 4 2 2 2 4 
0 2 0 2 4 2 4 4 
0 2 0 4 4 4 2 2 
0 2 2 0 2 4 4 4 
0 2 2 2 2 2 2 6 
0 2 2 2 2 2 6 2 
0 2 2 2 2 6 2 2 
0 2 2 2 6 2 2 2 
0 2 2 4 2 0 4 4 
0 2 2 4 2 4 0 4 
0 2 2 4 2 4 4 0 
0 2 2 6 2 2 2 2 
0 2 4 0 4 4 2 2 
0 2 4 2 0 2 4 4 
0 2 4 2 4 2 0 4 
0 2 4 2 4 2 4 0 
0 2 4 4 0 4 2 2 
0 2 4 4 4 0 2 2 
0 2 6 2 2 2 2 2 
0 4 0 2 2 4 4 2 
0 4 0 4 2 2 2 4 
0 4 2 0 4 2 4 2 
0 4 2 2 0 4 2 4 
0 4 2 2 4 0 2 4 
0 4 2 2 4 4 2 0 
0 4 2 4 0 2 4 2 
0 4 2 4 4 2 0 2 
0 4 4 0 2 2 2 4 
0 4 4 2 2 0 4 2 
0 4 4 2 2 4 0 2 
0 4 4 4 2 2 2 0 
0 6 2 2 2 2 2 2 
2 0 2 2 2 2 4 4 
2 0 2 4 2 4 2 2 
2 0 4 2 4 2 2 2 
2 2 0 2 2 4 2 4 
2 2 0 4 2 2 4 2 
2 2 2 0 4 2 2 4 
2 2 2 2 0 4 4 2 
2 2 2 2 4 0 4 2 
2 2 2 2 4 4 0 2 
2 2 2 4 0 2 2 4 
2 2 2 4 4 2 2 0 
2 2 4 0 2 2 4 2 
2 2 4 2 2 0 2 4 
2 2 4 2 2 4 2 0 
2 2 4 4 2 2 0 2 
2 4 0 2 4 2 2 2 
2 4 2 0 2 4 2 2 
2 4 2 2 2 2 0 4 
2 4 2 2 2 2 4 0 
2 4 2 4 2 0 2 2 
2 4 4 2 0 2 2 2 
4 2 2 2 2 2 2 2 
1 2 3 4 5 6 7 8 9 10 11 12 13 14 15 16 17 18 19 20 21 22 23 24 25 26 27 28 29 30 31 32 33 34 35 36 37 38 39 40 41 42 43 44 45 46 47 48 49 50 51 52 53 54 55 56 57 58 59 60 61 62 63 64 
2 7 8 9 10 11 12 16 19 21 22 1 23 24 25 26 27 28 29 30 31 32 35 37 38 3 40 41 4 42 5 6 43 44 45 46 47 48 49 50 51 52 54 55 13 56 14 15 57 17 18 20 58 59 60 61 62 63 33 34 36 39 64 53 
3 24 22 13 14 15 16 52 43 26 46 47 41 42 1 6 33 34 35 36 37 38 62 11 10 30 45 58 59 48 8 61 57 4 18 5 20 7 53 54 55 56 28 27 49 12 32 31 60 23 64 25 17 39 19 21 63 29 51 50 2 44 40 9 
4 28 35 5 17 18 19 60 30 49 29 51 37 54 55 13 7 20 21 39 40 41 61 64 23 44 32 31 52 50 62 9 3 56 14 63 33 34 22 1 42 57 25 24 46 43 58 45 2 11 10 27 15 16 36 53 6 26 48 47 59 12 38 8 
5 31 14 17 7 20 21 47 50 2 52 10 33 16 36 37 19 39 40 22 1 42 59 8 61 24 9 62 27 11 12 30 35 53 54 38 3 56 41 4 57 6 23 64 43 25 26 46 28 29 49 32 55 13 63 15 18 44 45 58 48 51 34 60 
6 32 15 18 20 7 22 48 51 52 2 11 34 36 16 38 39 19 41 21 42 1 60 61 8 25 62 9 28 10 30 12 53 35 55 37 56 3 40 57 4 5 64 23 44 24 46 26 27 49 29 31 54 63 13 14 17 43 58 45 47 50 33 59 
7 12 16 19 21 22 1 26 29 31 32 2 35 37 38 3 40 41 4 42 5 6 45 47 48 8 50 51 9 52 10 11 54 55 13 56 14 15 57 17 18 20 59 60 23 61 24 25 62 27 28 30 63 33 34 36 39 64 43 44 46 49 53 58 
8 37 32 23 24 25 26 20 54 3 56 14 51 52 2 11 43 44 45 46 47 48 39 22 21 42 13 63 33 15 16 36 62 9 28 10 30 12 58 59 60 61 41 40 57 1 6 5 34 35 53 38 27 49 29 31 64 4 18 17 7 55 50 19 
9 41 45 10 27 28 29 34 42 57 4 18 47 59 60 23 12 30 31 49 50 51 36 53 35 55 6 5 20 17 39 19 8 61 24 64 43 44 32 2 52 62 38 37 56 54 63 13 7 22 21 40 25 26 46 58 11 3 15 14 33 1 48 16 
10 5 24 27 12 30 31 14 17 7 20 21 43 26 46 47 29 49 50 32 2 52 33 16 36 37 19 39 40 22 1 42 45 58 59 48 8 61 51 9 62 11 35 53 54 38 3 56 41 4 57 6 60 23 64 25 28 55 13 63 15 18 44 34 
11 6 25 28 30 12 32 15 18 20 7 22 44 46 26 48 49 29 51 31 52 2 34 36 16 38 39 19 41 21 42 1 58 45 60 47 61 8 50 62 9 10 53 35 55 37 56 3 40 57 4 5 59 64 23 24 27 54 63 13 14 17 43 33 
12 1 26 29 31 32 2 3 4 5 6 7 45 47 48 8 50 51 9 52 10 11 13 14 15 16 17 18 19 20 21 22 59 60 23 61 24 25 62 27 28 30 33 34 35 36 37 38 39 40 41 42 64 43 44 46 49 53 54 55 56 57 58 63 
13 58 18 14 33 34 35 50 48 60 59 64 20 39 19 41 16 36 37 53 54 55 2 9 62 27 61 8 25 23 44 43 22 21 42 40 57 4 38 3 56 63 10 11 12 28 29 49 24 46 26 45 1 6 5 17 15 30 31 32 51 47 7 52 
14 8 42 33 16 36 37 32 23 24 25 26 57 6 5 20 35 53 54 38 3 56 51 52 2 11 43 44 45 46 47 48 18 17 39 7 22 21 55 13 63 15 62 9 28 10 30 12 58 59 60 61 19 41 40 1 34 27 49 29 31 64 4 50 
15 61 1 34 36 16 38 31 64 25 24 46 4 5 6 7 53 35 55 37 56 3 50 2 52 10 44 43 58 26 48 47 17 18 19 20 21 22 54 63 13 14 9 62 27 11 12 30 45 60 59 8 39 40 41 42 33 28 29 49 32 23 57 51 
16 47 6 35 37 38 3 30 59 8 61 24 18 20 7 22 54 55 13 56 14 15 49 32 31 52 23 64 43 25 26 46 39 19 41 21 42 1 63 33 34 36 51 50 62 2 11 10 44 45 58 48 40 57 4 5 53 9 28 27 12 60 17 29 
17 62 54 7 19 39 40 58 11 28 27 49 3 13 63 33 21 22 1 41 4 57 48 60 59 64 30 12 32 29 51 50 14 15 16 34 35 53 42 5 6 18 61 8 25 23 44 43 31 52 2 9 36 37 38 55 20 24 46 26 45 10 56 47 
18 9 55 20 39 19 41 45 10 27 28 29 56 63 13 34 22 21 42 40 57 4 47 59 60 23 12 30 31 49 50 51 15 14 36 33 53 35 1 6 5 17 8 61 24 64 43 44 32 2 52 62 16 38 37 54 7 25 26 46 58 11 3 48 
19 51 13 21 40 41 4 44 52 62 9 28 14 33 34 35 1 42 5 57 17 18 46 58 45 60 11 10 30 27 49 29 16 36 37 53 54 55 6 7 20 39 48 47 61 59 64 23 12 32 31 50 38 3 56 63 22 8 25 24 43 2 15 26 
20 30 36 39 22 21 42 46 49 32 31 52 53 38 37 56 41 40 57 1 6 5 58 48 47 61 51 50 62 2 11 10 55 54 63 3 15 14 4 18 17 7 60 59 64 8 25 24 9 28 27 12 13 34 33 16 19 23 44 43 26 29 35 45 
21 10 37 40 1 42 5 24 27 12 30 31 54 3 56 14 4 57 17 6 7 20 43 26 46 47 29 49 50 32 2 52 13 63 33 15 16 36 18 19 39 22 45 58 59 48 8 61 51 9 62 11 34 35 53 38 41 60 23 64 25 28 55 44 
22 11 38 41 42 1 6 25 28 30 12 32 55 56 3 15 57 4 18 5 20 7 44 46 26 48 49 29 51 31 52 2 63 13 34 14 36 16 17 39 19 21 58 45 60 47 61 8 50 62 9 10 33 53 35 37 40 59 64 23 24 27 54 43 
23 63 28 24 43 44 45 17 15 34 33 53 30 49 29 51 26 46 47 58 59 60 7 19 39 40 36 16 38 35 55 54 32 31 52 50 62 9 48 8 61 64 21 22 1 41 4 57 37 56 3 13 2 11 10 27 25 42 5 6 18 14 12 20 
24 16 52 43 26 46 47 6 35 37 38 3 62 11 10 30 45 58 59 48 8 61 18 20 7 22 54 55 13 56 14 15 28 27 49 12 32 31 60 23 64 25 39 19 41 21 42 1 63 33 34 36 29 51 50 2 44 40 57 4 5 53 9 17 
25 36 2 44 46 26 48 5 53 38 37 56 9 10 11 12 58 45 60 47 61 8 17 7 20 21 55 54 63 3 15 14 27 28 29 30 31 32 59 64 23 24 19 39 40 22 1 42 13 34 33 16 49 50 51 52 43 41 4 57 6 35 62 18 
26 14 11 45 47 48 8 42 33 16 36 37 28 30 12 32 59 60 23 61 24 25 57 6 5 20 35 53 54 38 3 56 49 29 51 31 52 2 64 43 44 46 18 17 39 7 22 21 55 13 63 15 50 62 9 10 58 19 41 40 1 34 27 4 
27 39 59 12 29 49 50 63 22 41 40 57 8 23 64 43 31 32 2 51 9 62 15 34 33 53 42 1 6 4 18 17 24 25 26 44 45 58 52 10 11 28 36 16 38 35 55 54 5 20 7 19 46 47 48 60 30 37 56 3 13 21 61 14 
28 19 60 30 49 29 51 13 21 40 41 4 61 64 23 44 32 31 52 50 62 9 14 33 34 35 1 42 5 57 17 18 25 24 46 43 58 45 2 11 10 27 16 36 37 53 54 55 6 7 20 39 26 48 47 59 12 38 3 56 63 22 8 15 
29 18 23 31 50 51 9 55 20 39 19 41 24 43 44 45 2 52 10 62 27 28 56 63 13 34 22 21 42 40 57 4 26 46 47 58 59 60 11 12 30 49 15 14 36 33 53 35 1 6 5 17 48 8 61 64 32 16 38 37 54 7 25 3 
30 42 46 49 32 31 52 56 57 6 5 20 58 48 47 61 51 50 62 2 11 10 63 15 14 36 18 17 39 7 22 21 60 59 64 8 25 24 9 28 27 12 34 33 53 16 38 37 19 41 40 1 23 44 43 26 29 35 55 54 3 4 45 13 
31 21 47 50 2 52 10 37 40 1 42 5 59 8 61 24 9 62 27 11 12 30 54 3 56 14 4 57 17 6 7 20 23 64 43 25 26 46 28 29 49 32 13 63 33 15 16 36 18 19 39 22 44 45 58 48 51 34 35 53 38 41 60 55 
32 22 48 51 52 2 11 38 41 42 1 6 60 61 8 25 62 9 28 10 30 12 55 56 3 15 57 4 18 5 20 7 64 23 44 24 46 26 27 49 29 31 63 13 34 14 36 16 17 39 19 21 43 58 45 47 50 33 53 35 37 40 59 54 
33 44 39 16 35 53 54 29 46 58 45 60 22 41 40 57 37 38 3 55 13 63 31 50 51 9 48 47 61 59 64 23 42 1 6 4 18 17 56 14 15 34 2 52 10 62 27 28 8 25 24 43 5 20 7 19 36 11 12 30 49 26 21 32 
34 43 19 36 53 35 55 49 26 45 58 59 21 40 41 4 38 37 56 54 63 13 32 51 50 62 47 48 8 60 23 64 1 42 5 57 17 18 3 15 14 33 52 2 11 9 28 27 61 24 25 44 6 7 20 39 16 10 30 12 29 46 22 31 
35 64 41 37 54 55 13 27 25 44 43 58 42 57 4 18 3 56 14 63 33 34 12 29 49 50 46 26 48 45 60 59 6 5 20 17 39 19 15 16 36 53 31 32 2 51 9 62 47 61 8 23 7 22 21 40 38 52 10 11 28 24 1 30 
36 48 5 53 38 37 56 12 60 61 8 25 17 7 20 21 55 54 63 3 15 14 29 31 32 2 64 23 44 24 46 26 19 39 40 22 1 42 13 34 33 16 50 51 9 52 10 11 43 58 45 47 41 4 57 6 35 62 27 28 30 59 18 49 
37 26 20 54 3 56 14 11 45 47 48 8 39 22 21 42 13 63 33 15 16 36 28 30 12 32 59 60 23 61 24 25 41 40 57 1 6 5 34 35 53 38 49 29 51 31 52 2 64 43 44 46 4 18 17 7 55 50 62 9 10 58 19 27 
38 46 7 55 56 3 15 10 58 48 47 61 19 21 22 1 63 13 34 14 36 16 27 12 30 31 60 59 64 8 25 24 40 41 4 42 5 6 33 53 35 37 29 49 50 32 2 52 23 44 43 26 57 17 18 20 54 51 9 62 11 45 39 28 
39 50 63 22 41 40 57 43 2 9 62 27 15 34 33 53 42 1 6 4 18 17 26 45 58 59 10 11 12 28 29 49 36 16 38 35 55 54 5 20 7 19 47 48 8 60 23 64 30 31 32 51 37 56 3 13 21 61 24 25 44 52 14 46 
40 49 33 1 4 57 17 64 32 51 50 62 16 35 53 54 5 6 7 18 19 39 25 44 43 58 52 2 11 9 28 27 37 38 3 55 13 63 20 21 22 41 46 26 48 45 60 59 10 30 12 29 56 14 15 34 42 47 61 8 23 31 36 24 
41 29 34 42 57 4 18 23 31 50 51 9 36 53 35 55 6 5 20 17 39 19 24 43 44 45 2 52 10 62 27 28 38 37 56 54 63 13 7 22 21 40 26 46 47 58 59 60 11 12 30 49 3 15 14 33 1 48 8 61 64 32 16 25 
42 52 56 57 6 5 20 61 62 11 10 30 63 15 14 36 18 17 39 7 22 21 64 25 24 46 28 27 49 12 32 31 34 33 53 16 38 37 19 41 40 1 44 43 58 26 48 47 29 51 50 2 35 55 54 3 4 45 60 59 8 9 13 23 
43 55 49 26 45 58 59 4 56 63 13 34 32 51 50 62 47 48 8 60 23 64 5 17 18 19 15 14 36 33 53 35 52 2 11 9 28 27 61 24 25 44 7 20 21 39 40 41 16 38 37 54 10 30 12 29 46 22 1 42 57 3 31 6 
44 54 29 46 58 45 60 57 3 13 63 33 31 50 51 9 48 47 61 59 64 23 6 18 17 39 14 15 16 34 35 53 2 52 10 62 27 28 8 25 24 43 20 7 22 19 41 40 36 37 38 55 11 12 30 49 26 21 42 1 4 56 32 5 
45 53 51 47 59 60 23 40 38 55 54 63 52 62 9 28 8 61 24 64 43 44 1 4 57 17 56 3 15 13 34 33 11 10 30 27 49 29 25 26 46 58 5 6 7 18 19 39 14 36 16 35 12 32 31 50 48 20 21 22 41 37 2 42 
46 15 10 58 48 47 61 1 34 36 16 38 27 12 30 31 60 59 64 8 25 24 4 5 6 7 53 35 55 37 56 3 29 49 50 32 2 52 23 44 43 26 17 18 19 20 21 22 54 63 13 14 51 9 62 11 45 39 40 41 42 33 28 57 
47 3 30 59 8 61 24 22 13 14 15 16 49 32 31 52 23 64 43 25 26 46 41 42 1 6 33 34 35 36 37 38 51 50 62 2 11 10 44 45 58 48 57 4 18 5 20 7 53 54 55 56 9 28 27 12 60 17 39 19 21 63 29 40 
48 56 12 60 61 8 25 21 63 15 14 36 29 31 32 2 64 23 44 24 46 26 40 1 42 5 34 33 53 16 38 37 50 51 9 52 10 11 43 58 45 47 4 57 17 6 7 20 35 55 54 3 62 27 28 30 59 18 19 39 22 13 49 41 
49 17 64 32 51 50 62 54 7 19 39 40 25 44 43 58 52 2 11 9 28 27 3 13 63 33 21 22 1 41 4 57 46 26 48 45 60 59 10 30 12 29 14 15 16 34 35 53 42 5 6 18 47 61 8 23 31 36 37 38 55 20 24 56 
50 57 43 2 9 62 27 53 6 18 17 39 26 45 58 59 10 11 12 28 29 49 38 55 54 63 20 7 22 19 41 40 47 48 8 60 23 64 30 31 32 51 56 3 15 13 34 33 21 42 1 4 61 24 25 44 52 14 36 16 35 5 46 37 
51 4 44 52 62 9 28 35 5 17 18 19 46 58 45 60 11 10 30 27 49 29 37 54 55 13 7 20 21 39 40 41 48 47 61 59 64 23 12 32 31 50 3 56 14 63 33 34 22 1 42 57 8 25 24 43 2 15 16 36 53 6 26 38 
52 20 61 62 11 10 30 36 39 22 21 42 64 25 24 46 28 27 49 12 32 31 53 38 37 56 41 40 57 1 6 5 44 43 58 26 48 47 29 51 50 2 55 54 63 3 15 14 4 18 17 7 45 60 59 8 9 13 34 33 16 19 23 35 
53 23 40 38 55 54 63 28 24 43 44 45 1 4 57 17 56 3 15 13 34 33 30 49 29 51 26 46 47 58 59 60 5 6 7 18 19 39 14 36 16 35 32 31 52 50 62 9 48 8 61 64 20 21 22 41 37 2 11 10 27 25 42 12 
54 60 57 3 13 63 33 9 61 64 23 44 6 18 17 39 14 15 16 34 35 53 10 27 28 29 25 24 46 43 58 45 20 7 22 19 41 40 36 37 38 55 12 30 31 49 50 51 26 48 47 59 21 42 1 4 56 32 2 52 62 8 5 11 
55 59 4 56 63 13 34 62 8 23 64 43 5 17 18 19 15 14 36 33 53 35 11 28 27 49 24 25 26 44 45 58 7 20 21 39 40 41 16 38 37 54 30 12 32 29 51 50 46 47 48 60 22 1 42 57 3 31 52 2 9 61 6 10 
56 25 21 63 15 14 36 2 44 46 26 48 40 1 42 5 34 33 53 16 38 37 9 10 11 12 58 45 60 47 61 8 4 57 17 6 7 20 35 55 54 3 27 28 29 30 31 32 59 64 23 24 18 19 39 22 13 49 50 51 52 43 41 62 
57 27 53 6 18 17 39 59 12 29 49 50 38 55 54 63 20 7 22 19 41 40 8 23 64 43 31 32 2 51 9 62 56 3 15 13 34 33 21 42 1 4 24 25 26 44 45 58 52 10 11 28 14 36 16 35 5 46 47 48 60 30 37 61 
58 35 50 48 60 59 64 41 37 54 55 13 2 9 62 27 61 8 25 23 44 43 42 57 4 18 3 56 14 63 33 34 10 11 12 28 29 49 24 46 26 45 6 5 20 17 39 19 15 16 36 53 30 31 32 51 47 7 22 21 40 38 52 1 
59 34 62 8 23 64 43 19 36 53 35 55 11 28 27 49 24 25 26 44 45 58 21 40 41 4 38 37 56 54 63 13 30 12 32 29 51 50 46 47 48 60 1 42 5 57 17 18 3 15 14 33 31 52 2 9 61 6 7 20 39 16 10 22 
60 33 9 61 64 23 44 39 16 35 53 54 10 27 28 29 25 24 46 43 58 45 22 41 40 57 37 38 3 55 13 63 12 30 31 49 50 51 26 48 47 59 42 1 6 4 18 17 56 14 15 34 32 2 52 62 8 5 20 7 19 36 11 21 
61 38 31 64 25 24 46 7 55 56 3 15 50 2 52 10 44 43 58 26 48 47 19 21 22 1 63 13 34 14 36 16 9 62 27 11 12 30 45 60 59 8 40 41 4 42 5 6 33 53 35 37 28 29 49 32 23 57 17 18 20 54 51 39 
62 40 58 11 28 27 49 33 1 4 57 17 48 60 59 64 30 12 32 29 51 50 16 35 53 54 5 6 7 18 19 39 61 8 25 23 44 43 31 52 2 9 37 38 3 55 13 63 20 21 22 41 24 46 26 45 10 56 14 15 34 42 47 36 
63 45 17 15 34 33 53 51 47 59 60 23 7 19 39 40 36 16 38 35 55 54 52 62 9 28 8 61 24 64 43 44 21 22 1 41 4 57 37 56 3 13 11 10 30 27 49 29 25 26 46 58 42 5 6 18 14 12 32 31 50 48 20 2 
64 13 27 25 44 43 58 18 14 33 34 35 12 29 49 50 46 26 48 45 60 59 20 39 19 41 16 36 37 53 54 55 31 32 2 51 9 62 47 61 8 23 22 21 42 40 57 4 38 3 56 63 52 10 11 28 24 1 6 5 17 15 30 7 
1
0 1 

1 4 
1 
7 
20 
42 
2 8 
1 7 
1 20 
1 42 
5 21 
6 22 
7 20 
7 42 
20 42 
3 12 
1 5 21 
1 6 22 
1 7 20 
1 7 42 
1 20 42 
5 7 21 
5 20 21 
5 21 42 
6 7 22 
6 20 22 
6 22 42 
7 20 42 
4 14 
1 5 7 21 
1 5 20 21 
1 5 21 42 
1 6 7 22 
1 6 20 22 
1 6 22 42 
1 7 20 42 
5 6 21 22 
5 7 20 21 
5 7 21 42 
5 20 21 42 
6 7 20 22 
6 7 22 42 
6 20 22 42 
5 12 
1 5 6 21 22 
1 5 7 20 21 
1 5 7 21 42 
1 5 20 21 42 
1 6 7 20 22 
1 6 7 22 42 
1 6 20 22 42 
5 6 7 21 22 
5 6 20 21 22 
5 6 21 22 42 
5 7 20 21 42 
6 7 20 22 42 
6 8 
1 5 6 7 21 22 
1 5 6 20 21 22 
1 5 6 21 22 42 
1 5 7 20 21 42 
1 6 7 20 22 42 
5 6 7 20 21 22 
5 6 7 21 22 42 
5 6 20 21 22 42 
7 4 
1 5 6 7 20 21 22 
1 5 6 7 21 22 42 
1 5 6 20 21 22 42 
5 6 7 20 21 22 42 
8 1 
1 5 6 7 20 21 22 42 
2
0 1 

1 1 

2 4 
2 12 
10 31 
11 32 
30 52 
3 1 

4 6 
2 10 12 31 
2 11 12 32 
2 12 30 52 
10 11 31 32 
10 30 31 52 
11 30 32 52 
5 1 

6 4 
2 10 11 12 31 32 
2 10 12 30 31 52 
2 11 12 30 32 52 
10 11 30 31 32 52 
7 1 

8 1 
2 10 11 12 30 31 32 52 
3
0 1 

1 1 

2 4 
3 15 
14 56 
16 38 
36 37 
3 1 

4 6 
3 14 15 56 
3 15 16 38 
3 15 36 37 
14 16 38 56 
14 36 37 56 
16 36 37 38 
5 1 

6 4 
3 14 15 16 38 56 
3 14 15 36 37 56 
3 15 16 36 37 38 
14 16 36 37 38 56 
7 1 

8 1 
3 14 15 16 36 37 38 56 
4
0 1 

1 1 

2 4 
4 40 
17 19 
18 39 
41 57 
3 1 

4 6 
4 17 19 40 
4 18 39 40 
4 40 41 57 
17 18 19 39 
17 19 41 57 
18 39 41 57 
5 1 

6 4 
4 17 18 19 39 40 
4 17 19 40 41 57 
4 18 39 40 41 57 
17 18 19 39 41 57 
7 1 

8 1 
4 17 18 19 39 40 41 57 
5
0 1 

1 1 

2 4 
8 46 
24 48 
25 47 
26 61 
3 1 

4 6 
8 24 46 48 
8 25 46 47 
8 26 46 61 
24 25 47 48 
24 26 48 61 
25 26 47 61 
5 1 

6 4 
8 24 25 46 47 48 
8 24 26 46 48 61 
8 25 26 46 47 61 
24 25 26 47 48 61 
7 1 

8 1 
8 24 25 26 46 47 48 61 
6
0 1 

1 1 

2 4 
9 62 
27 28 
29 49 
50 51 
3 1 

4 6 
9 27 28 62 
9 29 49 62 
9 50 51 62 
27 28 29 49 
27 28 50 51 
29 49 50 51 
5 1 

6 4 
9 27 28 29 49 62 
9 27 28 50 51 62 
9 29 49 50 51 62 
27 28 29 49 50 51 
7 1 

8 1 
9 27 28 29 49 50 51 62 
7
0 1 

1 1 

2 4 
13 53 
33 34 
35 63 
54 55 
3 1 

4 6 
13 33 34 53 
13 35 53 63 
13 53 54 55 
33 34 35 63 
33 34 54 55 
35 54 55 63 
5 1 

6 4 
13 33 34 35 53 63 
13 33 34 53 54 55 
13 35 53 54 55 63 
33 34 35 54 55 63 
7 1 

8 1 
13 33 34 35 53 54 55 63 
8
0 1 

1 1 

2 4 
23 45 
43 59 
44 60 
58 64 
3 1 

4 6 
23 43 45 59 
23 44 45 60 
23 45 58 64 
43 44 59 60 
43 58 59 64 
44 58 60 64 
5 1 

6 4 
23 43 44 45 59 60 
23 43 45 58 59 64 
23 44 45 58 60 64 
43 44 58 59 60 64 
7 1 

8 1 
23 43 44 45 58 59 60 64 
