//Table for grp 154:
57
0 0 2 2 4 4 2 4 
0 0 2 4 4 2 4 2 
0 0 4 2 2 4 4 2 
0 0 4 4 2 2 2 4 
0 2 0 2 4 2 4 4 
0 2 0 4 4 4 2 2 
0 2 2 0 2 4 4 4 
0 2 2 2 2 2 2 6 
0 2 2 2 2 2 6 2 
0 2 2 2 2 6 2 2 
0 2 2 2 6 2 2 2 
0 2 2 4 2 0 4 4 
0 2 2 4 2 4 0 4 
0 2 2 4 2 4 4 0 
0 2 2 6 2 2 2 2 
0 2 4 0 4 4 2 2 
0 2 4 2 0 2 4 4 
0 2 4 2 4 2 0 4 
0 2 4 2 4 2 4 0 
0 2 4 4 0 4 2 2 
0 2 4 4 4 0 2 2 
0 2 6 2 2 2 2 2 
0 4 0 2 2 4 4 2 
0 4 0 4 2 2 2 4 
0 4 2 0 4 2 4 2 
0 4 2 2 0 4 2 4 
0 4 2 2 4 0 2 4 
0 4 2 2 4 4 2 0 
0 4 2 4 0 2 4 2 
0 4 2 4 4 2 0 2 
0 4 4 0 2 2 2 4 
0 4 4 2 2 0 4 2 
0 4 4 2 2 4 0 2 
0 4 4 4 2 2 2 0 
0 6 2 2 2 2 2 2 
2 0 2 2 2 2 4 4 
2 0 2 4 2 4 2 2 
2 0 4 2 4 2 2 2 
2 2 0 2 2 4 2 4 
2 2 0 4 2 2 4 2 
2 2 2 0 4 2 2 4 
2 2 2 2 0 4 4 2 
2 2 2 2 4 0 4 2 
2 2 2 2 4 4 0 2 
2 2 2 4 0 2 2 4 
2 2 2 4 4 2 2 0 
2 2 4 0 2 2 4 2 
2 2 4 2 2 0 2 4 
2 2 4 2 2 4 2 0 
2 2 4 4 2 2 0 2 
2 4 0 2 4 2 2 2 
2 4 2 0 2 4 2 2 
2 4 2 2 2 2 0 4 
2 4 2 2 2 2 4 0 
2 4 2 4 2 0 2 2 
2 4 4 2 0 2 2 2 
4 2 2 2 2 2 2 2 
1 2 3 4 5 6 7 8 9 10 11 12 13 14 15 16 17 18 19 20 21 22 23 24 25 26 27 28 29 30 31 32 33 34 35 36 37 38 39 40 41 42 43 44 45 46 47 48 49 50 51 52 53 54 55 56 57 58 59 60 61 62 63 64 
2 7 8 9 10 11 12 16 19 21 22 1 23 24 25 26 27 28 29 30 31 32 35 37 38 3 40 41 4 42 5 6 43 44 45 46 47 48 49 50 51 52 54 55 13 56 14 15 57 17 18 20 58 59 60 61 62 63 33 34 36 39 64 53 
3 24 21 13 14 15 16 2 43 26 46 47 40 1 42 5 33 34 35 36 37 38 9 10 11 12 45 58 59 48 8 61 4 57 17 6 7 20 53 54 55 56 27 28 29 30 31 32 60 23 64 25 18 19 39 22 63 49 50 51 52 44 41 62 
4 28 13 1 17 18 19 44 32 49 29 51 3 33 34 35 5 6 7 39 40 41 48 58 45 60 52 2 11 50 62 9 14 15 16 53 54 55 20 21 22 57 61 8 25 59 64 23 10 30 12 27 36 37 38 63 42 24 46 26 43 31 56 47 
5 31 14 17 7 20 21 47 50 2 52 10 33 16 36 37 19 39 40 22 1 42 59 8 61 24 9 62 27 11 12 30 35 53 54 38 3 56 41 4 57 6 23 64 43 25 26 46 28 29 49 32 55 13 63 15 18 44 45 58 48 51 34 60 
6 32 15 41 20 7 22 48 28 52 2 11 55 36 16 38 57 4 18 21 42 1 44 61 8 25 49 29 51 10 30 12 63 13 34 37 56 3 17 39 19 5 58 45 60 24 46 26 50 62 9 31 33 53 35 14 40 59 64 23 47 27 54 43 
7 12 16 19 21 22 1 26 29 31 32 2 35 37 38 3 40 41 4 42 5 6 45 47 48 8 50 51 9 52 10 11 54 55 13 56 14 15 57 17 18 20 59 60 23 61 24 25 62 27 28 30 63 33 34 36 39 64 43 44 46 49 53 58 
8 37 31 23 24 25 26 7 54 3 56 14 50 2 52 10 43 44 45 46 47 48 19 21 22 1 13 63 33 15 16 36 9 62 27 11 12 30 58 59 60 61 40 41 4 42 5 6 34 35 53 38 28 29 49 32 64 57 17 18 20 55 51 39 
9 41 23 2 27 28 29 55 6 57 4 18 8 43 44 45 10 11 12 49 50 51 15 63 13 34 20 7 22 17 39 19 24 25 26 58 59 60 30 31 32 62 36 16 38 33 53 35 21 42 1 40 46 47 48 64 52 37 56 3 54 5 61 14 
10 5 24 27 12 30 31 14 17 7 20 21 43 26 46 47 29 49 50 32 2 52 33 16 36 37 19 39 40 22 1 42 45 58 59 48 8 61 51 9 62 11 35 53 54 38 3 56 41 4 57 6 60 23 64 25 28 55 13 63 15 18 44 34 
11 6 25 51 30 12 32 15 41 20 7 22 60 46 26 48 62 9 28 31 52 2 55 36 16 38 57 4 18 21 42 1 64 23 44 47 61 8 27 49 29 10 63 13 34 37 56 3 17 39 19 5 43 58 45 24 50 33 53 35 14 40 59 54 
12 1 26 29 31 32 2 3 4 5 6 7 45 47 48 8 50 51 9 52 10 11 13 14 15 16 17 18 19 20 21 22 59 60 23 61 24 25 62 27 28 30 33 34 35 36 37 38 39 40 41 42 64 43 44 46 49 53 54 55 56 57 58 63 
13 58 40 3 33 34 35 28 61 60 59 64 21 4 57 17 14 15 16 53 54 55 32 49 29 51 25 24 46 23 44 43 1 42 5 18 19 39 36 37 38 63 52 2 11 50 62 9 26 48 47 45 6 7 20 41 56 10 30 12 27 8 22 31 
14 8 1 33 16 36 37 31 23 24 25 26 4 5 6 7 35 53 54 38 3 56 50 2 52 10 43 44 45 46 47 48 17 18 19 20 21 22 55 13 63 15 9 62 27 11 12 30 58 59 60 61 39 40 41 42 34 28 29 49 32 64 57 51 
15 61 42 55 36 16 38 32 58 25 24 46 39 6 5 20 63 13 34 37 56 3 28 52 2 11 60 59 64 26 48 47 41 40 57 7 22 21 33 53 35 14 49 29 51 10 30 12 23 44 43 8 4 18 17 1 54 50 62 9 31 45 19 27 
16 47 5 35 37 38 3 12 59 8 61 24 17 7 20 21 54 55 13 56 14 15 29 31 32 2 23 64 43 25 26 46 19 39 40 22 1 42 63 33 34 36 50 51 9 52 10 11 44 45 58 48 41 4 57 6 53 62 27 28 30 60 18 49 
17 62 33 5 19 39 40 64 30 28 27 49 14 35 53 54 7 20 21 41 4 57 46 44 43 58 32 31 52 29 51 50 16 36 37 55 13 63 22 1 42 18 48 47 61 45 60 59 2 11 10 9 38 3 56 34 6 8 25 24 23 12 15 26 
18 9 34 22 39 19 41 23 2 27 28 29 38 53 35 55 42 1 6 40 57 4 8 43 44 45 10 11 12 49 50 51 56 3 15 54 63 13 5 20 7 17 24 25 26 58 59 60 30 31 32 62 14 36 16 33 21 46 47 48 64 52 37 61 
19 51 35 7 40 41 4 60 11 62 9 28 16 54 55 13 21 22 1 57 17 18 25 64 23 44 30 12 32 27 49 29 37 38 3 63 33 34 42 5 6 39 46 26 48 43 58 45 31 52 2 50 56 14 15 53 20 47 61 8 59 10 36 24 
20 30 36 57 22 21 42 46 62 32 31 52 63 38 37 56 18 17 39 1 6 5 64 48 47 61 28 27 49 2 11 10 34 33 53 3 15 14 19 41 40 7 44 43 58 8 25 24 29 51 50 12 35 55 54 16 4 45 60 59 26 9 13 23 
21 10 37 40 1 42 5 24 27 12 30 31 54 3 56 14 4 57 17 6 7 20 43 26 46 47 29 49 50 32 2 52 13 63 33 15 16 36 18 19 39 22 45 58 59 48 8 61 51 9 62 11 34 35 53 38 41 60 23 64 25 28 55 44 
22 11 38 18 42 1 6 25 51 30 12 32 34 56 3 15 39 19 41 5 20 7 60 46 26 48 62 9 28 31 52 2 53 35 55 14 36 16 40 57 4 21 64 23 44 47 61 8 27 49 29 10 54 63 13 37 17 43 58 45 24 50 33 59 
23 63 50 8 43 44 45 41 36 34 33 53 31 9 62 27 24 25 26 58 59 60 6 57 4 18 38 37 56 35 55 54 2 52 10 28 29 49 46 47 48 64 20 7 22 17 39 19 3 15 14 13 11 12 30 51 61 21 42 1 40 16 32 5 
24 16 2 43 26 46 47 5 35 37 38 3 9 10 11 12 45 58 59 48 8 61 17 7 20 21 54 55 13 56 14 15 27 28 29 30 31 32 60 23 64 25 19 39 40 22 1 42 63 33 34 36 49 50 51 52 44 41 4 57 6 53 62 18 
25 36 52 60 46 26 48 6 63 38 37 56 49 11 10 30 64 23 44 47 61 8 41 20 7 22 34 33 53 3 15 14 51 50 62 12 32 31 43 58 45 24 57 4 18 21 42 1 35 55 54 16 9 28 27 2 59 17 39 19 5 13 29 40 
26 14 10 45 47 48 8 1 33 16 36 37 27 12 30 31 59 60 23 61 24 25 4 5 6 7 35 53 54 38 3 56 29 49 50 32 2 52 64 43 44 46 17 18 19 20 21 22 55 13 63 15 51 9 62 11 58 39 40 41 42 34 28 57 
27 39 43 10 29 49 50 53 42 41 40 57 24 45 58 59 12 30 31 51 9 62 56 55 54 63 6 5 20 4 18 17 26 46 47 60 23 64 32 2 52 28 15 14 36 13 34 33 7 22 21 19 48 8 61 44 11 16 38 37 35 1 25 3 
28 19 44 32 49 29 51 35 7 40 41 4 48 58 45 60 52 2 11 50 62 9 16 54 55 13 21 22 1 57 17 18 61 8 25 59 64 23 10 30 12 27 37 38 3 63 33 34 42 5 6 39 24 46 26 43 31 56 14 15 53 20 47 36 
29 18 45 12 50 51 9 34 22 39 19 41 26 59 60 23 31 32 2 62 27 28 38 53 35 55 42 1 6 40 57 4 47 48 8 64 43 44 52 10 11 49 56 3 15 54 63 13 5 20 7 17 61 24 25 58 30 14 36 16 33 21 46 37 
30 42 46 62 32 31 52 56 39 6 5 20 64 48 47 61 28 27 49 2 11 10 53 15 14 36 41 40 57 7 22 21 44 43 58 8 25 24 29 51 50 12 55 54 63 16 38 37 4 18 17 1 45 60 59 26 9 13 34 33 3 19 23 35 
31 21 47 50 2 52 10 37 40 1 42 5 59 8 61 24 9 62 27 11 12 30 54 3 56 14 4 57 17 6 7 20 23 64 43 25 26 46 28 29 49 32 13 63 33 15 16 36 18 19 39 22 44 45 58 48 51 34 35 53 38 41 60 55 
32 22 48 28 52 2 11 38 18 42 1 6 44 61 8 25 49 29 51 10 30 12 34 56 3 15 39 19 41 5 20 7 58 45 60 24 46 26 50 62 9 31 53 35 55 14 36 16 40 57 4 21 59 64 23 47 27 54 63 13 37 17 43 33 
33 44 4 14 35 53 54 62 48 58 45 60 1 17 18 19 16 36 37 55 13 63 30 28 27 49 61 8 25 59 64 23 5 6 7 39 40 41 38 3 56 34 32 31 52 29 51 50 24 46 26 43 20 21 22 57 15 2 11 10 9 47 42 12 
34 43 57 38 53 35 55 9 24 45 58 59 20 18 17 39 56 3 15 54 63 13 2 27 28 29 26 46 47 60 23 64 22 21 42 19 41 40 14 36 16 33 10 11 12 49 50 51 48 8 61 44 1 6 5 4 37 30 31 32 62 25 7 52 
35 64 17 16 54 55 13 51 46 44 43 58 5 19 39 40 37 38 3 63 33 34 11 62 9 28 48 47 61 45 60 59 7 20 21 41 4 57 56 14 15 53 30 12 32 27 49 29 8 25 24 23 22 1 42 18 36 31 52 2 50 26 6 10 
36 48 6 63 38 37 56 30 44 61 8 25 41 20 7 22 34 33 53 3 15 14 62 32 31 52 58 45 60 24 46 26 57 4 18 21 42 1 35 55 54 16 28 27 49 2 11 10 59 64 23 47 17 39 19 5 13 29 51 50 12 43 40 9 
37 26 7 54 3 56 14 10 45 47 48 8 19 21 22 1 13 63 33 15 16 36 27 12 30 31 59 60 23 61 24 25 40 41 4 42 5 6 34 35 53 38 29 49 50 32 2 52 64 43 44 46 57 17 18 20 55 51 9 62 11 58 39 28 
38 46 20 34 56 3 15 11 64 48 47 61 57 22 21 42 53 35 55 14 36 16 51 30 12 32 44 43 58 8 25 24 18 17 39 1 6 5 54 63 13 37 62 9 28 31 52 2 45 60 59 26 19 41 40 7 33 27 49 29 10 23 4 50 
39 50 53 42 41 40 57 59 31 9 62 27 56 55 54 63 6 5 20 4 18 17 47 23 64 43 2 52 10 28 29 49 15 14 36 13 34 33 7 22 21 19 8 61 24 44 45 58 11 12 30 51 16 38 37 35 1 25 26 46 60 32 3 48 
40 49 54 21 4 57 17 58 52 51 50 62 37 13 63 33 1 42 5 18 19 39 61 60 59 64 11 10 30 9 28 27 3 56 14 34 35 53 6 7 20 41 25 24 46 23 44 43 12 32 31 29 15 16 36 55 22 26 48 47 45 2 38 8 
41 29 55 6 57 4 18 45 12 50 51 9 15 63 13 34 20 7 22 17 39 19 26 59 60 23 31 32 2 62 27 28 36 16 38 33 53 35 21 42 1 40 47 48 8 64 43 44 52 10 11 49 37 56 3 54 5 61 24 25 58 30 14 46 
42 52 56 39 6 5 20 61 49 11 10 30 53 15 14 36 41 40 57 7 22 21 58 25 24 46 51 50 62 12 32 31 55 54 63 16 38 37 4 18 17 1 60 59 64 26 48 47 9 28 27 2 13 34 33 3 19 23 44 43 8 29 35 45 
43 55 9 24 45 58 59 39 15 63 13 34 2 27 28 29 26 46 47 60 23 64 42 41 40 57 36 16 38 33 53 35 10 11 12 49 50 51 48 8 61 44 6 5 20 4 18 17 37 56 3 54 30 31 32 62 25 7 22 21 19 14 52 1 
44 54 62 48 58 45 60 19 37 13 63 33 30 28 27 49 61 8 25 59 64 23 7 40 41 4 3 56 14 34 35 53 32 31 52 29 51 50 24 46 26 43 21 22 1 57 17 18 15 16 36 55 2 11 10 9 47 42 5 6 39 38 12 20 
45 53 27 26 59 60 23 18 56 55 54 63 10 29 49 50 47 48 8 64 43 44 22 39 19 41 15 14 36 13 34 33 12 30 31 51 9 62 61 24 25 58 42 1 6 40 57 4 16 38 37 35 32 2 52 28 46 5 20 7 17 3 11 21 
46 15 11 64 48 47 61 42 55 36 16 38 51 30 12 32 44 43 58 8 25 24 39 6 5 20 63 13 34 37 56 3 62 9 28 31 52 2 45 60 59 26 41 40 57 7 22 21 33 53 35 14 27 49 29 10 23 4 18 17 1 54 50 19 
47 3 12 59 8 61 24 21 13 14 15 16 29 31 32 2 23 64 43 25 26 46 40 1 42 5 33 34 35 36 37 38 50 51 9 52 10 11 44 45 58 48 4 57 17 6 7 20 53 54 55 56 62 27 28 30 60 18 19 39 22 63 49 41 
48 56 30 44 61 8 25 22 53 15 14 36 62 32 31 52 58 45 60 24 46 26 18 42 1 6 55 54 63 16 38 37 28 27 49 2 11 10 59 64 23 47 39 19 41 5 20 7 13 34 33 3 29 51 50 12 43 40 57 4 21 35 9 17 
49 17 58 52 51 50 62 33 5 19 39 40 61 60 59 64 11 10 30 9 28 27 14 35 53 54 7 20 21 41 4 57 25 24 46 23 44 43 12 32 31 29 16 36 37 55 13 63 22 1 42 18 26 48 47 45 2 38 3 56 34 6 8 15 
50 57 59 31 9 62 27 63 20 18 17 39 47 23 64 43 2 52 10 28 29 49 36 34 33 53 22 21 42 19 41 40 8 61 24 44 45 58 11 12 30 51 38 37 56 35 55 54 1 6 5 4 25 26 46 60 32 3 15 14 13 7 48 16 
51 4 60 11 62 9 28 13 1 17 18 19 25 64 23 44 30 12 32 27 49 29 3 33 34 35 5 6 7 39 40 41 46 26 48 43 58 45 31 52 2 50 14 15 16 53 54 55 20 21 22 57 47 61 8 59 10 36 37 38 63 42 24 56 
52 20 61 49 11 10 30 36 57 22 21 42 58 25 24 46 51 50 62 12 32 31 63 38 37 56 18 17 39 1 6 5 60 59 64 26 48 47 9 28 27 2 34 33 53 3 15 14 19 41 40 7 23 44 43 8 29 35 55 54 16 4 45 13 
53 23 18 56 55 54 63 50 8 43 44 45 22 39 19 41 15 14 36 13 34 33 31 9 62 27 24 25 26 58 59 60 42 1 6 40 57 4 16 38 37 35 2 52 10 28 29 49 46 47 48 64 5 20 7 17 3 11 12 30 51 61 21 32 
54 60 19 37 13 63 33 49 25 64 23 44 7 40 41 4 3 56 14 34 35 53 52 51 50 62 46 26 48 43 58 45 21 22 1 57 17 18 15 16 36 55 11 10 30 9 28 27 47 61 8 59 42 5 6 39 38 12 32 31 29 24 20 2 
55 59 39 15 63 13 34 29 47 23 64 43 42 41 40 57 36 16 38 33 53 35 12 50 51 9 8 61 24 44 45 58 6 5 20 4 18 17 37 56 3 54 31 32 2 62 27 28 25 26 46 60 7 22 21 19 14 52 10 11 49 48 1 30 
56 25 22 53 15 14 36 52 60 46 26 48 18 42 1 6 55 54 63 16 38 37 49 11 10 30 64 23 44 47 61 8 39 19 41 5 20 7 13 34 33 3 51 50 62 12 32 31 43 58 45 24 40 57 4 21 35 9 28 27 2 59 17 29 
57 27 63 20 18 17 39 43 10 29 49 50 36 34 33 53 22 21 42 19 41 40 24 45 58 59 12 30 31 51 9 62 38 37 56 35 55 54 1 6 5 4 26 46 47 60 23 64 32 2 52 28 3 15 14 13 7 48 8 61 44 11 16 25 
58 35 28 61 60 59 64 17 16 54 55 13 32 49 29 51 25 24 46 23 44 43 5 19 39 40 37 38 3 63 33 34 52 2 11 50 62 9 26 48 47 45 7 20 21 41 4 57 56 14 15 53 10 30 12 27 8 22 1 42 18 36 31 6 
59 34 29 47 23 64 43 57 38 53 35 55 12 50 51 9 8 61 24 44 45 58 20 18 17 39 56 3 15 54 63 13 31 32 2 62 27 28 25 26 46 60 22 21 42 19 41 40 14 36 16 33 52 10 11 49 48 1 6 5 4 37 30 7 
60 33 49 25 64 23 44 4 14 35 53 54 52 51 50 62 46 26 48 43 58 45 1 17 18 19 16 36 37 55 13 63 11 10 30 9 28 27 47 61 8 59 5 6 7 39 40 41 38 3 56 34 12 32 31 29 24 20 21 22 57 15 2 42 
61 38 32 58 25 24 46 20 34 56 3 15 28 52 2 11 60 59 64 26 48 47 57 22 21 42 53 35 55 14 36 16 49 29 51 10 30 12 23 44 43 8 18 17 39 1 6 5 54 63 13 37 50 62 9 31 45 19 41 40 7 33 27 4 
62 40 64 30 28 27 49 54 21 4 57 17 46 44 43 58 32 31 52 29 51 50 37 13 63 33 1 42 5 18 19 39 48 47 61 45 60 59 2 11 10 9 3 56 14 34 35 53 6 7 20 41 8 25 24 23 12 15 16 36 55 22 26 38 
63 45 41 36 34 33 53 27 26 59 60 23 6 57 4 18 38 37 56 35 55 54 10 29 49 50 47 48 8 64 43 44 20 7 22 17 39 19 3 15 14 13 12 30 31 51 9 62 61 24 25 58 21 42 1 40 16 32 2 52 28 46 5 11 
64 13 51 46 44 43 58 40 3 33 34 35 11 62 9 28 48 47 61 45 60 59 21 4 57 17 14 15 16 53 54 55 30 12 32 27 49 29 8 25 24 23 1 42 5 18 19 39 36 37 38 63 31 52 2 50 26 6 7 20 41 56 10 22 
1
0 1 

1 4 
1 
7 
20 
42 
2 8 
1 7 
1 20 
1 42 
5 21 
6 22 
7 20 
7 42 
20 42 
3 12 
1 5 21 
1 6 22 
1 7 20 
1 7 42 
1 20 42 
5 7 21 
5 20 21 
5 21 42 
6 7 22 
6 20 22 
6 22 42 
7 20 42 
4 14 
1 5 7 21 
1 5 20 21 
1 5 21 42 
1 6 7 22 
1 6 20 22 
1 6 22 42 
1 7 20 42 
5 6 21 22 
5 7 20 21 
5 7 21 42 
5 20 21 42 
6 7 20 22 
6 7 22 42 
6 20 22 42 
5 12 
1 5 6 21 22 
1 5 7 20 21 
1 5 7 21 42 
1 5 20 21 42 
1 6 7 20 22 
1 6 7 22 42 
1 6 20 22 42 
5 6 7 21 22 
5 6 20 21 22 
5 6 21 22 42 
5 7 20 21 42 
6 7 20 22 42 
6 8 
1 5 6 7 21 22 
1 5 6 20 21 22 
1 5 6 21 22 42 
1 5 7 20 21 42 
1 6 7 20 22 42 
5 6 7 20 21 22 
5 6 7 21 22 42 
5 6 20 21 22 42 
7 4 
1 5 6 7 20 21 22 
1 5 6 7 21 22 42 
1 5 6 20 21 22 42 
5 6 7 20 21 22 42 
8 1 
1 5 6 7 20 21 22 42 
2
0 1 

1 1 

2 4 
2 12 
10 31 
11 32 
30 52 
3 1 

4 6 
2 10 12 31 
2 11 12 32 
2 12 30 52 
10 11 31 32 
10 30 31 52 
11 30 32 52 
5 1 

6 4 
2 10 11 12 31 32 
2 10 12 30 31 52 
2 11 12 30 32 52 
10 11 30 31 32 52 
7 1 

8 1 
2 10 11 12 30 31 32 52 
3
0 1 

1 1 

2 4 
3 14 
15 56 
16 37 
36 38 
3 1 

4 6 
3 14 15 56 
3 14 16 37 
3 14 36 38 
15 16 37 56 
15 36 38 56 
16 36 37 38 
5 1 

6 4 
3 14 15 16 37 56 
3 14 15 36 38 56 
3 14 16 36 37 38 
15 16 36 37 38 56 
7 1 

8 1 
3 14 15 16 36 37 38 56 
4
0 1 

1 4 
4 
18 
19 
41 
2 8 
4 18 
4 19 
4 41 
17 40 
18 19 
18 41 
19 41 
39 57 
3 12 
4 17 40 
4 18 19 
4 18 41 
4 19 41 
4 39 57 
17 18 40 
17 19 40 
17 40 41 
18 19 41 
18 39 57 
19 39 57 
39 41 57 
4 14 
4 17 18 40 
4 17 19 40 
4 17 40 41 
4 18 19 41 
4 18 39 57 
4 19 39 57 
4 39 41 57 
17 18 19 40 
17 18 40 41 
17 19 40 41 
17 39 40 57 
18 19 39 57 
18 39 41 57 
19 39 41 57 
5 12 
4 17 18 19 40 
4 17 18 40 41 
4 17 19 40 41 
4 17 39 40 57 
4 18 19 39 57 
4 18 39 41 57 
4 19 39 41 57 
17 18 19 40 41 
17 18 39 40 57 
17 19 39 40 57 
17 39 40 41 57 
18 19 39 41 57 
6 8 
4 17 18 19 40 41 
4 17 18 39 40 57 
4 17 19 39 40 57 
4 17 39 40 41 57 
4 18 19 39 41 57 
17 18 19 39 40 57 
17 18 39 40 41 57 
17 19 39 40 41 57 
7 4 
4 17 18 19 39 40 57 
4 17 18 39 40 41 57 
4 17 19 39 40 41 57 
17 18 19 39 40 41 57 
8 1 
4 17 18 19 39 40 41 57 
5
0 1 

1 1 

2 4 
8 26 
24 47 
25 48 
46 61 
3 1 

4 6 
8 24 26 47 
8 25 26 48 
8 26 46 61 
24 25 47 48 
24 46 47 61 
25 46 48 61 
5 1 

6 4 
8 24 25 26 47 48 
8 24 26 46 47 61 
8 25 26 46 48 61 
24 25 46 47 48 61 
7 1 

8 1 
8 24 25 26 46 47 48 61 
6
0 1 

1 1 

2 4 
9 51 
27 62 
28 29 
49 50 
3 1 

4 6 
9 27 51 62 
9 28 29 51 
9 49 50 51 
27 28 29 62 
27 49 50 62 
28 29 49 50 
5 1 

6 4 
9 27 28 29 51 62 
9 27 49 50 51 62 
9 28 29 49 50 51 
27 28 29 49 50 62 
7 1 

8 1 
9 27 28 29 49 50 51 62 
7
0 1 

1 1 

2 4 
13 33 
34 53 
35 54 
55 63 
3 1 

4 6 
13 33 34 53 
13 33 35 54 
13 33 55 63 
34 35 53 54 
34 53 55 63 
35 54 55 63 
5 1 

6 4 
13 33 34 35 53 54 
13 33 34 53 55 63 
13 33 35 54 55 63 
34 35 53 54 55 63 
7 1 

8 1 
13 33 34 35 53 54 55 63 
8
0 1 

1 1 

2 4 
23 60 
43 64 
44 45 
58 59 
3 1 

4 6 
23 43 60 64 
23 44 45 60 
23 58 59 60 
43 44 45 64 
43 58 59 64 
44 45 58 59 
5 1 

6 4 
23 43 44 45 60 64 
23 43 58 59 60 64 
23 44 45 58 59 60 
43 44 45 58 59 64 
7 1 

8 1 
23 43 44 45 58 59 60 64 
