//Table for grp 209:
57
0 0 2 2 4 4 2 4 
0 0 2 4 4 2 4 2 
0 0 4 2 2 4 4 2 
0 0 4 4 2 2 2 4 
0 2 0 2 4 2 4 4 
0 2 0 4 4 4 2 2 
0 2 2 0 2 4 4 4 
0 2 2 2 2 2 2 6 
0 2 2 2 2 2 6 2 
0 2 2 2 2 6 2 2 
0 2 2 2 6 2 2 2 
0 2 2 4 2 0 4 4 
0 2 2 4 2 4 0 4 
0 2 2 4 2 4 4 0 
0 2 2 6 2 2 2 2 
0 2 4 0 4 4 2 2 
0 2 4 2 0 2 4 4 
0 2 4 2 4 2 0 4 
0 2 4 2 4 2 4 0 
0 2 4 4 0 4 2 2 
0 2 4 4 4 0 2 2 
0 2 6 2 2 2 2 2 
0 4 0 2 2 4 4 2 
0 4 0 4 2 2 2 4 
0 4 2 0 4 2 4 2 
0 4 2 2 0 4 2 4 
0 4 2 2 4 0 2 4 
0 4 2 2 4 4 2 0 
0 4 2 4 0 2 4 2 
0 4 2 4 4 2 0 2 
0 4 4 0 2 2 2 4 
0 4 4 2 2 0 4 2 
0 4 4 2 2 4 0 2 
0 4 4 4 2 2 2 0 
0 6 2 2 2 2 2 2 
2 0 2 2 2 2 4 4 
2 0 2 4 2 4 2 2 
2 0 4 2 4 2 2 2 
2 2 0 2 2 4 2 4 
2 2 0 4 2 2 4 2 
2 2 2 0 4 2 2 4 
2 2 2 2 0 4 4 2 
2 2 2 2 4 0 4 2 
2 2 2 2 4 4 0 2 
2 2 2 4 0 2 2 4 
2 2 2 4 4 2 2 0 
2 2 4 0 2 2 4 2 
2 2 4 2 2 0 2 4 
2 2 4 2 2 4 2 0 
2 2 4 4 2 2 0 2 
2 4 0 2 4 2 2 2 
2 4 2 0 2 4 2 2 
2 4 2 2 2 2 0 4 
2 4 2 2 2 2 4 0 
2 4 2 4 2 0 2 2 
2 4 4 2 0 2 2 2 
4 2 2 2 2 2 2 2 
1 2 3 4 5 6 7 8 9 10 11 12 13 14 15 16 17 18 19 20 21 22 23 24 25 26 27 28 29 30 31 32 33 34 35 36 37 38 39 40 41 42 43 44 45 46 47 48 49 50 51 52 53 54 55 56 57 58 59 60 61 62 63 64 
2 1 8 9 10 11 12 3 4 5 6 7 23 24 25 26 27 28 29 30 31 32 13 14 15 16 17 18 19 20 21 22 43 44 45 46 47 48 49 50 51 52 33 34 35 36 37 38 39 40 41 42 58 59 60 61 62 53 54 55 56 57 64 63 
3 25 22 13 14 15 16 12 44 46 8 48 41 42 7 6 33 34 35 36 37 38 29 31 32 2 58 23 60 24 61 26 57 19 18 21 20 1 53 54 55 56 50 51 9 52 10 11 43 64 45 47 40 39 4 5 63 62 27 28 30 59 17 49 
4 29 13 6 17 18 19 45 32 50 51 9 15 33 34 35 20 1 22 39 40 41 48 59 60 23 52 12 11 62 27 28 36 3 38 53 54 55 5 42 7 57 61 26 25 64 43 44 31 30 2 49 14 56 16 63 21 47 46 8 58 10 37 24 
5 10 14 17 1 20 21 24 27 2 30 31 33 3 36 37 4 39 40 6 7 42 43 8 46 47 9 49 50 11 12 52 13 53 54 15 16 56 18 19 57 22 23 58 59 25 26 61 28 29 62 32 34 35 63 38 41 44 45 64 48 51 55 60 
6 11 15 18 20 1 22 25 28 30 2 32 34 36 3 38 39 4 41 5 42 7 44 46 8 48 49 9 51 10 52 12 53 13 55 14 56 16 17 57 19 21 58 23 60 24 61 26 27 62 29 31 33 63 35 37 40 43 64 45 47 50 54 59 
7 12 16 19 21 22 1 26 29 31 32 2 35 37 38 3 40 41 4 42 5 6 45 47 48 8 50 51 9 52 10 11 54 55 13 56 14 15 57 17 18 20 59 60 23 61 24 25 62 27 28 30 63 33 34 36 39 64 43 44 46 49 53 58 
8 15 32 23 24 25 26 7 34 36 3 38 51 52 12 11 43 44 45 46 47 48 19 21 22 1 53 13 55 14 56 16 62 29 28 31 30 2 58 59 60 61 40 41 4 42 5 6 33 63 35 37 50 49 9 10 64 57 17 18 20 54 27 39 
9 19 23 11 27 28 29 35 22 40 41 4 25 43 44 45 30 2 32 49 50 51 38 54 55 13 42 7 6 57 17 18 46 8 48 58 59 60 10 52 12 62 56 16 15 63 33 34 21 20 1 39 24 61 26 64 31 37 36 3 53 5 47 14 
10 5 24 27 2 30 31 14 17 1 20 21 43 8 46 47 9 49 50 11 12 52 33 3 36 37 4 39 40 6 7 42 23 58 59 25 26 61 28 29 62 32 13 53 54 15 16 56 18 19 57 22 44 45 64 48 51 34 35 63 38 41 60 55 
11 6 25 28 30 2 32 15 18 20 1 22 44 46 8 48 49 9 51 10 52 12 34 36 3 38 39 4 41 5 42 7 58 23 60 24 61 26 27 62 29 31 53 13 55 14 56 16 17 57 19 21 43 64 45 47 50 33 63 35 37 40 59 54 
12 7 26 29 31 32 2 16 19 21 22 1 45 47 48 8 50 51 9 52 10 11 35 37 38 3 40 41 4 42 5 6 59 60 23 61 24 25 62 27 28 30 54 55 13 56 14 15 57 17 18 20 64 43 44 46 49 63 33 34 36 39 58 53 
13 60 41 15 33 34 35 9 26 64 45 44 7 57 19 18 36 3 38 53 54 55 11 27 28 29 47 48 8 59 58 23 21 22 1 40 39 4 14 56 16 63 30 2 32 49 50 51 61 24 25 43 42 5 6 17 37 10 52 12 62 46 20 31 
14 46 42 33 3 36 37 31 58 25 24 61 57 22 21 20 13 53 54 15 16 56 50 12 52 10 44 43 64 8 48 47 41 40 39 7 6 5 34 35 63 38 29 62 27 32 2 30 23 60 59 26 19 18 17 1 55 51 9 49 11 45 4 28 
15 8 7 34 36 3 38 32 23 24 25 26 19 21 22 1 53 13 55 14 56 16 51 52 12 11 43 44 45 46 47 48 40 41 4 42 5 6 33 63 35 37 62 29 28 31 30 2 58 59 60 61 57 17 18 20 54 50 49 9 10 64 39 27 
16 48 6 35 37 38 3 2 60 61 26 25 18 20 1 22 54 55 13 56 14 15 9 10 11 12 64 45 44 47 46 8 39 4 41 5 42 7 63 33 34 36 27 28 29 30 31 32 59 58 23 24 17 57 19 21 53 49 50 51 52 43 40 62 
17 50 33 20 4 39 40 59 52 29 62 27 36 13 53 54 6 5 42 18 19 57 61 45 64 43 32 31 30 51 9 49 15 14 56 34 35 63 1 22 21 41 48 47 46 60 23 58 12 11 10 28 3 38 37 55 7 26 25 24 44 2 16 8 
18 51 34 1 39 4 41 60 12 62 29 28 3 53 13 55 5 6 7 17 57 19 26 64 45 44 31 32 2 50 49 9 14 15 16 33 63 35 20 21 22 40 47 48 8 59 58 23 52 10 11 27 36 37 38 54 42 61 24 25 43 30 56 46 
19 9 35 22 40 41 4 23 11 27 28 29 38 54 55 13 42 7 6 57 17 18 25 43 44 45 30 2 32 49 50 51 56 16 15 63 33 34 21 20 1 39 46 8 48 58 59 60 10 52 12 62 37 36 3 53 5 24 61 26 64 31 14 47 
20 30 36 39 6 5 42 46 49 11 10 52 53 15 14 56 18 17 57 1 22 21 58 25 24 61 28 27 62 2 32 31 34 33 63 3 38 37 4 41 40 7 44 43 64 8 48 47 9 51 50 12 13 55 54 16 19 23 60 59 26 29 35 45 
21 31 37 40 7 42 5 47 50 12 52 10 54 16 56 14 19 57 17 22 1 20 59 26 61 24 29 62 27 32 2 30 35 63 33 38 3 36 41 4 39 6 45 64 43 48 8 46 51 9 49 11 55 13 53 15 18 60 23 58 25 28 34 44 
22 32 38 41 42 7 6 48 51 52 12 11 55 56 16 15 57 19 18 21 20 1 60 61 26 25 62 29 28 31 30 2 63 35 34 37 36 3 40 39 4 5 64 45 44 47 46 8 50 49 9 10 54 53 13 14 17 59 58 23 24 27 33 43 
23 55 51 25 43 44 45 4 16 63 35 34 12 62 29 28 46 8 48 58 59 60 6 17 18 19 37 38 3 54 53 13 31 32 2 50 49 9 24 61 26 64 20 1 22 39 40 41 56 14 15 33 52 10 11 27 47 5 42 7 57 36 30 21 
24 36 52 43 8 46 47 21 53 15 14 56 62 32 31 30 23 58 59 25 26 61 40 7 42 5 34 33 63 3 38 37 51 50 49 12 11 10 44 45 64 48 19 57 17 22 1 20 13 55 54 16 29 28 27 2 60 41 4 39 6 35 9 18 
25 3 12 44 46 8 48 22 13 14 15 16 29 31 32 2 58 23 60 24 61 26 41 42 7 6 33 34 35 36 37 38 50 51 9 52 10 11 43 64 45 47 57 19 18 21 20 1 53 54 55 56 62 27 28 30 59 40 39 4 5 63 49 17 
26 38 11 45 47 48 8 1 55 56 16 15 28 30 2 32 59 60 23 61 24 25 4 5 6 7 63 35 34 37 36 3 49 9 51 10 52 12 64 43 44 46 17 18 19 20 21 22 54 53 13 14 27 62 29 31 58 39 40 41 42 33 50 57 
27 40 43 30 9 49 50 54 42 19 57 17 46 23 58 59 11 10 52 28 29 62 56 35 63 33 22 21 20 41 4 39 25 24 61 44 45 64 2 32 31 51 38 37 36 55 13 53 7 6 5 18 8 48 47 60 12 16 15 14 34 1 26 3 
28 41 44 2 49 9 51 55 7 57 19 18 8 58 23 60 10 11 12 27 62 29 16 63 35 34 21 22 1 40 39 4 24 25 26 43 64 45 30 31 32 50 37 38 3 54 53 13 42 5 6 17 46 47 48 59 52 56 14 15 33 20 61 36 
29 4 45 32 50 51 9 13 6 17 18 19 48 59 60 23 52 12 11 62 27 28 15 33 34 35 20 1 22 39 40 41 61 26 25 64 43 44 31 30 2 49 36 3 38 53 54 55 5 42 7 57 47 46 8 58 10 14 56 16 63 21 24 37 
30 20 46 49 11 10 52 36 39 6 5 42 58 25 24 61 28 27 62 2 32 31 53 15 14 56 18 17 57 1 22 21 44 43 64 8 48 47 9 51 50 12 34 33 63 3 38 37 4 41 40 7 23 60 59 26 29 13 55 54 16 19 45 35 
31 21 47 50 12 52 10 37 40 7 42 5 59 26 61 24 29 62 27 32 2 30 54 16 56 14 19 57 17 22 1 20 45 64 43 48 8 46 51 9 49 11 35 63 33 38 3 36 41 4 39 6 60 23 58 25 28 55 13 53 15 18 44 34 
32 22 48 51 52 12 11 38 41 42 7 6 60 61 26 25 62 29 28 31 30 2 55 56 16 15 57 19 18 21 20 1 64 45 44 47 46 8 50 49 9 10 63 35 34 37 36 3 40 39 4 5 59 58 23 24 27 54 53 13 14 17 43 33 
33 64 57 36 13 53 54 27 47 60 59 58 21 41 40 39 15 14 56 34 35 63 30 9 49 50 26 61 24 45 44 43 7 42 5 19 18 17 3 38 37 55 11 10 52 28 29 62 48 8 46 23 22 1 20 4 16 2 32 31 51 25 6 12 
34 45 19 3 53 13 55 28 48 59 60 23 22 40 41 4 14 15 16 33 63 35 2 49 9 51 61 26 25 64 43 44 42 7 6 57 17 18 36 37 38 54 10 11 12 27 62 29 47 46 8 58 21 20 1 39 56 30 31 32 50 24 5 52 
35 44 18 38 54 55 13 29 8 58 23 60 1 39 4 41 56 16 15 63 33 34 32 50 51 9 24 25 26 43 64 45 5 6 7 17 57 19 37 36 3 53 52 12 11 62 27 28 46 47 48 59 20 21 22 40 14 31 30 2 49 61 42 10 
36 24 21 53 15 14 56 52 43 8 46 47 40 7 42 5 34 33 63 3 38 37 62 32 31 30 23 58 59 25 26 61 19 57 17 22 1 20 13 55 54 16 51 50 49 12 11 10 44 45 64 48 41 4 39 6 35 29 28 27 2 60 18 9 
37 61 20 54 16 56 14 10 64 48 47 46 39 6 5 42 35 63 33 38 3 36 27 2 30 31 60 59 58 26 25 24 18 17 57 1 22 21 55 13 53 15 9 49 50 11 12 52 45 44 43 8 4 41 40 7 34 28 29 62 32 23 19 51 
38 26 1 55 56 16 15 11 45 47 48 8 4 5 6 7 63 35 34 37 36 3 28 30 2 32 59 60 23 61 24 25 17 18 19 20 21 22 54 53 13 14 49 9 51 10 52 12 64 43 44 46 39 40 41 42 33 27 62 29 31 58 57 50 
39 62 53 5 18 17 57 64 31 51 50 49 14 34 33 63 1 20 21 4 41 40 47 60 59 58 12 52 10 29 28 27 3 36 37 13 55 54 6 7 42 19 26 61 24 45 44 43 32 2 30 9 15 16 56 35 22 48 8 46 23 11 38 25 
40 27 54 42 19 57 17 43 30 9 49 50 56 35 63 33 22 21 20 41 4 39 46 23 58 59 11 10 52 28 29 62 38 37 36 55 13 53 7 6 5 18 25 24 61 44 45 64 2 32 31 51 16 15 14 34 1 8 48 47 60 12 3 26 
41 28 55 7 57 19 18 44 2 49 9 51 16 63 35 34 21 22 1 40 39 4 8 58 23 60 10 11 12 27 62 29 37 38 3 54 53 13 42 5 6 17 24 25 26 43 64 45 30 31 32 50 56 14 15 33 20 46 47 48 59 52 36 61 
42 52 56 57 22 21 20 61 62 32 31 30 63 38 37 36 41 40 39 7 6 5 64 48 47 46 51 50 49 12 11 10 55 54 53 16 15 14 19 18 17 1 60 59 58 26 25 24 29 28 27 2 35 34 33 3 4 45 44 43 8 9 13 23 
43 63 62 46 23 58 59 17 37 55 54 53 31 51 50 49 25 24 61 44 45 64 20 4 39 40 16 56 14 35 34 33 12 52 10 29 28 27 8 48 47 60 6 5 42 18 19 57 38 3 36 13 32 2 30 9 26 1 22 21 41 15 11 7 
44 35 29 8 58 23 60 18 38 54 55 13 32 50 51 9 24 25 26 43 64 45 1 39 4 41 56 16 15 63 33 34 52 12 11 62 27 28 46 47 48 59 5 6 7 17 57 19 37 36 3 53 31 30 2 49 61 20 21 22 40 14 10 42 
45 34 28 48 59 60 23 19 3 53 13 55 2 49 9 51 61 26 25 64 43 44 22 40 41 4 14 15 16 33 63 35 10 11 12 27 62 29 47 46 8 58 42 7 6 57 17 18 36 37 38 54 30 31 32 50 24 21 20 1 39 56 52 5 
46 14 31 58 25 24 61 42 33 3 36 37 50 12 52 10 44 43 64 8 48 47 57 22 21 20 13 53 54 15 16 56 29 62 27 32 2 30 23 60 59 26 41 40 39 7 6 5 34 35 63 38 51 9 49 11 45 19 18 17 1 55 28 4 
47 56 30 59 26 61 24 5 63 38 37 36 49 11 10 52 45 64 43 48 8 46 17 1 20 21 55 54 53 16 15 14 28 27 62 2 32 31 60 23 58 25 4 39 40 6 7 42 35 34 33 3 9 51 50 12 44 18 19 57 22 13 29 41 
48 16 2 60 61 26 25 6 35 37 38 3 9 10 11 12 64 45 44 47 46 8 18 20 1 22 54 55 13 56 14 15 27 28 29 30 31 32 59 58 23 24 39 4 41 5 42 7 63 33 34 36 49 50 51 52 43 17 57 19 21 53 62 40 
49 57 58 10 28 27 62 63 21 41 40 39 24 44 43 64 2 30 31 9 51 50 37 55 54 53 7 42 5 19 18 17 8 46 47 23 60 59 11 12 52 29 16 56 14 35 34 33 22 1 20 4 25 26 61 45 32 38 3 36 13 6 48 15 
50 17 59 52 29 62 27 33 20 4 39 40 61 45 64 43 32 31 30 51 9 49 36 13 53 54 6 5 42 18 19 57 48 47 46 60 23 58 12 11 10 28 15 14 56 34 35 63 1 22 21 41 26 25 24 44 2 3 38 37 55 7 8 16 
51 18 60 12 62 29 28 34 1 39 4 41 26 64 45 44 31 32 2 50 49 9 3 53 13 55 5 6 7 17 57 19 47 48 8 59 58 23 52 10 11 27 14 15 16 33 63 35 20 21 22 40 61 24 25 43 30 36 37 38 54 42 46 56 
52 42 61 62 32 31 30 56 57 22 21 20 64 48 47 46 51 50 49 12 11 10 63 38 37 36 41 40 39 7 6 5 60 59 58 26 25 24 29 28 27 2 55 54 53 16 15 14 19 18 17 1 45 44 43 8 9 35 34 33 3 4 23 13 
53 59 40 14 34 33 63 49 61 45 64 43 42 19 57 17 3 36 37 13 55 54 10 28 27 62 48 47 46 60 23 58 22 21 20 41 4 39 15 16 56 35 2 30 31 9 51 50 26 25 24 44 7 6 5 18 38 11 12 52 29 8 1 32 
54 58 39 56 35 63 33 50 24 44 43 64 5 18 17 57 38 37 36 55 13 53 52 29 62 27 8 46 47 23 60 59 1 20 21 4 41 40 16 15 14 34 32 31 30 51 9 49 25 26 61 45 6 7 42 19 3 12 11 10 28 48 22 2 
55 23 4 16 63 35 34 51 25 43 44 45 6 17 18 19 37 38 3 54 53 13 12 62 29 28 46 8 48 58 59 60 20 1 22 39 40 41 56 14 15 33 31 32 2 50 49 9 24 61 26 64 5 42 7 57 36 52 10 11 27 47 21 30 
56 47 5 63 38 37 36 30 59 26 61 24 17 1 20 21 55 54 53 16 15 14 49 11 10 52 45 64 43 48 8 46 4 39 40 6 7 42 35 34 33 3 28 27 62 2 32 31 60 23 58 25 18 19 57 22 13 9 51 50 12 44 41 29 
57 49 63 21 41 40 39 58 10 28 27 62 37 55 54 53 7 42 5 19 18 17 24 44 43 64 2 30 31 9 51 50 16 56 14 35 34 33 22 1 20 4 8 46 47 23 60 59 11 12 52 29 38 3 36 13 6 25 26 61 45 32 15 48 
58 54 50 24 44 43 64 39 56 35 63 33 52 29 62 27 8 46 47 23 60 59 5 18 17 57 38 37 36 55 13 53 32 31 30 51 9 49 25 26 61 45 1 20 21 4 41 40 16 15 14 34 12 11 10 28 48 6 7 42 19 3 2 22 
59 53 49 61 45 64 43 40 14 34 33 63 10 28 27 62 48 47 46 60 23 58 42 19 57 17 3 36 37 13 55 54 2 30 31 9 51 50 26 25 24 44 22 21 20 41 4 39 15 16 56 35 11 12 52 29 8 7 6 5 18 38 32 1 
60 13 9 26 64 45 44 41 15 33 34 35 11 27 28 29 47 48 8 59 58 23 7 57 19 18 36 3 38 53 54 55 30 2 32 49 50 51 61 24 25 43 21 22 1 40 39 4 14 56 16 63 10 52 12 62 46 42 5 6 17 37 31 20 
61 37 10 64 48 47 46 20 54 16 56 14 27 2 30 31 60 59 58 26 25 24 39 6 5 42 35 63 33 38 3 36 9 49 50 11 12 52 45 44 43 8 18 17 57 1 22 21 55 13 53 15 28 29 62 32 23 4 41 40 7 34 51 19 
62 39 64 31 51 50 49 53 5 18 17 57 47 60 59 58 12 52 10 29 28 27 14 34 33 63 1 20 21 4 41 40 26 61 24 45 44 43 32 2 30 9 3 36 37 13 55 54 6 7 42 19 48 8 46 23 11 15 16 56 35 22 25 38 
63 43 17 37 55 54 53 62 46 23 58 59 20 4 39 40 16 56 14 35 34 33 31 51 50 49 25 24 61 44 45 64 6 5 42 18 19 57 38 3 36 13 12 52 10 29 28 27 8 48 47 60 1 22 21 41 15 32 2 30 9 26 7 11 
64 33 27 47 60 59 58 57 36 13 53 54 30 9 49 50 26 61 24 45 44 43 21 41 40 39 15 14 56 34 35 63 11 10 52 28 29 62 48 8 46 23 7 42 5 19 18 17 3 38 37 55 2 32 31 51 25 22 1 20 4 16 12 6 
1
0 1 

1 8 
1 
5 
6 
7 
20 
21 
22 
42 
2 28 
1 5 
1 6 
1 7 
1 20 
1 21 
1 22 
1 42 
5 6 
5 7 
5 20 
5 21 
5 22 
5 42 
6 7 
6 20 
6 21 
6 22 
6 42 
7 20 
7 21 
7 22 
7 42 
20 21 
20 22 
20 42 
21 22 
21 42 
22 42 
3 56 
1 5 6 
1 5 7 
1 5 20 
1 5 21 
1 5 22 
1 5 42 
1 6 7 
1 6 20 
1 6 21 
1 6 22 
1 6 42 
1 7 20 
1 7 21 
1 7 22 
1 7 42 
1 20 21 
1 20 22 
1 20 42 
1 21 22 
1 21 42 
1 22 42 
5 6 7 
5 6 20 
5 6 21 
5 6 22 
5 6 42 
5 7 20 
5 7 21 
5 7 22 
5 7 42 
5 20 21 
5 20 22 
5 20 42 
5 21 22 
5 21 42 
5 22 42 
6 7 20 
6 7 21 
6 7 22 
6 7 42 
6 20 21 
6 20 22 
6 20 42 
6 21 22 
6 21 42 
6 22 42 
7 20 21 
7 20 22 
7 20 42 
7 21 22 
7 21 42 
7 22 42 
20 21 22 
20 21 42 
20 22 42 
21 22 42 
4 70 
1 5 6 7 
1 5 6 20 
1 5 6 21 
1 5 6 22 
1 5 6 42 
1 5 7 20 
1 5 7 21 
1 5 7 22 
1 5 7 42 
1 5 20 21 
1 5 20 22 
1 5 20 42 
1 5 21 22 
1 5 21 42 
1 5 22 42 
1 6 7 20 
1 6 7 21 
1 6 7 22 
1 6 7 42 
1 6 20 21 
1 6 20 22 
1 6 20 42 
1 6 21 22 
1 6 21 42 
1 6 22 42 
1 7 20 21 
1 7 20 22 
1 7 20 42 
1 7 21 22 
1 7 21 42 
1 7 22 42 
1 20 21 22 
1 20 21 42 
1 20 22 42 
1 21 22 42 
5 6 7 20 
5 6 7 21 
5 6 7 22 
5 6 7 42 
5 6 20 21 
5 6 20 22 
5 6 20 42 
5 6 21 22 
5 6 21 42 
5 6 22 42 
5 7 20 21 
5 7 20 22 
5 7 20 42 
5 7 21 22 
5 7 21 42 
5 7 22 42 
5 20 21 22 
5 20 21 42 
5 20 22 42 
5 21 22 42 
6 7 20 21 
6 7 20 22 
6 7 20 42 
6 7 21 22 
6 7 21 42 
6 7 22 42 
6 20 21 22 
6 20 21 42 
6 20 22 42 
6 21 22 42 
7 20 21 22 
7 20 21 42 
7 20 22 42 
7 21 22 42 
20 21 22 42 
5 56 
1 5 6 7 20 
1 5 6 7 21 
1 5 6 7 22 
1 5 6 7 42 
1 5 6 20 21 
1 5 6 20 22 
1 5 6 20 42 
1 5 6 21 22 
1 5 6 21 42 
1 5 6 22 42 
1 5 7 20 21 
1 5 7 20 22 
1 5 7 20 42 
1 5 7 21 22 
1 5 7 21 42 
1 5 7 22 42 
1 5 20 21 22 
1 5 20 21 42 
1 5 20 22 42 
1 5 21 22 42 
1 6 7 20 21 
1 6 7 20 22 
1 6 7 20 42 
1 6 7 21 22 
1 6 7 21 42 
1 6 7 22 42 
1 6 20 21 22 
1 6 20 21 42 
1 6 20 22 42 
1 6 21 22 42 
1 7 20 21 22 
1 7 20 21 42 
1 7 20 22 42 
1 7 21 22 42 
1 20 21 22 42 
5 6 7 20 21 
5 6 7 20 22 
5 6 7 20 42 
5 6 7 21 22 
5 6 7 21 42 
5 6 7 22 42 
5 6 20 21 22 
5 6 20 21 42 
5 6 20 22 42 
5 6 21 22 42 
5 7 20 21 22 
5 7 20 21 42 
5 7 20 22 42 
5 7 21 22 42 
5 20 21 22 42 
6 7 20 21 22 
6 7 20 21 42 
6 7 20 22 42 
6 7 21 22 42 
6 20 21 22 42 
7 20 21 22 42 
6 28 
1 5 6 7 20 21 
1 5 6 7 20 22 
1 5 6 7 20 42 
1 5 6 7 21 22 
1 5 6 7 21 42 
1 5 6 7 22 42 
1 5 6 20 21 22 
1 5 6 20 21 42 
1 5 6 20 22 42 
1 5 6 21 22 42 
1 5 7 20 21 22 
1 5 7 20 21 42 
1 5 7 20 22 42 
1 5 7 21 22 42 
1 5 20 21 22 42 
1 6 7 20 21 22 
1 6 7 20 21 42 
1 6 7 20 22 42 
1 6 7 21 22 42 
1 6 20 21 22 42 
1 7 20 21 22 42 
5 6 7 20 21 22 
5 6 7 20 21 42 
5 6 7 20 22 42 
5 6 7 21 22 42 
5 6 20 21 22 42 
5 7 20 21 22 42 
6 7 20 21 22 42 
7 8 
1 5 6 7 20 21 22 
1 5 6 7 20 21 42 
1 5 6 7 20 22 42 
1 5 6 7 21 22 42 
1 5 6 20 21 22 42 
1 5 7 20 21 22 42 
1 6 7 20 21 22 42 
5 6 7 20 21 22 42 
8 1 
1 5 6 7 20 21 22 42 
2
0 1 

1 8 
2 
10 
11 
12 
30 
31 
32 
52 
2 28 
2 10 
2 11 
2 12 
2 30 
2 31 
2 32 
2 52 
10 11 
10 12 
10 30 
10 31 
10 32 
10 52 
11 12 
11 30 
11 31 
11 32 
11 52 
12 30 
12 31 
12 32 
12 52 
30 31 
30 32 
30 52 
31 32 
31 52 
32 52 
3 56 
2 10 11 
2 10 12 
2 10 30 
2 10 31 
2 10 32 
2 10 52 
2 11 12 
2 11 30 
2 11 31 
2 11 32 
2 11 52 
2 12 30 
2 12 31 
2 12 32 
2 12 52 
2 30 31 
2 30 32 
2 30 52 
2 31 32 
2 31 52 
2 32 52 
10 11 12 
10 11 30 
10 11 31 
10 11 32 
10 11 52 
10 12 30 
10 12 31 
10 12 32 
10 12 52 
10 30 31 
10 30 32 
10 30 52 
10 31 32 
10 31 52 
10 32 52 
11 12 30 
11 12 31 
11 12 32 
11 12 52 
11 30 31 
11 30 32 
11 30 52 
11 31 32 
11 31 52 
11 32 52 
12 30 31 
12 30 32 
12 30 52 
12 31 32 
12 31 52 
12 32 52 
30 31 32 
30 31 52 
30 32 52 
31 32 52 
4 70 
2 10 11 12 
2 10 11 30 
2 10 11 31 
2 10 11 32 
2 10 11 52 
2 10 12 30 
2 10 12 31 
2 10 12 32 
2 10 12 52 
2 10 30 31 
2 10 30 32 
2 10 30 52 
2 10 31 32 
2 10 31 52 
2 10 32 52 
2 11 12 30 
2 11 12 31 
2 11 12 32 
2 11 12 52 
2 11 30 31 
2 11 30 32 
2 11 30 52 
2 11 31 32 
2 11 31 52 
2 11 32 52 
2 12 30 31 
2 12 30 32 
2 12 30 52 
2 12 31 32 
2 12 31 52 
2 12 32 52 
2 30 31 32 
2 30 31 52 
2 30 32 52 
2 31 32 52 
10 11 12 30 
10 11 12 31 
10 11 12 32 
10 11 12 52 
10 11 30 31 
10 11 30 32 
10 11 30 52 
10 11 31 32 
10 11 31 52 
10 11 32 52 
10 12 30 31 
10 12 30 32 
10 12 30 52 
10 12 31 32 
10 12 31 52 
10 12 32 52 
10 30 31 32 
10 30 31 52 
10 30 32 52 
10 31 32 52 
11 12 30 31 
11 12 30 32 
11 12 30 52 
11 12 31 32 
11 12 31 52 
11 12 32 52 
11 30 31 32 
11 30 31 52 
11 30 32 52 
11 31 32 52 
12 30 31 32 
12 30 31 52 
12 30 32 52 
12 31 32 52 
30 31 32 52 
5 56 
2 10 11 12 30 
2 10 11 12 31 
2 10 11 12 32 
2 10 11 12 52 
2 10 11 30 31 
2 10 11 30 32 
2 10 11 30 52 
2 10 11 31 32 
2 10 11 31 52 
2 10 11 32 52 
2 10 12 30 31 
2 10 12 30 32 
2 10 12 30 52 
2 10 12 31 32 
2 10 12 31 52 
2 10 12 32 52 
2 10 30 31 32 
2 10 30 31 52 
2 10 30 32 52 
2 10 31 32 52 
2 11 12 30 31 
2 11 12 30 32 
2 11 12 30 52 
2 11 12 31 32 
2 11 12 31 52 
2 11 12 32 52 
2 11 30 31 32 
2 11 30 31 52 
2 11 30 32 52 
2 11 31 32 52 
2 12 30 31 32 
2 12 30 31 52 
2 12 30 32 52 
2 12 31 32 52 
2 30 31 32 52 
10 11 12 30 31 
10 11 12 30 32 
10 11 12 30 52 
10 11 12 31 32 
10 11 12 31 52 
10 11 12 32 52 
10 11 30 31 32 
10 11 30 31 52 
10 11 30 32 52 
10 11 31 32 52 
10 12 30 31 32 
10 12 30 31 52 
10 12 30 32 52 
10 12 31 32 52 
10 30 31 32 52 
11 12 30 31 32 
11 12 30 31 52 
11 12 30 32 52 
11 12 31 32 52 
11 30 31 32 52 
12 30 31 32 52 
6 28 
2 10 11 12 30 31 
2 10 11 12 30 32 
2 10 11 12 30 52 
2 10 11 12 31 32 
2 10 11 12 31 52 
2 10 11 12 32 52 
2 10 11 30 31 32 
2 10 11 30 31 52 
2 10 11 30 32 52 
2 10 11 31 32 52 
2 10 12 30 31 32 
2 10 12 30 31 52 
2 10 12 30 32 52 
2 10 12 31 32 52 
2 10 30 31 32 52 
2 11 12 30 31 32 
2 11 12 30 31 52 
2 11 12 30 32 52 
2 11 12 31 32 52 
2 11 30 31 32 52 
2 12 30 31 32 52 
10 11 12 30 31 32 
10 11 12 30 31 52 
10 11 12 30 32 52 
10 11 12 31 32 52 
10 11 30 31 32 52 
10 12 30 31 32 52 
11 12 30 31 32 52 
7 8 
2 10 11 12 30 31 32 
2 10 11 12 30 31 52 
2 10 11 12 30 32 52 
2 10 11 12 31 32 52 
2 10 11 30 31 32 52 
2 10 12 30 31 32 52 
2 11 12 30 31 32 52 
10 11 12 30 31 32 52 
8 1 
2 10 11 12 30 31 32 52 
3
0 1 

1 1 

2 4 
3 38 
14 56 
15 16 
36 37 
3 1 

4 6 
3 14 38 56 
3 15 16 38 
3 36 37 38 
14 15 16 56 
14 36 37 56 
15 16 36 37 
5 1 

6 4 
3 14 15 16 38 56 
3 14 36 37 38 56 
3 15 16 36 37 38 
14 15 16 36 37 56 
7 1 

8 1 
3 14 15 16 36 37 38 56 
4
0 1 

1 1 

2 4 
4 18 
17 39 
19 41 
40 57 
3 1 

4 6 
4 17 18 39 
4 18 19 41 
4 18 40 57 
17 19 39 41 
17 39 40 57 
19 40 41 57 
5 1 

6 4 
4 17 18 19 39 41 
4 17 18 39 40 57 
4 18 19 40 41 57 
17 19 39 40 41 57 
7 1 

8 1 
4 17 18 19 39 40 41 57 
5
0 1 

1 1 

2 4 
8 26 
24 47 
25 48 
46 61 
3 1 

4 6 
8 24 26 47 
8 25 26 48 
8 26 46 61 
24 25 47 48 
24 46 47 61 
25 46 48 61 
5 1 

6 4 
8 24 25 26 47 48 
8 24 26 46 47 61 
8 25 26 46 48 61 
24 25 46 47 48 61 
7 1 

8 1 
8 24 25 26 46 47 48 61 
6
0 1 

1 1 

2 4 
9 51 
27 62 
28 29 
49 50 
3 1 

4 6 
9 27 51 62 
9 28 29 51 
9 49 50 51 
27 28 29 62 
27 49 50 62 
28 29 49 50 
5 1 

6 4 
9 27 28 29 51 62 
9 27 49 50 51 62 
9 28 29 49 50 51 
27 28 29 49 50 62 
7 1 

8 1 
9 27 28 29 49 50 51 62 
7
0 1 

1 1 

2 4 
13 35 
33 54 
34 55 
53 63 
3 1 

4 6 
13 33 35 54 
13 34 35 55 
13 35 53 63 
33 34 54 55 
33 53 54 63 
34 53 55 63 
5 1 

6 4 
13 33 34 35 54 55 
13 33 35 53 54 63 
13 34 35 53 55 63 
33 34 53 54 55 63 
7 1 

8 1 
13 33 34 35 53 54 55 63 
8
0 1 

1 1 

2 4 
23 44 
43 58 
45 60 
59 64 
3 1 

4 6 
23 43 44 58 
23 44 45 60 
23 44 59 64 
43 45 58 60 
43 58 59 64 
45 59 60 64 
5 1 

6 4 
23 43 44 45 58 60 
23 43 44 58 59 64 
23 44 45 59 60 64 
43 45 58 59 60 64 
7 1 

8 1 
23 43 44 45 58 59 60 64 
