//Table for grp 226:
57
0 0 2 2 4 4 2 4 
0 0 2 4 4 2 4 2 
0 0 4 2 2 4 4 2 
0 0 4 4 2 2 2 4 
0 2 0 2 4 2 4 4 
0 2 0 4 4 4 2 2 
0 2 2 0 2 4 4 4 
0 2 2 2 2 2 2 6 
0 2 2 2 2 2 6 2 
0 2 2 2 2 6 2 2 
0 2 2 2 6 2 2 2 
0 2 2 4 2 0 4 4 
0 2 2 4 2 4 0 4 
0 2 2 4 2 4 4 0 
0 2 2 6 2 2 2 2 
0 2 4 0 4 4 2 2 
0 2 4 2 0 2 4 4 
0 2 4 2 4 2 0 4 
0 2 4 2 4 2 4 0 
0 2 4 4 0 4 2 2 
0 2 4 4 4 0 2 2 
0 2 6 2 2 2 2 2 
0 4 0 2 2 4 4 2 
0 4 0 4 2 2 2 4 
0 4 2 0 4 2 4 2 
0 4 2 2 0 4 2 4 
0 4 2 2 4 0 2 4 
0 4 2 2 4 4 2 0 
0 4 2 4 0 2 4 2 
0 4 2 4 4 2 0 2 
0 4 4 0 2 2 2 4 
0 4 4 2 2 0 4 2 
0 4 4 2 2 4 0 2 
0 4 4 4 2 2 2 0 
0 6 2 2 2 2 2 2 
2 0 2 2 2 2 4 4 
2 0 2 4 2 4 2 2 
2 0 4 2 4 2 2 2 
2 2 0 2 2 4 2 4 
2 2 0 4 2 2 4 2 
2 2 2 0 4 2 2 4 
2 2 2 2 0 4 4 2 
2 2 2 2 4 0 4 2 
2 2 2 2 4 4 0 2 
2 2 2 4 0 2 2 4 
2 2 2 4 4 2 2 0 
2 2 4 0 2 2 4 2 
2 2 4 2 2 0 2 4 
2 2 4 2 2 4 2 0 
2 2 4 4 2 2 0 2 
2 4 0 2 4 2 2 2 
2 4 2 0 2 4 2 2 
2 4 2 2 2 2 0 4 
2 4 2 2 2 2 4 0 
2 4 2 4 2 0 2 2 
2 4 4 2 0 2 2 2 
4 2 2 2 2 2 2 2 
1 2 3 4 5 6 7 8 9 10 11 12 13 14 15 16 17 18 19 20 21 22 23 24 25 26 27 28 29 30 31 32 33 34 35 36 37 38 39 40 41 42 43 44 45 46 47 48 49 50 51 52 53 54 55 56 57 58 59 60 61 62 63 64 
2 1 8 9 10 11 12 3 4 5 6 7 23 24 25 26 27 28 29 30 31 32 13 14 15 16 17 18 19 20 21 22 43 44 45 46 47 48 49 50 51 52 33 34 35 36 37 38 39 40 41 42 58 59 60 61 62 53 54 55 56 57 64 63 
3 25 1 13 14 15 16 11 44 46 8 48 4 5 6 7 33 34 35 36 37 38 28 30 2 32 58 23 60 24 61 26 17 18 19 20 21 22 53 54 55 56 49 9 51 10 52 12 43 64 45 47 39 40 41 42 63 27 62 29 31 59 57 50 
4 29 13 1 17 18 19 45 12 50 51 9 3 33 34 35 5 6 7 39 40 41 26 59 60 23 31 32 2 62 27 28 14 15 16 53 54 55 20 21 22 57 47 48 8 64 43 44 52 10 11 49 36 37 38 63 42 61 24 25 58 30 56 46 
5 10 36 17 1 20 21 46 27 2 30 31 53 15 14 56 4 39 40 6 7 42 58 25 24 61 9 49 50 11 12 52 34 33 63 3 38 37 18 19 57 22 44 43 64 8 48 47 28 29 62 32 13 55 54 16 41 23 60 59 26 51 35 45 
6 11 15 18 20 1 22 25 28 30 2 32 34 36 3 38 39 4 41 5 42 7 44 46 8 48 49 9 51 10 52 12 53 13 55 14 56 16 17 57 19 21 58 23 60 24 61 26 27 62 29 31 33 63 35 37 40 43 64 45 47 50 54 59 
7 12 16 19 21 22 1 26 29 31 32 2 35 37 38 3 40 41 4 42 5 6 45 47 48 8 50 51 9 52 10 11 54 55 13 56 14 15 57 17 18 20 59 60 23 61 24 25 62 27 28 30 63 33 34 36 39 64 43 44 46 49 53 58 
8 15 2 23 24 25 26 6 34 36 3 38 9 10 11 12 43 44 45 46 47 48 18 20 1 22 53 13 55 14 56 16 27 28 29 30 31 32 58 59 60 61 39 4 41 5 42 7 33 63 35 37 49 50 51 52 64 17 57 19 21 54 62 40 
9 19 23 2 27 28 29 35 7 40 41 4 8 43 44 45 10 11 12 49 50 51 16 54 55 13 21 22 1 57 17 18 24 25 26 58 59 60 30 31 32 62 37 38 3 63 33 34 42 5 6 39 46 47 48 64 52 56 14 15 53 20 61 36 
10 5 46 27 2 30 31 36 17 1 20 21 58 25 24 61 9 49 50 11 12 52 53 15 14 56 4 39 40 6 7 42 44 43 64 8 48 47 28 29 62 32 34 33 63 3 38 37 18 19 57 22 23 60 59 26 51 13 55 54 16 41 45 35 
11 6 25 28 30 2 32 15 18 20 1 22 44 46 8 48 49 9 51 10 52 12 34 36 3 38 39 4 41 5 42 7 58 23 60 24 61 26 27 62 29 31 53 13 55 14 56 16 17 57 19 21 43 64 45 47 50 33 63 35 37 40 59 54 
12 7 26 29 31 32 2 16 19 21 22 1 45 47 48 8 50 51 9 52 10 11 35 37 38 3 40 41 4 42 5 6 59 60 23 61 24 25 62 27 28 30 54 55 13 56 14 15 57 17 18 20 64 43 44 46 49 63 33 34 36 39 58 53 
13 60 4 3 33 34 35 51 48 64 45 44 1 17 18 19 14 15 16 53 54 55 32 62 29 28 61 26 25 59 58 23 5 6 7 39 40 41 36 37 38 63 52 12 11 50 49 9 47 46 8 43 20 21 22 57 56 31 30 2 27 24 42 10 
14 46 20 33 3 36 37 10 58 25 24 61 39 6 5 42 13 53 54 15 16 56 27 2 30 31 44 43 64 8 48 47 18 17 57 1 22 21 34 35 63 38 9 49 50 11 12 52 23 60 59 26 4 41 40 7 55 28 29 62 32 45 19 51 
15 8 6 34 36 3 38 2 23 24 25 26 18 20 1 22 53 13 55 14 56 16 9 10 11 12 43 44 45 46 47 48 39 4 41 5 42 7 33 63 35 37 27 28 29 30 31 32 58 59 60 61 17 57 19 21 54 49 50 51 52 64 40 62 
16 48 7 35 37 38 3 32 60 61 26 25 19 21 22 1 54 55 13 56 14 15 51 52 12 11 64 45 44 47 46 8 40 41 4 42 5 6 63 33 34 36 62 29 28 31 30 2 59 58 23 24 57 17 18 20 53 50 49 9 10 43 39 27 
17 50 53 5 4 39 40 64 31 29 62 27 36 34 33 63 1 20 21 18 19 57 61 60 59 58 12 52 10 51 9 49 15 14 56 13 55 54 6 7 42 41 48 47 46 45 44 43 32 2 30 28 3 38 37 35 22 26 25 24 23 11 16 8 
18 51 34 6 39 4 41 60 32 62 29 28 15 53 13 55 20 1 22 17 57 19 48 64 45 44 52 12 11 50 49 9 36 3 38 33 63 35 5 42 7 40 61 26 25 59 58 23 31 30 2 27 14 56 16 54 21 47 46 8 43 10 37 24 
19 9 35 7 40 41 4 23 2 27 28 29 16 54 55 13 21 22 1 57 17 18 8 43 44 45 10 11 12 49 50 51 37 38 3 63 33 34 42 5 6 39 24 25 26 58 59 60 30 31 32 62 56 14 15 53 20 46 47 48 64 52 36 61 
20 30 14 39 6 5 42 24 49 11 10 52 33 3 36 37 18 17 57 1 22 21 43 8 46 47 28 27 62 2 32 31 13 53 54 15 16 56 4 41 40 7 23 58 59 25 26 61 9 51 50 12 34 35 63 38 19 44 45 64 48 29 55 60 
21 31 56 40 7 42 5 61 50 12 52 10 63 38 37 36 19 57 17 22 1 20 64 48 47 46 29 62 27 32 2 30 55 54 53 16 15 14 41 4 39 6 60 59 58 26 25 24 51 9 49 11 35 34 33 3 18 45 44 43 8 28 13 23 
22 32 38 41 42 7 6 48 51 52 12 11 55 56 16 15 57 19 18 21 20 1 60 61 26 25 62 29 28 31 30 2 63 35 34 37 36 3 40 39 4 5 64 45 44 47 46 8 50 49 9 10 54 53 13 14 17 59 58 23 24 27 33 43 
23 55 9 8 43 44 45 41 38 63 35 34 2 27 28 29 24 25 26 58 59 60 22 57 19 18 56 16 15 54 53 13 10 11 12 49 50 51 46 47 48 64 42 7 6 40 39 4 37 36 3 33 30 31 32 62 61 21 20 1 17 14 52 5 
24 36 30 43 8 46 47 5 53 15 14 56 49 11 10 52 23 58 59 25 26 61 17 1 20 21 34 33 63 3 38 37 28 27 62 2 32 31 44 45 64 48 4 39 40 6 7 42 13 55 54 16 9 51 50 12 60 18 19 57 22 35 29 41 
25 3 11 44 46 8 48 1 13 14 15 16 28 30 2 32 58 23 60 24 61 26 4 5 6 7 33 34 35 36 37 38 49 9 51 10 52 12 43 64 45 47 17 18 19 20 21 22 53 54 55 56 27 62 29 31 59 39 40 41 42 63 50 57 
26 38 12 45 47 48 8 22 55 56 16 15 29 31 32 2 59 60 23 61 24 25 41 42 7 6 63 35 34 37 36 3 50 51 9 52 10 11 64 43 44 46 57 19 18 21 20 1 54 53 13 14 62 27 28 30 58 40 39 4 5 33 49 17 
27 40 58 10 9 49 50 63 21 19 57 17 46 44 43 64 2 30 31 28 29 62 56 55 54 53 7 42 5 41 4 39 25 24 61 23 60 59 11 12 52 51 38 37 36 35 34 33 22 1 20 18 8 48 47 45 32 16 15 14 13 6 26 3 
28 41 44 11 49 9 51 55 22 57 19 18 25 58 23 60 30 2 32 27 62 29 38 63 35 34 42 7 6 40 39 4 46 8 48 43 64 45 10 52 12 50 56 16 15 54 53 13 21 20 1 17 24 61 26 59 31 37 36 3 33 5 47 14 
29 4 45 12 50 51 9 13 1 17 18 19 26 59 60 23 31 32 2 62 27 28 3 33 34 35 5 6 7 39 40 41 47 48 8 64 43 44 52 10 11 49 14 15 16 53 54 55 20 21 22 57 61 24 25 58 30 36 37 38 63 42 46 56 
30 20 24 49 11 10 52 14 39 6 5 42 43 8 46 47 28 27 62 2 32 31 33 3 36 37 18 17 57 1 22 21 23 58 59 25 26 61 9 51 50 12 13 53 54 15 16 56 4 41 40 7 44 45 64 48 29 34 35 63 38 19 60 55 
31 21 61 50 12 52 10 56 40 7 42 5 64 48 47 46 29 62 27 32 2 30 63 38 37 36 19 57 17 22 1 20 60 59 58 26 25 24 51 9 49 11 55 54 53 16 15 14 41 4 39 6 45 44 43 8 28 35 34 33 3 18 23 13 
32 22 48 51 52 12 11 38 41 42 7 6 60 61 26 25 62 29 28 31 30 2 55 56 16 15 57 19 18 21 20 1 64 45 44 47 46 8 50 49 9 10 63 35 34 37 36 3 40 39 4 5 59 58 23 24 27 54 53 13 14 17 43 33 
33 64 39 14 13 53 54 50 61 60 59 58 20 18 17 57 3 36 37 34 35 63 31 29 62 27 48 47 46 45 44 43 6 5 42 4 41 40 15 16 56 55 12 52 10 51 9 49 26 25 24 23 1 22 21 19 38 32 2 30 28 8 7 11 
34 45 18 15 53 13 55 29 26 59 60 23 6 39 4 41 36 3 38 33 63 35 12 50 51 9 47 48 8 64 43 44 20 1 22 17 57 19 14 56 16 54 31 32 2 62 27 28 61 24 25 58 5 42 7 40 37 52 10 11 49 46 21 30 
35 44 19 16 54 55 13 28 25 58 23 60 7 40 41 4 37 38 3 63 33 34 11 49 9 51 46 8 48 43 64 45 21 22 1 57 17 18 56 14 15 53 30 2 32 27 62 29 24 61 26 59 42 5 6 39 36 10 52 12 50 47 20 31 
36 24 5 53 15 14 56 30 43 8 46 47 17 1 20 21 34 33 63 3 38 37 49 11 10 52 23 58 59 25 26 61 4 39 40 6 7 42 13 55 54 16 28 27 62 2 32 31 44 45 64 48 18 19 57 22 35 9 51 50 12 60 41 29 
37 61 42 54 16 56 14 31 64 48 47 46 57 22 21 20 35 63 33 38 3 36 50 12 52 10 60 59 58 26 25 24 41 40 39 7 6 5 55 13 53 15 29 62 27 32 2 30 45 44 43 8 19 18 17 1 34 51 9 49 11 23 4 28 
38 26 22 55 56 16 15 12 45 47 48 8 41 42 7 6 63 35 34 37 36 3 29 31 32 2 59 60 23 61 24 25 57 19 18 21 20 1 54 53 13 14 50 51 9 52 10 11 64 43 44 46 40 39 4 5 33 62 27 28 30 58 17 49 
39 62 33 20 18 17 57 59 52 51 50 49 14 13 53 54 6 5 42 4 41 40 47 45 64 43 32 31 30 29 28 27 3 36 37 34 35 63 1 22 21 19 26 61 24 60 23 58 12 11 10 9 15 16 56 55 7 48 8 46 44 2 38 25 
40 27 63 21 19 57 17 58 10 9 49 50 56 55 54 53 7 42 5 41 4 39 46 44 43 64 2 30 31 28 29 62 38 37 36 35 34 33 22 1 20 18 25 24 61 23 60 59 11 12 52 51 16 15 14 13 6 8 48 47 45 32 3 26 
41 28 55 22 57 19 18 44 11 49 9 51 38 63 35 34 42 7 6 40 39 4 25 58 23 60 30 2 32 27 62 29 56 16 15 54 53 13 21 20 1 17 46 8 48 43 64 45 10 52 12 50 37 36 3 33 5 24 61 26 59 31 14 47 
42 52 37 57 22 21 20 47 62 32 31 30 54 16 56 14 41 40 39 7 6 5 59 26 61 24 51 50 49 12 11 10 35 63 33 38 3 36 19 18 17 1 45 64 43 48 8 46 29 28 27 2 55 13 53 15 4 60 23 58 25 9 34 44 
43 63 49 24 23 58 59 40 56 55 54 53 30 28 27 62 8 46 47 44 45 64 21 19 57 17 38 37 36 35 34 33 11 10 52 9 51 50 25 26 61 60 7 42 5 41 4 39 16 15 14 13 2 32 31 29 48 22 1 20 18 3 12 6 
44 35 28 25 58 23 60 19 16 54 55 13 11 49 9 51 46 8 48 43 64 45 7 40 41 4 37 38 3 63 33 34 30 2 32 27 62 29 24 61 26 59 21 22 1 57 17 18 56 14 15 53 10 52 12 50 47 42 5 6 39 36 31 20 
45 34 29 26 59 60 23 18 15 53 13 55 12 50 51 9 47 48 8 64 43 44 6 39 4 41 36 3 38 33 63 35 31 32 2 62 27 28 61 24 25 58 20 1 22 17 57 19 14 56 16 54 52 10 11 49 46 5 42 7 40 37 30 21 
46 14 10 58 25 24 61 20 33 3 36 37 27 2 30 31 44 43 64 8 48 47 39 6 5 42 13 53 54 15 16 56 9 49 50 11 12 52 23 60 59 26 18 17 57 1 22 21 34 35 63 38 28 29 62 32 45 4 41 40 7 55 51 19 
47 56 52 59 26 61 24 21 63 38 37 36 62 32 31 30 45 64 43 48 8 46 40 7 42 5 55 54 53 16 15 14 51 50 49 12 11 10 60 23 58 25 19 57 17 22 1 20 35 34 33 3 29 28 27 2 44 41 4 39 6 13 9 18 
48 16 32 60 61 26 25 7 35 37 38 3 51 52 12 11 64 45 44 47 46 8 19 21 22 1 54 55 13 56 14 15 62 29 28 31 30 2 59 58 23 24 40 41 4 42 5 6 63 33 34 36 50 49 9 10 43 57 17 18 20 53 27 39 
49 57 43 30 28 27 62 54 42 41 40 39 24 23 58 59 11 10 52 9 51 50 37 35 63 33 22 21 20 19 18 17 8 46 47 44 45 64 2 32 31 29 16 56 14 55 13 53 7 6 5 4 25 26 61 60 12 38 3 36 34 1 48 15 
50 17 64 31 29 62 27 53 5 4 39 40 61 60 59 58 12 52 10 51 9 49 36 34 33 63 1 20 21 18 19 57 48 47 46 45 44 43 32 2 30 28 15 14 56 13 55 54 6 7 42 41 26 25 24 23 11 3 38 37 35 22 8 16 
51 18 60 32 62 29 28 34 6 39 4 41 48 64 45 44 52 12 11 50 49 9 15 53 13 55 20 1 22 17 57 19 61 26 25 59 58 23 31 30 2 27 36 3 38 33 63 35 5 42 7 40 47 46 8 43 10 14 56 16 54 21 24 37 
52 42 47 62 32 31 30 37 57 22 21 20 59 26 61 24 51 50 49 12 11 10 54 16 56 14 41 40 39 7 6 5 45 64 43 48 8 46 29 28 27 2 35 63 33 38 3 36 19 18 17 1 60 23 58 25 9 55 13 53 15 4 44 34 
53 59 17 36 34 33 63 62 47 45 64 43 5 4 39 40 15 14 56 13 55 54 52 51 50 49 26 61 24 60 23 58 1 20 21 18 19 57 3 38 37 35 32 31 30 29 28 27 48 8 46 44 6 7 42 41 16 12 11 10 9 25 22 2 
54 58 57 37 35 63 33 27 46 44 43 64 42 41 40 39 16 56 14 55 13 53 10 9 49 50 25 24 61 23 60 59 22 21 20 19 18 17 38 3 36 34 2 30 31 28 29 62 8 48 47 45 7 6 5 4 15 11 12 52 51 26 1 32 
55 23 41 38 63 35 34 9 8 43 44 45 22 57 19 18 56 16 15 54 53 13 2 27 28 29 24 25 26 58 59 60 42 7 6 40 39 4 37 36 3 33 10 11 12 49 50 51 46 47 48 64 21 20 1 17 14 30 31 32 62 61 5 52 
56 47 21 63 38 37 36 52 59 26 61 24 40 7 42 5 55 54 53 16 15 14 62 32 31 30 45 64 43 48 8 46 19 57 17 22 1 20 35 34 33 3 51 50 49 12 11 10 60 23 58 25 41 4 39 6 13 29 28 27 2 44 18 9 
57 49 54 42 41 40 39 43 30 28 27 62 37 35 63 33 22 21 20 19 18 17 24 23 58 59 11 10 52 9 51 50 16 56 14 55 13 53 7 6 5 4 8 46 47 44 45 64 2 32 31 29 38 3 36 34 1 25 26 61 60 12 15 48 
58 54 27 46 44 43 64 57 37 35 63 33 10 9 49 50 25 24 61 23 60 59 42 41 40 39 16 56 14 55 13 53 2 30 31 28 29 62 8 48 47 45 22 21 20 19 18 17 38 3 36 34 11 12 52 51 26 7 6 5 4 15 32 1 
59 53 62 47 45 64 43 17 36 34 33 63 52 51 50 49 26 61 24 60 23 58 5 4 39 40 15 14 56 13 55 54 32 31 30 29 28 27 48 8 46 44 1 20 21 18 19 57 3 38 37 35 12 11 10 9 25 6 7 42 41 16 2 22 
60 13 51 48 64 45 44 4 3 33 34 35 32 62 29 28 61 26 25 59 58 23 1 17 18 19 14 15 16 53 54 55 52 12 11 50 49 9 47 46 8 43 5 6 7 39 40 41 36 37 38 63 31 30 2 27 24 20 21 22 57 56 10 42 
61 37 31 64 48 47 46 42 54 16 56 14 50 12 52 10 60 59 58 26 25 24 57 22 21 20 35 63 33 38 3 36 29 62 27 32 2 30 45 44 43 8 41 40 39 7 6 5 55 13 53 15 51 9 49 11 23 19 18 17 1 34 28 4 
62 39 59 52 51 50 49 33 20 18 17 57 47 45 64 43 32 31 30 29 28 27 14 13 53 54 6 5 42 4 41 40 26 61 24 60 23 58 12 11 10 9 3 36 37 34 35 63 1 22 21 19 48 8 46 44 2 15 16 56 55 7 25 38 
63 43 40 56 55 54 53 49 24 23 58 59 21 19 57 17 38 37 36 35 34 33 30 28 27 62 8 46 47 44 45 64 7 42 5 41 4 39 16 15 14 13 11 10 52 9 51 50 25 26 61 60 22 1 20 18 3 2 32 31 29 48 6 12 
64 33 50 61 60 59 58 39 14 13 53 54 31 29 62 27 48 47 46 45 44 43 20 18 17 57 3 36 37 34 35 63 12 52 10 51 9 49 26 25 24 23 6 5 42 4 41 40 15 16 56 55 32 2 30 28 8 1 22 21 19 38 11 7 
1
0 1 

1 8 
1 
5 
6 
7 
20 
21 
22 
42 
2 28 
1 5 
1 6 
1 7 
1 20 
1 21 
1 22 
1 42 
5 6 
5 7 
5 20 
5 21 
5 22 
5 42 
6 7 
6 20 
6 21 
6 22 
6 42 
7 20 
7 21 
7 22 
7 42 
20 21 
20 22 
20 42 
21 22 
21 42 
22 42 
3 56 
1 5 6 
1 5 7 
1 5 20 
1 5 21 
1 5 22 
1 5 42 
1 6 7 
1 6 20 
1 6 21 
1 6 22 
1 6 42 
1 7 20 
1 7 21 
1 7 22 
1 7 42 
1 20 21 
1 20 22 
1 20 42 
1 21 22 
1 21 42 
1 22 42 
5 6 7 
5 6 20 
5 6 21 
5 6 22 
5 6 42 
5 7 20 
5 7 21 
5 7 22 
5 7 42 
5 20 21 
5 20 22 
5 20 42 
5 21 22 
5 21 42 
5 22 42 
6 7 20 
6 7 21 
6 7 22 
6 7 42 
6 20 21 
6 20 22 
6 20 42 
6 21 22 
6 21 42 
6 22 42 
7 20 21 
7 20 22 
7 20 42 
7 21 22 
7 21 42 
7 22 42 
20 21 22 
20 21 42 
20 22 42 
21 22 42 
4 70 
1 5 6 7 
1 5 6 20 
1 5 6 21 
1 5 6 22 
1 5 6 42 
1 5 7 20 
1 5 7 21 
1 5 7 22 
1 5 7 42 
1 5 20 21 
1 5 20 22 
1 5 20 42 
1 5 21 22 
1 5 21 42 
1 5 22 42 
1 6 7 20 
1 6 7 21 
1 6 7 22 
1 6 7 42 
1 6 20 21 
1 6 20 22 
1 6 20 42 
1 6 21 22 
1 6 21 42 
1 6 22 42 
1 7 20 21 
1 7 20 22 
1 7 20 42 
1 7 21 22 
1 7 21 42 
1 7 22 42 
1 20 21 22 
1 20 21 42 
1 20 22 42 
1 21 22 42 
5 6 7 20 
5 6 7 21 
5 6 7 22 
5 6 7 42 
5 6 20 21 
5 6 20 22 
5 6 20 42 
5 6 21 22 
5 6 21 42 
5 6 22 42 
5 7 20 21 
5 7 20 22 
5 7 20 42 
5 7 21 22 
5 7 21 42 
5 7 22 42 
5 20 21 22 
5 20 21 42 
5 20 22 42 
5 21 22 42 
6 7 20 21 
6 7 20 22 
6 7 20 42 
6 7 21 22 
6 7 21 42 
6 7 22 42 
6 20 21 22 
6 20 21 42 
6 20 22 42 
6 21 22 42 
7 20 21 22 
7 20 21 42 
7 20 22 42 
7 21 22 42 
20 21 22 42 
5 56 
1 5 6 7 20 
1 5 6 7 21 
1 5 6 7 22 
1 5 6 7 42 
1 5 6 20 21 
1 5 6 20 22 
1 5 6 20 42 
1 5 6 21 22 
1 5 6 21 42 
1 5 6 22 42 
1 5 7 20 21 
1 5 7 20 22 
1 5 7 20 42 
1 5 7 21 22 
1 5 7 21 42 
1 5 7 22 42 
1 5 20 21 22 
1 5 20 21 42 
1 5 20 22 42 
1 5 21 22 42 
1 6 7 20 21 
1 6 7 20 22 
1 6 7 20 42 
1 6 7 21 22 
1 6 7 21 42 
1 6 7 22 42 
1 6 20 21 22 
1 6 20 21 42 
1 6 20 22 42 
1 6 21 22 42 
1 7 20 21 22 
1 7 20 21 42 
1 7 20 22 42 
1 7 21 22 42 
1 20 21 22 42 
5 6 7 20 21 
5 6 7 20 22 
5 6 7 20 42 
5 6 7 21 22 
5 6 7 21 42 
5 6 7 22 42 
5 6 20 21 22 
5 6 20 21 42 
5 6 20 22 42 
5 6 21 22 42 
5 7 20 21 22 
5 7 20 21 42 
5 7 20 22 42 
5 7 21 22 42 
5 20 21 22 42 
6 7 20 21 22 
6 7 20 21 42 
6 7 20 22 42 
6 7 21 22 42 
6 20 21 22 42 
7 20 21 22 42 
6 28 
1 5 6 7 20 21 
1 5 6 7 20 22 
1 5 6 7 20 42 
1 5 6 7 21 22 
1 5 6 7 21 42 
1 5 6 7 22 42 
1 5 6 20 21 22 
1 5 6 20 21 42 
1 5 6 20 22 42 
1 5 6 21 22 42 
1 5 7 20 21 22 
1 5 7 20 21 42 
1 5 7 20 22 42 
1 5 7 21 22 42 
1 5 20 21 22 42 
1 6 7 20 21 22 
1 6 7 20 21 42 
1 6 7 20 22 42 
1 6 7 21 22 42 
1 6 20 21 22 42 
1 7 20 21 22 42 
5 6 7 20 21 22 
5 6 7 20 21 42 
5 6 7 20 22 42 
5 6 7 21 22 42 
5 6 20 21 22 42 
5 7 20 21 22 42 
6 7 20 21 22 42 
7 8 
1 5 6 7 20 21 22 
1 5 6 7 20 21 42 
1 5 6 7 20 22 42 
1 5 6 7 21 22 42 
1 5 6 20 21 22 42 
1 5 7 20 21 22 42 
1 6 7 20 21 22 42 
5 6 7 20 21 22 42 
8 1 
1 5 6 7 20 21 22 42 
2
0 1 

1 8 
2 
10 
11 
12 
30 
31 
32 
52 
2 28 
2 10 
2 11 
2 12 
2 30 
2 31 
2 32 
2 52 
10 11 
10 12 
10 30 
10 31 
10 32 
10 52 
11 12 
11 30 
11 31 
11 32 
11 52 
12 30 
12 31 
12 32 
12 52 
30 31 
30 32 
30 52 
31 32 
31 52 
32 52 
3 56 
2 10 11 
2 10 12 
2 10 30 
2 10 31 
2 10 32 
2 10 52 
2 11 12 
2 11 30 
2 11 31 
2 11 32 
2 11 52 
2 12 30 
2 12 31 
2 12 32 
2 12 52 
2 30 31 
2 30 32 
2 30 52 
2 31 32 
2 31 52 
2 32 52 
10 11 12 
10 11 30 
10 11 31 
10 11 32 
10 11 52 
10 12 30 
10 12 31 
10 12 32 
10 12 52 
10 30 31 
10 30 32 
10 30 52 
10 31 32 
10 31 52 
10 32 52 
11 12 30 
11 12 31 
11 12 32 
11 12 52 
11 30 31 
11 30 32 
11 30 52 
11 31 32 
11 31 52 
11 32 52 
12 30 31 
12 30 32 
12 30 52 
12 31 32 
12 31 52 
12 32 52 
30 31 32 
30 31 52 
30 32 52 
31 32 52 
4 70 
2 10 11 12 
2 10 11 30 
2 10 11 31 
2 10 11 32 
2 10 11 52 
2 10 12 30 
2 10 12 31 
2 10 12 32 
2 10 12 52 
2 10 30 31 
2 10 30 32 
2 10 30 52 
2 10 31 32 
2 10 31 52 
2 10 32 52 
2 11 12 30 
2 11 12 31 
2 11 12 32 
2 11 12 52 
2 11 30 31 
2 11 30 32 
2 11 30 52 
2 11 31 32 
2 11 31 52 
2 11 32 52 
2 12 30 31 
2 12 30 32 
2 12 30 52 
2 12 31 32 
2 12 31 52 
2 12 32 52 
2 30 31 32 
2 30 31 52 
2 30 32 52 
2 31 32 52 
10 11 12 30 
10 11 12 31 
10 11 12 32 
10 11 12 52 
10 11 30 31 
10 11 30 32 
10 11 30 52 
10 11 31 32 
10 11 31 52 
10 11 32 52 
10 12 30 31 
10 12 30 32 
10 12 30 52 
10 12 31 32 
10 12 31 52 
10 12 32 52 
10 30 31 32 
10 30 31 52 
10 30 32 52 
10 31 32 52 
11 12 30 31 
11 12 30 32 
11 12 30 52 
11 12 31 32 
11 12 31 52 
11 12 32 52 
11 30 31 32 
11 30 31 52 
11 30 32 52 
11 31 32 52 
12 30 31 32 
12 30 31 52 
12 30 32 52 
12 31 32 52 
30 31 32 52 
5 56 
2 10 11 12 30 
2 10 11 12 31 
2 10 11 12 32 
2 10 11 12 52 
2 10 11 30 31 
2 10 11 30 32 
2 10 11 30 52 
2 10 11 31 32 
2 10 11 31 52 
2 10 11 32 52 
2 10 12 30 31 
2 10 12 30 32 
2 10 12 30 52 
2 10 12 31 32 
2 10 12 31 52 
2 10 12 32 52 
2 10 30 31 32 
2 10 30 31 52 
2 10 30 32 52 
2 10 31 32 52 
2 11 12 30 31 
2 11 12 30 32 
2 11 12 30 52 
2 11 12 31 32 
2 11 12 31 52 
2 11 12 32 52 
2 11 30 31 32 
2 11 30 31 52 
2 11 30 32 52 
2 11 31 32 52 
2 12 30 31 32 
2 12 30 31 52 
2 12 30 32 52 
2 12 31 32 52 
2 30 31 32 52 
10 11 12 30 31 
10 11 12 30 32 
10 11 12 30 52 
10 11 12 31 32 
10 11 12 31 52 
10 11 12 32 52 
10 11 30 31 32 
10 11 30 31 52 
10 11 30 32 52 
10 11 31 32 52 
10 12 30 31 32 
10 12 30 31 52 
10 12 30 32 52 
10 12 31 32 52 
10 30 31 32 52 
11 12 30 31 32 
11 12 30 31 52 
11 12 30 32 52 
11 12 31 32 52 
11 30 31 32 52 
12 30 31 32 52 
6 28 
2 10 11 12 30 31 
2 10 11 12 30 32 
2 10 11 12 30 52 
2 10 11 12 31 32 
2 10 11 12 31 52 
2 10 11 12 32 52 
2 10 11 30 31 32 
2 10 11 30 31 52 
2 10 11 30 32 52 
2 10 11 31 32 52 
2 10 12 30 31 32 
2 10 12 30 31 52 
2 10 12 30 32 52 
2 10 12 31 32 52 
2 10 30 31 32 52 
2 11 12 30 31 32 
2 11 12 30 31 52 
2 11 12 30 32 52 
2 11 12 31 32 52 
2 11 30 31 32 52 
2 12 30 31 32 52 
10 11 12 30 31 32 
10 11 12 30 31 52 
10 11 12 30 32 52 
10 11 12 31 32 52 
10 11 30 31 32 52 
10 12 30 31 32 52 
11 12 30 31 32 52 
7 8 
2 10 11 12 30 31 32 
2 10 11 12 30 31 52 
2 10 11 12 30 32 52 
2 10 11 12 31 32 52 
2 10 11 30 31 32 52 
2 10 12 30 31 32 52 
2 11 12 30 31 32 52 
10 11 12 30 31 32 52 
8 1 
2 10 11 12 30 31 32 52 
3
0 1 

1 4 
3 
15 
16 
38 
2 8 
3 15 
3 16 
3 38 
14 36 
15 16 
15 38 
16 38 
37 56 
3 12 
3 14 36 
3 15 16 
3 15 38 
3 16 38 
3 37 56 
14 15 36 
14 16 36 
14 36 38 
15 16 38 
15 37 56 
16 37 56 
37 38 56 
4 14 
3 14 15 36 
3 14 16 36 
3 14 36 38 
3 15 16 38 
3 15 37 56 
3 16 37 56 
3 37 38 56 
14 15 16 36 
14 15 36 38 
14 16 36 38 
14 36 37 56 
15 16 37 56 
15 37 38 56 
16 37 38 56 
5 12 
3 14 15 16 36 
3 14 15 36 38 
3 14 16 36 38 
3 14 36 37 56 
3 15 16 37 56 
3 15 37 38 56 
3 16 37 38 56 
14 15 16 36 38 
14 15 36 37 56 
14 16 36 37 56 
14 36 37 38 56 
15 16 37 38 56 
6 8 
3 14 15 16 36 38 
3 14 15 36 37 56 
3 14 16 36 37 56 
3 14 36 37 38 56 
3 15 16 37 38 56 
14 15 16 36 37 56 
14 15 36 37 38 56 
14 16 36 37 38 56 
7 4 
3 14 15 16 36 37 56 
3 14 15 36 37 38 56 
3 14 16 36 37 38 56 
14 15 16 36 37 38 56 
8 1 
3 14 15 16 36 37 38 56 
4
0 1 

1 8 
4 
17 
18 
19 
39 
40 
41 
57 
2 28 
4 17 
4 18 
4 19 
4 39 
4 40 
4 41 
4 57 
17 18 
17 19 
17 39 
17 40 
17 41 
17 57 
18 19 
18 39 
18 40 
18 41 
18 57 
19 39 
19 40 
19 41 
19 57 
39 40 
39 41 
39 57 
40 41 
40 57 
41 57 
3 56 
4 17 18 
4 17 19 
4 17 39 
4 17 40 
4 17 41 
4 17 57 
4 18 19 
4 18 39 
4 18 40 
4 18 41 
4 18 57 
4 19 39 
4 19 40 
4 19 41 
4 19 57 
4 39 40 
4 39 41 
4 39 57 
4 40 41 
4 40 57 
4 41 57 
17 18 19 
17 18 39 
17 18 40 
17 18 41 
17 18 57 
17 19 39 
17 19 40 
17 19 41 
17 19 57 
17 39 40 
17 39 41 
17 39 57 
17 40 41 
17 40 57 
17 41 57 
18 19 39 
18 19 40 
18 19 41 
18 19 57 
18 39 40 
18 39 41 
18 39 57 
18 40 41 
18 40 57 
18 41 57 
19 39 40 
19 39 41 
19 39 57 
19 40 41 
19 40 57 
19 41 57 
39 40 41 
39 40 57 
39 41 57 
40 41 57 
4 70 
4 17 18 19 
4 17 18 39 
4 17 18 40 
4 17 18 41 
4 17 18 57 
4 17 19 39 
4 17 19 40 
4 17 19 41 
4 17 19 57 
4 17 39 40 
4 17 39 41 
4 17 39 57 
4 17 40 41 
4 17 40 57 
4 17 41 57 
4 18 19 39 
4 18 19 40 
4 18 19 41 
4 18 19 57 
4 18 39 40 
4 18 39 41 
4 18 39 57 
4 18 40 41 
4 18 40 57 
4 18 41 57 
4 19 39 40 
4 19 39 41 
4 19 39 57 
4 19 40 41 
4 19 40 57 
4 19 41 57 
4 39 40 41 
4 39 40 57 
4 39 41 57 
4 40 41 57 
17 18 19 39 
17 18 19 40 
17 18 19 41 
17 18 19 57 
17 18 39 40 
17 18 39 41 
17 18 39 57 
17 18 40 41 
17 18 40 57 
17 18 41 57 
17 19 39 40 
17 19 39 41 
17 19 39 57 
17 19 40 41 
17 19 40 57 
17 19 41 57 
17 39 40 41 
17 39 40 57 
17 39 41 57 
17 40 41 57 
18 19 39 40 
18 19 39 41 
18 19 39 57 
18 19 40 41 
18 19 40 57 
18 19 41 57 
18 39 40 41 
18 39 40 57 
18 39 41 57 
18 40 41 57 
19 39 40 41 
19 39 40 57 
19 39 41 57 
19 40 41 57 
39 40 41 57 
5 56 
4 17 18 19 39 
4 17 18 19 40 
4 17 18 19 41 
4 17 18 19 57 
4 17 18 39 40 
4 17 18 39 41 
4 17 18 39 57 
4 17 18 40 41 
4 17 18 40 57 
4 17 18 41 57 
4 17 19 39 40 
4 17 19 39 41 
4 17 19 39 57 
4 17 19 40 41 
4 17 19 40 57 
4 17 19 41 57 
4 17 39 40 41 
4 17 39 40 57 
4 17 39 41 57 
4 17 40 41 57 
4 18 19 39 40 
4 18 19 39 41 
4 18 19 39 57 
4 18 19 40 41 
4 18 19 40 57 
4 18 19 41 57 
4 18 39 40 41 
4 18 39 40 57 
4 18 39 41 57 
4 18 40 41 57 
4 19 39 40 41 
4 19 39 40 57 
4 19 39 41 57 
4 19 40 41 57 
4 39 40 41 57 
17 18 19 39 40 
17 18 19 39 41 
17 18 19 39 57 
17 18 19 40 41 
17 18 19 40 57 
17 18 19 41 57 
17 18 39 40 41 
17 18 39 40 57 
17 18 39 41 57 
17 18 40 41 57 
17 19 39 40 41 
17 19 39 40 57 
17 19 39 41 57 
17 19 40 41 57 
17 39 40 41 57 
18 19 39 40 41 
18 19 39 40 57 
18 19 39 41 57 
18 19 40 41 57 
18 39 40 41 57 
19 39 40 41 57 
6 28 
4 17 18 19 39 40 
4 17 18 19 39 41 
4 17 18 19 39 57 
4 17 18 19 40 41 
4 17 18 19 40 57 
4 17 18 19 41 57 
4 17 18 39 40 41 
4 17 18 39 40 57 
4 17 18 39 41 57 
4 17 18 40 41 57 
4 17 19 39 40 41 
4 17 19 39 40 57 
4 17 19 39 41 57 
4 17 19 40 41 57 
4 17 39 40 41 57 
4 18 19 39 40 41 
4 18 19 39 40 57 
4 18 19 39 41 57 
4 18 19 40 41 57 
4 18 39 40 41 57 
4 19 39 40 41 57 
17 18 19 39 40 41 
17 18 19 39 40 57 
17 18 19 39 41 57 
17 18 19 40 41 57 
17 18 39 40 41 57 
17 19 39 40 41 57 
18 19 39 40 41 57 
7 8 
4 17 18 19 39 40 41 
4 17 18 19 39 40 57 
4 17 18 19 39 41 57 
4 17 18 19 40 41 57 
4 17 18 39 40 41 57 
4 17 19 39 40 41 57 
4 18 19 39 40 41 57 
17 18 19 39 40 41 57 
8 1 
4 17 18 19 39 40 41 57 
5
0 1 

1 4 
24 
46 
47 
61 
2 8 
8 25 
24 46 
24 47 
24 61 
26 48 
46 47 
46 61 
47 61 
3 12 
8 24 25 
8 25 46 
8 25 47 
8 25 61 
24 26 48 
24 46 47 
24 46 61 
24 47 61 
26 46 48 
26 47 48 
26 48 61 
46 47 61 
4 14 
8 24 25 46 
8 24 25 47 
8 24 25 61 
8 25 26 48 
8 25 46 47 
8 25 46 61 
8 25 47 61 
24 26 46 48 
24 26 47 48 
24 26 48 61 
24 46 47 61 
26 46 47 48 
26 46 48 61 
26 47 48 61 
5 12 
8 24 25 26 48 
8 24 25 46 47 
8 24 25 46 61 
8 24 25 47 61 
8 25 26 46 48 
8 25 26 47 48 
8 25 26 48 61 
8 25 46 47 61 
24 26 46 47 48 
24 26 46 48 61 
24 26 47 48 61 
26 46 47 48 61 
6 8 
8 24 25 26 46 48 
8 24 25 26 47 48 
8 24 25 26 48 61 
8 24 25 46 47 61 
8 25 26 46 47 48 
8 25 26 46 48 61 
8 25 26 47 48 61 
24 26 46 47 48 61 
7 4 
8 24 25 26 46 47 48 
8 24 25 26 46 48 61 
8 24 25 26 47 48 61 
8 25 26 46 47 48 61 
8 1 
8 24 25 26 46 47 48 61 
6
0 1 

1 1 

2 4 
9 29 
27 50 
28 51 
49 62 
3 1 

4 6 
9 27 29 50 
9 28 29 51 
9 29 49 62 
27 28 50 51 
27 49 50 62 
28 49 51 62 
5 1 

6 4 
9 27 28 29 50 51 
9 27 29 49 50 62 
9 28 29 49 51 62 
27 28 49 50 51 62 
7 1 

8 1 
9 27 28 29 49 50 51 62 
7
0 1 

1 4 
13 
34 
35 
55 
2 8 
13 34 
13 35 
13 55 
33 53 
34 35 
34 55 
35 55 
54 63 
3 12 
13 33 53 
13 34 35 
13 34 55 
13 35 55 
13 54 63 
33 34 53 
33 35 53 
33 53 55 
34 35 55 
34 54 63 
35 54 63 
54 55 63 
4 14 
13 33 34 53 
13 33 35 53 
13 33 53 55 
13 34 35 55 
13 34 54 63 
13 35 54 63 
13 54 55 63 
33 34 35 53 
33 34 53 55 
33 35 53 55 
33 53 54 63 
34 35 54 63 
34 54 55 63 
35 54 55 63 
5 12 
13 33 34 35 53 
13 33 34 53 55 
13 33 35 53 55 
13 33 53 54 63 
13 34 35 54 63 
13 34 54 55 63 
13 35 54 55 63 
33 34 35 53 55 
33 34 53 54 63 
33 35 53 54 63 
33 53 54 55 63 
34 35 54 55 63 
6 8 
13 33 34 35 53 55 
13 33 34 53 54 63 
13 33 35 53 54 63 
13 33 53 54 55 63 
13 34 35 54 55 63 
33 34 35 53 54 63 
33 34 53 54 55 63 
33 35 53 54 55 63 
7 4 
13 33 34 35 53 54 63 
13 33 34 53 54 55 63 
13 33 35 53 54 55 63 
33 34 35 53 54 55 63 
8 1 
13 33 34 35 53 54 55 63 
8
0 1 

1 1 

2 4 
23 60 
43 59 
44 45 
58 64 
3 1 

4 6 
23 43 59 60 
23 44 45 60 
23 58 60 64 
43 44 45 59 
43 58 59 64 
44 45 58 64 
5 1 

6 4 
23 43 44 45 59 60 
23 43 58 59 60 64 
23 44 45 58 60 64 
43 44 45 58 59 64 
7 1 

8 1 
23 43 44 45 58 59 60 64 
