//Table for grp 262:
57
0 0 2 2 4 4 2 4 
0 0 2 4 4 2 4 2 
0 0 4 2 2 4 4 2 
0 0 4 4 2 2 2 4 
0 2 0 2 4 2 4 4 
0 2 0 4 4 4 2 2 
0 2 2 0 2 4 4 4 
0 2 2 2 2 2 2 6 
0 2 2 2 2 2 6 2 
0 2 2 2 2 6 2 2 
0 2 2 2 6 2 2 2 
0 2 2 4 2 0 4 4 
0 2 2 4 2 4 0 4 
0 2 2 4 2 4 4 0 
0 2 2 6 2 2 2 2 
0 2 4 0 4 4 2 2 
0 2 4 2 0 2 4 4 
0 2 4 2 4 2 0 4 
0 2 4 2 4 2 4 0 
0 2 4 4 0 4 2 2 
0 2 4 4 4 0 2 2 
0 2 6 2 2 2 2 2 
0 4 0 2 2 4 4 2 
0 4 0 4 2 2 2 4 
0 4 2 0 4 2 4 2 
0 4 2 2 0 4 2 4 
0 4 2 2 4 0 2 4 
0 4 2 2 4 4 2 0 
0 4 2 4 0 2 4 2 
0 4 2 4 4 2 0 2 
0 4 4 0 2 2 2 4 
0 4 4 2 2 0 4 2 
0 4 4 2 2 4 0 2 
0 4 4 4 2 2 2 0 
0 6 2 2 2 2 2 2 
2 0 2 2 2 2 4 4 
2 0 2 4 2 4 2 2 
2 0 4 2 4 2 2 2 
2 2 0 2 2 4 2 4 
2 2 0 4 2 2 4 2 
2 2 2 0 4 2 2 4 
2 2 2 2 0 4 4 2 
2 2 2 2 4 0 4 2 
2 2 2 2 4 4 0 2 
2 2 2 4 0 2 2 4 
2 2 2 4 4 2 2 0 
2 2 4 0 2 2 4 2 
2 2 4 2 2 0 2 4 
2 2 4 2 2 4 2 0 
2 2 4 4 2 2 0 2 
2 4 0 2 4 2 2 2 
2 4 2 0 2 4 2 2 
2 4 2 2 2 2 0 4 
2 4 2 2 2 2 4 0 
2 4 2 4 2 0 2 2 
2 4 4 2 0 2 2 2 
4 2 2 2 2 2 2 2 
1 2 3 4 5 6 7 8 9 10 11 12 13 14 15 16 17 18 19 20 21 22 23 24 25 26 27 28 29 30 31 32 33 34 35 36 37 38 39 40 41 42 43 44 45 46 47 48 49 50 51 52 53 54 55 56 57 58 59 60 61 62 63 64 
2 7 8 9 10 11 12 16 19 21 22 1 23 24 25 26 27 28 29 30 31 32 35 37 38 3 40 41 4 42 5 6 43 44 45 46 47 48 49 50 51 52 54 55 13 56 14 15 57 17 18 20 58 59 60 61 62 63 33 34 36 39 64 53 
3 26 7 13 14 15 16 2 45 47 48 8 19 21 22 1 33 34 35 36 37 38 9 10 11 12 59 60 23 61 24 25 40 41 4 42 5 6 53 54 55 56 27 28 29 30 31 32 64 43 44 46 57 17 18 20 63 49 50 51 52 58 39 62 
4 9 13 1 17 18 19 23 2 27 28 29 3 33 34 35 5 6 7 39 40 41 8 43 44 45 10 11 12 49 50 51 14 15 16 53 54 55 20 21 22 57 24 25 26 58 59 60 30 31 32 62 36 37 38 63 42 46 47 48 64 52 56 61 
5 10 14 17 1 20 21 24 27 2 30 31 33 3 36 37 4 39 40 6 7 42 43 8 46 47 9 49 50 11 12 52 13 53 54 15 16 56 18 19 57 22 23 58 59 25 26 61 28 29 62 32 34 35 63 38 41 44 45 64 48 51 55 60 
6 11 15 18 20 1 22 25 28 30 2 32 34 36 3 38 39 4 41 5 42 7 44 46 8 48 49 9 51 10 52 12 53 13 55 14 56 16 17 57 19 21 58 23 60 24 61 26 27 62 29 31 33 63 35 37 40 43 64 45 47 50 54 59 
7 12 16 19 21 22 1 26 29 31 32 2 35 37 38 3 40 41 4 42 5 6 45 47 48 8 50 51 9 52 10 11 54 55 13 56 14 15 57 17 18 20 59 60 23 61 24 25 62 27 28 30 63 33 34 36 39 64 43 44 46 49 53 58 
8 3 12 23 24 25 26 7 13 14 15 16 29 31 32 2 43 44 45 46 47 48 19 21 22 1 33 34 35 36 37 38 50 51 9 52 10 11 58 59 60 61 40 41 4 42 5 6 53 54 55 56 62 27 28 30 64 57 17 18 20 63 49 39 
9 19 23 2 27 28 29 35 7 40 41 4 8 43 44 45 10 11 12 49 50 51 16 54 55 13 21 22 1 57 17 18 24 25 26 58 59 60 30 31 32 62 37 38 3 63 33 34 42 5 6 39 46 47 48 64 52 56 14 15 53 20 61 36 
10 21 24 27 2 30 31 37 40 7 42 5 43 8 46 47 9 49 50 11 12 52 54 16 56 14 19 57 17 22 1 20 23 58 59 25 26 61 28 29 62 32 35 63 33 38 3 36 41 4 39 6 44 45 64 48 51 55 13 53 15 18 60 34 
11 22 25 28 30 2 32 38 41 42 7 6 44 46 8 48 49 9 51 10 52 12 55 56 16 15 57 19 18 21 20 1 58 23 60 24 61 26 27 62 29 31 63 35 34 37 36 3 40 39 4 5 43 64 45 47 50 54 53 13 14 17 59 33 
12 1 26 29 31 32 2 3 4 5 6 7 45 47 48 8 50 51 9 52 10 11 13 14 15 16 17 18 19 20 21 22 59 60 23 61 24 25 62 27 28 30 33 34 35 36 37 38 39 40 41 42 64 43 44 46 49 53 54 55 56 57 58 63 
13 45 19 3 33 34 35 9 26 59 60 23 7 40 41 4 14 15 16 53 54 55 2 27 28 29 47 48 8 64 43 44 21 22 1 57 17 18 36 37 38 63 10 11 12 49 50 51 61 24 25 58 42 5 6 39 56 30 31 32 62 46 20 52 
14 47 21 33 3 36 37 10 59 26 61 24 40 7 42 5 13 53 54 15 16 56 27 2 30 31 45 64 43 48 8 46 19 57 17 22 1 20 34 35 63 38 9 49 50 11 12 52 60 23 58 25 41 4 39 6 55 28 29 62 32 44 18 51 
15 48 22 34 36 3 38 11 60 61 26 25 41 42 7 6 53 13 55 14 56 16 28 30 2 32 64 45 44 47 46 8 57 19 18 21 20 1 33 63 35 37 49 9 51 10 52 12 59 58 23 24 40 39 4 5 54 27 62 29 31 43 17 50 
16 8 1 35 37 38 3 12 23 24 25 26 4 5 6 7 54 55 13 56 14 15 29 31 32 2 43 44 45 46 47 48 17 18 19 20 21 22 63 33 34 36 50 51 9 52 10 11 58 59 60 61 39 40 41 42 53 62 27 28 30 64 57 49 
17 27 33 5 4 39 40 43 10 9 49 50 14 13 53 54 1 20 21 18 19 57 24 23 58 59 2 30 31 28 29 62 3 36 37 34 35 63 6 7 42 41 8 46 47 44 45 64 11 12 52 51 15 16 56 55 22 25 26 61 60 32 38 48 
18 28 34 6 39 4 41 44 11 49 9 51 15 53 13 55 20 1 22 17 57 19 25 58 23 60 30 2 32 27 62 29 36 3 38 33 63 35 5 42 7 40 46 8 48 43 64 45 10 52 12 50 14 56 16 54 21 24 61 26 59 31 37 47 
19 29 35 7 40 41 4 45 12 50 51 9 16 54 55 13 21 22 1 57 17 18 26 59 60 23 31 32 2 62 27 28 37 38 3 63 33 34 42 5 6 39 47 48 8 64 43 44 52 10 11 49 56 14 15 53 20 61 24 25 58 30 36 46 
20 30 36 39 6 5 42 46 49 11 10 52 53 15 14 56 18 17 57 1 22 21 58 25 24 61 28 27 62 2 32 31 34 33 63 3 38 37 4 41 40 7 44 43 64 8 48 47 9 51 50 12 13 55 54 16 19 23 60 59 26 29 35 45 
21 31 37 40 7 42 5 47 50 12 52 10 54 16 56 14 19 57 17 22 1 20 59 26 61 24 29 62 27 32 2 30 35 63 33 38 3 36 41 4 39 6 45 64 43 48 8 46 51 9 49 11 55 13 53 15 18 60 23 58 25 28 34 44 
22 32 38 41 42 7 6 48 51 52 12 11 55 56 16 15 57 19 18 21 20 1 60 61 26 25 62 29 28 31 30 2 63 35 34 37 36 3 40 39 4 5 64 45 44 47 46 8 50 49 9 10 54 53 13 14 17 59 58 23 24 27 33 43 
23 13 29 8 43 44 45 19 3 33 34 35 12 50 51 9 24 25 26 58 59 60 7 40 41 4 14 15 16 53 54 55 31 32 2 62 27 28 46 47 48 64 21 22 1 57 17 18 36 37 38 63 52 10 11 49 61 42 5 6 39 56 30 20 
24 14 31 43 8 46 47 21 33 3 36 37 50 12 52 10 23 58 59 25 26 61 40 7 42 5 13 53 54 15 16 56 29 62 27 32 2 30 44 45 64 48 19 57 17 22 1 20 34 35 63 38 51 9 49 11 60 41 4 39 6 55 28 18 
25 15 32 44 46 8 48 22 34 36 3 38 51 52 12 11 58 23 60 24 61 26 41 42 7 6 53 13 55 14 56 16 62 29 28 31 30 2 43 64 45 47 57 19 18 21 20 1 33 63 35 37 50 49 9 10 59 40 39 4 5 54 27 17 
26 16 2 45 47 48 8 1 35 37 38 3 9 10 11 12 59 60 23 61 24 25 4 5 6 7 54 55 13 56 14 15 27 28 29 30 31 32 64 43 44 46 17 18 19 20 21 22 63 33 34 36 49 50 51 52 58 39 40 41 42 53 62 57 
27 40 43 10 9 49 50 54 21 19 57 17 24 23 58 59 2 30 31 28 29 62 37 35 63 33 7 42 5 41 4 39 8 46 47 44 45 64 11 12 52 51 16 56 14 55 13 53 22 1 20 18 25 26 61 60 32 38 3 36 34 6 48 15 
28 41 44 11 49 9 51 55 22 57 19 18 25 58 23 60 30 2 32 27 62 29 38 63 35 34 42 7 6 40 39 4 46 8 48 43 64 45 10 52 12 50 56 16 15 54 53 13 21 20 1 17 24 61 26 59 31 37 36 3 33 5 47 14 
29 4 45 12 50 51 9 13 1 17 18 19 26 59 60 23 31 32 2 62 27 28 3 33 34 35 5 6 7 39 40 41 47 48 8 64 43 44 52 10 11 49 14 15 16 53 54 55 20 21 22 57 61 24 25 58 30 36 37 38 63 42 46 56 
30 42 46 49 11 10 52 56 57 22 21 20 58 25 24 61 28 27 62 2 32 31 63 38 37 36 41 40 39 7 6 5 44 43 64 8 48 47 9 51 50 12 55 54 53 16 15 14 19 18 17 1 23 60 59 26 29 35 34 33 3 4 45 13 
31 5 47 50 12 52 10 14 17 1 20 21 59 26 61 24 29 62 27 32 2 30 33 3 36 37 4 39 40 6 7 42 45 64 43 48 8 46 51 9 49 11 13 53 54 15 16 56 18 19 57 22 60 23 58 25 28 34 35 63 38 41 44 55 
32 6 48 51 52 12 11 15 18 20 1 22 60 61 26 25 62 29 28 31 30 2 34 36 3 38 39 4 41 5 42 7 64 45 44 47 46 8 50 49 9 10 53 13 55 14 56 16 17 57 19 21 59 58 23 24 27 33 63 35 37 40 43 54 
33 59 40 14 13 53 54 27 47 45 64 43 21 19 57 17 3 36 37 34 35 63 10 9 49 50 26 61 24 60 23 58 7 42 5 41 4 39 15 16 56 55 2 30 31 28 29 62 48 8 46 44 22 1 20 18 38 11 12 52 51 25 6 32 
34 60 41 15 53 13 55 28 48 64 45 44 22 57 19 18 36 3 38 33 63 35 11 49 9 51 61 26 25 59 58 23 42 7 6 40 39 4 14 56 16 54 30 2 32 27 62 29 47 46 8 43 21 20 1 17 37 10 52 12 50 24 5 31 
35 23 4 16 54 55 13 29 8 43 44 45 1 17 18 19 37 38 3 63 33 34 12 50 51 9 24 25 26 58 59 60 5 6 7 39 40 41 56 14 15 53 31 32 2 62 27 28 46 47 48 64 20 21 22 57 36 52 10 11 49 61 42 30 
36 61 42 53 15 14 56 30 64 48 47 46 57 22 21 20 34 33 63 3 38 37 49 11 10 52 60 59 58 26 25 24 41 40 39 7 6 5 13 55 54 16 28 27 62 2 32 31 45 44 43 8 19 18 17 1 35 9 51 50 12 23 4 29 
37 24 5 54 16 56 14 31 43 8 46 47 17 1 20 21 35 63 33 38 3 36 50 12 52 10 23 58 59 25 26 61 4 39 40 6 7 42 55 13 53 15 29 62 27 32 2 30 44 45 64 48 18 19 57 22 34 51 9 49 11 60 41 28 
38 25 6 55 56 16 15 32 44 46 8 48 18 20 1 22 63 35 34 37 36 3 51 52 12 11 58 23 60 24 61 26 39 4 41 5 42 7 54 53 13 14 62 29 28 31 30 2 43 64 45 47 17 57 19 21 33 50 49 9 10 59 40 27 
39 49 53 20 18 17 57 58 30 28 27 62 36 34 33 63 6 5 42 4 41 40 46 44 43 64 11 10 52 9 51 50 15 14 56 13 55 54 1 22 21 19 25 24 61 23 60 59 2 32 31 29 3 38 37 35 7 8 48 47 45 12 16 26 
40 50 54 21 19 57 17 59 31 29 62 27 37 35 63 33 7 42 5 41 4 39 47 45 64 43 12 52 10 51 9 49 16 56 14 55 13 53 22 1 20 18 26 61 24 60 23 58 32 2 30 28 38 3 36 34 6 48 8 46 44 11 15 25 
41 51 55 22 57 19 18 60 32 62 29 28 38 63 35 34 42 7 6 40 39 4 48 64 45 44 52 12 11 50 49 9 56 16 15 54 53 13 21 20 1 17 61 26 25 59 58 23 31 30 2 27 37 36 3 33 5 47 46 8 43 10 14 24 
42 52 56 57 22 21 20 61 62 32 31 30 63 38 37 36 41 40 39 7 6 5 64 48 47 46 51 50 49 12 11 10 55 54 53 16 15 14 19 18 17 1 60 59 58 26 25 24 29 28 27 2 35 34 33 3 4 45 44 43 8 9 13 23 
43 33 50 24 23 58 59 40 14 13 53 54 31 29 62 27 8 46 47 44 45 64 21 19 57 17 3 36 37 34 35 63 12 52 10 51 9 49 25 26 61 60 7 42 5 41 4 39 15 16 56 55 32 2 30 28 48 22 1 20 18 38 11 6 
44 34 51 25 58 23 60 41 15 53 13 55 32 62 29 28 46 8 48 43 64 45 22 57 19 18 36 3 38 33 63 35 52 12 11 50 49 9 24 61 26 59 42 7 6 40 39 4 14 56 16 54 31 30 2 27 47 21 20 1 17 37 10 5 
45 35 9 26 59 60 23 4 16 54 55 13 2 27 28 29 47 48 8 64 43 44 1 17 18 19 37 38 3 63 33 34 10 11 12 49 50 51 61 24 25 58 5 6 7 39 40 41 56 14 15 53 30 31 32 62 46 20 21 22 57 36 52 42 
46 36 52 58 25 24 61 42 53 15 14 56 62 32 31 30 44 43 64 8 48 47 57 22 21 20 34 33 63 3 38 37 51 50 49 12 11 10 23 60 59 26 41 40 39 7 6 5 13 55 54 16 29 28 27 2 45 19 18 17 1 35 9 4 
47 37 10 59 26 61 24 5 54 16 56 14 27 2 30 31 45 64 43 48 8 46 17 1 20 21 35 63 33 38 3 36 9 49 50 11 12 52 60 23 58 25 4 39 40 6 7 42 55 13 53 15 28 29 62 32 44 18 19 57 22 34 51 41 
48 38 11 60 61 26 25 6 55 56 16 15 28 30 2 32 64 45 44 47 46 8 18 20 1 22 63 35 34 37 36 3 49 9 51 10 52 12 59 58 23 24 39 4 41 5 42 7 54 53 13 14 27 62 29 31 43 17 57 19 21 33 50 40 
49 57 58 30 28 27 62 63 42 41 40 39 46 44 43 64 11 10 52 9 51 50 56 55 54 53 22 21 20 19 18 17 25 24 61 23 60 59 2 32 31 29 38 37 36 35 34 33 7 6 5 4 8 48 47 45 12 16 15 14 13 1 26 3 
50 17 59 31 29 62 27 33 5 4 39 40 47 45 64 43 12 52 10 51 9 49 14 13 53 54 1 20 21 18 19 57 26 61 24 60 23 58 32 2 30 28 3 36 37 34 35 63 6 7 42 41 48 8 46 44 11 15 16 56 55 22 25 38 
51 18 60 32 62 29 28 34 6 39 4 41 48 64 45 44 52 12 11 50 49 9 15 53 13 55 20 1 22 17 57 19 61 26 25 59 58 23 31 30 2 27 36 3 38 33 63 35 5 42 7 40 47 46 8 43 10 14 56 16 54 21 24 37 
52 20 61 62 32 31 30 36 39 6 5 42 64 48 47 46 51 50 49 12 11 10 53 15 14 56 18 17 57 1 22 21 60 59 58 26 25 24 29 28 27 2 34 33 63 3 38 37 4 41 40 7 45 44 43 8 9 13 55 54 16 19 23 35 
53 64 57 36 34 33 63 49 61 60 59 58 42 41 40 39 15 14 56 13 55 54 30 28 27 62 48 47 46 45 44 43 22 21 20 19 18 17 3 38 37 35 11 10 52 9 51 50 26 25 24 23 7 6 5 4 16 2 32 31 29 8 1 12 
54 43 17 37 35 63 33 50 24 23 58 59 5 4 39 40 16 56 14 55 13 53 31 29 62 27 8 46 47 44 45 64 1 20 21 18 19 57 38 3 36 34 12 52 10 51 9 49 25 26 61 60 6 7 42 41 15 32 2 30 28 48 22 11 
55 44 18 38 63 35 34 51 25 58 23 60 6 39 4 41 56 16 15 54 53 13 32 62 29 28 46 8 48 43 64 45 20 1 22 17 57 19 37 36 3 33 52 12 11 50 49 9 24 61 26 59 5 42 7 40 14 31 30 2 27 47 21 10 
56 46 20 63 38 37 36 52 58 25 24 61 39 6 5 42 55 54 53 16 15 14 62 32 31 30 44 43 64 8 48 47 18 17 57 1 22 21 35 34 33 3 51 50 49 12 11 10 23 60 59 26 4 41 40 7 13 29 28 27 2 45 19 9 
57 62 63 42 41 40 39 64 52 51 50 49 56 55 54 53 22 21 20 19 18 17 61 60 59 58 32 31 30 29 28 27 38 37 36 35 34 33 7 6 5 4 48 47 46 45 44 43 12 11 10 9 16 15 14 13 1 26 25 24 23 2 3 8 
58 53 62 46 44 43 64 57 36 34 33 63 52 51 50 49 25 24 61 23 60 59 42 41 40 39 15 14 56 13 55 54 32 31 30 29 28 27 8 48 47 45 22 21 20 19 18 17 3 38 37 35 12 11 10 9 26 7 6 5 4 16 2 1 
59 54 27 47 45 64 43 17 37 35 63 33 10 9 49 50 26 61 24 60 23 58 5 4 39 40 16 56 14 55 13 53 2 30 31 28 29 62 48 8 46 44 1 20 21 18 19 57 38 3 36 34 11 12 52 51 25 6 7 42 41 15 32 22 
60 55 28 48 64 45 44 18 38 63 35 34 11 49 9 51 61 26 25 59 58 23 6 39 4 41 56 16 15 54 53 13 30 2 32 27 62 29 47 46 8 43 20 1 22 17 57 19 37 36 3 33 10 52 12 50 24 5 42 7 40 14 31 21 
61 56 30 64 48 47 46 20 63 38 37 36 49 11 10 52 60 59 58 26 25 24 39 6 5 42 55 54 53 16 15 14 28 27 62 2 32 31 45 44 43 8 18 17 57 1 22 21 35 34 33 3 9 51 50 12 23 4 41 40 7 13 29 19 
62 39 64 52 51 50 49 53 20 18 17 57 61 60 59 58 32 31 30 29 28 27 36 34 33 63 6 5 42 4 41 40 48 47 46 45 44 43 12 11 10 9 15 14 56 13 55 54 1 22 21 19 26 25 24 23 2 3 38 37 35 7 8 16 
63 58 39 56 55 54 53 62 46 44 43 64 20 18 17 57 38 37 36 35 34 33 52 51 50 49 25 24 61 23 60 59 6 5 42 4 41 40 16 15 14 13 32 31 30 29 28 27 8 48 47 45 1 22 21 19 3 12 11 10 9 26 7 2 
64 63 49 61 60 59 58 39 56 55 54 53 30 28 27 62 48 47 46 45 44 43 20 18 17 57 38 37 36 35 34 33 11 10 52 9 51 50 26 25 24 23 6 5 42 4 41 40 16 15 14 13 2 32 31 29 8 1 22 21 19 3 12 7 
1
0 1 

1 4 
1 
6 
7 
22 
2 8 
1 6 
1 7 
1 22 
2 12 
6 7 
6 22 
7 22 
11 32 
3 12 
1 2 12 
1 6 7 
1 6 22 
1 7 22 
1 11 32 
2 6 12 
2 7 12 
2 12 22 
6 7 22 
6 11 32 
7 11 32 
11 22 32 
4 14 
1 2 6 12 
1 2 7 12 
1 2 12 22 
1 6 7 22 
1 6 11 32 
1 7 11 32 
1 11 22 32 
2 6 7 12 
2 6 12 22 
2 7 12 22 
2 11 12 32 
6 7 11 32 
6 11 22 32 
7 11 22 32 
5 12 
1 2 6 7 12 
1 2 6 12 22 
1 2 7 12 22 
1 2 11 12 32 
1 6 7 11 32 
1 6 11 22 32 
1 7 11 22 32 
2 6 7 12 22 
2 6 11 12 32 
2 7 11 12 32 
2 11 12 22 32 
6 7 11 22 32 
6 8 
1 2 6 7 12 22 
1 2 6 11 12 32 
1 2 7 11 12 32 
1 2 11 12 22 32 
1 6 7 11 22 32 
2 6 7 11 12 32 
2 6 11 12 22 32 
2 7 11 12 22 32 
7 4 
1 2 6 7 11 12 32 
1 2 6 11 12 22 32 
1 2 7 11 12 22 32 
2 6 7 11 12 22 32 
8 1 
1 2 6 7 11 12 22 32 
2
0 1 

1 1 

2 4 
3 16 
8 26 
15 38 
25 48 
3 1 

4 6 
3 8 16 26 
3 15 16 38 
3 16 25 48 
8 15 26 38 
8 25 26 48 
15 25 38 48 
5 1 

6 4 
3 8 15 16 26 38 
3 8 16 25 26 48 
3 15 16 25 38 48 
8 15 25 26 38 48 
7 1 

8 1 
3 8 15 16 25 26 38 48 
3
0 1 

1 4 
4 
18 
19 
41 
2 8 
4 18 
4 19 
4 41 
9 29 
18 19 
18 41 
19 41 
28 51 
3 12 
4 9 29 
4 18 19 
4 18 41 
4 19 41 
4 28 51 
9 18 29 
9 19 29 
9 29 41 
18 19 41 
18 28 51 
19 28 51 
28 41 51 
4 14 
4 9 18 29 
4 9 19 29 
4 9 29 41 
4 18 19 41 
4 18 28 51 
4 19 28 51 
4 28 41 51 
9 18 19 29 
9 18 29 41 
9 19 29 41 
9 28 29 51 
18 19 28 51 
18 28 41 51 
19 28 41 51 
5 12 
4 9 18 19 29 
4 9 18 29 41 
4 9 19 29 41 
4 9 28 29 51 
4 18 19 28 51 
4 18 28 41 51 
4 19 28 41 51 
9 18 19 29 41 
9 18 28 29 51 
9 19 28 29 51 
9 28 29 41 51 
18 19 28 41 51 
6 8 
4 9 18 19 29 41 
4 9 18 28 29 51 
4 9 19 28 29 51 
4 9 28 29 41 51 
4 18 19 28 41 51 
9 18 19 28 29 51 
9 18 28 29 41 51 
9 19 28 29 41 51 
7 4 
4 9 18 19 28 29 51 
4 9 18 28 29 41 51 
4 9 19 28 29 41 51 
9 18 19 28 29 41 51 
8 1 
4 9 18 19 28 29 41 51 
4
0 1 

1 4 
5 
20 
21 
42 
2 8 
5 20 
5 21 
5 42 
10 31 
20 21 
20 42 
21 42 
30 52 
3 12 
5 10 31 
5 20 21 
5 20 42 
5 21 42 
5 30 52 
10 20 31 
10 21 31 
10 31 42 
20 21 42 
20 30 52 
21 30 52 
30 42 52 
4 14 
5 10 20 31 
5 10 21 31 
5 10 31 42 
5 20 21 42 
5 20 30 52 
5 21 30 52 
5 30 42 52 
10 20 21 31 
10 20 31 42 
10 21 31 42 
10 30 31 52 
20 21 30 52 
20 30 42 52 
21 30 42 52 
5 12 
5 10 20 21 31 
5 10 20 31 42 
5 10 21 31 42 
5 10 30 31 52 
5 20 21 30 52 
5 20 30 42 52 
5 21 30 42 52 
10 20 21 31 42 
10 20 30 31 52 
10 21 30 31 52 
10 30 31 42 52 
20 21 30 42 52 
6 8 
5 10 20 21 31 42 
5 10 20 30 31 52 
5 10 21 30 31 52 
5 10 30 31 42 52 
5 20 21 30 42 52 
10 20 21 30 31 52 
10 20 30 31 42 52 
10 21 30 31 42 52 
7 4 
5 10 20 21 30 31 52 
5 10 20 30 31 42 52 
5 10 21 30 31 42 52 
10 20 21 30 31 42 52 
8 1 
5 10 20 21 30 31 42 52 
5
0 1 

1 1 

2 4 
13 35 
23 45 
34 55 
44 60 
3 1 

4 6 
13 23 35 45 
13 34 35 55 
13 35 44 60 
23 34 45 55 
23 44 45 60 
34 44 55 60 
5 1 

6 4 
13 23 34 35 45 55 
13 23 35 44 45 60 
13 34 35 44 55 60 
23 34 44 45 55 60 
7 1 

8 1 
13 23 34 35 44 45 55 60 
6
0 1 

1 1 

2 4 
14 37 
24 47 
36 56 
46 61 
3 1 

4 6 
14 24 37 47 
14 36 37 56 
14 37 46 61 
24 36 47 56 
24 46 47 61 
36 46 56 61 
5 1 

6 4 
14 24 36 37 47 56 
14 24 37 46 47 61 
14 36 37 46 56 61 
24 36 46 47 56 61 
7 1 

8 1 
14 24 36 37 46 47 56 61 
7
0 1 

1 4 
17 
39 
40 
57 
2 8 
17 39 
17 40 
17 57 
27 50 
39 40 
39 57 
40 57 
49 62 
3 12 
17 27 50 
17 39 40 
17 39 57 
17 40 57 
17 49 62 
27 39 50 
27 40 50 
27 50 57 
39 40 57 
39 49 62 
40 49 62 
49 57 62 
4 14 
17 27 39 50 
17 27 40 50 
17 27 50 57 
17 39 40 57 
17 39 49 62 
17 40 49 62 
17 49 57 62 
27 39 40 50 
27 39 50 57 
27 40 50 57 
27 49 50 62 
39 40 49 62 
39 49 57 62 
40 49 57 62 
5 12 
17 27 39 40 50 
17 27 39 50 57 
17 27 40 50 57 
17 27 49 50 62 
17 39 40 49 62 
17 39 49 57 62 
17 40 49 57 62 
27 39 40 50 57 
27 39 49 50 62 
27 40 49 50 62 
27 49 50 57 62 
39 40 49 57 62 
6 8 
17 27 39 40 50 57 
17 27 39 49 50 62 
17 27 40 49 50 62 
17 27 49 50 57 62 
17 39 40 49 57 62 
27 39 40 49 50 62 
27 39 49 50 57 62 
27 40 49 50 57 62 
7 4 
17 27 39 40 49 50 62 
17 27 39 49 50 57 62 
17 27 40 49 50 57 62 
27 39 40 49 50 57 62 
8 1 
17 27 39 40 49 50 57 62 
8
0 1 

1 1 

2 4 
33 54 
43 59 
53 63 
58 64 
3 1 

4 6 
33 43 54 59 
33 53 54 63 
33 54 58 64 
43 53 59 63 
43 58 59 64 
53 58 63 64 
5 1 

6 4 
33 43 53 54 59 63 
33 43 54 58 59 64 
33 53 54 58 63 64 
43 53 58 59 63 64 
7 1 

8 1 
33 43 53 54 58 59 63 64 
