//Table for grp 122:
57
0 0 2 2 4 4 2 4 
0 0 2 4 4 2 4 2 
0 0 4 2 2 4 4 2 
0 0 4 4 2 2 2 4 
0 2 0 2 4 2 4 4 
0 2 0 4 4 4 2 2 
0 2 2 0 2 4 4 4 
0 2 2 2 2 2 2 6 
0 2 2 2 2 2 6 2 
0 2 2 2 2 6 2 2 
0 2 2 2 6 2 2 2 
0 2 2 4 2 0 4 4 
0 2 2 4 2 4 0 4 
0 2 2 4 2 4 4 0 
0 2 2 6 2 2 2 2 
0 2 4 0 4 4 2 2 
0 2 4 2 0 2 4 4 
0 2 4 2 4 2 0 4 
0 2 4 2 4 2 4 0 
0 2 4 4 0 4 2 2 
0 2 4 4 4 0 2 2 
0 2 6 2 2 2 2 2 
0 4 0 2 2 4 4 2 
0 4 0 4 2 2 2 4 
0 4 2 0 4 2 4 2 
0 4 2 2 0 4 2 4 
0 4 2 2 4 0 2 4 
0 4 2 2 4 4 2 0 
0 4 2 4 0 2 4 2 
0 4 2 4 4 2 0 2 
0 4 4 0 2 2 2 4 
0 4 4 2 2 0 4 2 
0 4 4 2 2 4 0 2 
0 4 4 4 2 2 2 0 
0 6 2 2 2 2 2 2 
2 0 2 2 2 2 4 4 
2 0 2 4 2 4 2 2 
2 0 4 2 4 2 2 2 
2 2 0 2 2 4 2 4 
2 2 0 4 2 2 4 2 
2 2 2 0 4 2 2 4 
2 2 2 2 0 4 4 2 
2 2 2 2 4 0 4 2 
2 2 2 2 4 4 0 2 
2 2 2 4 0 2 2 4 
2 2 2 4 4 2 2 0 
2 2 4 0 2 2 4 2 
2 2 4 2 2 0 2 4 
2 2 4 2 2 4 2 0 
2 2 4 4 2 2 0 2 
2 4 0 2 4 2 2 2 
2 4 2 0 2 4 2 2 
2 4 2 2 2 2 0 4 
2 4 2 2 2 2 4 0 
2 4 2 4 2 0 2 2 
2 4 4 2 0 2 2 2 
4 2 2 2 2 2 2 2 
1 2 3 4 5 6 7 8 9 10 11 12 13 14 15 16 17 18 19 20 21 22 23 24 25 26 27 28 29 30 31 32 33 34 35 36 37 38 39 40 41 42 43 44 45 46 47 48 49 50 51 52 53 54 55 56 57 58 59 60 61 62 63 64 
2 6 8 9 10 11 12 15 18 20 1 22 23 24 25 26 27 28 29 30 31 32 34 36 3 38 39 4 41 5 42 7 43 44 45 46 47 48 49 50 51 52 53 13 55 14 56 16 17 57 19 21 58 59 60 61 62 33 63 35 37 40 64 54 
3 24 7 13 14 15 16 10 43 26 46 47 19 21 22 1 33 34 35 36 37 38 27 12 30 31 45 58 59 48 8 61 40 41 4 42 5 6 53 54 55 56 29 49 50 32 2 52 60 23 64 25 57 17 18 20 63 51 9 62 11 44 39 28 
4 29 13 6 17 18 19 45 32 50 51 9 15 33 34 35 20 1 22 39 40 41 48 59 60 23 52 12 11 62 27 28 36 3 38 53 54 55 5 42 7 57 61 26 25 64 43 44 31 30 2 49 14 56 16 63 21 47 46 8 58 10 37 24 
5 31 37 17 7 20 21 24 50 2 52 10 54 3 56 14 19 39 40 22 1 42 43 26 46 47 9 62 27 11 12 30 13 63 33 15 16 36 41 4 57 6 45 58 59 48 8 61 28 29 49 32 34 35 53 38 18 60 23 64 25 51 55 44 
6 11 15 18 20 1 22 25 28 30 2 32 34 36 3 38 39 4 41 5 42 7 44 46 8 48 49 9 51 10 52 12 53 13 55 14 56 16 17 57 19 21 58 23 60 24 61 26 27 62 29 31 33 63 35 37 40 43 64 45 47 50 54 59 
7 12 16 19 21 22 1 26 29 31 32 2 35 37 38 3 40 41 4 42 5 6 45 47 48 8 50 51 9 52 10 11 54 55 13 56 14 15 57 17 18 20 59 60 23 61 24 25 62 27 28 30 63 33 34 36 39 64 43 44 46 49 53 58 
8 36 12 23 24 25 26 20 53 38 14 56 29 31 32 2 43 44 45 46 47 48 39 22 5 42 55 33 63 16 15 37 50 51 9 52 10 11 58 59 60 61 41 17 57 7 6 21 35 34 54 3 62 27 28 30 64 19 18 40 1 13 49 4 
9 41 23 11 27 28 29 55 7 57 19 18 25 43 44 45 30 2 32 49 50 51 16 63 35 34 21 22 1 40 39 4 46 8 48 58 59 60 10 52 12 62 37 38 3 54 53 13 42 5 6 17 24 61 26 64 31 56 14 15 33 20 47 36 
10 42 47 27 12 30 31 36 57 6 21 20 59 8 61 24 29 49 50 32 2 52 53 38 14 56 18 40 39 1 22 5 23 64 43 25 26 46 51 9 62 11 55 33 63 16 15 37 4 41 17 7 44 45 58 48 28 35 34 54 3 19 60 13 
11 1 25 28 30 2 32 3 4 5 6 7 44 46 8 48 49 9 51 10 52 12 13 14 15 16 17 18 19 20 21 22 58 23 60 24 61 26 27 62 29 31 33 34 35 36 37 38 39 40 41 42 43 64 45 47 50 53 54 55 56 57 59 63 
12 22 26 29 31 32 2 38 41 42 7 6 45 47 48 8 50 51 9 52 10 11 55 56 16 15 57 19 18 21 20 1 59 60 23 61 24 25 62 27 28 30 63 35 34 37 36 3 40 39 4 5 64 43 44 46 49 54 53 13 14 17 58 33 
13 59 19 15 33 34 35 50 61 23 64 43 22 40 41 4 36 3 38 53 54 55 52 9 62 27 25 47 46 44 45 58 42 7 6 57 17 18 14 56 16 63 11 31 30 28 29 49 8 48 24 60 21 20 1 39 37 2 32 10 51 26 5 12 
14 8 5 33 16 36 37 12 23 24 25 26 17 7 20 21 35 53 54 38 3 56 29 31 32 2 43 44 45 46 47 48 19 39 40 22 1 42 55 13 63 15 50 51 9 52 10 11 58 59 60 61 41 4 57 6 34 62 27 28 30 64 18 49 
15 46 22 34 36 3 38 30 58 48 24 61 41 42 7 6 53 13 55 14 56 16 49 32 10 52 60 43 64 26 25 47 57 19 18 21 20 1 33 63 35 37 51 27 62 12 11 31 45 44 59 8 40 39 4 5 54 29 28 50 2 23 17 9 
16 47 1 35 37 38 3 31 59 8 61 24 4 5 6 7 54 55 13 56 14 15 50 2 52 10 23 64 43 25 26 46 17 18 19 20 21 22 63 33 34 36 9 62 27 11 12 30 44 45 58 48 39 40 41 42 53 28 29 49 32 60 57 51 
17 27 54 20 19 39 40 59 30 29 49 50 56 13 63 33 22 5 42 41 4 57 61 23 64 43 32 10 52 51 9 62 15 37 36 34 35 53 7 6 21 18 25 47 46 44 45 58 12 11 31 28 3 38 14 55 1 8 48 24 60 2 16 26 
18 51 34 1 39 4 41 60 12 62 29 28 3 53 13 55 5 6 7 17 57 19 26 64 45 44 31 32 2 50 49 9 14 15 16 33 63 35 20 21 22 40 47 48 8 59 58 23 52 10 11 27 36 37 38 54 42 61 24 25 43 30 56 46 
19 9 35 22 40 41 4 23 11 27 28 29 38 54 55 13 42 7 6 57 17 18 25 43 44 45 30 2 32 49 50 51 56 16 15 63 33 34 21 20 1 39 46 8 48 58 59 60 10 52 12 62 37 36 3 53 5 24 61 26 64 31 14 47 
20 52 56 39 22 5 42 46 62 11 31 30 63 15 37 36 41 17 57 7 6 21 58 48 24 61 28 50 49 2 32 10 34 54 53 3 38 14 19 18 40 1 60 43 64 26 25 47 9 51 27 12 13 55 33 16 4 45 44 59 8 29 35 23 
21 10 14 40 1 42 5 47 27 12 30 31 33 16 36 37 4 57 17 6 7 20 59 8 61 24 29 49 50 32 2 52 35 53 54 38 3 56 18 19 39 22 23 64 43 25 26 46 51 9 62 11 55 13 63 15 41 44 45 58 48 28 34 60 
22 32 38 41 42 7 6 48 51 52 12 11 55 56 16 15 57 19 18 21 20 1 60 61 26 25 62 29 28 31 30 2 63 35 34 37 36 3 40 39 4 5 64 45 44 47 46 8 50 49 9 10 54 53 13 14 17 59 58 23 24 27 33 43 
23 63 29 25 43 44 45 57 37 34 54 53 32 50 51 9 46 8 48 58 59 60 21 18 40 39 3 56 14 13 55 33 52 12 11 62 27 28 24 61 26 64 1 42 5 4 41 17 15 16 36 35 31 30 2 49 47 6 7 20 19 38 10 22 
24 15 10 43 26 46 47 22 34 36 3 38 27 12 30 31 45 58 59 48 8 61 41 42 7 6 53 13 55 14 56 16 29 49 50 32 2 52 60 23 64 25 57 19 18 21 20 1 33 63 35 37 51 9 62 11 44 40 39 4 5 54 28 17 
25 14 32 44 46 8 48 5 33 16 36 37 51 52 12 11 58 23 60 24 61 26 17 7 20 21 35 53 54 38 3 56 62 29 28 31 30 2 43 64 45 47 19 39 40 22 1 42 55 13 63 15 50 49 9 10 59 41 4 57 6 34 27 18 
26 56 2 45 47 48 8 42 63 15 37 36 9 10 11 12 59 60 23 61 24 25 57 6 21 20 34 54 53 3 38 14 27 28 29 30 31 32 64 43 44 46 18 40 39 1 22 5 13 55 33 16 49 50 51 52 58 4 41 17 7 35 62 19 
27 39 59 30 29 49 50 63 5 41 17 57 61 23 64 43 32 10 52 51 9 62 37 34 54 53 7 20 21 19 18 40 25 47 46 44 45 58 12 11 31 28 3 56 14 13 55 33 22 1 42 4 8 48 24 60 2 15 16 36 35 6 26 38 
28 19 44 2 49 9 51 35 22 40 41 4 8 58 23 60 10 11 12 27 62 29 38 54 55 13 42 7 6 57 17 18 24 25 26 43 64 45 30 31 32 50 56 16 15 63 33 34 21 20 1 39 46 47 48 59 52 37 36 3 53 5 61 14 
29 18 45 32 50 51 9 34 1 39 4 41 48 59 60 23 52 12 11 62 27 28 3 53 13 55 5 6 7 17 57 19 61 26 25 64 43 44 31 30 2 49 14 15 16 33 63 35 20 21 22 40 47 46 8 58 10 36 37 38 54 42 24 56 
30 21 61 49 32 10 52 14 40 1 42 5 64 25 47 46 51 27 62 12 11 31 33 16 36 37 4 57 17 6 7 20 44 59 58 8 48 24 29 28 50 2 35 53 54 38 3 56 18 19 39 22 23 60 43 26 9 55 13 63 15 41 45 34 
31 20 24 50 2 52 10 56 39 22 5 42 43 26 46 47 9 62 27 11 12 30 63 15 37 36 41 17 57 7 6 21 45 58 59 48 8 61 28 29 49 32 34 54 53 3 38 14 19 18 40 1 60 23 64 25 51 13 55 33 16 4 44 35 
32 7 48 51 52 12 11 16 19 21 22 1 60 61 26 25 62 29 28 31 30 2 35 37 38 3 40 41 4 42 5 6 64 45 44 47 46 8 50 49 9 10 54 55 13 56 14 15 57 17 18 20 59 58 23 24 27 63 33 34 36 39 43 53 
33 45 17 36 35 53 54 9 48 59 60 23 20 19 39 40 38 14 56 55 13 63 11 27 28 29 61 26 25 64 43 44 22 5 42 41 4 57 16 15 37 34 30 2 32 49 50 51 47 46 8 58 7 6 21 18 3 10 52 12 62 24 1 31 
34 64 41 3 53 13 55 62 47 44 59 58 7 57 19 18 14 15 16 33 63 35 31 28 50 49 8 61 24 23 60 43 21 22 1 40 39 4 36 37 38 54 2 52 10 9 51 27 25 26 46 45 42 5 6 17 56 11 12 30 29 48 20 32 
35 43 4 38 54 55 13 27 46 45 58 59 6 17 18 19 56 16 15 63 33 34 30 29 49 50 48 24 61 60 23 64 20 1 22 39 40 41 37 36 3 53 32 10 52 51 9 62 26 25 47 44 5 42 7 57 14 12 11 31 28 8 21 2 
36 25 20 53 38 14 56 32 44 46 8 48 39 22 5 42 55 33 63 16 15 37 51 52 12 11 58 23 60 24 61 26 41 17 57 7 6 21 35 34 54 3 62 29 28 31 30 2 43 64 45 47 19 18 40 1 13 50 49 9 10 59 4 27 
37 26 21 54 3 56 14 2 45 47 48 8 40 1 42 5 13 63 33 15 16 36 9 10 11 12 59 60 23 61 24 25 4 57 17 6 7 20 34 35 53 38 27 28 29 30 31 32 64 43 44 46 18 19 39 22 55 49 50 51 52 58 41 62 
38 61 6 55 56 16 15 52 64 25 47 46 18 20 1 22 63 35 34 37 36 3 62 11 31 30 44 59 58 8 48 24 39 4 41 5 42 7 54 53 13 14 28 50 49 2 32 10 23 60 43 26 17 57 19 21 33 9 51 27 12 45 40 29 
39 49 63 5 41 17 57 64 10 51 27 62 37 34 54 53 7 20 21 19 18 40 47 44 59 58 12 30 31 29 28 50 3 56 14 13 55 33 22 1 42 4 8 61 24 23 60 43 32 2 52 9 15 16 36 35 6 25 26 46 45 11 38 48 
40 50 33 42 4 57 17 43 52 9 62 27 36 35 53 54 6 21 20 18 19 39 46 45 58 59 11 31 30 28 29 49 38 14 56 55 13 63 1 22 5 41 48 24 61 60 23 64 2 32 10 51 16 15 37 34 7 26 25 47 44 12 3 8 
41 28 55 7 57 19 18 44 2 49 9 51 16 63 35 34 21 22 1 40 39 4 8 58 23 60 10 11 12 27 62 29 37 38 3 54 53 13 42 5 6 17 24 25 26 43 64 45 30 31 32 50 56 14 15 33 20 46 47 48 59 52 36 61 
42 30 36 57 6 21 20 61 49 32 10 52 53 38 14 56 18 40 39 1 22 5 64 25 47 46 51 27 62 12 11 31 55 33 63 16 15 37 4 41 17 7 44 59 58 8 48 24 29 28 50 2 35 34 54 3 19 23 60 43 26 9 13 45 
43 55 27 46 45 58 59 18 16 63 35 34 30 29 49 50 48 24 61 60 23 64 1 39 4 41 37 38 3 54 53 13 32 10 52 51 9 62 26 25 47 44 5 6 7 17 57 19 56 14 15 33 12 11 31 28 8 20 21 22 40 36 2 42 
44 54 51 8 58 23 60 40 56 13 63 33 12 62 29 28 24 25 26 43 64 45 42 4 57 17 15 37 36 34 35 53 31 32 2 50 49 9 46 47 48 59 6 21 20 18 19 39 3 38 14 55 52 10 11 27 61 1 22 5 41 16 30 7 
45 53 9 48 59 60 23 39 14 55 33 63 11 27 28 29 61 26 25 64 43 44 5 41 17 57 16 36 37 35 34 54 30 2 32 49 50 51 47 46 8 58 7 20 21 19 18 40 38 3 56 13 10 52 12 62 24 22 1 42 4 15 31 6 
46 3 30 58 48 24 61 7 13 14 15 16 49 32 10 52 60 43 64 26 25 47 19 21 22 1 33 34 35 36 37 38 51 27 62 12 11 31 45 44 59 8 40 41 4 42 5 6 53 54 55 56 29 28 50 2 23 57 17 18 20 63 9 39 
47 38 31 59 8 61 24 6 55 56 16 15 50 2 52 10 23 64 43 25 26 46 18 20 1 22 63 35 34 37 36 3 9 62 27 11 12 30 44 45 58 48 39 4 41 5 42 7 54 53 13 14 28 29 49 32 60 17 57 19 21 33 51 40 
48 37 11 60 61 26 25 21 54 3 56 14 28 30 2 32 64 45 44 47 46 8 40 1 42 5 13 63 33 15 16 36 49 9 51 10 52 12 59 58 23 24 4 57 17 6 7 20 34 35 53 38 27 62 29 31 43 18 19 39 22 55 50 41 
49 17 64 10 51 27 62 54 20 19 39 40 47 44 59 58 12 30 31 29 28 50 56 13 63 33 22 5 42 41 4 57 8 61 24 23 60 43 32 2 52 9 15 37 36 34 35 53 7 6 21 18 25 26 46 45 11 3 38 14 55 1 48 16 
50 57 43 52 9 62 27 53 21 18 40 39 46 45 58 59 11 31 30 28 29 49 14 55 33 63 1 42 5 4 41 17 48 24 61 60 23 64 2 32 10 51 16 36 37 35 34 54 6 7 20 19 26 25 47 44 12 38 3 56 13 22 8 15 
51 4 60 12 62 29 28 13 6 17 18 19 26 64 45 44 31 32 2 50 49 9 15 33 34 35 20 1 22 39 40 41 47 48 8 59 58 23 52 10 11 27 36 3 38 53 54 55 5 42 7 57 61 24 25 43 30 14 56 16 63 21 46 37 
52 5 46 62 11 31 30 37 17 7 20 21 58 48 24 61 28 50 49 2 32 10 54 3 56 14 19 39 40 22 1 42 60 43 64 26 25 47 9 51 27 12 13 63 33 15 16 36 41 4 57 6 45 44 59 8 29 34 35 53 38 18 23 55 
53 60 39 14 55 33 63 28 26 64 45 44 5 41 17 57 16 36 37 35 34 54 2 49 9 51 47 48 8 59 58 23 7 20 21 19 18 40 38 3 56 13 10 11 12 27 62 29 61 24 25 43 22 1 42 4 15 30 31 32 50 46 6 52 
54 23 40 56 13 63 33 29 25 43 44 45 42 4 57 17 15 37 36 34 35 53 32 50 51 9 46 8 48 58 59 60 6 21 20 18 19 39 3 38 14 55 52 12 11 62 27 28 24 61 26 64 1 22 5 41 16 31 30 2 49 47 7 10 
55 58 18 16 63 35 34 49 24 60 43 64 1 39 4 41 37 38 3 54 53 13 10 51 27 62 26 46 47 45 44 59 5 6 7 17 57 19 56 14 15 33 12 30 31 29 28 50 48 8 61 23 20 21 22 40 36 32 2 52 9 25 42 11 
56 48 42 63 15 37 36 11 60 61 26 25 57 6 21 20 34 54 53 3 38 14 28 30 2 32 64 45 44 47 46 8 18 40 39 1 22 5 13 55 33 16 49 9 51 10 52 12 59 58 23 24 4 41 17 7 35 27 62 29 31 43 19 50 
57 62 53 21 18 40 39 58 31 28 50 49 14 55 33 63 1 42 5 4 41 17 24 60 43 64 2 52 10 9 51 27 16 36 37 35 34 54 6 7 20 19 26 46 47 45 44 59 11 12 30 29 38 3 56 13 22 48 8 61 23 32 15 25 
58 35 49 24 60 43 64 4 38 54 55 13 10 51 27 62 26 46 47 45 44 59 6 17 18 19 56 16 15 63 33 34 12 30 31 29 28 50 48 8 61 23 20 1 22 39 40 41 37 36 3 53 32 2 52 9 25 5 42 7 57 14 11 21 
59 34 50 61 23 64 43 41 3 53 13 55 52 9 62 27 25 47 46 44 45 58 7 57 19 18 14 15 16 33 63 35 11 31 30 28 29 49 8 48 24 60 21 22 1 40 39 4 36 37 38 54 2 32 10 51 26 42 5 6 17 56 12 20 
60 33 28 26 64 45 44 17 36 35 53 54 2 49 9 51 47 48 8 59 58 23 20 19 39 40 38 14 56 55 13 63 10 11 12 27 62 29 61 24 25 43 22 5 42 41 4 57 16 15 37 34 30 31 32 50 46 7 6 21 18 3 52 1 
61 16 52 64 25 47 46 1 35 37 38 3 62 11 31 30 44 59 58 8 48 24 4 5 6 7 54 55 13 56 14 15 28 50 49 2 32 10 23 60 43 26 17 18 19 20 21 22 63 33 34 36 9 51 27 12 45 39 40 41 42 53 29 57 
62 40 58 31 28 50 49 33 42 4 57 17 24 60 43 64 2 52 10 9 51 27 36 35 53 54 6 21 20 18 19 39 26 46 47 45 44 59 11 12 30 29 38 14 56 55 13 63 1 22 5 41 48 8 61 23 32 16 15 37 34 7 25 3 
63 44 57 37 34 54 53 51 8 58 23 60 21 18 40 39 3 56 14 13 55 33 12 62 29 28 24 25 26 43 64 45 1 42 5 4 41 17 15 16 36 35 31 32 2 50 49 9 46 47 48 59 6 7 20 19 38 52 10 11 27 61 22 30 
64 13 62 47 44 59 58 19 15 33 34 35 31 28 50 49 8 61 24 23 60 43 22 40 41 4 36 3 38 53 54 55 2 52 10 9 51 27 25 26 46 45 42 7 6 57 17 18 14 56 16 63 11 12 30 29 48 21 20 1 39 37 32 5 
1
0 1 

1 4 
1 
6 
7 
22 
2 8 
1 6 
1 7 
1 22 
5 21 
6 7 
6 22 
7 22 
20 42 
3 12 
1 5 21 
1 6 7 
1 6 22 
1 7 22 
1 20 42 
5 6 21 
5 7 21 
5 21 22 
6 7 22 
6 20 42 
7 20 42 
20 22 42 
4 14 
1 5 6 21 
1 5 7 21 
1 5 21 22 
1 6 7 22 
1 6 20 42 
1 7 20 42 
1 20 22 42 
5 6 7 21 
5 6 21 22 
5 7 21 22 
5 20 21 42 
6 7 20 42 
6 20 22 42 
7 20 22 42 
5 12 
1 5 6 7 21 
1 5 6 21 22 
1 5 7 21 22 
1 5 20 21 42 
1 6 7 20 42 
1 6 20 22 42 
1 7 20 22 42 
5 6 7 21 22 
5 6 20 21 42 
5 7 20 21 42 
5 20 21 22 42 
6 7 20 22 42 
6 8 
1 5 6 7 21 22 
1 5 6 20 21 42 
1 5 7 20 21 42 
1 5 20 21 22 42 
1 6 7 20 22 42 
5 6 7 20 21 42 
5 6 20 21 22 42 
5 7 20 21 22 42 
7 4 
1 5 6 7 20 21 42 
1 5 6 20 21 22 42 
1 5 7 20 21 22 42 
5 6 7 20 21 22 42 
8 1 
1 5 6 7 20 21 22 42 
2
0 1 

1 1 

2 4 
2 11 
10 30 
12 32 
31 52 
3 1 

4 6 
2 10 11 30 
2 11 12 32 
2 11 31 52 
10 12 30 32 
10 30 31 52 
12 31 32 52 
5 1 

6 4 
2 10 11 12 30 32 
2 10 11 30 31 52 
2 11 12 31 32 52 
10 12 30 31 32 52 
7 1 

8 1 
2 10 11 12 30 31 32 52 
3
0 1 

1 1 

2 4 
3 16 
14 37 
15 38 
36 56 
3 1 

4 6 
3 14 16 37 
3 15 16 38 
3 16 36 56 
14 15 37 38 
14 36 37 56 
15 36 38 56 
5 1 

6 4 
3 14 15 16 37 38 
3 14 16 36 37 56 
3 15 16 36 38 56 
14 15 36 37 38 56 
7 1 

8 1 
3 14 15 16 36 37 38 56 
4
0 1 

1 1 

2 4 
4 18 
17 57 
19 41 
39 40 
3 1 

4 6 
4 17 18 57 
4 18 19 41 
4 18 39 40 
17 19 41 57 
17 39 40 57 
19 39 40 41 
5 1 

6 4 
4 17 18 19 41 57 
4 17 18 39 40 57 
4 18 19 39 40 41 
17 19 39 40 41 57 
7 1 

8 1 
4 17 18 19 39 40 41 57 
5
0 1 

1 1 

2 4 
8 61 
24 48 
25 47 
26 46 
3 1 

4 6 
8 24 48 61 
8 25 47 61 
8 26 46 61 
24 25 47 48 
24 26 46 48 
25 26 46 47 
5 1 

6 4 
8 24 25 47 48 61 
8 24 26 46 48 61 
8 25 26 46 47 61 
24 25 26 46 47 48 
7 1 

8 1 
8 24 25 26 46 47 48 61 
6
0 1 

1 1 

2 4 
9 29 
27 50 
28 51 
49 62 
3 1 

4 6 
9 27 29 50 
9 28 29 51 
9 29 49 62 
27 28 50 51 
27 49 50 62 
28 49 51 62 
5 1 

6 4 
9 27 28 29 50 51 
9 27 29 49 50 62 
9 28 29 49 51 62 
27 28 49 50 51 62 
7 1 

8 1 
9 27 28 29 49 50 51 62 
7
0 1 

1 1 

2 4 
13 55 
33 63 
34 35 
53 54 
3 1 

4 6 
13 33 55 63 
13 34 35 55 
13 53 54 55 
33 34 35 63 
33 53 54 63 
34 35 53 54 
5 1 

6 4 
13 33 34 35 55 63 
13 33 53 54 55 63 
13 34 35 53 54 55 
33 34 35 53 54 63 
7 1 

8 1 
13 33 34 35 53 54 55 63 
8
0 1 

1 1 

2 4 
23 43 
44 58 
45 59 
60 64 
3 1 

4 6 
23 43 44 58 
23 43 45 59 
23 43 60 64 
44 45 58 59 
44 58 60 64 
45 59 60 64 
5 1 

6 4 
23 43 44 45 58 59 
23 43 44 58 60 64 
23 43 45 59 60 64 
44 45 58 59 60 64 
7 1 

8 1 
23 43 44 45 58 59 60 64 
