//Table for grp 107:
57
0 0 2 2 4 4 2 4 
0 0 2 4 4 2 4 2 
0 0 4 2 2 4 4 2 
0 0 4 4 2 2 2 4 
0 2 0 2 4 2 4 4 
0 2 0 4 4 4 2 2 
0 2 2 0 2 4 4 4 
0 2 2 2 2 2 2 6 
0 2 2 2 2 2 6 2 
0 2 2 2 2 6 2 2 
0 2 2 2 6 2 2 2 
0 2 2 4 2 0 4 4 
0 2 2 4 2 4 0 4 
0 2 2 4 2 4 4 0 
0 2 2 6 2 2 2 2 
0 2 4 0 4 4 2 2 
0 2 4 2 0 2 4 4 
0 2 4 2 4 2 0 4 
0 2 4 2 4 2 4 0 
0 2 4 4 0 4 2 2 
0 2 4 4 4 0 2 2 
0 2 6 2 2 2 2 2 
0 4 0 2 2 4 4 2 
0 4 0 4 2 2 2 4 
0 4 2 0 4 2 4 2 
0 4 2 2 0 4 2 4 
0 4 2 2 4 0 2 4 
0 4 2 2 4 4 2 0 
0 4 2 4 0 2 4 2 
0 4 2 4 4 2 0 2 
0 4 4 0 2 2 2 4 
0 4 4 2 2 0 4 2 
0 4 4 2 2 4 0 2 
0 4 4 4 2 2 2 0 
0 6 2 2 2 2 2 2 
2 0 2 2 2 2 4 4 
2 0 2 4 2 4 2 2 
2 0 4 2 4 2 2 2 
2 2 0 2 2 4 2 4 
2 2 0 4 2 2 4 2 
2 2 2 0 4 2 2 4 
2 2 2 2 0 4 4 2 
2 2 2 2 4 0 4 2 
2 2 2 2 4 4 0 2 
2 2 2 4 0 2 2 4 
2 2 2 4 4 2 2 0 
2 2 4 0 2 2 4 2 
2 2 4 2 2 0 2 4 
2 2 4 2 2 4 2 0 
2 2 4 4 2 2 0 2 
2 4 0 2 4 2 2 2 
2 4 2 0 2 4 2 2 
2 4 2 2 2 2 0 4 
2 4 2 2 2 2 4 0 
2 4 2 4 2 0 2 2 
2 4 4 2 0 2 2 2 
4 2 2 2 2 2 2 2 
1 2 3 4 5 6 7 8 9 10 11 12 13 14 15 16 17 18 19 20 21 22 23 24 25 26 27 28 29 30 31 32 33 34 35 36 37 38 39 40 41 42 43 44 45 46 47 48 49 50 51 52 53 54 55 56 57 58 59 60 61 62 63 64 
2 6 8 9 10 11 12 15 18 20 1 22 23 24 25 26 27 28 29 30 31 32 34 36 3 38 39 4 41 5 42 7 43 44 45 46 47 48 49 50 51 52 53 13 55 14 56 16 17 57 19 21 58 59 60 61 62 33 63 35 37 40 64 54 
3 24 21 13 14 15 16 2 43 26 46 47 40 1 42 5 33 34 35 36 37 38 9 10 11 12 45 58 59 48 8 61 4 57 17 6 7 20 53 54 55 56 27 28 29 30 31 32 60 23 64 25 18 19 39 22 63 49 50 51 52 44 41 62 
4 9 13 1 17 18 19 23 2 27 28 29 3 33 34 35 5 6 7 39 40 41 8 43 44 45 10 11 12 49 50 51 14 15 16 53 54 55 20 21 22 57 24 25 26 58 59 60 30 31 32 62 36 37 38 63 42 46 47 48 64 52 56 61 
5 31 14 17 7 20 21 47 50 2 52 10 33 16 36 37 19 39 40 22 1 42 59 8 61 24 9 62 27 11 12 30 35 53 54 38 3 56 41 4 57 6 23 64 43 25 26 46 28 29 49 32 55 13 63 15 18 44 45 58 48 51 34 60 
6 11 15 18 20 1 22 25 28 30 2 32 34 36 3 38 39 4 41 5 42 7 44 46 8 48 49 9 51 10 52 12 53 13 55 14 56 16 17 57 19 21 58 23 60 24 61 26 27 62 29 31 33 63 35 37 40 43 64 45 47 50 54 59 
7 12 16 19 21 22 1 26 29 31 32 2 35 37 38 3 40 41 4 42 5 6 45 47 48 8 50 51 9 52 10 11 54 55 13 56 14 15 57 17 18 20 59 60 23 61 24 25 62 27 28 30 63 33 34 36 39 64 43 44 46 49 53 58 
8 36 31 23 24 25 26 6 53 38 14 56 50 2 52 10 43 44 45 46 47 48 18 20 1 22 55 33 63 16 15 37 9 62 27 11 12 30 58 59 60 61 39 4 41 5 42 7 35 34 54 3 28 29 49 32 64 17 57 19 21 13 51 40 
9 18 23 2 27 28 29 34 6 39 4 41 8 43 44 45 10 11 12 49 50 51 15 53 13 55 20 1 22 17 57 19 24 25 26 58 59 60 30 31 32 62 36 3 38 33 63 35 5 42 7 40 46 47 48 64 52 14 56 16 54 21 61 37 
10 42 24 27 12 30 31 56 57 6 21 20 43 26 46 47 29 49 50 32 2 52 63 15 37 36 18 40 39 1 22 5 45 58 59 48 8 61 51 9 62 11 34 54 53 3 38 14 4 41 17 7 60 23 64 25 28 13 55 33 16 19 44 35 
11 1 25 28 30 2 32 3 4 5 6 7 44 46 8 48 49 9 51 10 52 12 13 14 15 16 17 18 19 20 21 22 58 23 60 24 61 26 27 62 29 31 33 34 35 36 37 38 39 40 41 42 43 64 45 47 50 53 54 55 56 57 59 63 
12 22 26 29 31 32 2 38 41 42 7 6 45 47 48 8 50 51 9 52 10 11 55 56 16 15 57 19 18 21 20 1 59 60 23 61 24 25 62 27 28 30 63 35 34 37 36 3 40 39 4 5 64 43 44 46 49 54 53 13 14 17 58 33 
13 43 40 3 33 34 35 9 24 45 58 59 21 4 57 17 14 15 16 53 54 55 2 27 28 29 26 46 47 60 23 64 1 42 5 18 19 39 36 37 38 63 10 11 12 49 50 51 48 8 61 44 6 7 20 41 56 30 31 32 62 25 22 52 
14 8 1 33 16 36 37 31 23 24 25 26 4 5 6 7 35 53 54 38 3 56 50 2 52 10 43 44 45 46 47 48 17 18 19 20 21 22 55 13 63 15 9 62 27 11 12 30 58 59 60 61 39 40 41 42 34 28 29 49 32 64 57 51 
15 46 42 34 36 3 38 11 58 48 24 61 57 6 21 20 53 13 55 14 56 16 28 30 2 32 60 43 64 26 25 47 18 40 39 1 22 5 33 63 35 37 49 9 51 10 52 12 45 44 59 8 4 41 17 7 54 27 62 29 31 23 19 50 
16 47 5 35 37 38 3 12 59 8 61 24 17 7 20 21 54 55 13 56 14 15 29 31 32 2 23 64 43 25 26 46 19 39 40 22 1 42 63 33 34 36 50 51 9 52 10 11 44 45 58 48 41 4 57 6 53 62 27 28 30 60 18 49 
17 50 33 5 19 39 40 59 31 9 62 27 14 35 53 54 7 20 21 41 4 57 47 23 64 43 2 52 10 28 29 49 16 36 37 55 13 63 22 1 42 18 8 61 24 44 45 58 11 12 30 51 38 3 56 34 6 25 26 46 60 32 15 48 
18 28 34 6 39 4 41 44 11 49 9 51 15 53 13 55 20 1 22 17 57 19 25 58 23 60 30 2 32 27 62 29 36 3 38 33 63 35 5 42 7 40 46 8 48 43 64 45 10 52 12 50 14 56 16 54 21 24 61 26 59 31 37 47 
19 29 35 7 40 41 4 45 12 50 51 9 16 54 55 13 21 22 1 57 17 18 26 59 60 23 31 32 2 62 27 28 37 38 3 63 33 34 42 5 6 39 47 48 8 64 43 44 52 10 11 49 56 14 15 53 20 61 24 25 58 30 36 46 
20 52 36 39 22 5 42 61 62 11 31 30 53 38 14 56 41 17 57 7 6 21 64 25 47 46 28 50 49 2 32 10 55 33 63 16 15 37 19 18 40 1 44 59 58 8 48 24 9 51 27 12 35 34 54 3 4 23 60 43 26 29 13 45 
21 10 37 40 1 42 5 24 27 12 30 31 54 3 56 14 4 57 17 6 7 20 43 26 46 47 29 49 50 32 2 52 13 63 33 15 16 36 18 19 39 22 45 58 59 48 8 61 51 9 62 11 34 35 53 38 41 60 23 64 25 28 55 44 
22 32 38 41 42 7 6 48 51 52 12 11 55 56 16 15 57 19 18 21 20 1 60 61 26 25 62 29 28 31 30 2 63 35 34 37 36 3 40 39 4 5 64 45 44 47 46 8 50 49 9 10 54 53 13 14 17 59 58 23 24 27 33 43 
23 53 50 8 43 44 45 18 36 55 33 63 31 9 62 27 24 25 26 58 59 60 6 39 4 41 38 14 56 35 34 54 2 52 10 28 29 49 46 47 48 64 20 1 22 17 57 19 16 15 37 13 11 12 30 51 61 5 42 7 40 3 32 21 
24 15 2 43 26 46 47 42 34 36 3 38 9 10 11 12 45 58 59 48 8 61 57 6 21 20 53 13 55 14 56 16 27 28 29 30 31 32 60 23 64 25 18 40 39 1 22 5 33 63 35 37 49 50 51 52 44 4 41 17 7 54 62 19 
25 14 52 44 46 8 48 1 33 16 36 37 62 11 31 30 58 23 60 24 61 26 4 5 6 7 35 53 54 38 3 56 28 50 49 2 32 10 43 64 45 47 17 18 19 20 21 22 55 13 63 15 9 51 27 12 59 39 40 41 42 34 29 57 
26 56 10 45 47 48 8 22 63 15 37 36 27 12 30 31 59 60 23 61 24 25 41 42 7 6 34 54 53 3 38 14 29 49 50 32 2 52 64 43 44 46 57 19 18 21 20 1 13 55 33 16 51 9 62 11 58 40 39 4 5 35 28 17 
27 57 43 10 29 49 50 63 42 18 40 39 24 45 58 59 12 30 31 51 9 62 56 34 54 53 6 21 20 4 41 17 26 46 47 60 23 64 32 2 52 28 15 37 36 13 55 33 1 22 5 19 48 8 61 44 11 3 38 14 35 7 25 16 
28 4 44 11 49 9 51 13 1 17 18 19 25 58 23 60 30 2 32 27 62 29 3 33 34 35 5 6 7 39 40 41 46 8 48 43 64 45 10 52 12 50 14 15 16 53 54 55 20 21 22 57 24 61 26 59 31 36 37 38 63 42 47 56 
29 41 45 12 50 51 9 55 22 57 19 18 26 59 60 23 31 32 2 62 27 28 38 63 35 34 42 7 6 40 39 4 47 48 8 64 43 44 52 10 11 49 56 16 15 54 53 13 21 20 1 17 61 24 25 58 30 37 36 3 33 5 46 14 
30 21 46 49 32 10 52 37 40 1 42 5 58 48 24 61 51 27 62 12 11 31 54 3 56 14 4 57 17 6 7 20 60 43 64 26 25 47 29 28 50 2 13 63 33 15 16 36 18 19 39 22 45 44 59 8 9 34 35 53 38 41 23 55 
31 20 47 50 2 52 10 36 39 22 5 42 59 8 61 24 9 62 27 11 12 30 53 38 14 56 41 17 57 7 6 21 23 64 43 25 26 46 28 29 49 32 55 33 63 16 15 37 19 18 40 1 44 45 58 48 51 35 34 54 3 4 60 13 
32 7 48 51 52 12 11 16 19 21 22 1 60 61 26 25 62 29 28 31 30 2 35 37 38 3 40 41 4 42 5 6 64 45 44 47 46 8 50 49 9 10 54 55 13 56 14 15 57 17 18 20 59 58 23 24 27 63 33 34 36 39 43 53 
33 23 4 14 35 53 54 50 8 43 44 45 1 17 18 19 16 36 37 55 13 63 31 9 62 27 24 25 26 58 59 60 5 6 7 39 40 41 38 3 56 34 2 52 10 28 29 49 46 47 48 64 20 21 22 57 15 11 12 30 51 61 42 32 
34 58 57 15 53 13 55 28 46 60 43 64 42 18 40 39 36 3 38 33 63 35 11 49 9 51 48 24 61 45 44 59 6 21 20 4 41 17 14 56 16 54 30 2 32 27 62 29 26 25 47 23 1 22 5 19 37 10 52 12 50 8 7 31 
35 59 17 16 54 55 13 29 47 23 64 43 5 19 39 40 37 38 3 63 33 34 12 50 51 9 8 61 24 44 45 58 7 20 21 41 4 57 56 14 15 53 31 32 2 62 27 28 25 26 46 60 22 1 42 18 36 52 10 11 49 48 6 30 
36 25 6 53 38 14 56 52 44 46 8 48 18 20 1 22 55 33 63 16 15 37 62 11 31 30 58 23 60 24 61 26 39 4 41 5 42 7 35 34 54 3 28 50 49 2 32 10 43 64 45 47 17 57 19 21 13 9 51 27 12 59 40 29 
37 26 7 54 3 56 14 10 45 47 48 8 19 21 22 1 13 63 33 15 16 36 27 12 30 31 59 60 23 61 24 25 40 41 4 42 5 6 34 35 53 38 29 49 50 32 2 52 64 43 44 46 57 17 18 20 55 51 9 62 11 58 39 28 
38 61 20 55 56 16 15 32 64 25 47 46 39 22 5 42 63 35 34 37 36 3 51 52 12 11 44 59 58 8 48 24 41 17 57 7 6 21 54 53 13 14 62 29 28 31 30 2 23 60 43 26 19 18 40 1 33 50 49 9 10 45 4 27 
39 62 53 20 41 17 57 64 52 28 50 49 36 55 33 63 22 5 42 19 18 40 61 44 59 58 11 31 30 9 51 27 38 14 56 35 34 54 7 6 21 4 25 47 46 23 60 43 2 32 10 29 16 15 37 13 1 8 48 24 45 12 3 26 
40 27 54 21 4 57 17 43 10 29 49 50 37 13 63 33 1 42 5 18 19 39 24 45 58 59 12 30 31 51 9 62 3 56 14 34 35 53 6 7 20 41 26 46 47 60 23 64 32 2 52 28 15 16 36 55 22 48 8 61 44 11 38 25 
41 51 55 22 57 19 18 60 32 62 29 28 38 63 35 34 42 7 6 40 39 4 48 64 45 44 52 12 11 50 49 9 56 16 15 54 53 13 21 20 1 17 61 26 25 59 58 23 31 30 2 27 37 36 3 33 5 47 46 8 43 10 14 24 
42 30 56 57 6 21 20 46 49 32 10 52 63 15 37 36 18 40 39 1 22 5 58 48 24 61 51 27 62 12 11 31 34 54 53 3 38 14 4 41 17 7 60 43 64 26 25 47 29 28 50 2 13 55 33 16 19 45 44 59 8 9 35 23 
43 34 9 24 45 58 59 57 15 53 13 55 2 27 28 29 26 46 47 60 23 64 42 18 40 39 36 3 38 33 63 35 10 11 12 49 50 51 48 8 61 44 6 21 20 4 41 17 14 56 16 54 30 31 32 62 25 1 22 5 19 37 52 7 
44 33 62 25 58 23 60 4 14 35 53 54 52 28 50 49 46 8 48 43 64 45 1 17 18 19 16 36 37 55 13 63 11 31 30 9 51 27 24 61 26 59 5 6 7 39 40 41 38 3 56 34 2 32 10 29 47 20 21 22 57 15 12 42 
45 63 27 26 59 60 23 41 56 34 54 53 10 29 49 50 47 48 8 64 43 44 22 57 19 18 15 37 36 13 55 33 12 30 31 51 9 62 61 24 25 58 42 7 6 40 39 4 3 38 14 35 32 2 52 28 46 21 20 1 17 16 11 5 
46 3 11 58 48 24 61 21 13 14 15 16 28 30 2 32 60 43 64 26 25 47 40 1 42 5 33 34 35 36 37 38 49 9 51 10 52 12 45 44 59 8 4 57 17 6 7 20 53 54 55 56 27 62 29 31 23 18 19 39 22 63 50 41 
47 38 12 59 8 61 24 20 55 56 16 15 29 31 32 2 23 64 43 25 26 46 39 22 5 42 63 35 34 37 36 3 50 51 9 52 10 11 44 45 58 48 41 17 57 7 6 21 54 53 13 14 62 27 28 30 60 19 18 40 1 33 49 4 
48 37 30 60 61 26 25 7 54 3 56 14 49 32 10 52 64 45 44 47 46 8 19 21 22 1 13 63 33 15 16 36 51 27 62 12 11 31 59 58 23 24 40 41 4 42 5 6 34 35 53 38 29 28 50 2 43 57 17 18 20 55 9 39 
49 40 58 30 51 27 62 54 21 4 57 17 46 60 43 64 32 10 52 29 28 50 37 13 63 33 1 42 5 18 19 39 48 24 61 45 44 59 12 11 31 9 3 56 14 34 35 53 6 7 20 41 26 25 47 23 2 15 16 36 55 22 8 38 
50 39 59 31 9 62 27 53 20 41 17 57 47 23 64 43 2 52 10 28 29 49 36 55 33 63 22 5 42 19 18 40 8 61 24 44 45 58 11 12 30 51 38 14 56 35 34 54 7 6 21 4 25 26 46 60 32 16 15 37 13 1 48 3 
51 19 60 32 62 29 28 35 7 40 41 4 48 64 45 44 52 12 11 50 49 9 16 54 55 13 21 22 1 57 17 18 61 26 25 59 58 23 31 30 2 27 37 38 3 63 33 34 42 5 6 39 47 46 8 43 10 56 14 15 53 20 24 36 
52 5 61 62 11 31 30 14 17 7 20 21 64 25 47 46 28 50 49 2 32 10 33 16 36 37 19 39 40 22 1 42 44 59 58 8 48 24 9 51 27 12 35 53 54 38 3 56 41 4 57 6 23 60 43 26 29 55 13 63 15 18 45 34 
53 44 18 36 55 33 63 62 25 58 23 60 6 39 4 41 38 14 56 35 34 54 52 28 50 49 46 8 48 43 64 45 20 1 22 17 57 19 16 15 37 13 11 31 30 9 51 27 24 61 26 59 5 42 7 40 3 2 32 10 29 47 21 12 
54 45 19 37 13 63 33 27 26 59 60 23 7 40 41 4 3 56 14 34 35 53 10 29 49 50 47 48 8 64 43 44 21 22 1 57 17 18 15 16 36 55 12 30 31 51 9 62 61 24 25 58 42 5 6 39 38 32 2 52 28 46 20 11 
55 64 39 38 63 35 34 51 61 44 59 58 20 41 17 57 56 16 15 54 53 13 32 62 29 28 25 47 46 23 60 43 22 5 42 19 18 40 37 36 3 33 52 12 11 50 49 9 8 48 24 45 7 6 21 4 14 31 30 2 27 26 1 10 
56 48 22 63 15 37 36 30 60 61 26 25 41 42 7 6 34 54 53 3 38 14 49 32 10 52 64 45 44 47 46 8 57 19 18 21 20 1 13 55 33 16 51 27 62 12 11 31 59 58 23 24 40 39 4 5 35 29 28 50 2 43 17 9 
57 49 63 42 18 40 39 58 30 51 27 62 56 34 54 53 6 21 20 4 41 17 46 60 43 64 32 10 52 29 28 50 15 37 36 13 55 33 1 22 5 19 48 24 61 45 44 59 12 11 31 9 3 38 14 35 7 26 25 47 23 2 16 8 
58 13 28 46 60 43 64 40 3 33 34 35 11 49 9 51 48 24 61 45 44 59 21 4 57 17 14 15 16 53 54 55 30 2 32 27 62 29 26 25 47 23 1 42 5 18 19 39 36 37 38 63 10 52 12 50 8 6 7 20 41 56 31 22 
59 55 29 47 23 64 43 39 38 63 35 34 12 50 51 9 8 61 24 44 45 58 20 41 17 57 56 16 15 54 53 13 31 32 2 62 27 28 25 26 46 60 22 5 42 19 18 40 37 36 3 33 52 10 11 49 48 7 6 21 4 14 30 1 
60 54 49 48 64 45 44 19 37 13 63 33 30 51 27 62 61 26 25 59 58 23 7 40 41 4 3 56 14 34 35 53 32 10 52 29 28 50 47 46 8 43 21 22 1 57 17 18 15 16 36 55 12 11 31 9 24 42 5 6 39 38 2 20 
61 16 32 64 25 47 46 5 35 37 38 3 51 52 12 11 44 59 58 8 48 24 17 7 20 21 54 55 13 56 14 15 62 29 28 31 30 2 23 60 43 26 19 39 40 22 1 42 63 33 34 36 50 49 9 10 45 41 4 57 6 53 27 18 
62 17 64 52 28 50 49 33 5 19 39 40 61 44 59 58 11 31 30 9 51 27 14 35 53 54 7 20 21 41 4 57 25 47 46 23 60 43 2 32 10 29 16 36 37 55 13 63 22 1 42 18 8 48 24 45 12 38 3 56 34 6 26 15 
63 60 41 56 34 54 53 49 48 64 45 44 22 57 19 18 15 37 36 13 55 33 30 51 27 62 61 26 25 59 58 23 42 7 6 40 39 4 3 38 14 35 32 10 52 29 28 50 47 46 8 43 21 20 1 17 16 12 11 31 9 24 5 2 
64 35 51 61 44 59 58 17 16 54 55 13 32 62 29 28 25 47 46 23 60 43 5 19 39 40 37 38 3 63 33 34 52 12 11 50 49 9 8 48 24 45 7 20 21 41 4 57 56 14 15 53 31 30 2 27 26 22 1 42 18 36 10 6 
1
0 1 

1 4 
1 
6 
7 
22 
2 8 
1 6 
1 7 
1 22 
5 21 
6 7 
6 22 
7 22 
20 42 
3 12 
1 5 21 
1 6 7 
1 6 22 
1 7 22 
1 20 42 
5 6 21 
5 7 21 
5 21 22 
6 7 22 
6 20 42 
7 20 42 
20 22 42 
4 14 
1 5 6 21 
1 5 7 21 
1 5 21 22 
1 6 7 22 
1 6 20 42 
1 7 20 42 
1 20 22 42 
5 6 7 21 
5 6 21 22 
5 7 21 22 
5 20 21 42 
6 7 20 42 
6 20 22 42 
7 20 22 42 
5 12 
1 5 6 7 21 
1 5 6 21 22 
1 5 7 21 22 
1 5 20 21 42 
1 6 7 20 42 
1 6 20 22 42 
1 7 20 22 42 
5 6 7 21 22 
5 6 20 21 42 
5 7 20 21 42 
5 20 21 22 42 
6 7 20 22 42 
6 8 
1 5 6 7 21 22 
1 5 6 20 21 42 
1 5 7 20 21 42 
1 5 20 21 22 42 
1 6 7 20 22 42 
5 6 7 20 21 42 
5 6 20 21 22 42 
5 7 20 21 22 42 
7 4 
1 5 6 7 20 21 42 
1 5 6 20 21 22 42 
1 5 7 20 21 22 42 
5 6 7 20 21 22 42 
8 1 
1 5 6 7 20 21 22 42 
2
0 1 

1 1 

2 4 
2 11 
10 30 
12 32 
31 52 
3 1 

4 6 
2 10 11 30 
2 11 12 32 
2 11 31 52 
10 12 30 32 
10 30 31 52 
12 31 32 52 
5 1 

6 4 
2 10 11 12 30 32 
2 10 11 30 31 52 
2 11 12 31 32 52 
10 12 30 31 32 52 
7 1 

8 1 
2 10 11 12 30 31 32 52 
3
0 1 

1 1 

2 4 
3 14 
15 36 
16 37 
38 56 
3 1 

4 6 
3 14 15 36 
3 14 16 37 
3 14 38 56 
15 16 36 37 
15 36 38 56 
16 37 38 56 
5 1 

6 4 
3 14 15 16 36 37 
3 14 15 36 38 56 
3 14 16 37 38 56 
15 16 36 37 38 56 
7 1 

8 1 
3 14 15 16 36 37 38 56 
4
0 1 

1 4 
4 
18 
19 
41 
2 8 
4 18 
4 19 
4 41 
17 40 
18 19 
18 41 
19 41 
39 57 
3 12 
4 17 40 
4 18 19 
4 18 41 
4 19 41 
4 39 57 
17 18 40 
17 19 40 
17 40 41 
18 19 41 
18 39 57 
19 39 57 
39 41 57 
4 14 
4 17 18 40 
4 17 19 40 
4 17 40 41 
4 18 19 41 
4 18 39 57 
4 19 39 57 
4 39 41 57 
17 18 19 40 
17 18 40 41 
17 19 40 41 
17 39 40 57 
18 19 39 57 
18 39 41 57 
19 39 41 57 
5 12 
4 17 18 19 40 
4 17 18 40 41 
4 17 19 40 41 
4 17 39 40 57 
4 18 19 39 57 
4 18 39 41 57 
4 19 39 41 57 
17 18 19 40 41 
17 18 39 40 57 
17 19 39 40 57 
17 39 40 41 57 
18 19 39 41 57 
6 8 
4 17 18 19 40 41 
4 17 18 39 40 57 
4 17 19 39 40 57 
4 17 39 40 41 57 
4 18 19 39 41 57 
17 18 19 39 40 57 
17 18 39 40 41 57 
17 19 39 40 41 57 
7 4 
4 17 18 19 39 40 57 
4 17 18 39 40 41 57 
4 17 19 39 40 41 57 
17 18 19 39 40 41 57 
8 1 
4 17 18 19 39 40 41 57 
5
0 1 

1 1 

2 4 
8 25 
24 46 
26 48 
47 61 
3 1 

4 6 
8 24 25 46 
8 25 26 48 
8 25 47 61 
24 26 46 48 
24 46 47 61 
26 47 48 61 
5 1 

6 4 
8 24 25 26 46 48 
8 24 25 46 47 61 
8 25 26 47 48 61 
24 26 46 47 48 61 
7 1 

8 1 
8 24 25 26 46 47 48 61 
6
0 1 

1 1 

2 4 
9 28 
27 49 
29 51 
50 62 
3 1 

4 6 
9 27 28 49 
9 28 29 51 
9 28 50 62 
27 29 49 51 
27 49 50 62 
29 50 51 62 
5 1 

6 4 
9 27 28 29 49 51 
9 27 28 49 50 62 
9 28 29 50 51 62 
27 29 49 50 51 62 
7 1 

8 1 
9 27 28 29 49 50 51 62 
7
0 1 

1 1 

2 4 
13 33 
34 53 
35 54 
55 63 
3 1 

4 6 
13 33 34 53 
13 33 35 54 
13 33 55 63 
34 35 53 54 
34 53 55 63 
35 54 55 63 
5 1 

6 4 
13 33 34 35 53 54 
13 33 34 53 55 63 
13 33 35 54 55 63 
34 35 53 54 55 63 
7 1 

8 1 
13 33 34 35 53 54 55 63 
8
0 1 

1 1 

2 4 
23 44 
43 58 
45 60 
59 64 
3 1 

4 6 
23 43 44 58 
23 44 45 60 
23 44 59 64 
43 45 58 60 
43 58 59 64 
45 59 60 64 
5 1 

6 4 
23 43 44 45 58 60 
23 43 44 58 59 64 
23 44 45 59 60 64 
43 45 58 59 60 64 
7 1 

8 1 
23 43 44 45 58 59 60 64 
