//Table for grp 181:
57
0 0 2 2 4 4 2 4 
0 0 2 4 4 2 4 2 
0 0 4 2 2 4 4 2 
0 0 4 4 2 2 2 4 
0 2 0 2 4 2 4 4 
0 2 0 4 4 4 2 2 
0 2 2 0 2 4 4 4 
0 2 2 2 2 2 2 6 
0 2 2 2 2 2 6 2 
0 2 2 2 2 6 2 2 
0 2 2 2 6 2 2 2 
0 2 2 4 2 0 4 4 
0 2 2 4 2 4 0 4 
0 2 2 4 2 4 4 0 
0 2 2 6 2 2 2 2 
0 2 4 0 4 4 2 2 
0 2 4 2 0 2 4 4 
0 2 4 2 4 2 0 4 
0 2 4 2 4 2 4 0 
0 2 4 4 0 4 2 2 
0 2 4 4 4 0 2 2 
0 2 6 2 2 2 2 2 
0 4 0 2 2 4 4 2 
0 4 0 4 2 2 2 4 
0 4 2 0 4 2 4 2 
0 4 2 2 0 4 2 4 
0 4 2 2 4 0 2 4 
0 4 2 2 4 4 2 0 
0 4 2 4 0 2 4 2 
0 4 2 4 4 2 0 2 
0 4 4 0 2 2 2 4 
0 4 4 2 2 0 4 2 
0 4 4 2 2 4 0 2 
0 4 4 4 2 2 2 0 
0 6 2 2 2 2 2 2 
2 0 2 2 2 2 4 4 
2 0 2 4 2 4 2 2 
2 0 4 2 4 2 2 2 
2 2 0 2 2 4 2 4 
2 2 0 4 2 2 4 2 
2 2 2 0 4 2 2 4 
2 2 2 2 0 4 4 2 
2 2 2 2 4 0 4 2 
2 2 2 2 4 4 0 2 
2 2 2 4 0 2 2 4 
2 2 2 4 4 2 2 0 
2 2 4 0 2 2 4 2 
2 2 4 2 2 0 2 4 
2 2 4 2 2 4 2 0 
2 2 4 4 2 2 0 2 
2 4 0 2 4 2 2 2 
2 4 2 0 2 4 2 2 
2 4 2 2 2 2 0 4 
2 4 2 2 2 2 4 0 
2 4 2 4 2 0 2 2 
2 4 4 2 0 2 2 2 
4 2 2 2 2 2 2 2 
1 2 3 4 5 6 7 8 9 10 11 12 13 14 15 16 17 18 19 20 21 22 23 24 25 26 27 28 29 30 31 32 33 34 35 36 37 38 39 40 41 42 43 44 45 46 47 48 49 50 51 52 53 54 55 56 57 58 59 60 61 62 63 64 
2 5 8 9 10 11 12 14 17 1 20 21 23 24 25 26 27 28 29 30 31 32 33 3 36 37 4 39 40 6 7 42 43 44 45 46 47 48 49 50 51 52 13 53 54 15 16 56 18 19 57 22 58 59 60 61 62 34 35 63 38 41 64 55 
3 24 5 13 14 15 16 2 43 8 46 47 17 1 20 21 33 34 35 36 37 38 9 10 11 12 23 58 59 25 26 61 4 39 40 6 7 42 53 54 55 56 27 28 29 30 31 32 44 45 64 48 18 19 57 22 63 49 50 51 52 60 41 62 
4 28 13 22 17 18 19 44 2 49 29 51 38 33 34 35 42 1 6 39 40 41 8 58 45 60 10 11 12 50 62 9 56 3 15 53 54 55 5 20 7 57 24 25 26 59 64 23 30 31 32 27 14 36 16 63 21 46 47 48 43 52 37 61 
5 10 14 17 1 20 21 24 27 2 30 31 33 3 36 37 4 39 40 6 7 42 43 8 46 47 9 49 50 11 12 52 13 53 54 15 16 56 18 19 57 22 23 58 59 25 26 61 28 29 62 32 34 35 63 38 41 44 45 64 48 51 55 60 
6 32 15 18 20 7 22 48 51 52 2 11 34 36 16 38 39 19 41 21 42 1 60 61 8 25 62 9 28 10 30 12 53 35 55 37 56 3 40 57 4 5 64 23 44 24 46 26 27 49 29 31 54 63 13 14 17 43 58 45 47 50 33 59 
7 12 16 19 21 22 1 26 29 31 32 2 35 37 38 3 40 41 4 42 5 6 45 47 48 8 50 51 9 52 10 11 54 55 13 56 14 15 57 17 18 20 59 60 23 61 24 25 62 27 28 30 63 33 34 36 39 64 43 44 46 49 53 58 
8 3 10 23 24 25 26 5 13 14 15 16 27 2 30 31 43 44 45 46 47 48 17 1 20 21 33 34 35 36 37 38 9 49 50 11 12 52 58 59 60 61 4 39 40 6 7 42 53 54 55 56 28 29 62 32 64 18 19 57 22 63 51 41 
9 39 23 32 27 28 29 53 5 18 40 57 48 43 44 45 52 2 11 49 50 51 14 34 54 63 1 20 21 19 41 17 61 8 25 58 59 60 10 30 12 62 3 36 37 35 55 33 6 7 42 4 24 46 26 64 31 15 16 56 13 22 47 38 
10 1 24 27 2 30 31 3 4 5 6 7 43 8 46 47 9 49 50 11 12 52 13 14 15 16 17 18 19 20 21 22 23 58 59 25 26 61 28 29 62 32 33 34 35 36 37 38 39 40 41 42 44 45 64 48 51 53 54 55 56 57 60 63 
11 42 25 28 30 12 32 56 57 22 5 20 44 46 26 48 49 29 51 31 52 2 63 38 14 36 41 17 39 1 6 21 58 45 60 47 61 8 50 62 9 10 55 33 53 3 15 37 4 18 40 7 59 64 23 24 27 13 34 54 16 19 43 35 
12 21 26 29 31 32 2 37 40 7 42 5 45 47 48 8 50 51 9 52 10 11 54 16 56 14 19 57 17 22 1 20 59 60 23 61 24 25 62 27 28 30 35 63 33 38 3 36 41 4 39 6 64 43 44 46 49 55 13 53 15 18 58 34 
13 58 17 38 33 34 35 28 24 44 59 64 42 4 39 40 56 3 15 53 54 55 2 49 29 51 8 46 47 45 60 43 22 5 20 18 19 57 14 36 16 63 10 11 12 50 62 9 25 26 61 23 1 6 21 41 37 30 31 32 27 48 7 52 
14 8 1 33 3 36 37 10 23 24 25 26 4 5 6 7 13 53 54 15 16 56 27 2 30 31 43 44 45 46 47 48 17 18 19 20 21 22 34 35 63 38 9 49 50 11 12 52 58 59 60 61 39 40 41 42 55 28 29 62 32 64 57 51 
15 61 20 34 36 16 38 32 64 48 24 46 39 6 21 42 53 35 55 37 56 3 51 52 2 11 60 43 58 8 25 47 18 40 57 7 22 5 54 63 13 14 62 9 28 10 30 12 23 44 59 26 19 41 17 1 33 27 49 29 31 45 4 50 
16 47 21 35 37 38 3 12 59 26 61 24 40 7 42 5 54 55 13 56 14 15 29 31 32 2 45 64 43 48 8 46 19 57 17 22 1 20 63 33 34 36 50 51 9 52 10 11 60 23 58 25 41 4 39 6 53 62 27 28 30 44 18 49 
17 49 33 42 4 39 40 58 10 28 50 62 56 13 53 54 22 5 20 18 19 57 24 44 59 64 2 30 31 29 51 27 38 14 36 34 35 63 1 6 21 41 8 46 47 45 60 43 11 12 52 9 3 15 37 55 7 25 26 61 23 32 16 48 
18 9 34 1 39 19 41 23 32 27 28 29 3 53 35 55 5 6 7 40 57 4 48 43 44 45 52 2 11 49 50 51 14 15 16 54 63 13 20 21 22 17 61 8 25 58 59 60 10 30 12 62 36 37 38 33 42 24 46 26 64 31 56 47 
19 51 35 6 40 41 4 60 12 62 9 28 15 54 55 13 20 7 22 57 17 18 26 64 23 44 31 32 2 27 49 29 36 16 38 63 33 34 21 42 1 39 47 48 8 43 58 45 52 10 11 50 37 56 3 53 5 61 24 25 59 30 14 46 
20 52 36 39 6 21 42 61 62 32 10 30 53 15 37 56 18 40 57 7 22 5 64 48 24 46 51 27 49 2 11 31 34 54 63 16 38 14 19 41 17 1 60 43 58 8 25 47 9 28 50 12 35 55 33 3 4 23 44 59 26 29 13 45 
21 31 37 40 7 42 5 47 50 12 52 10 54 16 56 14 19 57 17 22 1 20 59 26 61 24 29 62 27 32 2 30 35 63 33 38 3 36 41 4 39 6 45 64 43 48 8 46 51 9 49 11 55 13 53 15 18 60 23 58 25 28 34 44 
22 11 38 41 42 1 6 25 28 30 12 32 55 56 3 15 57 4 18 5 20 7 44 46 26 48 49 29 51 31 52 2 63 13 34 14 36 16 17 39 19 21 58 45 60 47 61 8 50 62 9 10 33 53 35 37 40 59 64 23 24 27 54 43 
23 34 27 48 43 44 45 39 3 53 35 55 52 9 49 50 61 8 25 58 59 60 5 18 40 57 14 15 16 54 63 13 32 10 30 28 29 62 24 46 26 64 1 20 21 19 41 17 36 37 38 33 2 11 31 51 47 6 7 42 4 56 12 22 
24 14 2 43 8 46 47 1 33 3 36 37 9 10 11 12 23 58 59 25 26 61 4 5 6 7 13 53 54 15 16 56 27 28 29 30 31 32 44 45 64 48 17 18 19 20 21 22 34 35 63 38 49 50 51 52 60 39 40 41 42 55 62 57 
25 38 30 44 46 26 48 42 55 56 3 15 49 11 31 52 58 45 60 47 61 8 57 22 5 20 63 13 34 14 36 16 28 50 62 12 32 10 59 64 23 24 41 17 39 1 6 21 33 53 35 37 29 51 27 2 43 4 18 40 7 54 9 19 
26 16 31 45 47 48 8 21 35 37 38 3 50 12 52 10 59 60 23 61 24 25 40 7 42 5 54 55 13 56 14 15 29 62 27 32 2 30 64 43 44 46 19 57 17 22 1 20 63 33 34 36 51 9 49 11 58 41 4 39 6 53 28 18 
27 18 43 52 9 49 50 34 1 39 19 41 61 23 58 59 32 10 30 28 29 62 3 53 35 55 5 6 7 40 57 4 48 24 46 44 45 64 2 11 31 51 14 15 16 54 63 13 20 21 22 17 8 25 47 60 12 36 37 38 33 42 26 56 
28 17 44 2 49 29 51 33 42 4 39 40 8 58 45 60 10 11 12 50 62 9 56 13 53 54 22 5 20 18 19 57 24 25 26 59 64 23 30 31 32 27 38 14 36 34 35 63 1 6 21 41 46 47 48 43 52 3 15 37 55 7 61 16 
29 57 45 11 50 51 9 63 21 41 17 39 25 59 60 23 30 12 32 62 27 28 37 55 33 53 7 42 5 4 18 40 46 26 48 64 43 44 31 52 2 49 16 56 14 13 34 54 22 1 20 19 47 61 8 58 10 38 3 36 35 6 24 15 
30 22 46 49 11 31 52 38 41 42 1 6 58 25 47 61 28 50 62 12 32 10 55 56 3 15 57 4 18 5 20 7 44 59 64 26 48 24 29 51 27 2 63 13 34 14 36 16 17 39 19 21 45 60 43 8 9 33 53 35 37 40 23 54 
31 7 47 50 12 52 10 16 19 21 22 1 59 26 61 24 29 62 27 32 2 30 35 37 38 3 40 41 4 42 5 6 45 64 43 48 8 46 51 9 49 11 54 55 13 56 14 15 57 17 18 20 60 23 58 25 28 63 33 34 36 39 44 53 
32 20 48 51 52 2 11 36 39 6 21 42 60 61 8 25 62 9 28 10 30 12 53 15 37 56 18 40 57 7 22 5 64 23 44 24 46 26 27 49 29 31 34 54 63 16 38 14 19 41 17 1 43 58 45 47 50 35 55 33 3 4 59 13 
33 44 4 56 13 53 54 49 8 58 45 60 22 17 18 19 38 14 36 34 35 63 10 28 50 62 24 25 26 59 64 23 42 1 6 39 40 41 3 15 37 55 2 30 31 29 51 27 46 47 48 43 5 20 7 57 16 11 12 52 9 61 21 32 
34 43 39 3 53 35 55 9 61 23 58 59 5 18 40 57 14 15 16 54 63 13 32 27 28 29 48 24 46 44 45 64 1 20 21 19 41 17 36 37 38 33 52 2 11 49 50 51 8 25 47 60 6 7 42 4 56 10 30 12 62 26 22 31 
35 64 40 15 54 55 13 51 47 60 43 58 20 19 57 17 36 16 38 63 33 34 12 62 9 28 26 61 24 23 44 59 6 21 42 41 4 39 37 56 3 53 31 32 2 27 49 29 48 8 46 45 7 22 5 18 14 52 10 11 50 25 1 30 
36 48 6 53 15 37 56 52 60 61 8 25 18 20 7 22 34 54 63 16 38 14 62 32 10 30 64 23 44 24 46 26 39 19 41 21 42 1 35 55 33 3 51 27 49 2 11 31 43 58 45 47 40 57 4 5 13 9 28 50 12 59 17 29 
37 26 7 54 16 56 14 31 45 47 48 8 19 21 22 1 35 63 33 38 3 36 50 12 52 10 59 60 23 61 24 25 40 41 4 42 5 6 55 13 53 15 29 62 27 32 2 30 64 43 44 46 57 17 18 20 34 51 9 49 11 58 39 28 
38 46 42 55 56 3 15 11 58 25 47 61 57 22 5 20 63 13 34 14 36 16 28 30 12 32 44 59 64 26 48 24 41 17 39 1 6 21 33 53 35 37 49 29 51 31 52 2 45 60 43 8 4 18 40 7 54 50 62 9 10 23 19 27 
39 27 53 5 18 40 57 43 52 9 49 50 14 34 54 63 1 20 21 19 41 17 61 23 58 59 32 10 30 28 29 62 3 36 37 35 55 33 6 7 42 4 48 24 46 44 45 64 2 11 31 51 15 16 56 13 22 8 25 47 60 12 38 26 
40 62 54 20 19 57 17 64 31 51 27 49 36 35 63 33 6 21 42 41 4 39 47 60 43 58 12 52 10 9 28 50 15 37 56 55 13 53 7 22 5 18 26 61 24 23 44 59 32 2 30 29 16 38 14 34 1 48 8 46 45 11 3 25 
41 29 55 7 57 4 18 45 11 50 51 9 16 63 13 34 21 22 1 17 39 19 25 59 60 23 30 12 32 62 27 28 37 38 3 33 53 35 42 5 6 40 46 26 48 64 43 44 31 52 2 49 56 14 15 54 20 47 61 8 58 10 36 24 
42 30 56 57 22 5 20 46 49 11 31 52 63 38 14 36 41 17 39 1 6 21 58 25 47 61 28 50 62 12 32 10 55 33 53 3 15 37 4 18 40 7 44 59 64 26 48 24 29 51 27 2 13 34 54 16 19 45 60 43 8 9 35 23 
43 53 9 61 23 58 59 18 14 34 54 63 32 27 28 29 48 24 46 44 45 64 1 39 19 41 3 36 37 35 55 33 52 2 11 49 50 51 8 25 47 60 5 6 7 40 57 4 15 16 56 13 10 30 12 62 26 20 21 22 17 38 31 42 
44 13 49 8 58 45 60 17 38 33 34 35 10 28 50 62 24 25 26 59 64 23 42 4 39 40 56 3 15 53 54 55 2 30 31 29 51 27 46 47 48 43 22 5 20 18 19 57 14 36 16 63 11 12 52 9 61 1 6 21 41 37 32 7 
45 55 50 25 59 60 23 57 16 63 13 34 30 29 62 27 46 26 48 64 43 44 21 41 17 39 37 38 3 33 53 35 11 31 52 51 9 49 47 61 8 58 7 42 5 4 18 40 56 14 15 54 12 32 10 28 24 22 1 20 19 36 2 6 
46 56 11 58 25 47 61 22 63 38 14 36 28 30 12 32 44 59 64 26 48 24 41 42 1 6 55 33 53 3 15 37 49 29 51 31 52 2 45 60 43 8 57 4 18 5 20 7 13 34 54 16 50 62 9 10 23 17 39 19 21 35 27 40 
47 37 12 59 26 61 24 7 54 16 56 14 29 31 32 2 45 64 43 48 8 46 19 21 22 1 35 63 33 38 3 36 50 51 9 52 10 11 60 23 58 25 40 41 4 42 5 6 55 13 53 15 62 27 28 30 44 57 17 18 20 34 49 39 
48 15 52 60 61 8 25 20 34 36 16 38 62 32 10 30 64 23 44 24 46 26 39 6 21 42 53 35 55 37 56 3 51 27 49 2 11 31 43 58 45 47 18 40 57 7 22 5 54 63 13 14 9 28 50 12 59 19 41 17 1 33 29 4 
49 4 58 10 28 50 62 13 22 17 18 19 24 44 59 64 2 30 31 29 51 27 38 33 34 35 42 1 6 39 40 41 8 46 47 45 60 43 11 12 52 9 56 3 15 53 54 55 5 20 7 57 25 26 61 23 32 14 36 16 63 21 48 37 
50 41 59 30 29 62 27 55 7 57 4 18 46 45 64 43 11 31 52 51 9 49 16 63 13 34 21 22 1 17 39 19 25 47 61 60 23 58 12 32 10 28 37 38 3 33 53 35 42 5 6 40 26 48 24 44 2 56 14 15 54 20 8 36 
51 40 60 12 62 9 28 54 20 19 57 17 26 64 23 44 31 32 2 27 49 29 36 35 63 33 6 21 42 41 4 39 47 48 8 43 58 45 52 10 11 50 15 37 56 55 13 53 7 22 5 18 61 24 25 59 30 16 38 14 34 1 46 3 
52 6 61 62 32 10 30 15 18 20 7 22 64 48 24 46 51 27 49 2 11 31 34 36 16 38 39 19 41 21 42 1 60 43 58 8 25 47 9 28 50 12 53 35 55 37 56 3 40 57 4 5 23 44 59 26 29 54 63 13 14 17 45 33 
53 23 18 14 34 54 63 27 48 43 44 45 1 39 19 41 3 36 37 35 55 33 52 9 49 50 61 8 25 58 59 60 5 6 7 40 57 4 15 16 56 13 32 10 30 28 29 62 24 46 26 64 20 21 22 17 38 2 11 31 51 47 42 12 
54 60 19 36 35 63 33 62 26 64 23 44 6 40 41 4 15 37 56 55 13 53 31 51 27 49 47 48 8 43 58 45 20 7 22 57 17 18 16 38 14 34 12 52 10 9 28 50 61 24 25 59 21 42 1 39 3 32 2 30 29 46 5 11 
55 59 57 16 63 13 34 29 46 45 64 43 21 41 17 39 37 38 3 33 53 35 11 50 51 9 25 47 61 60 23 58 7 42 5 4 18 40 56 14 15 54 30 12 32 62 27 28 26 48 24 44 22 1 20 19 36 31 52 2 49 8 6 10 
56 25 22 63 38 14 36 30 44 46 26 48 41 42 1 6 55 33 53 3 15 37 49 11 31 52 58 45 60 47 61 8 57 4 18 5 20 7 13 34 54 16 28 50 62 12 32 10 59 64 23 24 17 39 19 21 35 29 51 27 2 43 40 9 
57 50 63 21 41 17 39 59 30 29 62 27 37 55 33 53 7 42 5 4 18 40 46 45 64 43 11 31 52 51 9 49 16 56 14 13 34 54 22 1 20 19 25 47 61 60 23 58 12 32 10 28 38 3 36 35 6 26 48 24 44 2 15 8 
58 33 28 24 44 59 64 4 56 13 53 54 2 49 29 51 8 46 47 45 60 43 22 17 18 19 38 14 36 34 35 63 10 11 12 50 62 9 25 26 61 23 42 1 6 39 40 41 3 15 37 55 30 31 32 27 48 5 20 7 57 16 52 21 
59 63 29 46 45 64 43 41 37 55 33 53 11 50 51 9 25 47 61 60 23 58 7 57 4 18 16 56 14 13 34 54 30 12 32 62 27 28 26 48 24 44 21 22 1 17 39 19 38 3 36 35 31 52 2 49 8 42 5 6 40 15 10 20 
60 35 62 26 64 23 44 40 15 54 55 13 31 51 27 49 47 48 8 43 58 45 20 19 57 17 36 16 38 63 33 34 12 52 10 9 28 50 61 24 25 59 6 21 42 41 4 39 37 56 3 53 32 2 30 29 46 7 22 5 18 14 11 1 
61 36 32 64 48 24 46 6 53 15 37 56 51 52 2 11 60 43 58 8 25 47 18 20 7 22 34 54 63 16 38 14 62 9 28 10 30 12 23 44 59 26 39 19 41 21 42 1 35 55 33 3 27 49 29 31 45 40 57 4 5 13 50 17 
62 19 64 31 51 27 49 35 6 40 41 4 47 60 43 58 12 52 10 9 28 50 15 54 55 13 20 7 22 57 17 18 26 61 24 23 44 59 32 2 30 29 36 16 38 63 33 34 21 42 1 39 48 8 46 45 11 37 56 3 53 5 25 14 
63 45 41 37 55 33 53 50 25 59 60 23 7 57 4 18 16 56 14 13 34 54 30 29 62 27 46 26 48 64 43 44 21 22 1 17 39 19 38 3 36 35 11 31 52 51 9 49 47 61 8 58 42 5 6 40 15 12 32 10 28 24 20 2 
64 54 51 47 60 43 58 19 36 35 63 33 12 62 9 28 26 61 24 23 44 59 6 40 41 4 15 37 56 55 13 53 31 32 2 27 49 29 48 8 46 45 20 7 22 57 17 18 16 38 14 34 52 10 11 50 25 21 42 1 39 3 30 5 
1
0 1 

1 4 
1 
5 
7 
21 
2 8 
1 5 
1 7 
1 21 
5 7 
5 21 
6 22 
7 21 
20 42 
3 12 
1 5 7 
1 5 21 
1 6 22 
1 7 21 
1 20 42 
5 6 22 
5 7 21 
5 20 42 
6 7 22 
6 21 22 
7 20 42 
20 21 42 
4 14 
1 5 6 22 
1 5 7 21 
1 5 20 42 
1 6 7 22 
1 6 21 22 
1 7 20 42 
1 20 21 42 
5 6 7 22 
5 6 21 22 
5 7 20 42 
5 20 21 42 
6 7 21 22 
6 20 22 42 
7 20 21 42 
5 12 
1 5 6 7 22 
1 5 6 21 22 
1 5 7 20 42 
1 5 20 21 42 
1 6 7 21 22 
1 6 20 22 42 
1 7 20 21 42 
5 6 7 21 22 
5 6 20 22 42 
5 7 20 21 42 
6 7 20 22 42 
6 20 21 22 42 
6 8 
1 5 6 7 21 22 
1 5 6 20 22 42 
1 5 7 20 21 42 
1 6 7 20 22 42 
1 6 20 21 22 42 
5 6 7 20 22 42 
5 6 20 21 22 42 
6 7 20 21 22 42 
7 4 
1 5 6 7 20 22 42 
1 5 6 20 21 22 42 
1 6 7 20 21 22 42 
5 6 7 20 21 22 42 
8 1 
1 5 6 7 20 21 22 42 
2
0 1 

1 1 

2 4 
2 10 
11 30 
12 31 
32 52 
3 1 

4 6 
2 10 11 30 
2 10 12 31 
2 10 32 52 
11 12 30 31 
11 30 32 52 
12 31 32 52 
5 1 

6 4 
2 10 11 12 30 31 
2 10 11 30 32 52 
2 10 12 31 32 52 
11 12 30 31 32 52 
7 1 

8 1 
2 10 11 12 30 31 32 52 
3
0 1 

1 1 

2 4 
3 14 
15 56 
16 37 
36 38 
3 1 

4 6 
3 14 15 56 
3 14 16 37 
3 14 36 38 
15 16 37 56 
15 36 38 56 
16 36 37 38 
5 1 

6 4 
3 14 15 16 37 56 
3 14 15 36 38 56 
3 14 16 36 37 38 
15 16 36 37 38 56 
7 1 

8 1 
3 14 15 16 36 37 38 56 
4
0 1 

1 1 

2 4 
4 18 
17 39 
19 41 
40 57 
3 1 

4 6 
4 17 18 39 
4 18 19 41 
4 18 40 57 
17 19 39 41 
17 39 40 57 
19 40 41 57 
5 1 

6 4 
4 17 18 19 39 41 
4 17 18 39 40 57 
4 18 19 40 41 57 
17 19 39 40 41 57 
7 1 

8 1 
4 17 18 19 39 40 41 57 
5
0 1 

1 1 

2 4 
8 24 
25 46 
26 47 
48 61 
3 1 

4 6 
8 24 25 46 
8 24 26 47 
8 24 48 61 
25 26 46 47 
25 46 48 61 
26 47 48 61 
5 1 

6 4 
8 24 25 26 46 47 
8 24 25 46 48 61 
8 24 26 47 48 61 
25 26 46 47 48 61 
7 1 

8 1 
8 24 25 26 46 47 48 61 
6
0 1 

1 1 

2 4 
9 27 
28 49 
29 50 
51 62 
3 1 

4 6 
9 27 28 49 
9 27 29 50 
9 27 51 62 
28 29 49 50 
28 49 51 62 
29 50 51 62 
5 1 

6 4 
9 27 28 29 49 50 
9 27 28 49 51 62 
9 27 29 50 51 62 
28 29 49 50 51 62 
7 1 

8 1 
9 27 28 29 49 50 51 62 
7
0 1 

1 1 

2 4 
13 53 
33 34 
35 63 
54 55 
3 1 

4 6 
13 33 34 53 
13 35 53 63 
13 53 54 55 
33 34 35 63 
33 34 54 55 
35 54 55 63 
5 1 

6 4 
13 33 34 35 53 63 
13 33 34 53 54 55 
13 35 53 54 55 63 
33 34 35 54 55 63 
7 1 

8 1 
13 33 34 35 53 54 55 63 
8
0 1 

1 1 

2 4 
23 43 
44 58 
45 59 
60 64 
3 1 

4 6 
23 43 44 58 
23 43 45 59 
23 43 60 64 
44 45 58 59 
44 58 60 64 
45 59 60 64 
5 1 

6 4 
23 43 44 45 58 59 
23 43 44 58 60 64 
23 43 45 59 60 64 
44 45 58 59 60 64 
7 1 

8 1 
23 43 44 45 58 59 60 64 
