//Table for grp 163:
57
0 0 2 2 4 4 2 4 
0 0 2 4 4 2 4 2 
0 0 4 2 2 4 4 2 
0 0 4 4 2 2 2 4 
0 2 0 2 4 2 4 4 
0 2 0 4 4 4 2 2 
0 2 2 0 2 4 4 4 
0 2 2 2 2 2 2 6 
0 2 2 2 2 2 6 2 
0 2 2 2 2 6 2 2 
0 2 2 2 6 2 2 2 
0 2 2 4 2 0 4 4 
0 2 2 4 2 4 0 4 
0 2 2 4 2 4 4 0 
0 2 2 6 2 2 2 2 
0 2 4 0 4 4 2 2 
0 2 4 2 0 2 4 4 
0 2 4 2 4 2 0 4 
0 2 4 2 4 2 4 0 
0 2 4 4 0 4 2 2 
0 2 4 4 4 0 2 2 
0 2 6 2 2 2 2 2 
0 4 0 2 2 4 4 2 
0 4 0 4 2 2 2 4 
0 4 2 0 4 2 4 2 
0 4 2 2 0 4 2 4 
0 4 2 2 4 0 2 4 
0 4 2 2 4 4 2 0 
0 4 2 4 0 2 4 2 
0 4 2 4 4 2 0 2 
0 4 4 0 2 2 2 4 
0 4 4 2 2 0 4 2 
0 4 4 2 2 4 0 2 
0 4 4 4 2 2 2 0 
0 6 2 2 2 2 2 2 
2 0 2 2 2 2 4 4 
2 0 2 4 2 4 2 2 
2 0 4 2 4 2 2 2 
2 2 0 2 2 4 2 4 
2 2 0 4 2 2 4 2 
2 2 2 0 4 2 2 4 
2 2 2 2 0 4 4 2 
2 2 2 2 4 0 4 2 
2 2 2 2 4 4 0 2 
2 2 2 4 0 2 2 4 
2 2 2 4 4 2 2 0 
2 2 4 0 2 2 4 2 
2 2 4 2 2 0 2 4 
2 2 4 2 2 4 2 0 
2 2 4 4 2 2 0 2 
2 4 0 2 4 2 2 2 
2 4 2 0 2 4 2 2 
2 4 2 2 2 2 0 4 
2 4 2 2 2 2 4 0 
2 4 2 4 2 0 2 2 
2 4 4 2 0 2 2 2 
4 2 2 2 2 2 2 2 
1 2 3 4 5 6 7 8 9 10 11 12 13 14 15 16 17 18 19 20 21 22 23 24 25 26 27 28 29 30 31 32 33 34 35 36 37 38 39 40 41 42 43 44 45 46 47 48 49 50 51 52 53 54 55 56 57 58 59 60 61 62 63 64 
2 1 8 9 10 11 12 3 4 5 6 7 23 24 25 26 27 28 29 30 31 32 13 14 15 16 17 18 19 20 21 22 43 44 45 46 47 48 49 50 51 52 33 34 35 36 37 38 39 40 41 42 58 59 60 61 62 53 54 55 56 57 64 63 
3 24 7 13 14 15 16 31 43 8 46 47 19 21 22 1 33 34 35 36 37 38 50 12 52 10 23 58 59 25 26 61 40 41 4 42 5 6 53 54 55 56 29 62 27 32 2 30 44 45 64 48 57 17 18 20 63 51 9 49 11 60 39 28 
4 28 13 5 17 18 19 44 52 49 29 51 14 33 34 35 1 20 21 39 40 41 61 58 45 60 32 10 30 50 62 9 3 36 37 53 54 55 6 7 42 57 48 24 46 59 64 23 2 11 31 27 15 16 56 63 22 8 25 47 43 12 38 26 
5 10 14 17 1 20 21 24 27 2 30 31 33 3 36 37 4 39 40 6 7 42 43 8 46 47 9 49 50 11 12 52 13 53 54 15 16 56 18 19 57 22 23 58 59 25 26 61 28 29 62 32 34 35 63 38 41 44 45 64 48 51 55 60 
6 32 15 41 20 7 22 48 28 52 2 11 55 36 16 38 57 4 18 21 42 1 44 61 8 25 49 29 51 10 30 12 63 13 34 37 56 3 17 39 19 5 58 45 60 24 46 26 50 62 9 31 33 53 35 14 40 59 64 23 47 27 54 43 
7 12 16 19 21 22 1 26 29 31 32 2 35 37 38 3 40 41 4 42 5 6 45 47 48 8 50 51 9 52 10 11 54 55 13 56 14 15 57 17 18 20 59 60 23 61 24 25 62 27 28 30 63 33 34 36 39 64 43 44 46 49 53 58 
8 14 12 23 24 25 26 21 33 3 36 37 29 31 32 2 43 44 45 46 47 48 40 7 42 5 13 53 54 15 16 56 50 51 9 52 10 11 58 59 60 61 19 57 17 22 1 20 34 35 63 38 62 27 28 30 64 41 4 39 6 55 49 18 
9 18 23 10 27 28 29 34 42 39 19 41 24 43 44 45 2 30 31 49 50 51 56 53 35 55 22 5 20 40 57 4 8 46 47 58 59 60 11 12 52 62 38 14 36 54 63 13 1 6 21 17 25 26 61 64 32 3 15 37 33 7 48 16 
10 5 24 27 2 30 31 14 17 1 20 21 43 8 46 47 9 49 50 11 12 52 33 3 36 37 4 39 40 6 7 42 23 58 59 25 26 61 28 29 62 32 13 53 54 15 16 56 18 19 57 22 44 45 64 48 51 34 35 63 38 41 60 55 
11 22 25 51 30 12 32 38 18 42 1 6 60 46 26 48 62 9 28 31 52 2 34 56 3 15 39 19 41 5 20 7 64 23 44 47 61 8 27 49 29 10 53 35 55 14 36 16 40 57 4 21 43 58 45 24 50 54 63 13 37 17 59 33 
12 7 26 29 31 32 2 16 19 21 22 1 45 47 48 8 50 51 9 52 10 11 35 37 38 3 40 41 4 42 5 6 59 60 23 61 24 25 62 27 28 30 54 55 13 56 14 15 57 17 18 20 64 43 44 46 49 63 33 34 36 39 58 53 
13 58 19 14 33 34 35 62 48 44 59 64 21 40 41 4 3 36 37 53 54 55 11 51 27 49 61 8 25 45 60 43 7 42 5 57 17 18 15 16 56 63 30 12 32 9 28 50 24 46 26 23 22 1 20 39 38 31 52 2 29 47 6 10 
14 8 21 33 3 36 37 12 23 24 25 26 40 7 42 5 13 53 54 15 16 56 29 31 32 2 43 44 45 46 47 48 19 57 17 22 1 20 34 35 63 38 50 51 9 52 10 11 58 59 60 61 41 4 39 6 55 62 27 28 30 64 18 49 
15 61 22 55 36 16 38 30 58 48 24 46 18 42 1 6 63 13 34 37 56 3 62 11 31 52 44 59 64 8 25 47 39 19 41 5 20 7 33 53 35 14 51 27 49 12 32 10 45 60 43 26 40 57 4 21 54 9 28 50 2 23 17 29 
16 47 1 35 37 38 3 10 59 26 61 24 4 5 6 7 54 55 13 56 14 15 27 2 30 31 45 64 43 48 8 46 17 18 19 20 21 22 63 33 34 36 9 49 50 11 12 52 60 23 58 25 39 40 41 42 53 28 29 62 32 44 57 51 
17 49 33 1 4 39 40 58 32 28 50 62 3 13 53 54 5 6 7 18 19 57 48 44 59 64 52 2 11 29 51 27 14 15 16 34 35 63 20 21 22 41 61 8 25 45 60 43 10 30 12 9 36 37 38 55 42 24 46 26 23 31 56 47 
18 9 34 42 39 19 41 23 10 27 28 29 56 53 35 55 22 5 20 40 57 4 24 43 44 45 2 30 31 49 50 51 38 14 36 54 63 13 1 6 21 17 8 46 47 58 59 60 11 12 52 62 3 15 37 33 7 25 26 61 64 32 16 48 
19 51 35 21 40 41 4 60 30 62 9 28 37 54 55 13 7 42 5 57 17 18 46 64 23 44 11 31 52 27 49 29 16 56 14 63 33 34 22 1 20 39 25 47 61 43 58 45 12 32 10 50 38 3 36 53 6 26 48 24 59 2 15 8 
20 52 36 57 6 21 42 61 49 32 10 30 63 15 37 56 41 17 39 7 22 5 58 48 24 46 28 50 62 2 11 31 55 33 53 16 38 14 4 18 40 1 44 59 64 8 25 47 29 51 27 12 13 34 54 3 19 45 60 43 26 9 35 23 
21 31 37 40 7 42 5 47 50 12 52 10 54 16 56 14 19 57 17 22 1 20 59 26 61 24 29 62 27 32 2 30 35 63 33 38 3 36 41 4 39 6 45 64 43 48 8 46 51 9 49 11 55 13 53 15 18 60 23 58 25 28 34 44 
22 11 38 18 42 1 6 25 51 30 12 32 34 56 3 15 39 19 41 5 20 7 60 46 26 48 62 9 28 31 52 2 53 35 55 14 36 16 40 57 4 21 64 23 44 47 61 8 27 49 29 10 54 63 13 37 17 43 58 45 24 50 33 59 
23 53 29 24 43 44 45 57 38 34 54 63 31 50 51 9 8 46 47 58 59 60 6 41 17 39 56 3 15 35 55 33 12 52 10 62 27 28 25 26 61 64 20 7 22 4 18 40 14 36 16 13 32 2 30 49 48 21 42 1 19 37 11 5 
24 3 31 43 8 46 47 7 13 14 15 16 50 12 52 10 23 58 59 25 26 61 19 21 22 1 33 34 35 36 37 38 29 62 27 32 2 30 44 45 64 48 40 41 4 42 5 6 53 54 55 56 51 9 49 11 60 57 17 18 20 63 28 39 
25 56 32 60 46 26 48 20 53 38 14 36 28 52 2 11 64 23 44 47 61 8 57 6 21 42 34 54 63 3 15 37 49 29 51 10 30 12 43 58 45 24 41 17 39 7 22 5 35 55 33 16 50 62 9 31 59 4 18 40 1 13 27 19 
26 37 2 45 47 48 8 5 54 16 56 14 9 10 11 12 59 60 23 61 24 25 17 1 20 21 35 63 33 38 3 36 27 28 29 30 31 32 64 43 44 46 4 39 40 6 7 42 55 13 53 15 49 50 51 52 58 18 19 57 22 34 62 41 
27 39 43 2 9 49 50 53 22 18 40 57 8 23 58 59 10 11 12 28 29 62 38 34 54 63 42 1 6 19 41 17 24 25 26 44 45 64 30 31 32 51 56 3 15 35 55 33 5 20 7 4 46 47 48 60 52 14 36 16 13 21 61 37 
28 4 44 52 49 29 51 13 5 17 18 19 61 58 45 60 32 10 30 50 62 9 14 33 34 35 1 20 21 39 40 41 48 24 46 59 64 23 2 11 31 27 3 36 37 53 54 55 6 7 42 57 8 25 47 43 12 15 16 56 63 22 26 38 
29 41 45 31 50 51 9 55 20 57 4 18 47 59 60 23 12 52 10 62 27 28 36 63 13 34 6 21 42 17 39 19 26 61 24 64 43 44 32 2 30 49 15 37 56 33 53 35 7 22 5 40 48 8 46 58 11 16 38 14 54 1 25 3 
30 42 46 62 11 31 52 56 39 22 5 20 64 25 47 61 51 27 49 12 32 10 53 38 14 36 18 40 57 1 6 21 60 43 58 26 48 24 9 28 50 2 34 54 63 3 15 37 19 41 17 7 23 44 59 8 29 35 55 33 16 4 45 13 
31 21 47 50 12 52 10 37 40 7 42 5 59 26 61 24 29 62 27 32 2 30 54 16 56 14 19 57 17 22 1 20 45 64 43 48 8 46 51 9 49 11 35 63 33 38 3 36 41 4 39 6 60 23 58 25 28 55 13 53 15 18 44 34 
32 6 48 28 52 2 11 15 41 20 7 22 44 61 8 25 49 29 51 10 30 12 55 36 16 38 57 4 18 21 42 1 58 45 60 24 46 26 50 62 9 31 63 13 34 37 56 3 17 39 19 5 59 64 23 47 27 33 53 35 14 40 43 54 
33 44 40 3 13 53 54 51 61 58 45 60 7 19 57 17 14 15 16 34 35 63 30 62 9 28 48 24 46 59 64 23 21 22 1 41 4 39 36 37 38 55 11 31 52 27 49 29 8 25 47 43 42 5 6 18 56 12 32 10 50 26 20 2 
34 43 41 56 53 35 55 50 8 23 58 59 20 57 4 18 38 14 36 54 63 13 12 29 62 27 24 25 26 44 45 64 6 21 42 17 39 19 3 15 37 33 31 32 2 51 9 49 46 47 48 60 7 22 5 40 16 52 10 11 28 61 1 30 
35 64 4 37 54 55 13 49 25 60 43 58 5 17 18 19 16 56 14 63 33 34 32 28 50 62 46 26 48 23 44 59 1 20 21 39 40 41 38 3 36 53 52 2 11 29 51 27 47 61 8 45 6 7 42 57 15 10 30 12 9 24 22 31 
36 48 42 63 15 37 56 11 44 61 8 25 39 22 5 20 55 33 53 16 38 14 51 30 12 32 58 45 60 24 46 26 18 40 57 1 6 21 13 34 54 3 62 9 28 31 52 2 59 64 23 47 19 41 17 7 35 27 49 29 10 43 4 50 
37 26 5 54 16 56 14 2 45 47 48 8 17 1 20 21 35 63 33 38 3 36 9 10 11 12 59 60 23 61 24 25 4 39 40 6 7 42 55 13 53 15 27 28 29 30 31 32 64 43 44 46 18 19 57 22 34 49 50 51 52 58 41 62 
38 46 6 34 56 3 15 52 64 25 47 61 41 20 7 22 53 35 55 14 36 16 49 32 10 30 60 43 58 26 48 24 57 4 18 21 42 1 54 63 13 37 28 50 62 2 11 31 23 44 59 8 17 39 19 5 33 29 51 27 12 45 40 9 
39 27 53 22 18 40 57 43 2 9 49 50 38 34 54 63 42 1 6 19 41 17 8 23 58 59 10 11 12 28 29 62 56 3 15 35 55 33 5 20 7 4 24 25 26 44 45 64 30 31 32 51 14 36 16 13 21 46 47 48 60 52 37 61 
40 62 54 7 19 57 17 64 11 51 27 49 16 35 63 33 21 22 1 41 4 39 25 60 43 58 30 12 32 9 28 50 37 38 3 55 13 53 42 5 6 18 46 26 48 23 44 59 31 52 2 29 56 14 15 34 20 47 61 8 45 10 36 24 
41 29 55 20 57 4 18 45 31 50 51 9 36 63 13 34 6 21 42 17 39 19 47 59 60 23 12 52 10 62 27 28 15 37 56 33 53 35 7 22 5 40 26 61 24 64 43 44 32 2 30 49 16 38 14 54 1 48 8 46 58 11 3 25 
42 30 56 39 22 5 20 46 62 11 31 52 53 38 14 36 18 40 57 1 6 21 64 25 47 61 51 27 49 12 32 10 34 54 63 3 15 37 19 41 17 7 60 43 58 26 48 24 9 28 50 2 35 55 33 16 4 23 44 59 8 29 13 45 
43 34 50 8 23 58 59 41 56 53 35 55 12 29 62 27 24 25 26 44 45 64 20 57 4 18 38 14 36 54 63 13 31 32 2 51 9 49 46 47 48 60 6 21 42 17 39 19 3 15 37 33 52 10 11 28 61 7 22 5 40 16 30 1 
44 33 51 61 58 45 60 40 3 13 53 54 30 62 9 28 48 24 46 59 64 23 7 19 57 17 14 15 16 34 35 63 11 31 52 27 49 29 8 25 47 43 21 22 1 41 4 39 36 37 38 55 12 32 10 50 26 42 5 6 18 56 2 20 
45 63 9 47 59 60 23 39 15 55 33 53 10 27 28 29 26 61 24 64 43 44 22 18 40 57 36 16 38 13 34 54 2 30 31 49 50 51 48 8 46 58 42 1 6 19 41 17 37 56 3 35 11 12 52 62 25 5 20 7 4 14 32 21 
46 38 52 64 25 47 61 6 34 56 3 15 49 32 10 30 60 43 58 26 48 24 41 20 7 22 53 35 55 14 36 16 28 50 62 2 11 31 23 44 59 8 57 4 18 21 42 1 54 63 13 37 29 51 27 12 45 17 39 19 5 33 9 40 
47 16 10 59 26 61 24 1 35 37 38 3 27 2 30 31 45 64 43 48 8 46 4 5 6 7 54 55 13 56 14 15 9 49 50 11 12 52 60 23 58 25 17 18 19 20 21 22 63 33 34 36 28 29 62 32 44 39 40 41 42 53 51 57 
48 36 11 44 61 8 25 42 63 15 37 56 51 30 12 32 58 45 60 24 46 26 39 22 5 20 55 33 53 16 38 14 62 9 28 31 52 2 59 64 23 47 18 40 57 1 6 21 13 34 54 3 27 49 29 10 43 19 41 17 7 35 50 4 
49 17 58 32 28 50 62 33 1 4 39 40 48 44 59 64 52 2 11 29 51 27 3 13 53 54 5 6 7 18 19 57 61 8 25 45 60 43 10 30 12 9 14 15 16 34 35 63 20 21 22 41 24 46 26 23 31 36 37 38 55 42 47 56 
50 57 59 12 29 62 27 63 6 41 17 39 26 45 64 43 31 32 2 51 9 49 15 55 33 53 20 7 22 4 18 40 47 48 8 60 23 58 52 10 11 28 36 16 38 13 34 54 21 42 1 19 61 24 25 44 30 37 56 3 35 5 46 14 
51 19 60 30 62 9 28 35 21 40 41 4 46 64 23 44 11 31 52 27 49 29 37 54 55 13 7 42 5 57 17 18 25 47 61 43 58 45 12 32 10 50 16 56 14 63 33 34 22 1 20 39 26 48 24 59 2 38 3 36 53 6 8 15 
52 20 61 49 32 10 30 36 57 6 21 42 58 48 24 46 28 50 62 2 11 31 63 15 37 56 41 17 39 7 22 5 44 59 64 8 25 47 29 51 27 12 55 33 53 16 38 14 4 18 40 1 45 60 43 26 9 13 34 54 3 19 23 35 
53 23 57 38 34 54 63 29 24 43 44 45 6 41 17 39 56 3 15 35 55 33 31 50 51 9 8 46 47 58 59 60 20 7 22 4 18 40 14 36 16 13 12 52 10 62 27 28 25 26 61 64 21 42 1 19 37 32 2 30 49 48 5 11 
54 60 17 16 35 63 33 28 46 64 23 44 1 4 39 40 37 38 3 55 13 53 52 49 29 51 25 47 61 43 58 45 5 6 7 18 19 57 56 14 15 34 32 10 30 50 62 9 26 48 24 59 20 21 22 41 36 2 11 31 27 8 42 12 
55 59 18 36 63 13 34 27 26 45 64 43 42 39 19 41 15 37 56 33 53 35 2 9 49 50 47 48 8 60 23 58 22 5 20 40 57 4 16 38 14 54 10 11 12 28 29 62 61 24 25 44 1 6 21 17 3 30 31 32 51 46 7 52 
56 25 20 53 38 14 36 32 60 46 26 48 57 6 21 42 34 54 63 3 15 37 28 52 2 11 64 23 44 47 61 8 41 17 39 7 22 5 35 55 33 16 49 29 51 10 30 12 43 58 45 24 4 18 40 1 13 50 62 9 31 59 19 27 
57 50 63 6 41 17 39 59 12 29 62 27 15 55 33 53 20 7 22 4 18 40 26 45 64 43 31 32 2 51 9 49 36 16 38 13 34 54 21 42 1 19 47 48 8 60 23 58 52 10 11 28 37 56 3 35 5 61 24 25 44 30 14 46 
58 13 62 48 44 59 64 19 14 33 34 35 11 51 27 49 61 8 25 45 60 43 21 40 41 4 3 36 37 53 54 55 30 12 32 9 28 50 24 46 26 23 7 42 5 57 17 18 15 16 56 63 31 52 2 29 47 22 1 20 39 38 10 6 
59 55 27 26 45 64 43 18 36 63 13 34 2 9 49 50 47 48 8 60 23 58 42 39 19 41 15 37 56 33 53 35 10 11 12 28 29 62 61 24 25 44 22 5 20 40 57 4 16 38 14 54 30 31 32 51 46 1 6 21 17 3 52 7 
60 54 28 46 64 23 44 17 16 35 63 33 52 49 29 51 25 47 61 43 58 45 1 4 39 40 37 38 3 55 13 53 32 10 30 50 62 9 26 48 24 59 5 6 7 18 19 57 56 14 15 34 2 11 31 27 8 20 21 22 41 36 12 42 
61 15 30 58 48 24 46 22 55 36 16 38 62 11 31 52 44 59 64 8 25 47 18 42 1 6 63 13 34 37 56 3 51 27 49 12 32 10 45 60 43 26 39 19 41 5 20 7 33 53 35 14 9 28 50 2 23 40 57 4 21 54 29 17 
62 40 64 11 51 27 49 54 7 19 57 17 25 60 43 58 30 12 32 9 28 50 16 35 63 33 21 22 1 41 4 39 46 26 48 23 44 59 31 52 2 29 37 38 3 55 13 53 42 5 6 18 47 61 8 45 10 56 14 15 34 20 24 36 
63 45 39 15 55 33 53 9 47 59 60 23 22 18 40 57 36 16 38 13 34 54 10 27 28 29 26 61 24 64 43 44 42 1 6 19 41 17 37 56 3 35 2 30 31 49 50 51 48 8 46 58 5 20 7 4 14 11 12 52 62 25 21 32 
64 35 49 25 60 43 58 4 37 54 55 13 32 28 50 62 46 26 48 23 44 59 5 17 18 19 16 56 14 63 33 34 52 2 11 29 51 27 47 61 8 45 1 20 21 39 40 41 38 3 36 53 10 30 12 9 24 6 7 42 57 15 31 22 
1
0 1 

1 4 
1 
5 
7 
21 
2 8 
1 5 
1 7 
1 21 
5 7 
5 21 
6 22 
7 21 
20 42 
3 12 
1 5 7 
1 5 21 
1 6 22 
1 7 21 
1 20 42 
5 6 22 
5 7 21 
5 20 42 
6 7 22 
6 21 22 
7 20 42 
20 21 42 
4 14 
1 5 6 22 
1 5 7 21 
1 5 20 42 
1 6 7 22 
1 6 21 22 
1 7 20 42 
1 20 21 42 
5 6 7 22 
5 6 21 22 
5 7 20 42 
5 20 21 42 
6 7 21 22 
6 20 22 42 
7 20 21 42 
5 12 
1 5 6 7 22 
1 5 6 21 22 
1 5 7 20 42 
1 5 20 21 42 
1 6 7 21 22 
1 6 20 22 42 
1 7 20 21 42 
5 6 7 21 22 
5 6 20 22 42 
5 7 20 21 42 
6 7 20 22 42 
6 20 21 22 42 
6 8 
1 5 6 7 21 22 
1 5 6 20 22 42 
1 5 7 20 21 42 
1 6 7 20 22 42 
1 6 20 21 22 42 
5 6 7 20 22 42 
5 6 20 21 22 42 
6 7 20 21 22 42 
7 4 
1 5 6 7 20 22 42 
1 5 6 20 21 22 42 
1 6 7 20 21 22 42 
5 6 7 20 21 22 42 
8 1 
1 5 6 7 20 21 22 42 
2
0 1 

1 8 
2 
10 
11 
12 
30 
31 
32 
52 
2 28 
2 10 
2 11 
2 12 
2 30 
2 31 
2 32 
2 52 
10 11 
10 12 
10 30 
10 31 
10 32 
10 52 
11 12 
11 30 
11 31 
11 32 
11 52 
12 30 
12 31 
12 32 
12 52 
30 31 
30 32 
30 52 
31 32 
31 52 
32 52 
3 56 
2 10 11 
2 10 12 
2 10 30 
2 10 31 
2 10 32 
2 10 52 
2 11 12 
2 11 30 
2 11 31 
2 11 32 
2 11 52 
2 12 30 
2 12 31 
2 12 32 
2 12 52 
2 30 31 
2 30 32 
2 30 52 
2 31 32 
2 31 52 
2 32 52 
10 11 12 
10 11 30 
10 11 31 
10 11 32 
10 11 52 
10 12 30 
10 12 31 
10 12 32 
10 12 52 
10 30 31 
10 30 32 
10 30 52 
10 31 32 
10 31 52 
10 32 52 
11 12 30 
11 12 31 
11 12 32 
11 12 52 
11 30 31 
11 30 32 
11 30 52 
11 31 32 
11 31 52 
11 32 52 
12 30 31 
12 30 32 
12 30 52 
12 31 32 
12 31 52 
12 32 52 
30 31 32 
30 31 52 
30 32 52 
31 32 52 
4 70 
2 10 11 12 
2 10 11 30 
2 10 11 31 
2 10 11 32 
2 10 11 52 
2 10 12 30 
2 10 12 31 
2 10 12 32 
2 10 12 52 
2 10 30 31 
2 10 30 32 
2 10 30 52 
2 10 31 32 
2 10 31 52 
2 10 32 52 
2 11 12 30 
2 11 12 31 
2 11 12 32 
2 11 12 52 
2 11 30 31 
2 11 30 32 
2 11 30 52 
2 11 31 32 
2 11 31 52 
2 11 32 52 
2 12 30 31 
2 12 30 32 
2 12 30 52 
2 12 31 32 
2 12 31 52 
2 12 32 52 
2 30 31 32 
2 30 31 52 
2 30 32 52 
2 31 32 52 
10 11 12 30 
10 11 12 31 
10 11 12 32 
10 11 12 52 
10 11 30 31 
10 11 30 32 
10 11 30 52 
10 11 31 32 
10 11 31 52 
10 11 32 52 
10 12 30 31 
10 12 30 32 
10 12 30 52 
10 12 31 32 
10 12 31 52 
10 12 32 52 
10 30 31 32 
10 30 31 52 
10 30 32 52 
10 31 32 52 
11 12 30 31 
11 12 30 32 
11 12 30 52 
11 12 31 32 
11 12 31 52 
11 12 32 52 
11 30 31 32 
11 30 31 52 
11 30 32 52 
11 31 32 52 
12 30 31 32 
12 30 31 52 
12 30 32 52 
12 31 32 52 
30 31 32 52 
5 56 
2 10 11 12 30 
2 10 11 12 31 
2 10 11 12 32 
2 10 11 12 52 
2 10 11 30 31 
2 10 11 30 32 
2 10 11 30 52 
2 10 11 31 32 
2 10 11 31 52 
2 10 11 32 52 
2 10 12 30 31 
2 10 12 30 32 
2 10 12 30 52 
2 10 12 31 32 
2 10 12 31 52 
2 10 12 32 52 
2 10 30 31 32 
2 10 30 31 52 
2 10 30 32 52 
2 10 31 32 52 
2 11 12 30 31 
2 11 12 30 32 
2 11 12 30 52 
2 11 12 31 32 
2 11 12 31 52 
2 11 12 32 52 
2 11 30 31 32 
2 11 30 31 52 
2 11 30 32 52 
2 11 31 32 52 
2 12 30 31 32 
2 12 30 31 52 
2 12 30 32 52 
2 12 31 32 52 
2 30 31 32 52 
10 11 12 30 31 
10 11 12 30 32 
10 11 12 30 52 
10 11 12 31 32 
10 11 12 31 52 
10 11 12 32 52 
10 11 30 31 32 
10 11 30 31 52 
10 11 30 32 52 
10 11 31 32 52 
10 12 30 31 32 
10 12 30 31 52 
10 12 30 32 52 
10 12 31 32 52 
10 30 31 32 52 
11 12 30 31 32 
11 12 30 31 52 
11 12 30 32 52 
11 12 31 32 52 
11 30 31 32 52 
12 30 31 32 52 
6 28 
2 10 11 12 30 31 
2 10 11 12 30 32 
2 10 11 12 30 52 
2 10 11 12 31 32 
2 10 11 12 31 52 
2 10 11 12 32 52 
2 10 11 30 31 32 
2 10 11 30 31 52 
2 10 11 30 32 52 
2 10 11 31 32 52 
2 10 12 30 31 32 
2 10 12 30 31 52 
2 10 12 30 32 52 
2 10 12 31 32 52 
2 10 30 31 32 52 
2 11 12 30 31 32 
2 11 12 30 31 52 
2 11 12 30 32 52 
2 11 12 31 32 52 
2 11 30 31 32 52 
2 12 30 31 32 52 
10 11 12 30 31 32 
10 11 12 30 31 52 
10 11 12 30 32 52 
10 11 12 31 32 52 
10 11 30 31 32 52 
10 12 30 31 32 52 
11 12 30 31 32 52 
7 8 
2 10 11 12 30 31 32 
2 10 11 12 30 31 52 
2 10 11 12 30 32 52 
2 10 11 12 31 32 52 
2 10 11 30 31 32 52 
2 10 12 30 31 32 52 
2 11 12 30 31 32 52 
10 11 12 30 31 32 52 
8 1 
2 10 11 12 30 31 32 52 
3
0 1 

1 4 
15 
36 
38 
56 
2 8 
3 16 
14 37 
15 36 
15 38 
15 56 
36 38 
36 56 
38 56 
3 12 
3 15 16 
3 16 36 
3 16 38 
3 16 56 
14 15 37 
14 36 37 
14 37 38 
14 37 56 
15 36 38 
15 36 56 
15 38 56 
36 38 56 
4 14 
3 14 16 37 
3 15 16 36 
3 15 16 38 
3 15 16 56 
3 16 36 38 
3 16 36 56 
3 16 38 56 
14 15 36 37 
14 15 37 38 
14 15 37 56 
14 36 37 38 
14 36 37 56 
14 37 38 56 
15 36 38 56 
5 12 
3 14 15 16 37 
3 14 16 36 37 
3 14 16 37 38 
3 14 16 37 56 
3 15 16 36 38 
3 15 16 36 56 
3 15 16 38 56 
3 16 36 38 56 
14 15 36 37 38 
14 15 36 37 56 
14 15 37 38 56 
14 36 37 38 56 
6 8 
3 14 15 16 36 37 
3 14 15 16 37 38 
3 14 15 16 37 56 
3 14 16 36 37 38 
3 14 16 36 37 56 
3 14 16 37 38 56 
3 15 16 36 38 56 
14 15 36 37 38 56 
7 4 
3 14 15 16 36 37 38 
3 14 15 16 36 37 56 
3 14 15 16 37 38 56 
3 14 16 36 37 38 56 
8 1 
3 14 15 16 36 37 38 56 
4
0 1 

1 1 

2 4 
4 17 
18 39 
19 40 
41 57 
3 1 

4 6 
4 17 18 39 
4 17 19 40 
4 17 41 57 
18 19 39 40 
18 39 41 57 
19 40 41 57 
5 1 

6 4 
4 17 18 19 39 40 
4 17 18 39 41 57 
4 17 19 40 41 57 
18 19 39 40 41 57 
7 1 

8 1 
4 17 18 19 39 40 41 57 
5
0 1 

1 1 

2 4 
8 47 
24 26 
25 61 
46 48 
3 1 

4 6 
8 24 26 47 
8 25 47 61 
8 46 47 48 
24 25 26 61 
24 26 46 48 
25 46 48 61 
5 1 

6 4 
8 24 25 26 47 61 
8 24 26 46 47 48 
8 25 46 47 48 61 
24 25 26 46 48 61 
7 1 

8 1 
8 24 25 26 46 47 48 61 
6
0 1 

1 1 

2 4 
9 49 
27 28 
29 62 
50 51 
3 1 

4 6 
9 27 28 49 
9 29 49 62 
9 49 50 51 
27 28 29 62 
27 28 50 51 
29 50 51 62 
5 1 

6 4 
9 27 28 29 49 62 
9 27 28 49 50 51 
9 29 49 50 51 62 
27 28 29 50 51 62 
7 1 

8 1 
9 27 28 29 49 50 51 62 
7
0 1 

1 1 

2 4 
13 54 
33 35 
34 63 
53 55 
3 1 

4 6 
13 33 35 54 
13 34 54 63 
13 53 54 55 
33 34 35 63 
33 35 53 55 
34 53 55 63 
5 1 

6 4 
13 33 34 35 54 63 
13 33 35 53 54 55 
13 34 53 54 55 63 
33 34 35 53 55 63 
7 1 

8 1 
13 33 34 35 53 54 55 63 
8
0 1 

1 1 

2 4 
23 60 
43 64 
44 45 
58 59 
3 1 

4 6 
23 43 60 64 
23 44 45 60 
23 58 59 60 
43 44 45 64 
43 58 59 64 
44 45 58 59 
5 1 

6 4 
23 43 44 45 60 64 
23 43 58 59 60 64 
23 44 45 58 59 60 
43 44 45 58 59 64 
7 1 

8 1 
23 43 44 45 58 59 60 64 
