//Table for grp 240:
57
0 0 2 2 4 4 2 4 
0 0 2 4 4 2 4 2 
0 0 4 2 2 4 4 2 
0 0 4 4 2 2 2 4 
0 2 0 2 4 2 4 4 
0 2 0 4 4 4 2 2 
0 2 2 0 2 4 4 4 
0 2 2 2 2 2 2 6 
0 2 2 2 2 2 6 2 
0 2 2 2 2 6 2 2 
0 2 2 2 6 2 2 2 
0 2 2 4 2 0 4 4 
0 2 2 4 2 4 0 4 
0 2 2 4 2 4 4 0 
0 2 2 6 2 2 2 2 
0 2 4 0 4 4 2 2 
0 2 4 2 0 2 4 4 
0 2 4 2 4 2 0 4 
0 2 4 2 4 2 4 0 
0 2 4 4 0 4 2 2 
0 2 4 4 4 0 2 2 
0 2 6 2 2 2 2 2 
0 4 0 2 2 4 4 2 
0 4 0 4 2 2 2 4 
0 4 2 0 4 2 4 2 
0 4 2 2 0 4 2 4 
0 4 2 2 4 0 2 4 
0 4 2 2 4 4 2 0 
0 4 2 4 0 2 4 2 
0 4 2 4 4 2 0 2 
0 4 4 0 2 2 2 4 
0 4 4 2 2 0 4 2 
0 4 4 2 2 4 0 2 
0 4 4 4 2 2 2 0 
0 6 2 2 2 2 2 2 
2 0 2 2 2 2 4 4 
2 0 2 4 2 4 2 2 
2 0 4 2 4 2 2 2 
2 2 0 2 2 4 2 4 
2 2 0 4 2 2 4 2 
2 2 2 0 4 2 2 4 
2 2 2 2 0 4 4 2 
2 2 2 2 4 0 4 2 
2 2 2 2 4 4 0 2 
2 2 2 4 0 2 2 4 
2 2 2 4 4 2 2 0 
2 2 4 0 2 2 4 2 
2 2 4 2 2 0 2 4 
2 2 4 2 2 4 2 0 
2 2 4 4 2 2 0 2 
2 4 0 2 4 2 2 2 
2 4 2 0 2 4 2 2 
2 4 2 2 2 2 0 4 
2 4 2 2 2 2 4 0 
2 4 2 4 2 0 2 2 
2 4 4 2 0 2 2 2 
4 2 2 2 2 2 2 2 
1 2 3 4 5 6 7 8 9 10 11 12 13 14 15 16 17 18 19 20 21 22 23 24 25 26 27 28 29 30 31 32 33 34 35 36 37 38 39 40 41 42 43 44 45 46 47 48 49 50 51 52 53 54 55 56 57 58 59 60 61 62 63 64 
2 7 8 9 10 11 12 16 19 21 22 1 23 24 25 26 27 28 29 30 31 32 35 37 38 3 40 41 4 42 5 6 43 44 45 46 47 48 49 50 51 52 54 55 13 56 14 15 57 17 18 20 58 59 60 61 62 63 33 34 36 39 64 53 
3 25 22 13 14 15 16 12 44 46 8 48 41 42 7 6 33 34 35 36 37 38 29 31 32 2 58 23 60 24 61 26 57 19 18 21 20 1 53 54 55 56 50 51 9 52 10 11 43 64 45 47 40 39 4 5 63 62 27 28 30 59 17 49 
4 29 13 7 17 18 19 45 2 50 51 9 16 33 34 35 21 22 1 39 40 41 8 59 60 23 10 11 12 62 27 28 37 38 3 53 54 55 42 5 6 57 24 25 26 64 43 44 30 31 32 49 56 14 15 63 20 46 47 48 58 52 36 61 
5 10 36 17 6 20 21 46 27 11 30 31 53 3 14 56 18 39 40 1 22 42 58 8 24 61 28 49 50 2 32 52 13 33 63 15 16 37 4 41 57 7 23 43 64 25 26 47 9 51 62 12 34 35 54 38 19 44 45 59 48 29 55 60 
6 11 15 18 20 1 22 25 28 30 2 32 34 36 3 38 39 4 41 5 42 7 44 46 8 48 49 9 51 10 52 12 53 13 55 14 56 16 17 57 19 21 58 23 60 24 61 26 27 62 29 31 33 63 35 37 40 43 64 45 47 50 54 59 
7 12 16 19 21 22 1 26 29 31 32 2 35 37 38 3 40 41 4 42 5 6 45 47 48 8 50 51 9 52 10 11 54 55 13 56 14 15 57 17 18 20 59 60 23 61 24 25 62 27 28 30 63 33 34 36 39 64 43 44 46 49 53 58 
8 38 32 23 24 25 26 1 55 56 16 15 51 52 12 11 43 44 45 46 47 48 4 5 6 7 63 35 34 37 36 3 62 29 28 31 30 2 58 59 60 61 17 18 19 20 21 22 54 53 13 14 50 49 9 10 64 39 40 41 42 33 27 57 
9 4 23 12 27 28 29 13 7 17 18 19 26 43 44 45 31 32 2 49 50 51 16 33 34 35 21 22 1 39 40 41 47 48 8 58 59 60 52 10 11 62 37 38 3 53 54 55 42 5 6 57 61 24 25 64 30 56 14 15 63 20 46 36 
10 21 46 27 11 30 31 56 40 22 42 5 58 8 24 61 28 49 50 2 32 52 63 16 37 36 41 57 17 7 6 20 23 43 64 25 26 47 9 51 62 12 35 54 53 38 3 14 19 18 39 1 44 45 59 48 29 55 13 33 15 4 60 34 
11 22 25 28 30 2 32 38 41 42 7 6 44 46 8 48 49 9 51 10 52 12 55 56 16 15 57 19 18 21 20 1 58 23 60 24 61 26 27 62 29 31 63 35 34 37 36 3 40 39 4 5 43 64 45 47 50 54 53 13 14 17 59 33 
12 1 26 29 31 32 2 3 4 5 6 7 45 47 48 8 50 51 9 52 10 11 13 14 15 16 17 18 19 20 21 22 59 60 23 61 24 25 62 27 28 30 33 34 35 36 37 38 39 40 41 42 64 43 44 46 49 53 54 55 56 57 58 63 
13 60 41 16 33 34 35 9 25 64 45 44 6 57 19 18 37 38 3 53 54 55 12 27 28 29 46 8 48 59 58 23 20 1 22 40 39 4 56 14 15 63 31 32 2 49 50 51 24 61 26 43 5 42 7 17 36 52 10 11 62 47 21 30 
14 46 21 33 15 36 37 52 58 8 24 61 40 22 42 5 34 53 54 3 38 56 62 12 31 30 23 43 64 25 26 47 41 57 17 7 6 20 13 55 63 16 29 50 49 32 2 10 44 45 59 48 19 18 39 1 35 51 9 27 11 60 4 28 
15 8 7 34 36 3 38 32 23 24 25 26 19 21 22 1 53 13 55 14 56 16 51 52 12 11 43 44 45 46 47 48 40 41 4 42 5 6 33 63 35 37 62 29 28 31 30 2 58 59 60 61 57 17 18 20 54 50 49 9 10 64 39 27 
16 48 6 35 37 38 3 2 60 61 26 25 18 20 1 22 54 55 13 56 14 15 9 10 11 12 64 45 44 47 46 8 39 4 41 5 42 7 63 33 34 36 27 28 29 30 31 32 59 58 23 24 17 57 19 21 53 49 50 51 52 43 40 62 
17 50 53 21 18 39 40 64 10 51 62 27 56 13 33 63 22 42 5 4 41 57 46 45 59 58 11 30 31 29 28 49 16 37 36 34 35 54 7 6 20 19 8 24 61 60 23 43 2 32 52 9 38 3 14 55 1 25 26 47 44 12 15 48 
18 51 34 22 39 4 41 60 11 62 29 28 38 53 13 55 42 7 6 17 57 19 25 64 45 44 30 2 32 50 49 9 56 16 15 33 63 35 21 20 1 40 46 8 48 59 58 23 10 52 12 27 37 36 3 54 5 24 61 26 43 31 14 47 
19 9 35 1 40 41 4 23 12 27 28 29 3 54 55 13 5 6 7 57 17 18 26 43 44 45 31 32 2 49 50 51 14 15 16 63 33 34 20 21 22 39 47 48 8 58 59 60 52 10 11 62 36 37 38 53 42 61 24 25 64 30 56 46 
20 30 14 39 1 5 42 24 49 2 10 52 33 15 36 37 4 17 57 6 7 21 43 25 46 47 9 27 62 11 12 31 34 53 54 3 38 56 18 19 40 22 44 58 59 8 48 61 28 29 50 32 13 55 63 16 41 23 60 64 26 51 35 45 
21 31 56 40 22 42 5 61 50 32 52 10 63 16 37 36 41 57 17 7 6 20 64 26 47 46 51 62 27 12 11 30 35 54 53 38 3 14 19 18 39 1 45 59 58 48 8 24 29 28 49 2 55 13 33 15 4 60 23 43 25 9 34 44 
22 32 38 41 42 7 6 48 51 52 12 11 55 56 16 15 57 19 18 21 20 1 60 61 26 25 62 29 28 31 30 2 63 35 34 37 36 3 40 39 4 5 64 45 44 47 46 8 50 49 9 10 54 53 13 14 17 59 58 23 24 27 33 43 
23 34 51 26 43 44 45 19 38 53 13 55 11 62 29 28 47 48 8 58 59 60 1 40 41 4 56 16 15 33 63 35 30 2 32 50 49 9 61 24 25 64 5 6 7 57 17 18 37 36 3 54 10 52 12 27 46 20 21 22 39 14 31 42 
24 56 31 43 25 46 47 20 63 16 37 36 50 32 52 10 44 58 59 8 48 61 39 1 5 42 35 54 53 38 3 14 51 62 27 12 11 30 23 60 64 26 4 17 57 6 7 21 55 13 33 15 29 28 49 2 45 18 19 40 22 34 9 41 
25 16 12 44 46 8 48 6 35 37 38 3 29 31 32 2 58 23 60 24 61 26 18 20 1 22 54 55 13 56 14 15 50 51 9 52 10 11 43 64 45 47 39 4 41 5 42 7 63 33 34 36 62 27 28 30 59 17 57 19 21 53 49 40 
26 15 11 45 47 48 8 7 34 36 3 38 28 30 2 32 59 60 23 61 24 25 19 21 22 1 53 13 55 14 56 16 49 9 51 10 52 12 64 43 44 46 40 41 4 42 5 6 33 63 35 37 27 62 29 31 58 57 17 18 20 54 50 39 
27 17 58 31 28 49 50 53 21 18 39 40 61 23 43 64 32 52 10 9 51 62 56 13 33 63 22 42 5 4 41 57 26 47 46 44 45 59 12 11 30 29 16 37 36 34 35 54 7 6 20 19 48 8 24 60 2 38 3 14 55 1 25 15 
28 18 44 32 49 9 51 34 22 39 4 41 48 58 23 60 52 12 11 27 62 29 38 53 13 55 42 7 6 17 57 19 61 26 25 43 64 45 31 30 2 50 56 16 15 33 63 35 21 20 1 40 47 46 8 59 10 37 36 3 54 5 24 14 
29 19 45 2 50 51 9 35 1 40 41 4 8 59 60 23 10 11 12 62 27 28 3 54 55 13 5 6 7 57 17 18 24 25 26 64 43 44 30 31 32 49 14 15 16 63 33 34 20 21 22 39 46 47 48 58 52 36 37 38 53 42 61 56 
30 42 24 49 2 10 52 37 57 7 21 20 43 25 46 47 9 27 62 11 12 31 54 38 56 14 19 40 39 22 1 5 44 58 59 8 48 61 28 29 50 32 55 63 33 16 15 36 41 4 17 6 23 60 64 26 51 35 34 53 3 18 45 13 
31 5 61 50 32 52 10 36 17 6 20 21 64 26 47 46 51 62 27 12 11 30 53 3 14 56 18 39 40 1 22 42 45 59 58 48 8 24 29 28 49 2 13 33 63 15 16 37 4 41 57 7 60 23 43 25 9 34 35 54 38 19 44 55 
32 6 48 51 52 12 11 15 18 20 1 22 60 61 26 25 62 29 28 31 30 2 34 36 3 38 39 4 41 5 42 7 64 45 44 47 46 8 50 49 9 10 53 13 55 14 56 16 17 57 19 21 59 58 23 24 27 33 63 35 37 40 43 54 
33 64 40 37 34 53 54 49 46 45 59 58 5 41 57 17 38 56 14 13 55 63 52 9 27 62 8 24 61 60 23 43 6 20 21 19 18 39 16 15 36 35 12 31 30 28 29 50 25 26 47 44 1 22 42 4 3 32 2 10 51 48 7 11 
34 45 19 38 53 13 55 28 8 59 60 23 1 40 41 4 56 16 15 33 63 35 32 49 9 51 24 25 26 64 43 44 5 6 7 57 17 18 37 36 3 54 52 12 11 27 62 29 46 47 48 58 20 21 22 39 14 31 30 2 50 61 42 10 
35 44 18 3 54 55 13 29 48 58 23 60 22 39 4 41 14 15 16 63 33 34 2 50 51 9 61 26 25 43 64 45 42 7 6 17 57 19 36 37 38 53 10 11 12 62 27 28 47 46 8 59 21 20 1 40 56 30 31 32 49 24 5 52 
36 24 42 53 3 14 56 31 43 25 46 47 57 7 21 20 13 33 63 15 16 37 50 32 52 10 44 58 59 8 48 61 19 40 39 22 1 5 34 35 54 38 51 62 27 12 11 30 23 60 64 26 41 4 17 6 55 29 28 49 2 45 18 9 
37 61 5 54 38 56 14 30 64 26 47 46 17 6 20 21 55 63 33 16 15 36 49 2 10 52 45 59 58 48 8 24 18 39 40 1 22 42 35 34 53 3 9 27 62 11 12 31 60 23 43 25 4 41 57 7 13 28 29 50 32 44 19 51 
38 26 1 55 56 16 15 11 45 47 48 8 4 5 6 7 63 35 34 37 36 3 28 30 2 32 59 60 23 61 24 25 17 18 19 20 21 22 54 53 13 14 49 9 51 10 52 12 64 43 44 46 39 40 41 42 33 27 62 29 31 58 57 50 
39 62 33 42 4 17 57 59 30 29 50 49 37 34 53 54 7 21 20 18 19 40 24 60 64 43 2 10 52 51 9 27 38 56 14 13 55 63 22 1 5 41 25 46 47 45 44 58 11 12 31 28 16 15 36 35 6 8 48 61 23 32 3 26 
40 27 63 5 41 57 17 58 31 28 49 50 36 35 54 53 6 20 21 19 18 39 61 23 43 64 32 52 10 9 51 62 3 14 56 55 13 33 1 22 42 4 26 47 46 44 45 59 12 11 30 29 15 16 37 34 7 48 8 24 60 2 38 25 
41 28 55 6 57 19 18 44 32 49 9 51 15 63 35 34 20 1 22 40 39 4 48 58 23 60 52 12 11 27 62 29 36 3 38 54 53 13 5 42 7 17 61 26 25 43 64 45 31 30 2 50 14 56 16 33 21 47 46 8 59 10 37 24 
42 52 37 57 7 21 20 47 62 12 31 30 54 38 56 14 19 40 39 22 1 5 59 48 61 24 29 50 49 32 2 10 55 63 33 16 15 36 41 4 17 6 60 64 43 26 25 46 51 9 27 11 35 34 53 3 18 45 44 58 8 28 13 23 
43 53 50 47 44 58 59 57 56 13 33 63 10 51 62 27 48 61 24 23 60 64 20 19 40 39 16 37 36 34 35 54 11 30 31 29 28 49 26 25 46 45 1 5 42 41 4 17 38 3 14 55 2 32 52 9 8 6 7 21 18 15 12 22 
44 13 29 48 58 23 60 41 16 33 34 35 2 50 51 9 61 26 25 43 64 45 6 57 19 18 37 38 3 53 54 55 10 11 12 62 27 28 47 46 8 59 20 1 22 40 39 4 56 14 15 63 30 31 32 49 24 5 42 7 17 36 52 21 
45 55 28 8 59 60 23 4 15 63 35 34 32 49 9 51 24 25 26 64 43 44 7 17 18 19 36 3 38 54 53 13 52 12 11 27 62 29 46 47 48 58 21 22 1 39 40 41 14 56 16 33 31 30 2 50 61 42 5 6 57 37 10 20 
46 37 52 58 8 24 61 5 54 38 56 14 62 12 31 30 23 43 64 25 26 47 17 6 20 21 55 63 33 16 15 36 29 50 49 32 2 10 44 45 59 48 18 39 40 1 22 42 35 34 53 3 51 9 27 11 60 4 41 57 7 13 28 19 
47 36 10 59 48 61 24 42 53 3 14 56 27 11 30 31 60 64 43 26 25 46 57 7 21 20 13 33 63 15 16 37 28 49 50 2 32 52 45 44 58 8 19 40 39 22 1 5 34 35 54 38 9 51 62 12 23 41 4 17 6 55 29 18 
48 3 2 60 61 26 25 22 13 14 15 16 9 10 11 12 64 45 44 47 46 8 41 42 7 6 33 34 35 36 37 38 27 28 29 30 31 32 59 58 23 24 57 19 18 21 20 1 53 54 55 56 49 50 51 52 43 40 39 4 5 63 62 17 
49 39 43 52 9 27 62 33 42 4 17 57 47 44 58 59 12 31 30 28 29 50 37 34 53 54 7 21 20 18 19 40 48 61 24 23 60 64 32 2 10 51 38 56 14 13 55 63 22 1 5 41 26 25 46 45 11 16 15 36 35 6 8 3 
50 40 64 10 51 62 27 63 5 41 57 17 46 45 59 58 11 30 31 29 28 49 36 35 54 53 6 20 21 19 18 39 8 24 61 60 23 43 2 32 52 9 3 14 56 55 13 33 1 22 42 4 25 26 47 44 12 15 16 37 34 7 48 38 
51 41 60 11 62 29 28 55 6 57 19 18 25 64 45 44 30 2 32 50 49 9 15 63 35 34 20 1 22 40 39 4 46 8 48 59 58 23 10 52 12 27 36 3 38 54 53 13 5 42 7 17 24 61 26 43 31 14 56 16 33 21 47 37 
52 20 47 62 12 31 30 14 39 1 5 42 59 48 61 24 29 50 49 32 2 10 33 15 36 37 4 17 57 6 7 21 60 64 43 26 25 46 51 9 27 11 34 53 54 3 38 56 18 19 40 22 45 44 58 8 28 13 55 63 16 41 23 35 
53 59 57 56 13 33 63 27 24 60 64 43 20 19 40 39 16 37 36 34 35 54 31 28 49 50 25 46 47 45 44 58 1 5 42 41 4 17 38 3 14 55 32 52 10 9 51 62 8 48 61 23 6 7 21 18 15 12 11 30 29 26 22 2 
54 58 17 14 55 63 33 62 61 23 43 64 21 18 39 40 15 36 37 35 34 53 30 29 50 49 26 47 46 44 45 59 22 42 5 4 41 57 3 38 56 13 2 10 52 51 9 27 48 8 24 60 7 6 20 19 16 11 12 31 28 25 1 32 
55 23 4 15 63 35 34 51 26 43 44 45 7 17 18 19 36 3 38 54 53 13 11 62 29 28 47 48 8 58 59 60 21 22 1 39 40 41 14 56 16 33 30 2 32 50 49 9 61 24 25 64 42 5 6 57 37 10 52 12 27 46 20 31 
56 47 20 63 16 37 36 10 59 48 61 24 39 1 5 42 35 54 53 38 3 14 27 11 30 31 60 64 43 26 25 46 4 17 57 6 7 21 55 13 33 15 28 49 50 2 32 52 45 44 58 8 18 19 40 22 34 9 51 62 12 23 41 29 
57 49 54 20 19 40 39 43 52 9 27 62 14 55 63 33 1 5 42 41 4 17 47 44 58 59 12 31 30 28 29 50 15 36 37 35 34 53 6 7 21 18 48 61 24 23 60 64 32 2 10 51 3 38 56 13 22 26 25 46 45 11 16 8 
58 33 62 61 23 43 64 40 37 34 53 54 30 29 50 49 26 47 46 44 45 59 5 41 57 17 38 56 14 13 55 63 2 10 52 51 9 27 48 8 24 60 6 20 21 19 18 39 16 15 36 35 11 12 31 28 25 1 22 42 4 3 32 7 
59 63 27 24 60 64 43 39 36 35 54 53 31 28 49 50 25 46 47 45 44 58 42 4 17 57 3 14 56 55 13 33 32 52 10 9 51 62 8 48 61 23 7 21 20 18 19 40 15 16 37 34 12 11 30 29 26 22 1 5 41 38 2 6 
60 35 9 25 64 45 44 18 3 54 55 13 12 27 28 29 46 8 48 59 58 23 22 39 4 41 14 15 16 63 33 34 31 32 2 49 50 51 24 61 26 43 42 7 6 17 57 19 36 37 38 53 52 10 11 62 47 21 20 1 40 56 30 5 
61 14 30 64 26 47 46 21 33 15 36 37 49 2 10 52 45 59 58 48 8 24 40 22 42 5 34 53 54 3 38 56 9 27 62 11 12 31 60 23 43 25 41 57 17 7 6 20 13 55 63 16 28 29 50 32 44 19 18 39 1 35 51 4 
62 57 59 30 29 50 49 54 20 19 40 39 24 60 64 43 2 10 52 51 9 27 14 55 63 33 1 5 42 41 4 17 25 46 47 45 44 58 11 12 31 28 15 36 37 35 34 53 6 7 21 18 8 48 61 23 32 3 38 56 13 22 26 16 
63 43 39 36 35 54 53 50 47 44 58 59 42 4 17 57 3 14 56 55 13 33 10 51 62 27 48 61 24 23 60 64 7 21 20 18 19 40 15 16 37 34 11 30 31 29 28 49 26 25 46 45 22 1 5 41 38 2 32 52 9 8 6 12 
64 54 49 46 45 59 58 17 14 55 63 33 52 9 27 62 8 24 61 60 23 43 21 18 39 40 15 36 37 35 34 53 12 31 30 28 29 50 25 26 47 44 22 42 5 4 41 57 3 38 56 13 32 2 10 51 48 7 6 20 19 16 11 1 
1
0 1 

1 4 
1 
6 
7 
22 
2 8 
1 6 
1 7 
1 22 
5 20 
6 7 
6 22 
7 22 
21 42 
3 12 
1 5 20 
1 6 7 
1 6 22 
1 7 22 
1 21 42 
5 6 20 
5 7 20 
5 20 22 
6 7 22 
6 21 42 
7 21 42 
21 22 42 
4 14 
1 5 6 20 
1 5 7 20 
1 5 20 22 
1 6 7 22 
1 6 21 42 
1 7 21 42 
1 21 22 42 
5 6 7 20 
5 6 20 22 
5 7 20 22 
5 20 21 42 
6 7 21 42 
6 21 22 42 
7 21 22 42 
5 12 
1 5 6 7 20 
1 5 6 20 22 
1 5 7 20 22 
1 5 20 21 42 
1 6 7 21 42 
1 6 21 22 42 
1 7 21 22 42 
5 6 7 20 22 
5 6 20 21 42 
5 7 20 21 42 
5 20 21 22 42 
6 7 21 22 42 
6 8 
1 5 6 7 20 22 
1 5 6 20 21 42 
1 5 7 20 21 42 
1 5 20 21 22 42 
1 6 7 21 22 42 
5 6 7 20 21 42 
5 6 20 21 22 42 
5 7 20 21 22 42 
7 4 
1 5 6 7 20 21 42 
1 5 6 20 21 22 42 
1 5 7 20 21 22 42 
5 6 7 20 21 22 42 
8 1 
1 5 6 7 20 21 22 42 
2
0 1 

1 1 

2 4 
2 12 
10 52 
11 32 
30 31 
3 1 

4 6 
2 10 12 52 
2 11 12 32 
2 12 30 31 
10 11 32 52 
10 30 31 52 
11 30 31 32 
5 1 

6 4 
2 10 11 12 32 52 
2 10 12 30 31 52 
2 11 12 30 31 32 
10 11 30 31 32 52 
7 1 

8 1 
2 10 11 12 30 31 32 52 
3
0 1 

1 1 

2 4 
3 38 
14 56 
15 16 
36 37 
3 1 

4 6 
3 14 38 56 
3 15 16 38 
3 36 37 38 
14 15 16 56 
14 36 37 56 
15 16 36 37 
5 1 

6 4 
3 14 15 16 38 56 
3 14 36 37 38 56 
3 15 16 36 37 38 
14 15 16 36 37 56 
7 1 

8 1 
3 14 15 16 36 37 38 56 
4
0 1 

1 1 

2 4 
4 19 
17 57 
18 41 
39 40 
3 1 

4 6 
4 17 19 57 
4 18 19 41 
4 19 39 40 
17 18 41 57 
17 39 40 57 
18 39 40 41 
5 1 

6 4 
4 17 18 19 41 57 
4 17 19 39 40 57 
4 18 19 39 40 41 
17 18 39 40 41 57 
7 1 

8 1 
4 17 18 19 39 40 41 57 
5
0 1 

1 8 
8 
24 
25 
26 
46 
47 
48 
61 
2 28 
8 24 
8 25 
8 26 
8 46 
8 47 
8 48 
8 61 
24 25 
24 26 
24 46 
24 47 
24 48 
24 61 
25 26 
25 46 
25 47 
25 48 
25 61 
26 46 
26 47 
26 48 
26 61 
46 47 
46 48 
46 61 
47 48 
47 61 
48 61 
3 56 
8 24 25 
8 24 26 
8 24 46 
8 24 47 
8 24 48 
8 24 61 
8 25 26 
8 25 46 
8 25 47 
8 25 48 
8 25 61 
8 26 46 
8 26 47 
8 26 48 
8 26 61 
8 46 47 
8 46 48 
8 46 61 
8 47 48 
8 47 61 
8 48 61 
24 25 26 
24 25 46 
24 25 47 
24 25 48 
24 25 61 
24 26 46 
24 26 47 
24 26 48 
24 26 61 
24 46 47 
24 46 48 
24 46 61 
24 47 48 
24 47 61 
24 48 61 
25 26 46 
25 26 47 
25 26 48 
25 26 61 
25 46 47 
25 46 48 
25 46 61 
25 47 48 
25 47 61 
25 48 61 
26 46 47 
26 46 48 
26 46 61 
26 47 48 
26 47 61 
26 48 61 
46 47 48 
46 47 61 
46 48 61 
47 48 61 
4 70 
8 24 25 26 
8 24 25 46 
8 24 25 47 
8 24 25 48 
8 24 25 61 
8 24 26 46 
8 24 26 47 
8 24 26 48 
8 24 26 61 
8 24 46 47 
8 24 46 48 
8 24 46 61 
8 24 47 48 
8 24 47 61 
8 24 48 61 
8 25 26 46 
8 25 26 47 
8 25 26 48 
8 25 26 61 
8 25 46 47 
8 25 46 48 
8 25 46 61 
8 25 47 48 
8 25 47 61 
8 25 48 61 
8 26 46 47 
8 26 46 48 
8 26 46 61 
8 26 47 48 
8 26 47 61 
8 26 48 61 
8 46 47 48 
8 46 47 61 
8 46 48 61 
8 47 48 61 
24 25 26 46 
24 25 26 47 
24 25 26 48 
24 25 26 61 
24 25 46 47 
24 25 46 48 
24 25 46 61 
24 25 47 48 
24 25 47 61 
24 25 48 61 
24 26 46 47 
24 26 46 48 
24 26 46 61 
24 26 47 48 
24 26 47 61 
24 26 48 61 
24 46 47 48 
24 46 47 61 
24 46 48 61 
24 47 48 61 
25 26 46 47 
25 26 46 48 
25 26 46 61 
25 26 47 48 
25 26 47 61 
25 26 48 61 
25 46 47 48 
25 46 47 61 
25 46 48 61 
25 47 48 61 
26 46 47 48 
26 46 47 61 
26 46 48 61 
26 47 48 61 
46 47 48 61 
5 56 
8 24 25 26 46 
8 24 25 26 47 
8 24 25 26 48 
8 24 25 26 61 
8 24 25 46 47 
8 24 25 46 48 
8 24 25 46 61 
8 24 25 47 48 
8 24 25 47 61 
8 24 25 48 61 
8 24 26 46 47 
8 24 26 46 48 
8 24 26 46 61 
8 24 26 47 48 
8 24 26 47 61 
8 24 26 48 61 
8 24 46 47 48 
8 24 46 47 61 
8 24 46 48 61 
8 24 47 48 61 
8 25 26 46 47 
8 25 26 46 48 
8 25 26 46 61 
8 25 26 47 48 
8 25 26 47 61 
8 25 26 48 61 
8 25 46 47 48 
8 25 46 47 61 
8 25 46 48 61 
8 25 47 48 61 
8 26 46 47 48 
8 26 46 47 61 
8 26 46 48 61 
8 26 47 48 61 
8 46 47 48 61 
24 25 26 46 47 
24 25 26 46 48 
24 25 26 46 61 
24 25 26 47 48 
24 25 26 47 61 
24 25 26 48 61 
24 25 46 47 48 
24 25 46 47 61 
24 25 46 48 61 
24 25 47 48 61 
24 26 46 47 48 
24 26 46 47 61 
24 26 46 48 61 
24 26 47 48 61 
24 46 47 48 61 
25 26 46 47 48 
25 26 46 47 61 
25 26 46 48 61 
25 26 47 48 61 
25 46 47 48 61 
26 46 47 48 61 
6 28 
8 24 25 26 46 47 
8 24 25 26 46 48 
8 24 25 26 46 61 
8 24 25 26 47 48 
8 24 25 26 47 61 
8 24 25 26 48 61 
8 24 25 46 47 48 
8 24 25 46 47 61 
8 24 25 46 48 61 
8 24 25 47 48 61 
8 24 26 46 47 48 
8 24 26 46 47 61 
8 24 26 46 48 61 
8 24 26 47 48 61 
8 24 46 47 48 61 
8 25 26 46 47 48 
8 25 26 46 47 61 
8 25 26 46 48 61 
8 25 26 47 48 61 
8 25 46 47 48 61 
8 26 46 47 48 61 
24 25 26 46 47 48 
24 25 26 46 47 61 
24 25 26 46 48 61 
24 25 26 47 48 61 
24 25 46 47 48 61 
24 26 46 47 48 61 
25 26 46 47 48 61 
7 8 
8 24 25 26 46 47 48 
8 24 25 26 46 47 61 
8 24 25 26 46 48 61 
8 24 25 26 47 48 61 
8 24 25 46 47 48 61 
8 24 26 46 47 48 61 
8 25 26 46 47 48 61 
24 25 26 46 47 48 61 
8 1 
8 24 25 26 46 47 48 61 
6
0 1 

1 1 

2 4 
9 29 
27 62 
28 51 
49 50 
3 1 

4 6 
9 27 29 62 
9 28 29 51 
9 29 49 50 
27 28 51 62 
27 49 50 62 
28 49 50 51 
5 1 

6 4 
9 27 28 29 51 62 
9 27 29 49 50 62 
9 28 29 49 50 51 
27 28 49 50 51 62 
7 1 

8 1 
9 27 28 29 49 50 51 62 
7
0 1 

1 1 

2 4 
13 34 
33 53 
35 55 
54 63 
3 1 

4 6 
13 33 34 53 
13 34 35 55 
13 34 54 63 
33 35 53 55 
33 53 54 63 
35 54 55 63 
5 1 

6 4 
13 33 34 35 53 55 
13 33 34 53 54 63 
13 34 35 54 55 63 
33 35 53 54 55 63 
7 1 

8 1 
13 33 34 35 53 54 55 63 
8
0 1 

1 8 
23 
43 
44 
45 
58 
59 
60 
64 
2 28 
23 43 
23 44 
23 45 
23 58 
23 59 
23 60 
23 64 
43 44 
43 45 
43 58 
43 59 
43 60 
43 64 
44 45 
44 58 
44 59 
44 60 
44 64 
45 58 
45 59 
45 60 
45 64 
58 59 
58 60 
58 64 
59 60 
59 64 
60 64 
3 56 
23 43 44 
23 43 45 
23 43 58 
23 43 59 
23 43 60 
23 43 64 
23 44 45 
23 44 58 
23 44 59 
23 44 60 
23 44 64 
23 45 58 
23 45 59 
23 45 60 
23 45 64 
23 58 59 
23 58 60 
23 58 64 
23 59 60 
23 59 64 
23 60 64 
43 44 45 
43 44 58 
43 44 59 
43 44 60 
43 44 64 
43 45 58 
43 45 59 
43 45 60 
43 45 64 
43 58 59 
43 58 60 
43 58 64 
43 59 60 
43 59 64 
43 60 64 
44 45 58 
44 45 59 
44 45 60 
44 45 64 
44 58 59 
44 58 60 
44 58 64 
44 59 60 
44 59 64 
44 60 64 
45 58 59 
45 58 60 
45 58 64 
45 59 60 
45 59 64 
45 60 64 
58 59 60 
58 59 64 
58 60 64 
59 60 64 
4 70 
23 43 44 45 
23 43 44 58 
23 43 44 59 
23 43 44 60 
23 43 44 64 
23 43 45 58 
23 43 45 59 
23 43 45 60 
23 43 45 64 
23 43 58 59 
23 43 58 60 
23 43 58 64 
23 43 59 60 
23 43 59 64 
23 43 60 64 
23 44 45 58 
23 44 45 59 
23 44 45 60 
23 44 45 64 
23 44 58 59 
23 44 58 60 
23 44 58 64 
23 44 59 60 
23 44 59 64 
23 44 60 64 
23 45 58 59 
23 45 58 60 
23 45 58 64 
23 45 59 60 
23 45 59 64 
23 45 60 64 
23 58 59 60 
23 58 59 64 
23 58 60 64 
23 59 60 64 
43 44 45 58 
43 44 45 59 
43 44 45 60 
43 44 45 64 
43 44 58 59 
43 44 58 60 
43 44 58 64 
43 44 59 60 
43 44 59 64 
43 44 60 64 
43 45 58 59 
43 45 58 60 
43 45 58 64 
43 45 59 60 
43 45 59 64 
43 45 60 64 
43 58 59 60 
43 58 59 64 
43 58 60 64 
43 59 60 64 
44 45 58 59 
44 45 58 60 
44 45 58 64 
44 45 59 60 
44 45 59 64 
44 45 60 64 
44 58 59 60 
44 58 59 64 
44 58 60 64 
44 59 60 64 
45 58 59 60 
45 58 59 64 
45 58 60 64 
45 59 60 64 
58 59 60 64 
5 56 
23 43 44 45 58 
23 43 44 45 59 
23 43 44 45 60 
23 43 44 45 64 
23 43 44 58 59 
23 43 44 58 60 
23 43 44 58 64 
23 43 44 59 60 
23 43 44 59 64 
23 43 44 60 64 
23 43 45 58 59 
23 43 45 58 60 
23 43 45 58 64 
23 43 45 59 60 
23 43 45 59 64 
23 43 45 60 64 
23 43 58 59 60 
23 43 58 59 64 
23 43 58 60 64 
23 43 59 60 64 
23 44 45 58 59 
23 44 45 58 60 
23 44 45 58 64 
23 44 45 59 60 
23 44 45 59 64 
23 44 45 60 64 
23 44 58 59 60 
23 44 58 59 64 
23 44 58 60 64 
23 44 59 60 64 
23 45 58 59 60 
23 45 58 59 64 
23 45 58 60 64 
23 45 59 60 64 
23 58 59 60 64 
43 44 45 58 59 
43 44 45 58 60 
43 44 45 58 64 
43 44 45 59 60 
43 44 45 59 64 
43 44 45 60 64 
43 44 58 59 60 
43 44 58 59 64 
43 44 58 60 64 
43 44 59 60 64 
43 45 58 59 60 
43 45 58 59 64 
43 45 58 60 64 
43 45 59 60 64 
43 58 59 60 64 
44 45 58 59 60 
44 45 58 59 64 
44 45 58 60 64 
44 45 59 60 64 
44 58 59 60 64 
45 58 59 60 64 
6 28 
23 43 44 45 58 59 
23 43 44 45 58 60 
23 43 44 45 58 64 
23 43 44 45 59 60 
23 43 44 45 59 64 
23 43 44 45 60 64 
23 43 44 58 59 60 
23 43 44 58 59 64 
23 43 44 58 60 64 
23 43 44 59 60 64 
23 43 45 58 59 60 
23 43 45 58 59 64 
23 43 45 58 60 64 
23 43 45 59 60 64 
23 43 58 59 60 64 
23 44 45 58 59 60 
23 44 45 58 59 64 
23 44 45 58 60 64 
23 44 45 59 60 64 
23 44 58 59 60 64 
23 45 58 59 60 64 
43 44 45 58 59 60 
43 44 45 58 59 64 
43 44 45 58 60 64 
43 44 45 59 60 64 
43 44 58 59 60 64 
43 45 58 59 60 64 
44 45 58 59 60 64 
7 8 
23 43 44 45 58 59 60 
23 43 44 45 58 59 64 
23 43 44 45 58 60 64 
23 43 44 45 59 60 64 
23 43 44 58 59 60 64 
23 43 45 58 59 60 64 
23 44 45 58 59 60 64 
43 44 45 58 59 60 64 
8 1 
23 43 44 45 58 59 60 64 
