//Table for grp 70:
57
0 0 2 2 4 4 2 4 
0 0 2 4 4 2 4 2 
0 0 4 2 2 4 4 2 
0 0 4 4 2 2 2 4 
0 2 0 2 4 2 4 4 
0 2 0 4 4 4 2 2 
0 2 2 0 2 4 4 4 
0 2 2 2 2 2 2 6 
0 2 2 2 2 2 6 2 
0 2 2 2 2 6 2 2 
0 2 2 2 6 2 2 2 
0 2 2 4 2 0 4 4 
0 2 2 4 2 4 0 4 
0 2 2 4 2 4 4 0 
0 2 2 6 2 2 2 2 
0 2 4 0 4 4 2 2 
0 2 4 2 0 2 4 4 
0 2 4 2 4 2 0 4 
0 2 4 2 4 2 4 0 
0 2 4 4 0 4 2 2 
0 2 4 4 4 0 2 2 
0 2 6 2 2 2 2 2 
0 4 0 2 2 4 4 2 
0 4 0 4 2 2 2 4 
0 4 2 0 4 2 4 2 
0 4 2 2 0 4 2 4 
0 4 2 2 4 0 2 4 
0 4 2 2 4 4 2 0 
0 4 2 4 0 2 4 2 
0 4 2 4 4 2 0 2 
0 4 4 0 2 2 2 4 
0 4 4 2 2 0 4 2 
0 4 4 2 2 4 0 2 
0 4 4 4 2 2 2 0 
0 6 2 2 2 2 2 2 
2 0 2 2 2 2 4 4 
2 0 2 4 2 4 2 2 
2 0 4 2 4 2 2 2 
2 2 0 2 2 4 2 4 
2 2 0 4 2 2 4 2 
2 2 2 0 4 2 2 4 
2 2 2 2 0 4 4 2 
2 2 2 2 4 0 4 2 
2 2 2 2 4 4 0 2 
2 2 2 4 0 2 2 4 
2 2 2 4 4 2 2 0 
2 2 4 0 2 2 4 2 
2 2 4 2 2 0 2 4 
2 2 4 2 2 4 2 0 
2 2 4 4 2 2 0 2 
2 4 0 2 4 2 2 2 
2 4 2 0 2 4 2 2 
2 4 2 2 2 2 0 4 
2 4 2 2 2 2 4 0 
2 4 2 4 2 0 2 2 
2 4 4 2 0 2 2 2 
4 2 2 2 2 2 2 2 
1 2 3 4 5 6 7 8 9 10 11 12 13 14 15 16 17 18 19 20 21 22 23 24 25 26 27 28 29 30 31 32 33 34 35 36 37 38 39 40 41 42 43 44 45 46 47 48 49 50 51 52 53 54 55 56 57 58 59 60 61 62 63 64 
2 7 8 9 10 11 12 16 19 21 22 1 23 24 25 26 27 28 29 30 31 32 35 37 38 3 40 41 4 42 5 6 43 44 45 46 47 48 49 50 51 52 54 55 13 56 14 15 57 17 18 20 58 59 60 61 62 63 33 34 36 39 64 53 
3 24 7 13 14 15 16 31 43 8 46 47 19 21 22 1 33 34 35 36 37 38 50 12 52 10 23 58 59 25 26 61 40 41 4 42 5 6 53 54 55 56 29 62 27 32 2 30 44 45 64 48 57 17 18 20 63 51 9 49 11 60 39 28 
4 28 13 6 17 18 19 44 2 49 9 51 15 33 34 35 20 1 22 39 40 41 8 58 23 60 10 11 12 27 62 29 36 3 38 53 54 55 5 42 7 57 24 25 26 43 64 45 30 31 32 50 14 56 16 63 21 46 47 48 59 52 37 61 
5 10 14 17 1 20 21 24 27 2 30 31 33 3 36 37 4 39 40 6 7 42 43 8 46 47 9 49 50 11 12 52 13 53 54 15 16 56 18 19 57 22 23 58 59 25 26 61 28 29 62 32 34 35 63 38 41 44 45 64 48 51 55 60 
6 11 15 18 20 1 22 25 28 30 2 32 34 36 3 38 39 4 41 5 42 7 44 46 8 48 49 9 51 10 52 12 53 13 55 14 56 16 17 57 19 21 58 23 60 24 61 26 27 62 29 31 33 63 35 37 40 43 64 45 47 50 54 59 
7 12 16 19 21 22 1 26 29 31 32 2 35 37 38 3 40 41 4 42 5 6 45 47 48 8 50 51 9 52 10 11 54 55 13 56 14 15 57 17 18 20 59 60 23 61 24 25 62 27 28 30 63 33 34 36 39 64 43 44 46 49 53 58 
8 37 12 23 24 25 26 5 54 16 56 14 29 31 32 2 43 44 45 46 47 48 17 1 20 21 35 63 33 38 3 36 50 51 9 52 10 11 58 59 60 61 4 39 40 6 7 42 55 13 53 15 62 27 28 30 64 18 19 57 22 34 49 41 
9 41 23 11 27 28 29 55 7 57 19 18 25 43 44 45 30 2 32 49 50 51 16 63 35 34 21 22 1 40 39 4 46 8 48 58 59 60 10 52 12 62 37 38 3 54 53 13 42 5 6 17 24 61 26 64 31 56 14 15 33 20 47 36 
10 21 24 27 2 30 31 37 40 7 42 5 43 8 46 47 9 49 50 11 12 52 54 16 56 14 19 57 17 22 1 20 23 58 59 25 26 61 28 29 62 32 35 63 33 38 3 36 41 4 39 6 44 45 64 48 51 55 13 53 15 18 60 34 
11 22 25 28 30 2 32 38 41 42 7 6 44 46 8 48 49 9 51 10 52 12 55 56 16 15 57 19 18 21 20 1 58 23 60 24 61 26 27 62 29 31 63 35 34 37 36 3 40 39 4 5 43 64 45 47 50 54 53 13 14 17 59 33 
12 1 26 29 31 32 2 3 4 5 6 7 45 47 48 8 50 51 9 52 10 11 13 14 15 16 17 18 19 20 21 22 59 60 23 61 24 25 62 27 28 30 33 34 35 36 37 38 39 40 41 42 64 43 44 46 49 53 54 55 56 57 58 63 
13 58 19 15 33 34 35 62 24 44 43 64 22 40 41 4 36 3 38 53 54 55 31 51 50 49 8 46 47 23 60 59 42 7 6 57 17 18 14 56 16 63 12 52 10 29 28 27 25 26 61 45 21 20 1 39 37 32 2 30 9 48 5 11 
14 8 21 33 3 36 37 12 23 24 25 26 40 7 42 5 13 53 54 15 16 56 29 31 32 2 43 44 45 46 47 48 19 57 17 22 1 20 34 35 63 38 50 51 9 52 10 11 58 59 60 61 41 4 39 6 55 62 27 28 30 64 18 49 
15 46 22 34 36 3 38 52 58 25 24 61 41 42 7 6 53 13 55 14 56 16 62 32 31 30 44 43 64 8 48 47 57 19 18 21 20 1 33 63 35 37 51 50 49 12 11 10 23 60 59 26 40 39 4 5 54 29 28 27 2 45 17 9 
16 47 1 35 37 38 3 10 59 26 61 24 4 5 6 7 54 55 13 56 14 15 27 2 30 31 45 64 43 48 8 46 17 18 19 20 21 22 63 33 34 36 9 49 50 11 12 52 60 23 58 25 39 40 41 42 53 28 29 62 32 44 57 51 
17 49 33 20 4 39 40 58 10 28 27 62 36 13 53 54 6 5 42 18 19 57 24 44 43 64 2 30 31 9 51 50 15 14 56 34 35 63 1 22 21 41 8 46 47 23 60 59 11 12 52 29 3 38 37 55 7 25 26 61 45 32 16 48 
18 9 34 1 39 4 41 23 11 27 28 29 3 53 13 55 5 6 7 17 57 19 25 43 44 45 30 2 32 49 50 51 14 15 16 33 63 35 20 21 22 40 46 8 48 58 59 60 10 52 12 62 36 37 38 54 42 24 61 26 64 31 56 47 
19 51 35 22 40 41 4 60 12 62 29 28 38 54 55 13 42 7 6 57 17 18 26 64 45 44 31 32 2 50 49 9 56 16 15 63 33 34 21 20 1 39 47 48 8 59 58 23 52 10 11 27 37 36 3 53 5 61 24 25 43 30 14 46 
20 30 36 39 6 5 42 46 49 11 10 52 53 15 14 56 18 17 57 1 22 21 58 25 24 61 28 27 62 2 32 31 34 33 63 3 38 37 4 41 40 7 44 43 64 8 48 47 9 51 50 12 13 55 54 16 19 23 60 59 26 29 35 45 
21 31 37 40 7 42 5 47 50 12 52 10 54 16 56 14 19 57 17 22 1 20 59 26 61 24 29 62 27 32 2 30 35 63 33 38 3 36 41 4 39 6 45 64 43 48 8 46 51 9 49 11 55 13 53 15 18 60 23 58 25 28 34 44 
22 32 38 41 42 7 6 48 51 52 12 11 55 56 16 15 57 19 18 21 20 1 60 61 26 25 62 29 28 31 30 2 63 35 34 37 36 3 40 39 4 5 64 45 44 47 46 8 50 49 9 10 54 53 13 14 17 59 58 23 24 27 33 43 
23 63 29 25 43 44 45 39 37 55 54 53 32 50 51 9 46 8 48 58 59 60 5 18 17 57 16 56 14 35 34 33 52 12 11 62 27 28 24 61 26 64 1 20 21 4 41 40 38 3 36 13 31 30 2 49 47 6 7 42 19 15 10 22 
24 16 31 43 8 46 47 1 35 37 38 3 50 12 52 10 23 58 59 25 26 61 4 5 6 7 54 55 13 56 14 15 29 62 27 32 2 30 44 45 64 48 17 18 19 20 21 22 63 33 34 36 51 9 49 11 60 39 40 41 42 53 28 57 
25 56 32 44 46 8 48 20 63 38 37 36 51 52 12 11 58 23 60 24 61 26 39 6 5 42 55 54 53 16 15 14 62 29 28 31 30 2 43 64 45 47 18 17 57 1 22 21 35 34 33 3 50 49 9 10 59 4 41 40 7 13 27 19 
26 14 2 45 47 48 8 21 33 3 36 37 9 10 11 12 59 60 23 61 24 25 40 7 42 5 13 53 54 15 16 56 27 28 29 30 31 32 64 43 44 46 19 57 17 22 1 20 34 35 63 38 49 50 51 52 58 41 4 39 6 55 62 18 
27 57 43 30 9 49 50 63 21 41 40 39 46 23 58 59 11 10 52 28 29 62 37 55 54 53 7 42 5 19 18 17 25 24 61 44 45 64 2 32 31 51 16 56 14 35 34 33 22 1 20 4 8 48 47 60 12 38 3 36 13 6 26 15 
28 19 44 2 49 9 51 35 22 40 41 4 8 58 23 60 10 11 12 27 62 29 38 54 55 13 42 7 6 57 17 18 24 25 26 43 64 45 30 31 32 50 56 16 15 63 33 34 21 20 1 39 46 47 48 59 52 37 36 3 53 5 61 14 
29 18 45 32 50 51 9 34 1 39 4 41 48 59 60 23 52 12 11 62 27 28 3 53 13 55 5 6 7 17 57 19 61 26 25 64 43 44 31 30 2 49 14 15 16 33 63 35 20 21 22 40 47 46 8 58 10 36 37 38 54 42 24 56 
30 42 46 49 11 10 52 56 57 22 21 20 58 25 24 61 28 27 62 2 32 31 63 38 37 36 41 40 39 7 6 5 44 43 64 8 48 47 9 51 50 12 55 54 53 16 15 14 19 18 17 1 23 60 59 26 29 35 34 33 3 4 45 13 
31 5 47 50 12 52 10 14 17 1 20 21 59 26 61 24 29 62 27 32 2 30 33 3 36 37 4 39 40 6 7 42 45 64 43 48 8 46 51 9 49 11 13 53 54 15 16 56 18 19 57 22 60 23 58 25 28 34 35 63 38 41 44 55 
32 6 48 51 52 12 11 15 18 20 1 22 60 61 26 25 62 29 28 31 30 2 34 36 3 38 39 4 41 5 42 7 64 45 44 47 46 8 50 49 9 10 53 13 55 14 56 16 17 57 19 21 59 58 23 24 27 33 63 35 37 40 43 54 
33 44 40 36 13 53 54 51 8 58 23 60 42 19 57 17 15 14 56 34 35 63 12 62 29 28 24 25 26 43 64 45 22 21 20 41 4 39 3 38 37 55 31 32 2 50 49 9 46 47 48 59 7 6 5 18 16 52 10 11 27 61 1 30 
34 43 41 3 53 13 55 50 46 23 58 59 7 57 19 18 14 15 16 33 63 35 52 29 62 27 25 24 61 44 45 64 21 22 1 40 39 4 36 37 38 54 32 31 30 51 9 49 8 48 47 60 42 5 6 17 56 12 11 10 28 26 20 2 
35 64 4 38 54 55 13 49 47 60 59 58 6 17 18 19 56 16 15 63 33 34 10 28 27 62 26 61 24 45 44 43 20 1 22 39 40 41 37 36 3 53 2 30 31 9 51 50 48 8 46 23 5 42 7 57 14 11 12 52 29 25 21 32 
36 25 42 53 15 14 56 32 44 46 8 48 57 22 21 20 34 33 63 3 38 37 51 52 12 11 58 23 60 24 61 26 41 40 39 7 6 5 13 55 54 16 62 29 28 31 30 2 43 64 45 47 19 18 17 1 35 50 49 9 10 59 4 27 
37 26 5 54 16 56 14 2 45 47 48 8 17 1 20 21 35 63 33 38 3 36 9 10 11 12 59 60 23 61 24 25 4 39 40 6 7 42 55 13 53 15 27 28 29 30 31 32 64 43 44 46 18 19 57 22 34 49 50 51 52 58 41 62 
38 61 6 55 56 16 15 30 64 48 47 46 18 20 1 22 63 35 34 37 36 3 49 11 10 52 60 59 58 26 25 24 39 4 41 5 42 7 54 53 13 14 28 27 62 2 32 31 45 44 43 8 17 57 19 21 33 9 51 50 12 23 40 29 
39 27 53 5 18 17 57 43 30 9 49 50 14 34 33 63 1 20 21 4 41 40 46 23 58 59 11 10 52 28 29 62 3 36 37 13 55 54 6 7 42 19 25 24 61 44 45 64 2 32 31 51 15 16 56 35 22 8 48 47 60 12 38 26 
40 62 54 42 19 57 17 64 31 51 50 49 56 35 63 33 22 21 20 41 4 39 47 60 59 58 12 52 10 29 28 27 38 37 36 55 13 53 7 6 5 18 26 61 24 45 44 43 32 2 30 9 16 15 14 34 1 48 8 46 23 11 3 25 
41 29 55 7 57 19 18 45 32 50 51 9 16 63 35 34 21 22 1 40 39 4 48 59 60 23 52 12 11 62 27 28 37 38 3 54 53 13 42 5 6 17 61 26 25 64 43 44 31 30 2 49 56 14 15 33 20 47 46 8 58 10 36 24 
42 52 56 57 22 21 20 61 62 32 31 30 63 38 37 36 41 40 39 7 6 5 64 48 47 46 51 50 49 12 11 10 55 54 53 16 15 14 19 18 17 1 60 59 58 26 25 24 29 28 27 2 35 34 33 3 4 45 44 43 8 9 13 23 
43 55 50 46 23 58 59 18 16 63 35 34 52 29 62 27 25 24 61 44 45 64 1 39 4 41 37 38 3 54 53 13 32 31 30 51 9 49 8 48 47 60 5 6 7 17 57 19 56 14 15 33 12 11 10 28 26 20 21 22 40 36 2 42 
44 54 51 8 58 23 60 17 56 35 63 33 12 62 29 28 24 25 26 43 64 45 20 4 39 40 38 37 36 55 13 53 31 32 2 50 49 9 46 47 48 59 6 5 42 18 19 57 16 15 14 34 52 10 11 27 61 1 22 21 41 3 30 7 
45 53 9 48 59 60 23 57 14 34 33 63 11 27 28 29 61 26 25 64 43 44 21 41 40 39 3 36 37 13 55 54 30 2 32 49 50 51 47 46 8 58 7 42 5 19 18 17 15 16 56 35 10 52 12 62 24 22 1 20 4 38 31 6 
46 38 52 58 25 24 61 6 55 56 16 15 62 32 31 30 44 43 64 8 48 47 18 20 1 22 63 35 34 37 36 3 51 50 49 12 11 10 23 60 59 26 39 4 41 5 42 7 54 53 13 14 29 28 27 2 45 17 57 19 21 33 9 40 
47 3 10 59 26 61 24 7 13 14 15 16 27 2 30 31 45 64 43 48 8 46 19 21 22 1 33 34 35 36 37 38 9 49 50 11 12 52 60 23 58 25 40 41 4 42 5 6 53 54 55 56 28 29 62 32 44 57 17 18 20 63 51 39 
48 36 11 60 61 26 25 42 53 15 14 56 28 30 2 32 64 45 44 47 46 8 57 22 21 20 34 33 63 3 38 37 49 9 51 10 52 12 59 58 23 24 41 40 39 7 6 5 13 55 54 16 27 62 29 31 43 19 18 17 1 35 50 4 
49 40 58 10 28 27 62 54 42 19 57 17 24 44 43 64 2 30 31 9 51 50 56 35 63 33 22 21 20 41 4 39 8 46 47 23 60 59 11 12 52 29 38 37 36 55 13 53 7 6 5 18 25 26 61 45 32 16 15 14 34 1 48 3 
50 39 59 52 29 62 27 53 5 18 17 57 61 45 64 43 32 31 30 51 9 49 14 34 33 63 1 20 21 4 41 40 48 47 46 60 23 58 12 11 10 28 3 36 37 13 55 54 6 7 42 19 26 25 24 44 2 15 16 56 35 22 8 38 
51 4 60 12 62 29 28 13 6 17 18 19 26 64 45 44 31 32 2 50 49 9 15 33 34 35 20 1 22 39 40 41 47 48 8 59 58 23 52 10 11 27 36 3 38 53 54 55 5 42 7 57 61 24 25 43 30 14 56 16 63 21 46 37 
52 20 61 62 32 31 30 36 39 6 5 42 64 48 47 46 51 50 49 12 11 10 53 15 14 56 18 17 57 1 22 21 60 59 58 26 25 24 29 28 27 2 34 33 63 3 38 37 4 41 40 7 45 44 43 8 9 13 55 54 16 19 23 35 
53 23 57 14 34 33 63 29 25 43 44 45 21 41 40 39 3 36 37 13 55 54 32 50 51 9 46 8 48 58 59 60 7 42 5 19 18 17 15 16 56 35 52 12 11 62 27 28 24 61 26 64 22 1 20 4 38 31 30 2 49 47 6 10 
54 60 17 56 35 63 33 28 26 64 45 44 20 4 39 40 38 37 36 55 13 53 2 49 9 51 47 48 8 59 58 23 6 5 42 18 19 57 16 15 14 34 10 11 12 27 62 29 61 24 25 43 1 22 21 41 3 30 31 32 50 46 7 52 
55 59 18 16 63 35 34 27 61 45 64 43 1 39 4 41 37 38 3 54 53 13 30 9 49 50 48 47 46 60 23 58 5 6 7 17 57 19 56 14 15 33 11 10 52 28 29 62 26 25 24 44 20 21 22 40 36 2 32 31 51 8 42 12 
56 48 20 63 38 37 36 11 60 61 26 25 39 6 5 42 55 54 53 16 15 14 28 30 2 32 64 45 44 47 46 8 18 17 57 1 22 21 35 34 33 3 49 9 51 10 52 12 59 58 23 24 4 41 40 7 13 27 62 29 31 43 19 50 
57 50 63 21 41 40 39 59 52 29 62 27 37 55 54 53 7 42 5 19 18 17 61 45 64 43 32 31 30 51 9 49 16 56 14 35 34 33 22 1 20 4 48 47 46 60 23 58 12 11 10 28 38 3 36 13 6 26 25 24 44 2 15 8 
58 35 62 24 44 43 64 4 38 54 55 13 31 51 50 49 8 46 47 23 60 59 6 17 18 19 56 16 15 63 33 34 12 52 10 29 28 27 25 26 61 45 20 1 22 39 40 41 37 36 3 53 32 2 30 9 48 5 42 7 57 14 11 21 
59 34 27 61 45 64 43 41 3 53 13 55 30 9 49 50 48 47 46 60 23 58 7 57 19 18 14 15 16 33 63 35 11 10 52 28 29 62 26 25 24 44 21 22 1 40 39 4 36 37 38 54 2 32 31 51 8 42 5 6 17 56 12 20 
60 33 28 26 64 45 44 40 36 13 53 54 2 49 9 51 47 48 8 59 58 23 42 19 57 17 15 14 56 34 35 63 10 11 12 27 62 29 61 24 25 43 22 21 20 41 4 39 3 38 37 55 30 31 32 50 46 7 6 5 18 16 52 1 
61 15 30 64 48 47 46 22 34 36 3 38 49 11 10 52 60 59 58 26 25 24 41 42 7 6 53 13 55 14 56 16 28 27 62 2 32 31 45 44 43 8 57 19 18 21 20 1 33 63 35 37 9 51 50 12 23 40 39 4 5 54 29 17 
62 17 64 31 51 50 49 33 20 4 39 40 47 60 59 58 12 52 10 29 28 27 36 13 53 54 6 5 42 18 19 57 26 61 24 45 44 43 32 2 30 9 15 14 56 34 35 63 1 22 21 41 48 8 46 23 11 3 38 37 55 7 25 16 
63 45 39 37 55 54 53 9 48 59 60 23 5 18 17 57 16 56 14 35 34 33 11 27 28 29 61 26 25 64 43 44 1 20 21 4 41 40 38 3 36 13 30 2 32 49 50 51 47 46 8 58 6 7 42 19 15 10 52 12 62 24 22 31 
64 13 49 47 60 59 58 19 15 33 34 35 10 28 27 62 26 61 24 45 44 43 22 40 41 4 36 3 38 53 54 55 2 30 31 9 51 50 48 8 46 23 42 7 6 57 17 18 14 56 16 63 11 12 52 29 25 21 20 1 39 37 32 5 
1
0 1 

1 8 
1 
5 
6 
7 
20 
21 
22 
42 
2 28 
1 5 
1 6 
1 7 
1 20 
1 21 
1 22 
1 42 
5 6 
5 7 
5 20 
5 21 
5 22 
5 42 
6 7 
6 20 
6 21 
6 22 
6 42 
7 20 
7 21 
7 22 
7 42 
20 21 
20 22 
20 42 
21 22 
21 42 
22 42 
3 56 
1 5 6 
1 5 7 
1 5 20 
1 5 21 
1 5 22 
1 5 42 
1 6 7 
1 6 20 
1 6 21 
1 6 22 
1 6 42 
1 7 20 
1 7 21 
1 7 22 
1 7 42 
1 20 21 
1 20 22 
1 20 42 
1 21 22 
1 21 42 
1 22 42 
5 6 7 
5 6 20 
5 6 21 
5 6 22 
5 6 42 
5 7 20 
5 7 21 
5 7 22 
5 7 42 
5 20 21 
5 20 22 
5 20 42 
5 21 22 
5 21 42 
5 22 42 
6 7 20 
6 7 21 
6 7 22 
6 7 42 
6 20 21 
6 20 22 
6 20 42 
6 21 22 
6 21 42 
6 22 42 
7 20 21 
7 20 22 
7 20 42 
7 21 22 
7 21 42 
7 22 42 
20 21 22 
20 21 42 
20 22 42 
21 22 42 
4 70 
1 5 6 7 
1 5 6 20 
1 5 6 21 
1 5 6 22 
1 5 6 42 
1 5 7 20 
1 5 7 21 
1 5 7 22 
1 5 7 42 
1 5 20 21 
1 5 20 22 
1 5 20 42 
1 5 21 22 
1 5 21 42 
1 5 22 42 
1 6 7 20 
1 6 7 21 
1 6 7 22 
1 6 7 42 
1 6 20 21 
1 6 20 22 
1 6 20 42 
1 6 21 22 
1 6 21 42 
1 6 22 42 
1 7 20 21 
1 7 20 22 
1 7 20 42 
1 7 21 22 
1 7 21 42 
1 7 22 42 
1 20 21 22 
1 20 21 42 
1 20 22 42 
1 21 22 42 
5 6 7 20 
5 6 7 21 
5 6 7 22 
5 6 7 42 
5 6 20 21 
5 6 20 22 
5 6 20 42 
5 6 21 22 
5 6 21 42 
5 6 22 42 
5 7 20 21 
5 7 20 22 
5 7 20 42 
5 7 21 22 
5 7 21 42 
5 7 22 42 
5 20 21 22 
5 20 21 42 
5 20 22 42 
5 21 22 42 
6 7 20 21 
6 7 20 22 
6 7 20 42 
6 7 21 22 
6 7 21 42 
6 7 22 42 
6 20 21 22 
6 20 21 42 
6 20 22 42 
6 21 22 42 
7 20 21 22 
7 20 21 42 
7 20 22 42 
7 21 22 42 
20 21 22 42 
5 56 
1 5 6 7 20 
1 5 6 7 21 
1 5 6 7 22 
1 5 6 7 42 
1 5 6 20 21 
1 5 6 20 22 
1 5 6 20 42 
1 5 6 21 22 
1 5 6 21 42 
1 5 6 22 42 
1 5 7 20 21 
1 5 7 20 22 
1 5 7 20 42 
1 5 7 21 22 
1 5 7 21 42 
1 5 7 22 42 
1 5 20 21 22 
1 5 20 21 42 
1 5 20 22 42 
1 5 21 22 42 
1 6 7 20 21 
1 6 7 20 22 
1 6 7 20 42 
1 6 7 21 22 
1 6 7 21 42 
1 6 7 22 42 
1 6 20 21 22 
1 6 20 21 42 
1 6 20 22 42 
1 6 21 22 42 
1 7 20 21 22 
1 7 20 21 42 
1 7 20 22 42 
1 7 21 22 42 
1 20 21 22 42 
5 6 7 20 21 
5 6 7 20 22 
5 6 7 20 42 
5 6 7 21 22 
5 6 7 21 42 
5 6 7 22 42 
5 6 20 21 22 
5 6 20 21 42 
5 6 20 22 42 
5 6 21 22 42 
5 7 20 21 22 
5 7 20 21 42 
5 7 20 22 42 
5 7 21 22 42 
5 20 21 22 42 
6 7 20 21 22 
6 7 20 21 42 
6 7 20 22 42 
6 7 21 22 42 
6 20 21 22 42 
7 20 21 22 42 
6 28 
1 5 6 7 20 21 
1 5 6 7 20 22 
1 5 6 7 20 42 
1 5 6 7 21 22 
1 5 6 7 21 42 
1 5 6 7 22 42 
1 5 6 20 21 22 
1 5 6 20 21 42 
1 5 6 20 22 42 
1 5 6 21 22 42 
1 5 7 20 21 22 
1 5 7 20 21 42 
1 5 7 20 22 42 
1 5 7 21 22 42 
1 5 20 21 22 42 
1 6 7 20 21 22 
1 6 7 20 21 42 
1 6 7 20 22 42 
1 6 7 21 22 42 
1 6 20 21 22 42 
1 7 20 21 22 42 
5 6 7 20 21 22 
5 6 7 20 21 42 
5 6 7 20 22 42 
5 6 7 21 22 42 
5 6 20 21 22 42 
5 7 20 21 22 42 
6 7 20 21 22 42 
7 8 
1 5 6 7 20 21 22 
1 5 6 7 20 21 42 
1 5 6 7 20 22 42 
1 5 6 7 21 22 42 
1 5 6 20 21 22 42 
1 5 7 20 21 22 42 
1 6 7 20 21 22 42 
5 6 7 20 21 22 42 
8 1 
1 5 6 7 20 21 22 42 
2
0 1 

1 1 

2 4 
2 12 
10 31 
11 32 
30 52 
3 1 

4 6 
2 10 12 31 
2 11 12 32 
2 12 30 52 
10 11 31 32 
10 30 31 52 
11 30 32 52 
5 1 

6 4 
2 10 11 12 31 32 
2 10 12 30 31 52 
2 11 12 30 32 52 
10 11 30 31 32 52 
7 1 

8 1 
2 10 11 12 30 31 32 52 
3
0 1 

1 1 

2 4 
3 16 
14 37 
15 38 
36 56 
3 1 

4 6 
3 14 16 37 
3 15 16 38 
3 16 36 56 
14 15 37 38 
14 36 37 56 
15 36 38 56 
5 1 

6 4 
3 14 15 16 37 38 
3 14 16 36 37 56 
3 15 16 36 38 56 
14 15 36 37 38 56 
7 1 

8 1 
3 14 15 16 36 37 38 56 
4
0 1 

1 1 

2 4 
4 18 
17 39 
19 41 
40 57 
3 1 

4 6 
4 17 18 39 
4 18 19 41 
4 18 40 57 
17 19 39 41 
17 39 40 57 
19 40 41 57 
5 1 

6 4 
4 17 18 19 39 41 
4 17 18 39 40 57 
4 18 19 40 41 57 
17 19 39 40 41 57 
7 1 

8 1 
4 17 18 19 39 40 41 57 
5
0 1 

1 1 

2 4 
8 24 
25 46 
26 47 
48 61 
3 1 

4 6 
8 24 25 46 
8 24 26 47 
8 24 48 61 
25 26 46 47 
25 46 48 61 
26 47 48 61 
5 1 

6 4 
8 24 25 26 46 47 
8 24 25 46 48 61 
8 24 26 47 48 61 
25 26 46 47 48 61 
7 1 

8 1 
8 24 25 26 46 47 48 61 
6
0 1 

1 1 

2 4 
9 29 
27 50 
28 51 
49 62 
3 1 

4 6 
9 27 29 50 
9 28 29 51 
9 29 49 62 
27 28 50 51 
27 49 50 62 
28 49 51 62 
5 1 

6 4 
9 27 28 29 50 51 
9 27 29 49 50 62 
9 28 29 49 51 62 
27 28 49 50 51 62 
7 1 

8 1 
9 27 28 29 49 50 51 62 
7
0 1 

1 1 

2 4 
13 55 
33 63 
34 35 
53 54 
3 1 

4 6 
13 33 55 63 
13 34 35 55 
13 53 54 55 
33 34 35 63 
33 53 54 63 
34 35 53 54 
5 1 

6 4 
13 33 34 35 55 63 
13 33 53 54 55 63 
13 34 35 53 54 55 
33 34 35 53 54 63 
7 1 

8 1 
13 33 34 35 53 54 55 63 
8
0 1 

1 1 

2 4 
23 43 
44 58 
45 59 
60 64 
3 1 

4 6 
23 43 44 58 
23 43 45 59 
23 43 60 64 
44 45 58 59 
44 58 60 64 
45 59 60 64 
5 1 

6 4 
23 43 44 45 58 59 
23 43 44 58 60 64 
23 43 45 59 60 64 
44 45 58 59 60 64 
7 1 

8 1 
23 43 44 45 58 59 60 64 
