//Table for grp 121:
57
0 0 2 2 4 4 2 4 
0 0 2 4 4 2 4 2 
0 0 4 2 2 4 4 2 
0 0 4 4 2 2 2 4 
0 2 0 2 4 2 4 4 
0 2 0 4 4 4 2 2 
0 2 2 0 2 4 4 4 
0 2 2 2 2 2 2 6 
0 2 2 2 2 2 6 2 
0 2 2 2 2 6 2 2 
0 2 2 2 6 2 2 2 
0 2 2 4 2 0 4 4 
0 2 2 4 2 4 0 4 
0 2 2 4 2 4 4 0 
0 2 2 6 2 2 2 2 
0 2 4 0 4 4 2 2 
0 2 4 2 0 2 4 4 
0 2 4 2 4 2 0 4 
0 2 4 2 4 2 4 0 
0 2 4 4 0 4 2 2 
0 2 4 4 4 0 2 2 
0 2 6 2 2 2 2 2 
0 4 0 2 2 4 4 2 
0 4 0 4 2 2 2 4 
0 4 2 0 4 2 4 2 
0 4 2 2 0 4 2 4 
0 4 2 2 4 0 2 4 
0 4 2 2 4 4 2 0 
0 4 2 4 0 2 4 2 
0 4 2 4 4 2 0 2 
0 4 4 0 2 2 2 4 
0 4 4 2 2 0 4 2 
0 4 4 2 2 4 0 2 
0 4 4 4 2 2 2 0 
0 6 2 2 2 2 2 2 
2 0 2 2 2 2 4 4 
2 0 2 4 2 4 2 2 
2 0 4 2 4 2 2 2 
2 2 0 2 2 4 2 4 
2 2 0 4 2 2 4 2 
2 2 2 0 4 2 2 4 
2 2 2 2 0 4 4 2 
2 2 2 2 4 0 4 2 
2 2 2 2 4 4 0 2 
2 2 2 4 0 2 2 4 
2 2 2 4 4 2 2 0 
2 2 4 0 2 2 4 2 
2 2 4 2 2 0 2 4 
2 2 4 2 2 4 2 0 
2 2 4 4 2 2 0 2 
2 4 0 2 4 2 2 2 
2 4 2 0 2 4 2 2 
2 4 2 2 2 2 0 4 
2 4 2 2 2 2 4 0 
2 4 2 4 2 0 2 2 
2 4 4 2 0 2 2 2 
4 2 2 2 2 2 2 2 
1 2 3 4 5 6 7 8 9 10 11 12 13 14 15 16 17 18 19 20 21 22 23 24 25 26 27 28 29 30 31 32 33 34 35 36 37 38 39 40 41 42 43 44 45 46 47 48 49 50 51 52 53 54 55 56 57 58 59 60 61 62 63 64 
2 6 8 9 10 11 12 15 18 20 1 22 23 24 25 26 27 28 29 30 31 32 34 36 3 38 39 4 41 5 42 7 43 44 45 46 47 48 49 50 51 52 53 13 55 14 56 16 17 57 19 21 58 59 60 61 62 33 63 35 37 40 64 54 
3 24 1 13 14 15 16 31 43 26 46 47 4 5 6 7 33 34 35 36 37 38 50 2 52 10 45 58 59 48 8 61 17 18 19 20 21 22 53 54 55 56 9 62 27 11 12 30 60 23 64 25 39 40 41 42 63 28 29 49 32 44 57 51 
4 29 13 6 17 18 19 45 32 50 51 9 15 33 34 35 20 1 22 39 40 41 48 59 60 23 52 12 11 62 27 28 36 3 38 53 54 55 5 42 7 57 61 26 25 64 43 44 31 30 2 49 14 56 16 63 21 47 46 8 58 10 37 24 
5 31 37 17 7 20 21 24 50 2 52 10 54 3 56 14 19 39 40 22 1 42 43 26 46 47 9 62 27 11 12 30 13 63 33 15 16 36 41 4 57 6 45 58 59 48 8 61 28 29 49 32 34 35 53 38 18 60 23 64 25 51 55 44 
6 11 15 18 20 1 22 25 28 30 2 32 34 36 3 38 39 4 41 5 42 7 44 46 8 48 49 9 51 10 52 12 53 13 55 14 56 16 17 57 19 21 58 23 60 24 61 26 27 62 29 31 33 63 35 37 40 43 64 45 47 50 54 59 
7 12 16 19 21 22 1 26 29 31 32 2 35 37 38 3 40 41 4 42 5 6 45 47 48 8 50 51 9 52 10 11 54 55 13 56 14 15 57 17 18 20 59 60 23 61 24 25 62 27 28 30 63 33 34 36 39 64 43 44 46 49 53 58 
8 36 2 23 24 25 26 42 53 38 14 56 9 10 11 12 43 44 45 46 47 48 57 6 21 20 55 33 63 16 15 37 27 28 29 30 31 32 58 59 60 61 18 40 39 1 22 5 35 34 54 3 49 50 51 52 64 4 41 17 7 13 62 19 
9 41 23 11 27 28 29 55 7 57 19 18 25 43 44 45 30 2 32 49 50 51 16 63 35 34 21 22 1 40 39 4 46 8 48 58 59 60 10 52 12 62 37 38 3 54 53 13 42 5 6 17 24 61 26 64 31 56 14 15 33 20 47 36 
10 42 47 27 12 30 31 36 57 6 21 20 59 8 61 24 29 49 50 32 2 52 53 38 14 56 18 40 39 1 22 5 23 64 43 25 26 46 51 9 62 11 55 33 63 16 15 37 4 41 17 7 44 45 58 48 28 35 34 54 3 19 60 13 
11 1 25 28 30 2 32 3 4 5 6 7 44 46 8 48 49 9 51 10 52 12 13 14 15 16 17 18 19 20 21 22 58 23 60 24 61 26 27 62 29 31 33 34 35 36 37 38 39 40 41 42 43 64 45 47 50 53 54 55 56 57 59 63 
12 22 26 29 31 32 2 38 41 42 7 6 45 47 48 8 50 51 9 52 10 11 55 56 16 15 57 19 18 21 20 1 59 60 23 61 24 25 62 27 28 30 63 35 34 37 36 3 40 39 4 5 64 43 44 46 49 54 53 13 14 17 58 33 
13 59 4 15 33 34 35 27 61 23 64 43 6 17 18 19 36 3 38 53 54 55 30 29 49 50 25 47 46 44 45 58 20 1 22 39 40 41 14 56 16 63 32 10 52 51 9 62 8 48 24 60 5 42 7 57 37 12 11 31 28 26 21 2 
14 8 21 33 16 36 37 2 23 24 25 26 40 1 42 5 35 53 54 38 3 56 9 10 11 12 43 44 45 46 47 48 4 57 17 6 7 20 55 13 63 15 27 28 29 30 31 32 58 59 60 61 18 19 39 22 34 49 50 51 52 64 41 62 
15 46 6 34 36 3 38 52 58 48 24 61 18 20 1 22 53 13 55 14 56 16 62 11 31 30 60 43 64 26 25 47 39 4 41 5 42 7 33 63 35 37 28 50 49 2 32 10 45 44 59 8 17 57 19 21 54 9 51 27 12 23 40 29 
16 47 7 35 37 38 3 10 59 8 61 24 19 21 22 1 54 55 13 56 14 15 27 12 30 31 23 64 43 25 26 46 40 41 4 42 5 6 63 33 34 36 29 49 50 32 2 52 44 45 58 48 57 17 18 20 53 51 9 62 11 60 39 28 
17 27 54 20 19 39 40 59 30 29 49 50 56 13 63 33 22 5 42 41 4 57 61 23 64 43 32 10 52 51 9 62 15 37 36 34 35 53 7 6 21 18 25 47 46 44 45 58 12 11 31 28 3 38 14 55 1 8 48 24 60 2 16 26 
18 51 34 1 39 4 41 60 12 62 29 28 3 53 13 55 5 6 7 17 57 19 26 64 45 44 31 32 2 50 49 9 14 15 16 33 63 35 20 21 22 40 47 48 8 59 58 23 52 10 11 27 36 37 38 54 42 61 24 25 43 30 56 46 
19 9 35 22 40 41 4 23 11 27 28 29 38 54 55 13 42 7 6 57 17 18 25 43 44 45 30 2 32 49 50 51 56 16 15 63 33 34 21 20 1 39 46 8 48 58 59 60 10 52 12 62 37 36 3 53 5 24 61 26 64 31 14 47 
20 52 56 39 22 5 42 46 62 11 31 30 63 15 37 36 41 17 57 7 6 21 58 48 24 61 28 50 49 2 32 10 34 54 53 3 38 14 19 18 40 1 60 43 64 26 25 47 9 51 27 12 13 55 33 16 4 45 44 59 8 29 35 23 
21 10 14 40 1 42 5 47 27 12 30 31 33 16 36 37 4 57 17 6 7 20 59 8 61 24 29 49 50 32 2 52 35 53 54 38 3 56 18 19 39 22 23 64 43 25 26 46 51 9 62 11 55 13 63 15 41 44 45 58 48 28 34 60 
22 32 38 41 42 7 6 48 51 52 12 11 55 56 16 15 57 19 18 21 20 1 60 61 26 25 62 29 28 31 30 2 63 35 34 37 36 3 40 39 4 5 64 45 44 47 46 8 50 49 9 10 54 53 13 14 17 59 58 23 24 27 33 43 
23 63 9 25 43 44 45 39 37 34 54 53 11 27 28 29 46 8 48 58 59 60 5 41 17 57 3 56 14 13 55 33 30 2 32 49 50 51 24 61 26 64 7 20 21 19 18 40 15 16 36 35 10 52 12 62 47 22 1 42 4 38 31 6 
24 15 31 43 26 46 47 6 34 36 3 38 50 2 52 10 45 58 59 48 8 61 18 20 1 22 53 13 55 14 56 16 9 62 27 11 12 30 60 23 64 25 39 4 41 5 42 7 33 63 35 37 28 29 49 32 44 17 57 19 21 54 51 40 
25 14 11 44 46 8 48 21 33 16 36 37 28 30 2 32 58 23 60 24 61 26 40 1 42 5 35 53 54 38 3 56 49 9 51 10 52 12 43 64 45 47 4 57 17 6 7 20 55 13 63 15 27 62 29 31 59 18 19 39 22 34 50 41 
26 56 12 45 47 48 8 20 63 15 37 36 29 31 32 2 59 60 23 61 24 25 39 22 5 42 34 54 53 3 38 14 50 51 9 52 10 11 64 43 44 46 41 17 57 7 6 21 13 55 33 16 62 27 28 30 58 19 18 40 1 35 49 4 
27 39 59 30 29 49 50 63 5 41 17 57 61 23 64 43 32 10 52 51 9 62 37 34 54 53 7 20 21 19 18 40 25 47 46 44 45 58 12 11 31 28 3 56 14 13 55 33 22 1 42 4 8 48 24 60 2 15 16 36 35 6 26 38 
28 19 44 2 49 9 51 35 22 40 41 4 8 58 23 60 10 11 12 27 62 29 38 54 55 13 42 7 6 57 17 18 24 25 26 43 64 45 30 31 32 50 56 16 15 63 33 34 21 20 1 39 46 47 48 59 52 37 36 3 53 5 61 14 
29 18 45 32 50 51 9 34 1 39 4 41 48 59 60 23 52 12 11 62 27 28 3 53 13 55 5 6 7 17 57 19 61 26 25 64 43 44 31 30 2 49 14 15 16 33 63 35 20 21 22 40 47 46 8 58 10 36 37 38 54 42 24 56 
30 21 61 49 32 10 52 14 40 1 42 5 64 25 47 46 51 27 62 12 11 31 33 16 36 37 4 57 17 6 7 20 44 59 58 8 48 24 29 28 50 2 35 53 54 38 3 56 18 19 39 22 23 60 43 26 9 55 13 63 15 41 45 34 
31 20 24 50 2 52 10 56 39 22 5 42 43 26 46 47 9 62 27 11 12 30 63 15 37 36 41 17 57 7 6 21 45 58 59 48 8 61 28 29 49 32 34 54 53 3 38 14 19 18 40 1 60 23 64 25 51 13 55 33 16 4 44 35 
32 7 48 51 52 12 11 16 19 21 22 1 60 61 26 25 62 29 28 31 30 2 35 37 38 3 40 41 4 42 5 6 64 45 44 47 46 8 50 49 9 10 54 55 13 56 14 15 57 17 18 20 59 58 23 24 27 63 33 34 36 39 43 53 
33 45 40 36 35 53 54 29 48 59 60 23 42 4 57 17 38 14 56 55 13 63 32 50 51 9 61 26 25 64 43 44 6 21 20 18 19 39 16 15 37 34 52 12 11 62 27 28 47 46 8 58 1 22 5 41 3 31 30 2 49 24 7 10 
34 64 18 3 53 13 55 49 47 44 59 58 1 39 4 41 14 15 16 33 63 35 10 51 27 62 8 61 24 23 60 43 5 6 7 17 57 19 36 37 38 54 12 30 31 29 28 50 25 26 46 45 20 21 22 40 56 32 2 52 9 48 42 11 
35 43 19 38 54 55 13 50 46 45 58 59 22 40 41 4 56 16 15 63 33 34 52 9 62 27 48 24 61 60 23 64 42 7 6 57 17 18 37 36 3 53 11 31 30 28 29 49 26 25 47 44 21 20 1 39 14 2 32 10 51 8 5 12 
36 25 42 53 38 14 56 11 44 46 8 48 57 6 21 20 55 33 63 16 15 37 28 30 2 32 58 23 60 24 61 26 18 40 39 1 22 5 35 34 54 3 49 9 51 10 52 12 43 64 45 47 4 41 17 7 13 27 62 29 31 59 19 50 
37 26 5 54 3 56 14 12 45 47 48 8 17 7 20 21 13 63 33 15 16 36 29 31 32 2 59 60 23 61 24 25 19 39 40 22 1 42 34 35 53 38 50 51 9 52 10 11 64 43 44 46 41 4 57 6 55 62 27 28 30 58 18 49 
38 61 22 55 56 16 15 30 64 25 47 46 41 42 7 6 63 35 34 37 36 3 49 32 10 52 44 59 58 8 48 24 57 19 18 21 20 1 54 53 13 14 51 27 62 12 11 31 23 60 43 26 40 39 4 5 33 29 28 50 2 45 17 9 
39 49 63 5 41 17 57 64 10 51 27 62 37 34 54 53 7 20 21 19 18 40 47 44 59 58 12 30 31 29 28 50 3 56 14 13 55 33 22 1 42 4 8 61 24 23 60 43 32 2 52 9 15 16 36 35 6 25 26 46 45 11 38 48 
40 50 33 42 4 57 17 43 52 9 62 27 36 35 53 54 6 21 20 18 19 39 46 45 58 59 11 31 30 28 29 49 38 14 56 55 13 63 1 22 5 41 48 24 61 60 23 64 2 32 10 51 16 15 37 34 7 26 25 47 44 12 3 8 
41 28 55 7 57 19 18 44 2 49 9 51 16 63 35 34 21 22 1 40 39 4 8 58 23 60 10 11 12 27 62 29 37 38 3 54 53 13 42 5 6 17 24 25 26 43 64 45 30 31 32 50 56 14 15 33 20 46 47 48 59 52 36 61 
42 30 36 57 6 21 20 61 49 32 10 52 53 38 14 56 18 40 39 1 22 5 64 25 47 46 51 27 62 12 11 31 55 33 63 16 15 37 4 41 17 7 44 59 58 8 48 24 29 28 50 2 35 34 54 3 19 23 60 43 26 9 13 45 
43 55 50 46 45 58 59 41 16 63 35 34 52 9 62 27 48 24 61 60 23 64 7 57 19 18 37 38 3 54 53 13 11 31 30 28 29 49 26 25 47 44 21 22 1 40 39 4 56 14 15 33 2 32 10 51 8 42 5 6 17 36 12 20 
44 54 28 8 58 23 60 17 56 13 63 33 2 49 9 51 24 25 26 43 64 45 20 19 39 40 15 37 36 34 35 53 10 11 12 27 62 29 46 47 48 59 22 5 42 41 4 57 3 38 14 55 30 31 32 50 61 7 6 21 18 16 52 1 
45 53 29 48 59 60 23 57 14 55 33 63 32 50 51 9 61 26 25 64 43 44 21 18 40 39 16 36 37 35 34 54 52 12 11 62 27 28 47 46 8 58 1 42 5 4 41 17 38 3 56 13 31 30 2 49 24 6 7 20 19 15 10 22 
46 3 52 58 48 24 61 1 13 14 15 16 62 11 31 30 60 43 64 26 25 47 4 5 6 7 33 34 35 36 37 38 28 50 49 2 32 10 45 44 59 8 17 18 19 20 21 22 53 54 55 56 9 51 27 12 23 39 40 41 42 63 29 57 
47 38 10 59 8 61 24 22 55 56 16 15 27 12 30 31 23 64 43 25 26 46 41 42 7 6 63 35 34 37 36 3 29 49 50 32 2 52 44 45 58 48 57 19 18 21 20 1 54 53 13 14 51 9 62 11 60 40 39 4 5 33 28 17 
48 37 32 60 61 26 25 5 54 3 56 14 51 52 12 11 64 45 44 47 46 8 17 7 20 21 13 63 33 15 16 36 62 29 28 31 30 2 59 58 23 24 19 39 40 22 1 42 34 35 53 38 50 49 9 10 43 41 4 57 6 55 27 18 
49 17 64 10 51 27 62 54 20 19 39 40 47 44 59 58 12 30 31 29 28 50 56 13 63 33 22 5 42 41 4 57 8 61 24 23 60 43 32 2 52 9 15 37 36 34 35 53 7 6 21 18 25 26 46 45 11 3 38 14 55 1 48 16 
50 57 43 52 9 62 27 53 21 18 40 39 46 45 58 59 11 31 30 28 29 49 14 55 33 63 1 42 5 4 41 17 48 24 61 60 23 64 2 32 10 51 16 36 37 35 34 54 6 7 20 19 26 25 47 44 12 38 3 56 13 22 8 15 
51 4 60 12 62 29 28 13 6 17 18 19 26 64 45 44 31 32 2 50 49 9 15 33 34 35 20 1 22 39 40 41 47 48 8 59 58 23 52 10 11 27 36 3 38 53 54 55 5 42 7 57 61 24 25 43 30 14 56 16 63 21 46 37 
52 5 46 62 11 31 30 37 17 7 20 21 58 48 24 61 28 50 49 2 32 10 54 3 56 14 19 39 40 22 1 42 60 43 64 26 25 47 9 51 27 12 13 63 33 15 16 36 41 4 57 6 45 44 59 8 29 34 35 53 38 18 23 55 
53 60 57 14 55 33 63 51 26 64 45 44 21 18 40 39 16 36 37 35 34 54 12 62 29 28 47 48 8 59 58 23 1 42 5 4 41 17 38 3 56 13 31 32 2 50 49 9 61 24 25 43 6 7 20 19 15 52 10 11 27 46 22 30 
54 23 17 56 13 63 33 9 25 43 44 45 20 19 39 40 15 37 36 34 35 53 11 27 28 29 46 8 48 58 59 60 22 5 42 41 4 57 3 38 14 55 30 2 32 49 50 51 24 61 26 64 7 6 21 18 16 10 52 12 62 47 1 31 
55 58 41 16 63 35 34 62 24 60 43 64 7 57 19 18 37 38 3 54 53 13 31 28 50 49 26 46 47 45 44 59 21 22 1 40 39 4 56 14 15 33 2 52 10 9 51 27 48 8 61 23 42 5 6 17 36 11 12 30 29 25 20 32 
56 48 20 63 15 37 36 32 60 61 26 25 39 22 5 42 34 54 53 3 38 14 51 52 12 11 64 45 44 47 46 8 41 17 57 7 6 21 13 55 33 16 62 29 28 31 30 2 59 58 23 24 19 18 40 1 35 50 49 9 10 43 4 27 
57 62 53 21 18 40 39 58 31 28 50 49 14 55 33 63 1 42 5 4 41 17 24 60 43 64 2 52 10 9 51 27 16 36 37 35 34 54 6 7 20 19 26 46 47 45 44 59 11 12 30 29 38 3 56 13 22 48 8 61 23 32 15 25 
58 35 62 24 60 43 64 19 38 54 55 13 31 28 50 49 26 46 47 45 44 59 22 40 41 4 56 16 15 63 33 34 2 52 10 9 51 27 48 8 61 23 42 7 6 57 17 18 37 36 3 53 11 12 30 29 25 21 20 1 39 14 32 5 
59 34 27 61 23 64 43 18 3 53 13 55 30 29 49 50 25 47 46 44 45 58 1 39 4 41 14 15 16 33 63 35 32 10 52 51 9 62 8 48 24 60 5 6 7 17 57 19 36 37 38 54 12 11 31 28 26 20 21 22 40 56 2 42 
60 33 51 26 64 45 44 40 36 35 53 54 12 62 29 28 47 48 8 59 58 23 42 4 57 17 38 14 56 55 13 63 31 32 2 50 49 9 61 24 25 43 6 21 20 18 19 39 16 15 37 34 52 10 11 27 46 1 22 5 41 3 30 7 
61 16 30 64 25 47 46 7 35 37 38 3 49 32 10 52 44 59 58 8 48 24 19 21 22 1 54 55 13 56 14 15 51 27 62 12 11 31 23 60 43 26 40 41 4 42 5 6 63 33 34 36 29 28 50 2 45 57 17 18 20 53 9 39 
62 40 58 31 28 50 49 33 42 4 57 17 24 60 43 64 2 52 10 9 51 27 36 35 53 54 6 21 20 18 19 39 26 46 47 45 44 59 11 12 30 29 38 14 56 55 13 63 1 22 5 41 48 8 61 23 32 16 15 37 34 7 25 3 
63 44 39 37 34 54 53 28 8 58 23 60 5 41 17 57 3 56 14 13 55 33 2 49 9 51 24 25 26 43 64 45 7 20 21 19 18 40 15 16 36 35 10 11 12 27 62 29 46 47 48 59 22 1 42 4 38 30 31 32 50 61 6 52 
64 13 49 47 44 59 58 4 15 33 34 35 10 51 27 62 8 61 24 23 60 43 6 17 18 19 36 3 38 53 54 55 12 30 31 29 28 50 25 26 46 45 20 1 22 39 40 41 14 56 16 63 32 2 52 9 48 5 42 7 57 37 11 21 
1
0 1 

1 4 
1 
6 
7 
22 
2 8 
1 6 
1 7 
1 22 
5 21 
6 7 
6 22 
7 22 
20 42 
3 12 
1 5 21 
1 6 7 
1 6 22 
1 7 22 
1 20 42 
5 6 21 
5 7 21 
5 21 22 
6 7 22 
6 20 42 
7 20 42 
20 22 42 
4 14 
1 5 6 21 
1 5 7 21 
1 5 21 22 
1 6 7 22 
1 6 20 42 
1 7 20 42 
1 20 22 42 
5 6 7 21 
5 6 21 22 
5 7 21 22 
5 20 21 42 
6 7 20 42 
6 20 22 42 
7 20 22 42 
5 12 
1 5 6 7 21 
1 5 6 21 22 
1 5 7 21 22 
1 5 20 21 42 
1 6 7 20 42 
1 6 20 22 42 
1 7 20 22 42 
5 6 7 21 22 
5 6 20 21 42 
5 7 20 21 42 
5 20 21 22 42 
6 7 20 22 42 
6 8 
1 5 6 7 21 22 
1 5 6 20 21 42 
1 5 7 20 21 42 
1 5 20 21 22 42 
1 6 7 20 22 42 
5 6 7 20 21 42 
5 6 20 21 22 42 
5 7 20 21 22 42 
7 4 
1 5 6 7 20 21 42 
1 5 6 20 21 22 42 
1 5 7 20 21 22 42 
5 6 7 20 21 22 42 
8 1 
1 5 6 7 20 21 22 42 
2
0 1 

1 1 

2 4 
2 11 
10 30 
12 32 
31 52 
3 1 

4 6 
2 10 11 30 
2 11 12 32 
2 11 31 52 
10 12 30 32 
10 30 31 52 
12 31 32 52 
5 1 

6 4 
2 10 11 12 30 32 
2 10 11 30 31 52 
2 11 12 31 32 52 
10 12 30 31 32 52 
7 1 

8 1 
2 10 11 12 30 31 32 52 
3
0 1 

1 8 
3 
14 
15 
16 
36 
37 
38 
56 
2 28 
3 14 
3 15 
3 16 
3 36 
3 37 
3 38 
3 56 
14 15 
14 16 
14 36 
14 37 
14 38 
14 56 
15 16 
15 36 
15 37 
15 38 
15 56 
16 36 
16 37 
16 38 
16 56 
36 37 
36 38 
36 56 
37 38 
37 56 
38 56 
3 56 
3 14 15 
3 14 16 
3 14 36 
3 14 37 
3 14 38 
3 14 56 
3 15 16 
3 15 36 
3 15 37 
3 15 38 
3 15 56 
3 16 36 
3 16 37 
3 16 38 
3 16 56 
3 36 37 
3 36 38 
3 36 56 
3 37 38 
3 37 56 
3 38 56 
14 15 16 
14 15 36 
14 15 37 
14 15 38 
14 15 56 
14 16 36 
14 16 37 
14 16 38 
14 16 56 
14 36 37 
14 36 38 
14 36 56 
14 37 38 
14 37 56 
14 38 56 
15 16 36 
15 16 37 
15 16 38 
15 16 56 
15 36 37 
15 36 38 
15 36 56 
15 37 38 
15 37 56 
15 38 56 
16 36 37 
16 36 38 
16 36 56 
16 37 38 
16 37 56 
16 38 56 
36 37 38 
36 37 56 
36 38 56 
37 38 56 
4 70 
3 14 15 16 
3 14 15 36 
3 14 15 37 
3 14 15 38 
3 14 15 56 
3 14 16 36 
3 14 16 37 
3 14 16 38 
3 14 16 56 
3 14 36 37 
3 14 36 38 
3 14 36 56 
3 14 37 38 
3 14 37 56 
3 14 38 56 
3 15 16 36 
3 15 16 37 
3 15 16 38 
3 15 16 56 
3 15 36 37 
3 15 36 38 
3 15 36 56 
3 15 37 38 
3 15 37 56 
3 15 38 56 
3 16 36 37 
3 16 36 38 
3 16 36 56 
3 16 37 38 
3 16 37 56 
3 16 38 56 
3 36 37 38 
3 36 37 56 
3 36 38 56 
3 37 38 56 
14 15 16 36 
14 15 16 37 
14 15 16 38 
14 15 16 56 
14 15 36 37 
14 15 36 38 
14 15 36 56 
14 15 37 38 
14 15 37 56 
14 15 38 56 
14 16 36 37 
14 16 36 38 
14 16 36 56 
14 16 37 38 
14 16 37 56 
14 16 38 56 
14 36 37 38 
14 36 37 56 
14 36 38 56 
14 37 38 56 
15 16 36 37 
15 16 36 38 
15 16 36 56 
15 16 37 38 
15 16 37 56 
15 16 38 56 
15 36 37 38 
15 36 37 56 
15 36 38 56 
15 37 38 56 
16 36 37 38 
16 36 37 56 
16 36 38 56 
16 37 38 56 
36 37 38 56 
5 56 
3 14 15 16 36 
3 14 15 16 37 
3 14 15 16 38 
3 14 15 16 56 
3 14 15 36 37 
3 14 15 36 38 
3 14 15 36 56 
3 14 15 37 38 
3 14 15 37 56 
3 14 15 38 56 
3 14 16 36 37 
3 14 16 36 38 
3 14 16 36 56 
3 14 16 37 38 
3 14 16 37 56 
3 14 16 38 56 
3 14 36 37 38 
3 14 36 37 56 
3 14 36 38 56 
3 14 37 38 56 
3 15 16 36 37 
3 15 16 36 38 
3 15 16 36 56 
3 15 16 37 38 
3 15 16 37 56 
3 15 16 38 56 
3 15 36 37 38 
3 15 36 37 56 
3 15 36 38 56 
3 15 37 38 56 
3 16 36 37 38 
3 16 36 37 56 
3 16 36 38 56 
3 16 37 38 56 
3 36 37 38 56 
14 15 16 36 37 
14 15 16 36 38 
14 15 16 36 56 
14 15 16 37 38 
14 15 16 37 56 
14 15 16 38 56 
14 15 36 37 38 
14 15 36 37 56 
14 15 36 38 56 
14 15 37 38 56 
14 16 36 37 38 
14 16 36 37 56 
14 16 36 38 56 
14 16 37 38 56 
14 36 37 38 56 
15 16 36 37 38 
15 16 36 37 56 
15 16 36 38 56 
15 16 37 38 56 
15 36 37 38 56 
16 36 37 38 56 
6 28 
3 14 15 16 36 37 
3 14 15 16 36 38 
3 14 15 16 36 56 
3 14 15 16 37 38 
3 14 15 16 37 56 
3 14 15 16 38 56 
3 14 15 36 37 38 
3 14 15 36 37 56 
3 14 15 36 38 56 
3 14 15 37 38 56 
3 14 16 36 37 38 
3 14 16 36 37 56 
3 14 16 36 38 56 
3 14 16 37 38 56 
3 14 36 37 38 56 
3 15 16 36 37 38 
3 15 16 36 37 56 
3 15 16 36 38 56 
3 15 16 37 38 56 
3 15 36 37 38 56 
3 16 36 37 38 56 
14 15 16 36 37 38 
14 15 16 36 37 56 
14 15 16 36 38 56 
14 15 16 37 38 56 
14 15 36 37 38 56 
14 16 36 37 38 56 
15 16 36 37 38 56 
7 8 
3 14 15 16 36 37 38 
3 14 15 16 36 37 56 
3 14 15 16 36 38 56 
3 14 15 16 37 38 56 
3 14 15 36 37 38 56 
3 14 16 36 37 38 56 
3 15 16 36 37 38 56 
14 15 16 36 37 38 56 
8 1 
3 14 15 16 36 37 38 56 
4
0 1 

1 1 

2 4 
4 18 
17 57 
19 41 
39 40 
3 1 

4 6 
4 17 18 57 
4 18 19 41 
4 18 39 40 
17 19 41 57 
17 39 40 57 
19 39 40 41 
5 1 

6 4 
4 17 18 19 41 57 
4 17 18 39 40 57 
4 18 19 39 40 41 
17 19 39 40 41 57 
7 1 

8 1 
4 17 18 19 39 40 41 57 
5
0 1 

1 1 

2 4 
8 46 
24 25 
26 61 
47 48 
3 1 

4 6 
8 24 25 46 
8 26 46 61 
8 46 47 48 
24 25 26 61 
24 25 47 48 
26 47 48 61 
5 1 

6 4 
8 24 25 26 46 61 
8 24 25 46 47 48 
8 26 46 47 48 61 
24 25 26 47 48 61 
7 1 

8 1 
8 24 25 26 46 47 48 61 
6
0 1 

1 1 

2 4 
9 29 
27 50 
28 51 
49 62 
3 1 

4 6 
9 27 29 50 
9 28 29 51 
9 29 49 62 
27 28 50 51 
27 49 50 62 
28 49 51 62 
5 1 

6 4 
9 27 28 29 50 51 
9 27 29 49 50 62 
9 28 29 49 51 62 
27 28 49 50 51 62 
7 1 

8 1 
9 27 28 29 49 50 51 62 
7
0 1 

1 1 

2 4 
13 34 
33 53 
35 55 
54 63 
3 1 

4 6 
13 33 34 53 
13 34 35 55 
13 34 54 63 
33 35 53 55 
33 53 54 63 
35 54 55 63 
5 1 

6 4 
13 33 34 35 53 55 
13 33 34 53 54 63 
13 34 35 54 55 63 
33 35 53 54 55 63 
7 1 

8 1 
13 33 34 35 53 54 55 63 
8
0 1 

1 1 

2 4 
23 59 
43 45 
44 64 
58 60 
3 1 

4 6 
23 43 45 59 
23 44 59 64 
23 58 59 60 
43 44 45 64 
43 45 58 60 
44 58 60 64 
5 1 

6 4 
23 43 44 45 59 64 
23 43 45 58 59 60 
23 44 58 59 60 64 
43 44 45 58 60 64 
7 1 

8 1 
23 43 44 45 58 59 60 64 
