//Table for grp 124:
57
0 0 2 2 4 4 2 4 
0 0 2 4 4 2 4 2 
0 0 4 2 2 4 4 2 
0 0 4 4 2 2 2 4 
0 2 0 2 4 2 4 4 
0 2 0 4 4 4 2 2 
0 2 2 0 2 4 4 4 
0 2 2 2 2 2 2 6 
0 2 2 2 2 2 6 2 
0 2 2 2 2 6 2 2 
0 2 2 2 6 2 2 2 
0 2 2 4 2 0 4 4 
0 2 2 4 2 4 0 4 
0 2 2 4 2 4 4 0 
0 2 2 6 2 2 2 2 
0 2 4 0 4 4 2 2 
0 2 4 2 0 2 4 4 
0 2 4 2 4 2 0 4 
0 2 4 2 4 2 4 0 
0 2 4 4 0 4 2 2 
0 2 4 4 4 0 2 2 
0 2 6 2 2 2 2 2 
0 4 0 2 2 4 4 2 
0 4 0 4 2 2 2 4 
0 4 2 0 4 2 4 2 
0 4 2 2 0 4 2 4 
0 4 2 2 4 0 2 4 
0 4 2 2 4 4 2 0 
0 4 2 4 0 2 4 2 
0 4 2 4 4 2 0 2 
0 4 4 0 2 2 2 4 
0 4 4 2 2 0 4 2 
0 4 4 2 2 4 0 2 
0 4 4 4 2 2 2 0 
0 6 2 2 2 2 2 2 
2 0 2 2 2 2 4 4 
2 0 2 4 2 4 2 2 
2 0 4 2 4 2 2 2 
2 2 0 2 2 4 2 4 
2 2 0 4 2 2 4 2 
2 2 2 0 4 2 2 4 
2 2 2 2 0 4 4 2 
2 2 2 2 4 0 4 2 
2 2 2 2 4 4 0 2 
2 2 2 4 0 2 2 4 
2 2 2 4 4 2 2 0 
2 2 4 0 2 2 4 2 
2 2 4 2 2 0 2 4 
2 2 4 2 2 4 2 0 
2 2 4 4 2 2 0 2 
2 4 0 2 4 2 2 2 
2 4 2 0 2 4 2 2 
2 4 2 2 2 2 0 4 
2 4 2 2 2 2 4 0 
2 4 2 4 2 0 2 2 
2 4 4 2 0 2 2 2 
4 2 2 2 2 2 2 2 
1 2 3 4 5 6 7 8 9 10 11 12 13 14 15 16 17 18 19 20 21 22 23 24 25 26 27 28 29 30 31 32 33 34 35 36 37 38 39 40 41 42 43 44 45 46 47 48 49 50 51 52 53 54 55 56 57 58 59 60 61 62 63 64 
2 6 8 9 10 11 12 15 18 20 7 22 23 24 25 26 27 28 29 30 31 32 34 36 16 38 39 19 41 21 42 1 43 44 45 46 47 48 49 50 51 52 53 35 55 37 56 3 40 57 4 5 58 59 60 61 62 54 63 13 14 17 64 33 
3 24 1 13 14 15 16 31 43 26 46 47 4 5 6 7 33 34 35 36 37 38 50 2 52 10 45 58 59 48 8 61 17 18 19 20 21 22 53 54 55 56 9 62 27 11 12 30 60 23 64 25 39 40 41 42 63 28 29 49 32 44 57 51 
4 9 13 6 17 18 19 23 11 27 28 29 15 33 34 35 20 7 22 39 40 41 25 43 44 45 30 12 32 49 50 51 36 16 38 53 54 55 21 42 1 57 46 26 48 58 59 60 31 52 2 62 37 56 3 63 5 47 61 8 64 10 14 24 
5 31 37 17 7 20 21 24 50 2 52 10 54 3 56 14 19 39 40 22 1 42 43 26 46 47 9 62 27 11 12 30 13 63 33 15 16 36 41 4 57 6 45 58 59 48 8 61 28 29 49 32 34 35 53 38 18 60 23 64 25 51 55 44 
6 11 15 18 20 7 22 25 28 30 12 32 34 36 16 38 39 19 41 21 42 1 44 46 26 48 49 29 51 31 52 2 53 35 55 37 56 3 40 57 4 5 58 45 60 47 61 8 50 62 9 10 54 63 13 14 17 59 64 23 24 27 33 43 
7 12 16 19 21 22 1 26 29 31 32 2 35 37 38 3 40 41 4 42 5 6 45 47 48 8 50 51 9 52 10 11 54 55 13 56 14 15 57 17 18 20 59 60 23 61 24 25 62 27 28 30 63 33 34 36 39 64 43 44 46 49 53 58 
8 36 2 23 24 25 26 42 53 38 37 56 9 10 11 12 43 44 45 46 47 48 57 6 5 20 55 54 63 3 15 14 27 28 29 30 31 32 58 59 60 61 18 17 39 7 22 21 13 34 33 16 49 50 51 52 64 19 41 40 1 35 62 4 
9 18 23 11 27 28 29 34 7 39 19 41 25 43 44 45 30 12 32 49 50 51 16 53 35 55 21 22 1 40 57 4 46 26 48 58 59 60 31 52 2 62 37 38 3 54 63 13 42 5 6 17 47 61 8 64 10 56 14 15 33 20 24 36 
10 42 47 27 12 30 31 36 57 6 5 20 59 8 61 24 29 49 50 32 2 52 53 38 37 56 18 17 39 7 22 21 23 64 43 25 26 46 51 9 62 11 55 54 63 3 15 14 19 41 40 1 44 45 58 48 28 13 34 33 16 4 60 35 
11 7 25 28 30 12 32 16 19 21 22 1 44 46 26 48 49 29 51 31 52 2 35 37 38 3 40 41 4 42 5 6 58 45 60 47 61 8 50 62 9 10 54 55 13 56 14 15 57 17 18 20 59 64 23 24 27 63 33 34 36 39 43 53 
12 22 26 29 31 32 2 38 41 42 1 6 45 47 48 8 50 51 9 52 10 11 55 56 3 15 57 4 18 5 20 7 59 60 23 61 24 25 62 27 28 30 63 13 34 14 36 16 17 39 19 21 64 43 44 46 49 33 53 35 37 40 58 54 
13 43 4 15 33 34 35 50 46 45 58 59 6 17 18 19 36 16 38 53 54 55 52 9 62 27 48 47 61 60 23 64 20 7 22 39 40 41 37 56 3 63 11 10 30 28 29 49 8 25 24 44 21 42 1 57 14 12 32 31 51 26 5 2 
14 8 21 33 16 36 37 2 23 24 25 26 40 1 42 5 35 53 54 38 3 56 9 10 11 12 43 44 45 46 47 48 4 57 17 6 7 20 55 13 63 15 27 28 29 30 31 32 58 59 60 61 18 19 39 22 34 49 50 51 52 64 41 62 
15 46 6 34 36 16 38 52 58 48 47 61 18 20 7 22 53 35 55 37 56 3 62 11 10 30 60 59 64 8 25 24 39 19 41 21 42 1 54 63 13 14 28 27 49 12 32 31 23 44 43 26 40 57 4 5 33 29 51 50 2 45 17 9 
16 47 7 35 37 38 3 10 59 8 61 24 19 21 22 1 54 55 13 56 14 15 27 12 30 31 23 64 43 25 26 46 40 41 4 42 5 6 63 33 34 36 29 49 50 32 2 52 44 45 58 48 57 17 18 20 53 51 9 62 11 60 39 28 
17 50 54 20 19 39 40 43 52 9 62 27 56 13 63 33 22 21 42 41 4 57 46 45 58 59 11 10 30 28 29 49 15 14 36 34 35 53 1 6 5 18 48 47 61 60 23 64 12 32 31 51 16 38 37 55 7 8 25 24 44 2 3 26 
18 28 34 7 39 19 41 44 12 49 29 51 16 53 35 55 21 22 1 40 57 4 26 58 45 60 31 32 2 50 62 9 37 38 3 54 63 13 42 5 6 17 47 48 8 59 64 23 52 10 11 27 56 14 15 33 20 61 24 25 43 30 36 46 
19 29 35 22 40 41 4 45 32 50 51 9 38 54 55 13 42 1 6 57 17 18 48 59 60 23 52 2 11 62 27 28 56 3 15 63 33 34 5 20 7 39 61 8 25 64 43 44 10 30 12 49 14 36 16 53 21 24 46 26 58 31 37 47 
20 52 56 39 22 21 42 46 62 11 10 30 63 15 14 36 41 40 57 1 6 5 58 48 47 61 28 27 49 12 32 31 34 33 53 16 38 37 4 18 17 7 60 59 64 8 25 24 29 51 50 2 35 55 54 3 19 23 44 43 26 9 13 45 
21 10 14 40 1 42 5 47 27 12 30 31 33 16 36 37 4 57 17 6 7 20 59 8 61 24 29 49 50 32 2 52 35 53 54 38 3 56 18 19 39 22 23 64 43 25 26 46 51 9 62 11 55 13 63 15 41 44 45 58 48 28 34 60 
22 32 38 41 42 1 6 48 51 52 2 11 55 56 3 15 57 4 18 5 20 7 60 61 8 25 62 9 28 10 30 12 63 13 34 14 36 16 17 39 19 21 64 23 44 24 46 26 27 49 29 31 33 53 35 37 40 43 58 45 47 50 54 59 
23 53 9 25 43 44 45 57 37 55 54 63 11 27 28 29 46 26 48 58 59 60 5 18 17 39 3 56 14 13 34 33 30 12 32 49 50 51 47 61 8 64 7 20 21 19 41 40 15 16 36 35 31 52 2 62 24 22 1 42 4 38 10 6 
24 15 31 43 26 46 47 6 34 36 16 38 50 2 52 10 45 58 59 48 8 61 18 20 7 22 53 35 55 37 56 3 9 62 27 11 12 30 60 23 64 25 39 19 41 21 42 1 54 63 13 14 28 29 49 32 44 40 57 4 5 33 51 17 
25 37 11 44 46 26 48 5 54 3 56 14 28 30 12 32 58 45 60 47 61 8 17 7 20 21 13 63 33 15 16 36 49 29 51 31 52 2 59 64 23 24 19 39 40 22 1 42 34 35 53 38 50 62 9 10 43 41 4 57 6 55 27 18 
26 56 12 45 47 48 8 20 63 15 14 36 29 31 32 2 59 60 23 61 24 25 39 22 21 42 34 33 53 16 38 37 50 51 9 52 10 11 64 43 44 46 41 40 57 1 6 5 35 55 54 3 62 27 28 30 58 4 18 17 7 13 49 19 
27 57 59 30 29 49 50 53 5 18 17 39 61 23 64 43 32 31 52 51 9 62 37 55 54 63 7 20 21 19 41 40 25 24 46 44 45 58 2 11 10 28 3 56 14 13 34 33 22 1 42 4 26 48 47 60 12 15 16 36 35 6 8 38 
28 19 44 12 49 29 51 35 22 40 41 4 26 58 45 60 31 32 2 50 62 9 38 54 55 13 42 1 6 57 17 18 47 48 8 59 64 23 52 10 11 27 56 3 15 63 33 34 5 20 7 39 61 24 25 43 30 14 36 16 53 21 46 37 
29 41 45 32 50 51 9 55 1 57 4 18 48 59 60 23 52 2 11 62 27 28 3 63 13 34 5 6 7 17 39 19 61 8 25 64 43 44 10 30 12 49 14 15 16 33 53 35 20 21 22 40 24 46 26 58 31 36 37 38 54 42 47 56 
30 5 61 49 32 31 52 37 17 7 20 21 64 25 24 46 51 50 62 2 11 10 54 3 56 14 19 39 40 22 1 42 44 43 58 26 48 47 9 28 27 12 13 63 33 15 16 36 41 4 57 6 45 60 59 8 29 34 35 53 38 18 23 55 
31 20 24 50 2 52 10 56 39 22 21 42 43 26 46 47 9 62 27 11 12 30 63 15 14 36 41 40 57 1 6 5 45 58 59 48 8 61 28 29 49 32 34 33 53 16 38 37 4 18 17 7 60 23 64 25 51 35 55 54 3 19 44 13 
32 1 48 51 52 2 11 3 4 5 6 7 60 61 8 25 62 9 28 10 30 12 13 14 15 16 17 18 19 20 21 22 64 23 44 24 46 26 27 49 29 31 33 34 35 36 37 38 39 40 41 42 43 58 45 47 50 53 54 55 56 57 59 63 
33 23 40 36 35 53 54 9 25 43 44 45 42 4 57 17 38 37 56 55 13 63 11 27 28 29 46 26 48 58 59 60 6 5 20 18 19 39 3 15 14 34 30 12 32 49 50 51 47 61 8 64 7 22 21 41 16 31 52 2 62 24 1 10 
34 58 18 16 53 35 55 62 47 60 59 64 7 39 19 41 37 38 3 54 63 13 10 28 27 49 8 61 24 23 44 43 21 22 1 40 57 4 56 14 15 33 12 30 31 29 51 50 25 26 46 45 42 5 6 17 36 32 2 52 9 48 20 11 
35 59 19 38 54 55 13 27 61 23 64 43 22 40 41 4 56 3 15 63 33 34 30 29 49 50 25 24 46 44 45 58 42 1 6 57 17 18 14 36 16 53 32 31 52 51 9 62 26 48 47 60 5 20 7 39 37 2 11 10 28 8 21 12 
36 25 42 53 38 37 56 11 44 46 26 48 57 6 5 20 55 54 63 3 15 14 28 30 12 32 58 45 60 47 61 8 18 17 39 7 22 21 13 34 33 16 49 29 51 31 52 2 59 64 23 24 19 41 40 1 35 50 62 9 10 43 4 27 
37 26 5 54 3 56 14 12 45 47 48 8 17 7 20 21 13 63 33 15 16 36 29 31 32 2 59 60 23 61 24 25 19 39 40 22 1 42 34 35 53 38 50 51 9 52 10 11 64 43 44 46 41 4 57 6 55 62 27 28 30 58 18 49 
38 61 22 55 56 3 15 30 64 25 24 46 41 42 1 6 63 13 34 14 36 16 49 32 31 52 44 43 58 26 48 47 57 4 18 5 20 7 33 53 35 37 51 50 62 2 11 10 45 60 59 8 17 39 19 21 54 9 28 27 12 23 40 29 
39 62 63 21 41 40 57 58 10 28 27 49 14 34 33 53 1 42 5 4 18 17 47 60 59 64 12 30 31 29 51 50 16 36 37 35 55 54 6 7 20 19 8 61 24 23 44 43 32 2 52 9 38 3 56 13 22 25 26 46 45 11 15 48 
40 27 33 42 4 57 17 59 30 29 49 50 36 35 53 54 6 5 20 18 19 39 61 23 64 43 32 31 52 51 9 62 38 37 56 55 13 63 7 22 21 41 25 24 46 44 45 58 2 11 10 28 3 15 14 34 1 26 48 47 60 12 16 8 
41 51 55 1 57 4 18 60 2 62 9 28 3 63 13 34 5 6 7 17 39 19 8 64 23 44 10 11 12 27 49 29 14 15 16 33 53 35 20 21 22 40 24 25 26 43 58 45 30 31 32 50 36 37 38 54 42 46 47 48 59 52 56 61 
42 30 36 57 6 5 20 61 49 32 31 52 53 38 37 56 18 17 39 7 22 21 64 25 24 46 51 50 62 2 11 10 55 54 63 3 15 14 19 41 40 1 44 43 58 26 48 47 9 28 27 12 13 34 33 16 4 45 60 59 8 29 35 23 
43 34 50 46 45 58 59 18 16 53 35 55 52 9 62 27 48 47 61 60 23 64 7 39 19 41 37 38 3 54 63 13 11 10 30 28 29 49 8 25 24 44 21 22 1 40 57 4 56 14 15 33 12 32 31 51 26 42 5 6 17 36 2 20 
44 54 28 26 58 45 60 17 56 13 63 33 12 49 29 51 47 48 8 59 64 23 20 19 39 40 15 14 36 34 35 53 31 32 2 50 62 9 61 24 25 43 22 21 42 41 4 57 16 38 37 55 52 10 11 27 46 1 6 5 18 3 30 7 
45 63 29 48 59 60 23 39 14 34 33 53 32 50 51 9 61 8 25 64 43 44 21 41 40 57 16 36 37 35 55 54 52 2 11 62 27 28 24 46 26 58 1 42 5 4 18 17 38 3 56 13 10 30 12 49 47 6 7 20 19 15 31 22 
46 16 52 58 48 47 61 7 35 37 38 3 62 11 10 30 60 59 64 8 25 24 19 21 22 1 54 55 13 56 14 15 28 27 49 12 32 31 23 44 43 26 40 41 4 42 5 6 63 33 34 36 29 51 50 2 45 57 17 18 20 53 9 39 
47 38 10 59 8 61 24 22 55 56 3 15 27 12 30 31 23 64 43 25 26 46 41 42 1 6 63 13 34 14 36 16 29 49 50 32 2 52 44 45 58 48 57 4 18 5 20 7 33 53 35 37 51 9 62 11 60 17 39 19 21 54 28 40 
48 14 32 60 61 8 25 21 33 16 36 37 51 52 2 11 64 23 44 24 46 26 40 1 42 5 35 53 54 38 3 56 62 9 28 10 30 12 43 58 45 47 4 57 17 6 7 20 55 13 63 15 27 49 29 31 59 18 19 39 22 34 50 41 
49 17 64 31 51 50 62 54 20 19 39 40 24 44 43 58 2 52 10 9 28 27 56 13 63 33 22 21 42 41 4 57 26 46 47 45 60 59 11 12 30 29 15 14 36 34 35 53 1 6 5 18 48 8 61 23 32 16 38 37 55 7 25 3 
50 39 43 52 9 62 27 63 21 41 40 57 46 45 58 59 11 10 30 28 29 49 14 34 33 53 1 42 5 4 18 17 48 47 61 60 23 64 12 32 31 51 16 36 37 35 55 54 6 7 20 19 8 25 24 44 2 38 3 56 13 22 26 15 
51 4 60 2 62 9 28 13 6 17 18 19 8 64 23 44 10 11 12 27 49 29 15 33 34 35 20 7 22 39 40 41 24 25 26 43 58 45 30 31 32 50 36 16 38 53 54 55 21 42 1 57 46 47 48 59 52 37 56 3 63 5 61 14 
52 21 46 62 11 10 30 14 40 1 42 5 58 48 47 61 28 27 49 12 32 31 33 16 36 37 4 57 17 6 7 20 60 59 64 8 25 24 29 51 50 2 35 53 54 38 3 56 18 19 39 22 23 44 43 26 9 55 13 63 15 41 45 34 
53 44 57 37 55 54 63 28 26 58 45 60 5 18 17 39 3 56 14 13 34 33 12 49 29 51 47 48 8 59 64 23 7 20 21 19 41 40 15 16 36 35 31 32 2 50 62 9 61 24 25 43 22 1 42 4 38 52 10 11 27 46 6 30 
54 45 17 56 13 63 33 29 48 59 60 23 20 19 39 40 15 14 36 34 35 53 32 50 51 9 61 8 25 64 43 44 22 21 42 41 4 57 16 38 37 55 52 2 11 62 27 28 24 46 26 58 1 6 5 18 3 10 30 12 49 47 7 31 
55 64 41 3 63 13 34 49 24 44 43 58 1 57 4 18 14 15 16 33 53 35 31 51 50 62 26 46 47 45 60 59 5 6 7 17 39 19 36 37 38 54 2 52 10 9 28 27 48 8 61 23 20 21 22 40 56 11 12 30 29 25 42 32 
56 48 20 63 15 14 36 32 60 61 8 25 39 22 21 42 34 33 53 16 38 37 51 52 2 11 64 23 44 24 46 26 41 40 57 1 6 5 35 55 54 3 62 9 28 10 30 12 43 58 45 47 4 18 17 7 13 27 49 29 31 59 19 50 
57 49 53 5 18 17 39 64 31 51 50 62 37 55 54 63 7 20 21 19 41 40 24 44 43 58 2 52 10 9 28 27 3 56 14 13 34 33 22 1 42 4 26 46 47 45 60 59 11 12 30 29 15 16 36 35 6 48 8 61 23 32 38 25 
58 35 62 47 60 59 64 19 38 54 55 13 10 28 27 49 8 61 24 23 44 43 22 40 41 4 56 3 15 63 33 34 12 30 31 29 51 50 25 26 46 45 42 1 6 57 17 18 14 36 16 53 32 2 52 9 48 5 20 7 39 37 11 21 
59 55 27 61 23 64 43 41 3 63 13 34 30 29 49 50 25 24 46 44 45 58 1 57 4 18 14 15 16 33 53 35 32 31 52 51 9 62 26 48 47 60 5 6 7 17 39 19 36 37 38 54 2 11 10 28 8 20 21 22 40 56 12 42 
60 33 51 8 64 23 44 40 36 35 53 54 2 62 9 28 24 25 26 43 58 45 42 4 57 17 38 37 56 55 13 63 10 11 12 27 49 29 46 47 48 59 6 5 20 18 19 39 3 15 14 34 30 31 32 50 61 7 22 21 41 16 52 1 
61 3 30 64 25 24 46 1 13 14 15 16 49 32 31 52 44 43 58 26 48 47 4 5 6 7 33 34 35 36 37 38 51 50 62 2 11 10 45 60 59 8 17 18 19 20 21 22 53 54 55 56 9 28 27 12 23 39 40 41 42 63 29 57 
62 40 58 10 28 27 49 33 42 4 57 17 47 60 59 64 12 30 31 29 51 50 36 35 53 54 6 5 20 18 19 39 8 61 24 23 44 43 32 2 52 9 38 37 56 55 13 63 7 22 21 41 25 26 46 45 11 3 15 14 34 1 48 16 
63 60 39 14 34 33 53 51 8 64 23 44 21 41 40 57 16 36 37 35 55 54 2 62 9 28 24 25 26 43 58 45 1 42 5 4 18 17 38 3 56 13 10 11 12 27 49 29 46 47 48 59 6 7 20 19 15 30 31 32 50 61 22 52 
64 13 49 24 44 43 58 4 15 33 34 35 31 51 50 62 26 46 47 45 60 59 6 17 18 19 36 16 38 53 54 55 2 52 10 9 28 27 48 8 61 23 20 7 22 39 40 41 37 56 3 63 11 12 30 29 25 21 42 1 57 14 32 5 
1
0 1 

1 4 
1 
7 
20 
42 
2 8 
1 7 
1 20 
1 42 
5 21 
6 22 
7 20 
7 42 
20 42 
3 12 
1 5 21 
1 6 22 
1 7 20 
1 7 42 
1 20 42 
5 7 21 
5 20 21 
5 21 42 
6 7 22 
6 20 22 
6 22 42 
7 20 42 
4 14 
1 5 7 21 
1 5 20 21 
1 5 21 42 
1 6 7 22 
1 6 20 22 
1 6 22 42 
1 7 20 42 
5 6 21 22 
5 7 20 21 
5 7 21 42 
5 20 21 42 
6 7 20 22 
6 7 22 42 
6 20 22 42 
5 12 
1 5 6 21 22 
1 5 7 20 21 
1 5 7 21 42 
1 5 20 21 42 
1 6 7 20 22 
1 6 7 22 42 
1 6 20 22 42 
5 6 7 21 22 
5 6 20 21 22 
5 6 21 22 42 
5 7 20 21 42 
6 7 20 22 42 
6 8 
1 5 6 7 21 22 
1 5 6 20 21 22 
1 5 6 21 22 42 
1 5 7 20 21 42 
1 6 7 20 22 42 
5 6 7 20 21 22 
5 6 7 21 22 42 
5 6 20 21 22 42 
7 4 
1 5 6 7 20 21 22 
1 5 6 7 21 22 42 
1 5 6 20 21 22 42 
5 6 7 20 21 22 42 
8 1 
1 5 6 7 20 21 22 42 
2
0 1 

1 1 

2 4 
2 32 
10 52 
11 12 
30 31 
3 1 

4 6 
2 10 32 52 
2 11 12 32 
2 30 31 32 
10 11 12 52 
10 30 31 52 
11 12 30 31 
5 1 

6 4 
2 10 11 12 32 52 
2 10 30 31 32 52 
2 11 12 30 31 32 
10 11 12 30 31 52 
7 1 

8 1 
2 10 11 12 30 31 32 52 
3
0 1 

1 4 
3 
14 
16 
37 
2 8 
3 14 
3 16 
3 37 
14 16 
14 37 
15 38 
16 37 
36 56 
3 12 
3 14 16 
3 14 37 
3 15 38 
3 16 37 
3 36 56 
14 15 38 
14 16 37 
14 36 56 
15 16 38 
15 37 38 
16 36 56 
36 37 56 
4 14 
3 14 15 38 
3 14 16 37 
3 14 36 56 
3 15 16 38 
3 15 37 38 
3 16 36 56 
3 36 37 56 
14 15 16 38 
14 15 37 38 
14 16 36 56 
14 36 37 56 
15 16 37 38 
15 36 38 56 
16 36 37 56 
5 12 
3 14 15 16 38 
3 14 15 37 38 
3 14 16 36 56 
3 14 36 37 56 
3 15 16 37 38 
3 15 36 38 56 
3 16 36 37 56 
14 15 16 37 38 
14 15 36 38 56 
14 16 36 37 56 
15 16 36 38 56 
15 36 37 38 56 
6 8 
3 14 15 16 37 38 
3 14 15 36 38 56 
3 14 16 36 37 56 
3 15 16 36 38 56 
3 15 36 37 38 56 
14 15 16 36 38 56 
14 15 36 37 38 56 
15 16 36 37 38 56 
7 4 
3 14 15 16 36 38 56 
3 14 15 36 37 38 56 
3 15 16 36 37 38 56 
14 15 16 36 37 38 56 
8 1 
3 14 15 16 36 37 38 56 
4
0 1 

1 1 

2 4 
4 41 
17 39 
18 19 
40 57 
3 1 

4 6 
4 17 39 41 
4 18 19 41 
4 40 41 57 
17 18 19 39 
17 39 40 57 
18 19 40 57 
5 1 

6 4 
4 17 18 19 39 41 
4 17 39 40 41 57 
4 18 19 40 41 57 
17 18 19 39 40 57 
7 1 

8 1 
4 17 18 19 39 40 41 57 
5
0 1 

1 1 

2 4 
8 61 
24 48 
25 47 
26 46 
3 1 

4 6 
8 24 48 61 
8 25 47 61 
8 26 46 61 
24 25 47 48 
24 26 46 48 
25 26 46 47 
5 1 

6 4 
8 24 25 47 48 61 
8 24 26 46 48 61 
8 25 26 46 47 61 
24 25 26 46 47 48 
7 1 

8 1 
8 24 25 26 46 47 48 61 
6
0 1 

1 4 
28 
49 
51 
62 
2 8 
9 29 
27 50 
28 49 
28 51 
28 62 
49 51 
49 62 
51 62 
3 12 
9 28 29 
9 29 49 
9 29 51 
9 29 62 
27 28 50 
27 49 50 
27 50 51 
27 50 62 
28 49 51 
28 49 62 
28 51 62 
49 51 62 
4 14 
9 27 29 50 
9 28 29 49 
9 28 29 51 
9 28 29 62 
9 29 49 51 
9 29 49 62 
9 29 51 62 
27 28 49 50 
27 28 50 51 
27 28 50 62 
27 49 50 51 
27 49 50 62 
27 50 51 62 
28 49 51 62 
5 12 
9 27 28 29 50 
9 27 29 49 50 
9 27 29 50 51 
9 27 29 50 62 
9 28 29 49 51 
9 28 29 49 62 
9 28 29 51 62 
9 29 49 51 62 
27 28 49 50 51 
27 28 49 50 62 
27 28 50 51 62 
27 49 50 51 62 
6 8 
9 27 28 29 49 50 
9 27 28 29 50 51 
9 27 28 29 50 62 
9 27 29 49 50 51 
9 27 29 49 50 62 
9 27 29 50 51 62 
9 28 29 49 51 62 
27 28 49 50 51 62 
7 4 
9 27 28 29 49 50 51 
9 27 28 29 49 50 62 
9 27 28 29 50 51 62 
9 27 29 49 50 51 62 
8 1 
9 27 28 29 49 50 51 62 
7
0 1 

1 1 

2 4 
13 55 
33 63 
34 35 
53 54 
3 1 

4 6 
13 33 55 63 
13 34 35 55 
13 53 54 55 
33 34 35 63 
33 53 54 63 
34 35 53 54 
5 1 

6 4 
13 33 34 35 55 63 
13 33 53 54 55 63 
13 34 35 53 54 55 
33 34 35 53 54 63 
7 1 

8 1 
13 33 34 35 53 54 55 63 
8
0 1 

1 1 

2 4 
23 59 
43 45 
44 58 
60 64 
3 1 

4 6 
23 43 45 59 
23 44 58 59 
23 59 60 64 
43 44 45 58 
43 45 60 64 
44 58 60 64 
5 1 

6 4 
23 43 44 45 58 59 
23 43 45 59 60 64 
23 44 58 59 60 64 
43 44 45 58 60 64 
7 1 

8 1 
23 43 44 45 58 59 60 64 
