//Table for grp 180:
57
0 0 2 2 4 4 2 4 
0 0 2 4 4 2 4 2 
0 0 4 2 2 4 4 2 
0 0 4 4 2 2 2 4 
0 2 0 2 4 2 4 4 
0 2 0 4 4 4 2 2 
0 2 2 0 2 4 4 4 
0 2 2 2 2 2 2 6 
0 2 2 2 2 2 6 2 
0 2 2 2 2 6 2 2 
0 2 2 2 6 2 2 2 
0 2 2 4 2 0 4 4 
0 2 2 4 2 4 0 4 
0 2 2 4 2 4 4 0 
0 2 2 6 2 2 2 2 
0 2 4 0 4 4 2 2 
0 2 4 2 0 2 4 4 
0 2 4 2 4 2 0 4 
0 2 4 2 4 2 4 0 
0 2 4 4 0 4 2 2 
0 2 4 4 4 0 2 2 
0 2 6 2 2 2 2 2 
0 4 0 2 2 4 4 2 
0 4 0 4 2 2 2 4 
0 4 2 0 4 2 4 2 
0 4 2 2 0 4 2 4 
0 4 2 2 4 0 2 4 
0 4 2 2 4 4 2 0 
0 4 2 4 0 2 4 2 
0 4 2 4 4 2 0 2 
0 4 4 0 2 2 2 4 
0 4 4 2 2 0 4 2 
0 4 4 2 2 4 0 2 
0 4 4 4 2 2 2 0 
0 6 2 2 2 2 2 2 
2 0 2 2 2 2 4 4 
2 0 2 4 2 4 2 2 
2 0 4 2 4 2 2 2 
2 2 0 2 2 4 2 4 
2 2 0 4 2 2 4 2 
2 2 2 0 4 2 2 4 
2 2 2 2 0 4 4 2 
2 2 2 2 4 0 4 2 
2 2 2 2 4 4 0 2 
2 2 2 4 0 2 2 4 
2 2 2 4 4 2 2 0 
2 2 4 0 2 2 4 2 
2 2 4 2 2 0 2 4 
2 2 4 2 2 4 2 0 
2 2 4 4 2 2 0 2 
2 4 0 2 4 2 2 2 
2 4 2 0 2 4 2 2 
2 4 2 2 2 2 0 4 
2 4 2 2 2 2 4 0 
2 4 2 4 2 0 2 2 
2 4 4 2 0 2 2 2 
4 2 2 2 2 2 2 2 
1 2 3 4 5 6 7 8 9 10 11 12 13 14 15 16 17 18 19 20 21 22 23 24 25 26 27 28 29 30 31 32 33 34 35 36 37 38 39 40 41 42 43 44 45 46 47 48 49 50 51 52 53 54 55 56 57 58 59 60 61 62 63 64 
2 5 8 9 10 11 12 14 17 1 20 21 23 24 25 26 27 28 29 30 31 32 33 3 36 37 4 39 40 6 7 42 43 44 45 46 47 48 49 50 51 52 13 53 54 15 16 56 18 19 57 22 58 59 60 61 62 34 35 63 38 41 64 55 
3 24 21 13 14 15 16 12 43 8 46 47 40 7 42 5 33 34 35 36 37 38 29 31 32 2 23 58 59 25 26 61 19 57 17 22 1 20 53 54 55 56 50 51 9 52 10 11 44 45 64 48 41 4 39 6 63 62 27 28 30 60 18 49 
4 28 13 6 17 18 19 44 12 49 29 51 15 33 34 35 20 7 22 39 40 41 26 58 45 60 31 32 2 50 62 9 36 16 38 53 54 55 21 42 1 57 47 48 8 59 64 23 52 10 11 27 37 56 3 63 5 61 24 25 43 30 14 46 
5 10 14 17 1 20 21 24 27 2 30 31 33 3 36 37 4 39 40 6 7 42 43 8 46 47 9 49 50 11 12 52 13 53 54 15 16 56 18 19 57 22 23 58 59 25 26 61 28 29 62 32 34 35 63 38 41 44 45 64 48 51 55 60 
6 32 15 18 20 7 22 48 51 52 2 11 34 36 16 38 39 19 41 21 42 1 60 61 8 25 62 9 28 10 30 12 53 35 55 37 56 3 40 57 4 5 64 23 44 24 46 26 27 49 29 31 54 63 13 14 17 43 58 45 47 50 33 59 
7 12 16 19 21 22 1 26 29 31 32 2 35 37 38 3 40 41 4 42 5 6 45 47 48 8 50 51 9 52 10 11 54 55 13 56 14 15 57 17 18 20 59 60 23 61 24 25 62 27 28 30 63 33 34 36 39 64 43 44 46 49 53 58 
8 3 31 23 24 25 26 21 13 14 15 16 50 12 52 10 43 44 45 46 47 48 40 7 42 5 33 34 35 36 37 38 29 62 27 32 2 30 58 59 60 61 19 57 17 22 1 20 53 54 55 56 51 9 49 11 64 41 4 39 6 63 28 18 
9 39 23 11 27 28 29 53 21 18 40 57 25 43 44 45 30 12 32 49 50 51 37 34 54 63 7 42 5 19 41 17 46 26 48 58 59 60 31 52 2 62 16 56 14 35 55 33 22 1 20 4 47 61 8 64 10 38 3 36 13 6 24 15 
10 1 24 27 2 30 31 3 4 5 6 7 43 8 46 47 9 49 50 11 12 52 13 14 15 16 17 18 19 20 21 22 23 58 59 25 26 61 28 29 62 32 33 34 35 36 37 38 39 40 41 42 44 45 64 48 51 53 54 55 56 57 60 63 
11 42 25 28 30 12 32 56 57 22 5 20 44 46 26 48 49 29 51 31 52 2 63 38 14 36 41 17 39 1 6 21 58 45 60 47 61 8 50 62 9 10 55 33 53 3 15 37 4 18 40 7 59 64 23 24 27 13 34 54 16 19 43 35 
12 21 26 29 31 32 2 37 40 7 42 5 45 47 48 8 50 51 9 52 10 11 54 16 56 14 19 57 17 22 1 20 59 60 23 61 24 25 62 27 28 30 35 63 33 38 3 36 41 4 39 6 64 43 44 46 49 55 13 53 15 18 58 34 
13 58 40 15 33 34 35 51 47 44 59 64 42 19 57 17 36 16 38 53 54 55 2 62 9 28 26 61 24 45 60 43 22 5 20 41 4 39 37 56 3 63 10 11 12 27 49 29 48 8 46 23 1 6 21 18 14 30 31 32 50 25 7 52 
14 8 7 33 3 36 37 31 23 24 25 26 19 21 22 1 13 53 54 15 16 56 50 12 52 10 43 44 45 46 47 48 40 41 4 42 5 6 34 35 63 38 29 62 27 32 2 30 58 59 60 61 57 17 18 20 55 51 9 49 11 64 39 28 
15 61 42 34 36 16 38 11 64 48 24 46 57 22 5 20 53 35 55 37 56 3 28 30 12 32 60 43 58 8 25 47 41 17 39 1 6 21 54 63 13 14 49 29 51 31 52 2 23 44 59 26 4 18 40 7 33 50 62 9 10 45 19 27 
16 47 5 35 37 38 3 2 59 26 61 24 17 1 20 21 54 55 13 56 14 15 9 10 11 12 45 64 43 48 8 46 4 39 40 6 7 42 63 33 34 36 27 28 29 30 31 32 60 23 58 25 18 19 57 22 53 49 50 51 52 44 41 62 
17 49 33 20 4 39 40 58 31 28 50 62 36 13 53 54 6 21 42 18 19 57 47 44 59 64 12 52 10 29 51 27 15 37 56 34 35 63 7 22 5 41 26 61 24 45 60 43 32 2 30 9 16 38 14 55 1 48 8 46 23 11 3 25 
18 9 34 7 39 19 41 23 11 27 28 29 16 53 35 55 21 22 1 40 57 4 25 43 44 45 30 12 32 49 50 51 37 38 3 54 63 13 42 5 6 17 46 26 48 58 59 60 31 52 2 62 56 14 15 33 20 47 61 8 64 10 36 24 
19 51 35 22 40 41 4 60 2 62 9 28 38 54 55 13 42 1 6 57 17 18 8 64 23 44 10 11 12 27 49 29 56 3 15 63 33 34 5 20 7 39 24 25 26 43 58 45 30 31 32 50 14 36 16 53 21 46 47 48 59 52 37 61 
20 52 36 39 6 21 42 61 62 32 10 30 53 15 37 56 18 40 57 7 22 5 64 48 24 46 51 27 49 2 11 31 34 54 63 16 38 14 19 41 17 1 60 43 58 8 25 47 9 28 50 12 35 55 33 3 4 23 44 59 26 29 13 45 
21 31 37 40 7 42 5 47 50 12 52 10 54 16 56 14 19 57 17 22 1 20 59 26 61 24 29 62 27 32 2 30 35 63 33 38 3 36 41 4 39 6 45 64 43 48 8 46 51 9 49 11 55 13 53 15 18 60 23 58 25 28 34 44 
22 11 38 41 42 1 6 25 28 30 12 32 55 56 3 15 57 4 18 5 20 7 44 46 26 48 49 29 51 31 52 2 63 13 34 14 36 16 17 39 19 21 58 45 60 47 61 8 50 62 9 10 33 53 35 37 40 59 64 23 24 27 54 43 
23 34 50 25 43 44 45 57 16 53 35 55 52 29 62 27 46 26 48 58 59 60 5 41 17 39 37 38 3 54 63 13 32 10 30 51 9 49 47 61 8 64 1 20 21 4 18 40 56 14 15 33 2 11 31 28 24 6 7 42 19 36 12 22 
24 14 12 43 8 46 47 7 33 3 36 37 29 31 32 2 23 58 59 25 26 61 19 21 22 1 13 53 54 15 16 56 50 51 9 52 10 11 44 45 64 48 40 41 4 42 5 6 34 35 63 38 62 27 28 30 60 57 17 18 20 55 49 39 
25 38 52 44 46 26 48 20 55 56 3 15 62 32 10 30 58 45 60 47 61 8 39 6 21 42 63 13 34 14 36 16 51 27 49 2 11 31 59 64 23 24 18 40 57 7 22 5 33 53 35 37 9 28 50 12 43 19 41 17 1 54 29 4 
26 16 10 45 47 48 8 5 35 37 38 3 27 2 30 31 59 60 23 61 24 25 17 1 20 21 54 55 13 56 14 15 9 49 50 11 12 52 64 43 44 46 4 39 40 6 7 42 63 33 34 36 28 29 62 32 58 18 19 57 22 53 51 41 
27 18 43 30 9 49 50 34 7 39 19 41 46 23 58 59 11 31 52 28 29 62 16 53 35 55 21 22 1 40 57 4 25 47 61 44 45 64 12 32 10 51 37 38 3 54 63 13 42 5 6 17 26 48 24 60 2 56 14 15 33 20 8 36 
28 17 44 12 49 29 51 33 20 4 39 40 26 58 45 60 31 32 2 50 62 9 36 13 53 54 6 21 42 18 19 57 47 48 8 59 64 23 52 10 11 27 15 37 56 34 35 63 7 22 5 41 61 24 25 43 30 16 38 14 55 1 46 3 
29 57 45 32 50 51 9 63 5 41 17 39 48 59 60 23 52 2 11 62 27 28 14 55 33 53 1 20 21 4 18 40 61 8 25 64 43 44 10 30 12 49 3 36 37 13 34 54 6 7 42 19 24 46 26 58 31 15 16 56 35 22 47 38 
30 22 46 49 11 31 52 38 41 42 1 6 58 25 47 61 28 50 62 12 32 10 55 56 3 15 57 4 18 5 20 7 44 59 64 26 48 24 29 51 27 2 63 13 34 14 36 16 17 39 19 21 45 60 43 8 9 33 53 35 37 40 23 54 
31 7 47 50 12 52 10 16 19 21 22 1 59 26 61 24 29 62 27 32 2 30 35 37 38 3 40 41 4 42 5 6 45 64 43 48 8 46 51 9 49 11 54 55 13 56 14 15 57 17 18 20 60 23 58 25 28 63 33 34 36 39 44 53 
32 20 48 51 52 2 11 36 39 6 21 42 60 61 8 25 62 9 28 10 30 12 53 15 37 56 18 40 57 7 22 5 64 23 44 24 46 26 27 49 29 31 34 54 63 16 38 14 19 41 17 1 43 58 45 47 50 35 55 33 3 4 59 13 
33 44 19 36 13 53 54 62 26 58 45 60 22 40 41 4 15 37 56 34 35 63 10 51 27 49 47 48 8 59 64 23 42 1 6 57 17 18 16 38 14 55 2 30 31 9 28 50 61 24 25 43 5 20 7 39 3 11 12 52 29 46 21 32 
34 43 57 16 53 35 55 29 46 23 58 59 5 41 17 39 37 38 3 54 63 13 32 50 51 9 25 47 61 44 45 64 1 20 21 4 18 40 56 14 15 33 52 2 11 62 27 28 26 48 24 60 6 7 42 19 36 10 30 12 49 8 22 31 
35 64 17 38 54 55 13 28 24 60 43 58 20 4 39 40 56 3 15 63 33 34 12 49 29 51 8 46 47 23 44 59 6 21 42 18 19 57 14 36 16 53 31 32 2 50 62 9 25 26 61 45 7 22 5 41 37 52 10 11 27 48 1 30 
36 48 22 53 15 37 56 30 60 61 8 25 41 42 1 6 34 54 63 16 38 14 49 11 31 52 64 23 44 24 46 26 57 4 18 5 20 7 35 55 33 3 28 50 62 12 32 10 43 58 45 47 17 39 19 21 13 29 51 27 2 59 40 9 
37 26 1 54 16 56 14 10 45 47 48 8 4 5 6 7 35 63 33 38 3 36 27 2 30 31 59 60 23 61 24 25 17 18 19 20 21 22 55 13 53 15 9 49 50 11 12 52 64 43 44 46 39 40 41 42 34 28 29 62 32 58 57 51 
38 46 20 55 56 3 15 32 58 25 47 61 39 6 21 42 63 13 34 14 36 16 51 52 2 11 44 59 64 26 48 24 18 40 57 7 22 5 33 53 35 37 62 9 28 10 30 12 45 60 43 8 19 41 17 1 54 27 49 29 31 23 4 50 
39 27 53 21 18 40 57 43 30 9 49 50 37 34 54 63 7 42 5 19 41 17 46 23 58 59 11 31 52 28 29 62 16 56 14 35 55 33 22 1 20 4 25 47 61 44 45 64 12 32 10 51 38 3 36 13 6 26 48 24 60 2 15 8 
40 62 54 42 19 57 17 64 10 51 27 49 56 35 63 33 22 5 20 41 4 39 24 60 43 58 2 30 31 9 28 50 38 14 36 55 13 53 1 6 21 18 8 46 47 23 44 59 11 12 52 29 3 15 37 34 7 25 26 61 45 32 16 48 
41 29 55 1 57 4 18 45 32 50 51 9 3 63 13 34 5 6 7 17 39 19 48 59 60 23 52 2 11 62 27 28 14 15 16 33 53 35 20 21 22 40 61 8 25 64 43 44 10 30 12 49 36 37 38 54 42 24 46 26 58 31 56 47 
42 30 56 57 22 5 20 46 49 11 31 52 63 38 14 36 41 17 39 1 6 21 58 25 47 61 28 50 62 12 32 10 55 33 53 3 15 37 4 18 40 7 44 59 64 26 48 24 29 51 27 2 13 34 54 16 19 45 60 43 8 9 35 23 
43 53 29 46 23 58 59 41 37 34 54 63 32 50 51 9 25 47 61 44 45 64 1 57 4 18 16 56 14 35 55 33 52 2 11 62 27 28 26 48 24 60 5 6 7 17 39 19 38 3 36 13 10 30 12 49 8 20 21 22 40 15 31 42 
44 13 62 26 58 45 60 40 15 33 34 35 10 51 27 49 47 48 8 59 64 23 42 19 57 17 36 16 38 53 54 55 2 30 31 9 28 50 61 24 25 43 22 5 20 41 4 39 37 56 3 63 11 12 52 29 46 1 6 21 18 14 32 7 
45 55 27 48 59 60 23 39 3 63 13 34 30 9 49 50 61 8 25 64 43 44 21 18 40 57 14 15 16 33 53 35 11 31 52 28 29 62 24 46 26 58 7 42 5 19 41 17 36 37 38 54 12 32 10 51 47 22 1 20 4 56 2 6 
46 56 32 58 25 47 61 6 63 38 14 36 51 52 2 11 44 59 64 26 48 24 18 20 7 22 55 33 53 3 15 37 62 9 28 10 30 12 45 60 43 8 39 19 41 21 42 1 13 34 54 16 27 49 29 31 23 40 57 4 5 35 50 17 
47 37 2 59 26 61 24 1 54 16 56 14 9 10 11 12 45 64 43 48 8 46 4 5 6 7 35 63 33 38 3 36 27 28 29 30 31 32 60 23 58 25 17 18 19 20 21 22 55 13 53 15 49 50 51 52 44 39 40 41 42 34 62 57 
48 15 30 60 61 8 25 42 34 36 16 38 49 11 31 52 64 23 44 24 46 26 57 22 5 20 53 35 55 37 56 3 28 50 62 12 32 10 43 58 45 47 41 17 39 1 6 21 54 63 13 14 29 51 27 2 59 4 18 40 7 33 9 19 
49 4 58 31 28 50 62 13 6 17 18 19 47 44 59 64 12 52 10 29 51 27 15 33 34 35 20 7 22 39 40 41 26 61 24 45 60 43 32 2 30 9 36 16 38 53 54 55 21 42 1 57 48 8 46 23 11 37 56 3 63 5 25 14 
50 41 59 52 29 62 27 55 1 57 4 18 61 45 64 43 32 10 30 51 9 49 3 63 13 34 5 6 7 17 39 19 48 24 46 60 23 58 2 11 31 28 14 15 16 33 53 35 20 21 22 40 8 25 47 44 12 36 37 38 54 42 26 56 
51 40 60 2 62 9 28 54 42 19 57 17 8 64 23 44 10 11 12 27 49 29 56 35 63 33 22 5 20 41 4 39 24 25 26 43 58 45 30 31 32 50 38 14 36 55 13 53 1 6 21 18 46 47 48 59 52 3 15 37 34 7 61 16 
52 6 61 62 32 10 30 15 18 20 7 22 64 48 24 46 51 27 49 2 11 31 34 36 16 38 39 19 41 21 42 1 60 43 58 8 25 47 9 28 50 12 53 35 55 37 56 3 40 57 4 5 23 44 59 26 29 54 63 13 14 17 45 33 
53 23 41 37 34 54 63 50 25 43 44 45 1 57 4 18 16 56 14 35 55 33 52 29 62 27 46 26 48 58 59 60 5 6 7 17 39 19 38 3 36 13 32 10 30 51 9 49 47 61 8 64 20 21 22 40 15 2 11 31 28 24 42 12 
54 60 4 56 35 63 33 49 8 64 23 44 6 17 18 19 38 14 36 55 13 53 31 28 50 62 24 25 26 43 58 45 20 7 22 39 40 41 3 15 37 34 12 52 10 29 51 27 46 47 48 59 21 42 1 57 16 32 2 30 9 61 5 11 
55 59 39 3 63 13 34 9 61 45 64 43 21 18 40 57 14 15 16 33 53 35 11 27 28 29 48 24 46 60 23 58 7 42 5 19 41 17 36 37 38 54 30 12 32 49 50 51 8 25 47 44 22 1 20 4 56 31 52 2 62 26 6 10 
56 25 6 63 38 14 36 52 44 46 26 48 18 20 7 22 55 33 53 3 15 37 62 32 10 30 58 45 60 47 61 8 39 19 41 21 42 1 13 34 54 16 51 27 49 2 11 31 59 64 23 24 40 57 4 5 35 9 28 50 12 43 17 29 
57 50 63 5 41 17 39 59 52 29 62 27 14 55 33 53 1 20 21 4 18 40 61 45 64 43 32 10 30 51 9 49 3 36 37 13 34 54 6 7 42 19 48 24 46 60 23 58 2 11 31 28 15 16 56 35 22 8 25 47 44 12 38 26 
58 33 51 47 44 59 64 19 36 13 53 54 2 62 9 28 26 61 24 45 60 43 22 40 41 4 15 37 56 34 35 63 10 11 12 27 49 29 48 8 46 23 42 1 6 57 17 18 16 38 14 55 30 31 32 50 25 5 20 7 39 3 52 21 
59 63 9 61 45 64 43 18 14 55 33 53 11 27 28 29 48 24 46 60 23 58 7 39 19 41 3 36 37 13 34 54 30 12 32 49 50 51 8 25 47 44 21 22 1 40 57 4 15 16 56 35 31 52 2 62 26 42 5 6 17 38 10 20 
60 35 49 8 64 23 44 17 38 54 55 13 31 28 50 62 24 25 26 43 58 45 20 4 39 40 56 3 15 63 33 34 12 52 10 29 51 27 46 47 48 59 6 21 42 18 19 57 14 36 16 53 32 2 30 9 61 7 22 5 41 37 11 1 
61 36 11 64 48 24 46 22 53 15 37 56 28 30 12 32 60 43 58 8 25 47 41 42 1 6 34 54 63 16 38 14 49 29 51 31 52 2 23 44 59 26 57 4 18 5 20 7 35 55 33 3 50 62 9 10 45 17 39 19 21 13 27 40 
62 19 64 10 51 27 49 35 22 40 41 4 24 60 43 58 2 30 31 9 28 50 38 54 55 13 42 1 6 57 17 18 8 46 47 23 44 59 11 12 52 29 56 3 15 63 33 34 5 20 7 39 25 26 61 45 32 14 36 16 53 21 48 37 
63 45 18 14 55 33 53 27 48 59 60 23 7 39 19 41 3 36 37 13 34 54 30 9 49 50 61 8 25 64 43 44 21 22 1 40 57 4 15 16 56 35 11 31 52 28 29 62 24 46 26 58 42 5 6 17 38 12 32 10 51 47 20 2 
64 54 28 24 60 43 58 4 56 35 63 33 12 49 29 51 8 46 47 23 44 59 6 17 18 19 38 14 36 55 13 53 31 32 2 50 62 9 25 26 61 45 20 7 22 39 40 41 3 15 37 34 52 10 11 27 48 21 42 1 57 16 30 5 
1
0 1 

1 4 
1 
5 
7 
21 
2 8 
1 5 
1 7 
1 21 
5 7 
5 21 
6 22 
7 21 
20 42 
3 12 
1 5 7 
1 5 21 
1 6 22 
1 7 21 
1 20 42 
5 6 22 
5 7 21 
5 20 42 
6 7 22 
6 21 22 
7 20 42 
20 21 42 
4 14 
1 5 6 22 
1 5 7 21 
1 5 20 42 
1 6 7 22 
1 6 21 22 
1 7 20 42 
1 20 21 42 
5 6 7 22 
5 6 21 22 
5 7 20 42 
5 20 21 42 
6 7 21 22 
6 20 22 42 
7 20 21 42 
5 12 
1 5 6 7 22 
1 5 6 21 22 
1 5 7 20 42 
1 5 20 21 42 
1 6 7 21 22 
1 6 20 22 42 
1 7 20 21 42 
5 6 7 21 22 
5 6 20 22 42 
5 7 20 21 42 
6 7 20 22 42 
6 20 21 22 42 
6 8 
1 5 6 7 21 22 
1 5 6 20 22 42 
1 5 7 20 21 42 
1 6 7 20 22 42 
1 6 20 21 22 42 
5 6 7 20 22 42 
5 6 20 21 22 42 
6 7 20 21 22 42 
7 4 
1 5 6 7 20 22 42 
1 5 6 20 21 22 42 
1 6 7 20 21 22 42 
5 6 7 20 21 22 42 
8 1 
1 5 6 7 20 21 22 42 
2
0 1 

1 1 

2 4 
2 10 
11 30 
12 31 
32 52 
3 1 

4 6 
2 10 11 30 
2 10 12 31 
2 10 32 52 
11 12 30 31 
11 30 32 52 
12 31 32 52 
5 1 

6 4 
2 10 11 12 30 31 
2 10 11 30 32 52 
2 10 12 31 32 52 
11 12 30 31 32 52 
7 1 

8 1 
2 10 11 12 30 31 32 52 
3
0 1 

1 1 

2 4 
3 37 
14 16 
15 36 
38 56 
3 1 

4 6 
3 14 16 37 
3 15 36 37 
3 37 38 56 
14 15 16 36 
14 16 38 56 
15 36 38 56 
5 1 

6 4 
3 14 15 16 36 37 
3 14 16 37 38 56 
3 15 36 37 38 56 
14 15 16 36 38 56 
7 1 

8 1 
3 14 15 16 36 37 38 56 
4
0 1 

1 1 

2 4 
4 41 
17 57 
18 19 
39 40 
3 1 

4 6 
4 17 41 57 
4 18 19 41 
4 39 40 41 
17 18 19 57 
17 39 40 57 
18 19 39 40 
5 1 

6 4 
4 17 18 19 41 57 
4 17 39 40 41 57 
4 18 19 39 40 41 
17 18 19 39 40 57 
7 1 

8 1 
4 17 18 19 39 40 41 57 
5
0 1 

1 1 

2 4 
8 47 
24 26 
25 61 
46 48 
3 1 

4 6 
8 24 26 47 
8 25 47 61 
8 46 47 48 
24 25 26 61 
24 26 46 48 
25 46 48 61 
5 1 

6 4 
8 24 25 26 47 61 
8 24 26 46 47 48 
8 25 46 47 48 61 
24 25 26 46 48 61 
7 1 

8 1 
8 24 25 26 46 47 48 61 
6
0 1 

1 1 

2 4 
9 50 
27 29 
28 62 
49 51 
3 1 

4 6 
9 27 29 50 
9 28 50 62 
9 49 50 51 
27 28 29 62 
27 29 49 51 
28 49 51 62 
5 1 

6 4 
9 27 28 29 50 62 
9 27 29 49 50 51 
9 28 49 50 51 62 
27 28 29 49 51 62 
7 1 

8 1 
9 27 28 29 49 50 51 62 
7
0 1 

1 1 

2 4 
13 53 
33 34 
35 63 
54 55 
3 1 

4 6 
13 33 34 53 
13 35 53 63 
13 53 54 55 
33 34 35 63 
33 34 54 55 
35 54 55 63 
5 1 

6 4 
13 33 34 35 53 63 
13 33 34 53 54 55 
13 35 53 54 55 63 
33 34 35 54 55 63 
7 1 

8 1 
13 33 34 35 53 54 55 63 
8
0 1 

1 1 

2 4 
23 43 
44 58 
45 59 
60 64 
3 1 

4 6 
23 43 44 58 
23 43 45 59 
23 43 60 64 
44 45 58 59 
44 58 60 64 
45 59 60 64 
5 1 

6 4 
23 43 44 45 58 59 
23 43 44 58 60 64 
23 43 45 59 60 64 
44 45 58 59 60 64 
7 1 

8 1 
23 43 44 45 58 59 60 64 
