//Table for grp 211:
57
0 0 2 2 4 4 2 4 
0 0 2 4 4 2 4 2 
0 0 4 2 2 4 4 2 
0 0 4 4 2 2 2 4 
0 2 0 2 4 2 4 4 
0 2 0 4 4 4 2 2 
0 2 2 0 2 4 4 4 
0 2 2 2 2 2 2 6 
0 2 2 2 2 2 6 2 
0 2 2 2 2 6 2 2 
0 2 2 2 6 2 2 2 
0 2 2 4 2 0 4 4 
0 2 2 4 2 4 0 4 
0 2 2 4 2 4 4 0 
0 2 2 6 2 2 2 2 
0 2 4 0 4 4 2 2 
0 2 4 2 0 2 4 4 
0 2 4 2 4 2 0 4 
0 2 4 2 4 2 4 0 
0 2 4 4 0 4 2 2 
0 2 4 4 4 0 2 2 
0 2 6 2 2 2 2 2 
0 4 0 2 2 4 4 2 
0 4 0 4 2 2 2 4 
0 4 2 0 4 2 4 2 
0 4 2 2 0 4 2 4 
0 4 2 2 4 0 2 4 
0 4 2 2 4 4 2 0 
0 4 2 4 0 2 4 2 
0 4 2 4 4 2 0 2 
0 4 4 0 2 2 2 4 
0 4 4 2 2 0 4 2 
0 4 4 2 2 4 0 2 
0 4 4 4 2 2 2 0 
0 6 2 2 2 2 2 2 
2 0 2 2 2 2 4 4 
2 0 2 4 2 4 2 2 
2 0 4 2 4 2 2 2 
2 2 0 2 2 4 2 4 
2 2 0 4 2 2 4 2 
2 2 2 0 4 2 2 4 
2 2 2 2 0 4 4 2 
2 2 2 2 4 0 4 2 
2 2 2 2 4 4 0 2 
2 2 2 4 0 2 2 4 
2 2 2 4 4 2 2 0 
2 2 4 0 2 2 4 2 
2 2 4 2 2 0 2 4 
2 2 4 2 2 4 2 0 
2 2 4 4 2 2 0 2 
2 4 0 2 4 2 2 2 
2 4 2 0 2 4 2 2 
2 4 2 2 2 2 0 4 
2 4 2 2 2 2 4 0 
2 4 2 4 2 0 2 2 
2 4 4 2 0 2 2 2 
4 2 2 2 2 2 2 2 
1 2 3 4 5 6 7 8 9 10 11 12 13 14 15 16 17 18 19 20 21 22 23 24 25 26 27 28 29 30 31 32 33 34 35 36 37 38 39 40 41 42 43 44 45 46 47 48 49 50 51 52 53 54 55 56 57 58 59 60 61 62 63 64 
2 1 8 9 10 11 12 3 4 5 6 7 23 24 25 26 27 28 29 30 31 32 13 14 15 16 17 18 19 20 21 22 43 44 45 46 47 48 49 50 51 52 33 34 35 36 37 38 39 40 41 42 58 59 60 61 62 53 54 55 56 57 64 63 
3 25 6 13 14 15 16 2 44 46 8 48 18 20 1 22 33 34 35 36 37 38 9 10 11 12 58 23 60 24 61 26 39 4 41 5 42 7 53 54 55 56 27 28 29 30 31 32 43 64 45 47 17 57 19 21 63 49 50 51 52 59 40 62 
4 29 13 7 17 18 19 45 2 50 51 9 16 33 34 35 21 22 1 39 40 41 8 59 60 23 10 11 12 62 27 28 37 38 3 53 54 55 42 5 6 57 24 25 26 64 43 44 30 31 32 49 56 14 15 63 20 46 47 48 58 52 36 61 
5 10 14 17 1 20 21 24 27 2 30 31 33 3 36 37 4 39 40 6 7 42 43 8 46 47 9 49 50 11 12 52 13 53 54 15 16 56 18 19 57 22 23 58 59 25 26 61 28 29 62 32 34 35 63 38 41 44 45 64 48 51 55 60 
6 11 15 18 20 1 22 25 28 30 2 32 34 36 3 38 39 4 41 5 42 7 44 46 8 48 49 9 51 10 52 12 53 13 55 14 56 16 17 57 19 21 58 23 60 24 61 26 27 62 29 31 33 63 35 37 40 43 64 45 47 50 54 59 
7 12 16 19 21 22 1 26 29 31 32 2 35 37 38 3 40 41 4 42 5 6 45 47 48 8 50 51 9 52 10 11 54 55 13 56 14 15 57 17 18 20 59 60 23 61 24 25 62 27 28 30 63 33 34 36 39 64 43 44 46 49 53 58 
8 15 11 23 24 25 26 1 34 36 3 38 28 30 2 32 43 44 45 46 47 48 4 5 6 7 53 13 55 14 56 16 49 9 51 10 52 12 58 59 60 61 17 18 19 20 21 22 33 63 35 37 27 62 29 31 64 39 40 41 42 54 50 57 
9 19 23 12 27 28 29 35 1 40 41 4 26 43 44 45 31 32 2 49 50 51 3 54 55 13 5 6 7 57 17 18 47 48 8 58 59 60 52 10 11 62 14 15 16 63 33 34 20 21 22 39 61 24 25 64 30 36 37 38 53 42 46 56 
10 5 24 27 2 30 31 14 17 1 20 21 43 8 46 47 9 49 50 11 12 52 33 3 36 37 4 39 40 6 7 42 23 58 59 25 26 61 28 29 62 32 13 53 54 15 16 56 18 19 57 22 44 45 64 48 51 34 35 63 38 41 60 55 
11 6 25 28 30 2 32 15 18 20 1 22 44 46 8 48 49 9 51 10 52 12 34 36 3 38 39 4 41 5 42 7 58 23 60 24 61 26 27 62 29 31 53 13 55 14 56 16 17 57 19 21 43 64 45 47 50 33 63 35 37 40 59 54 
12 7 26 29 31 32 2 16 19 21 22 1 45 47 48 8 50 51 9 52 10 11 35 37 38 3 40 41 4 42 5 6 59 60 23 61 24 25 62 27 28 30 54 55 13 56 14 15 57 17 18 20 64 43 44 46 49 63 33 34 36 39 58 53 
13 60 18 16 33 34 35 29 25 64 45 44 22 39 4 41 37 38 3 53 54 55 2 50 51 9 46 8 48 59 58 23 42 7 6 17 57 19 56 14 15 63 10 11 12 62 27 28 24 61 26 43 21 20 1 40 36 30 31 32 49 47 5 52 
14 46 20 33 3 36 37 10 58 25 24 61 39 6 5 42 13 53 54 15 16 56 27 2 30 31 44 43 64 8 48 47 18 17 57 1 22 21 34 35 63 38 9 49 50 11 12 52 23 60 59 26 4 41 40 7 55 28 29 62 32 45 19 51 
15 8 1 34 36 3 38 11 23 24 25 26 4 5 6 7 53 13 55 14 56 16 28 30 2 32 43 44 45 46 47 48 17 18 19 20 21 22 33 63 35 37 49 9 51 10 52 12 58 59 60 61 39 40 41 42 54 27 62 29 31 64 57 50 
16 48 22 35 37 38 3 12 60 61 26 25 41 42 7 6 54 55 13 56 14 15 29 31 32 2 64 45 44 47 46 8 57 19 18 21 20 1 63 33 34 36 50 51 9 52 10 11 59 58 23 24 40 39 4 5 53 62 27 28 30 43 17 49 
17 50 33 21 4 39 40 59 10 29 62 27 37 13 53 54 7 42 5 18 19 57 24 45 64 43 2 30 31 51 9 49 16 56 14 34 35 63 22 1 20 41 8 46 47 60 23 58 11 12 52 28 38 3 36 55 6 25 26 61 44 32 15 48 
18 51 34 22 39 4 41 60 11 62 29 28 38 53 13 55 42 7 6 17 57 19 25 64 45 44 30 2 32 50 49 9 56 16 15 33 63 35 21 20 1 40 46 8 48 59 58 23 10 52 12 27 37 36 3 54 5 24 61 26 43 31 14 47 
19 9 35 1 40 41 4 23 12 27 28 29 3 54 55 13 5 6 7 57 17 18 26 43 44 45 31 32 2 49 50 51 14 15 16 63 33 34 20 21 22 39 47 48 8 58 59 60 52 10 11 62 36 37 38 53 42 61 24 25 64 30 56 46 
20 30 36 39 6 5 42 46 49 11 10 52 53 15 14 56 18 17 57 1 22 21 58 25 24 61 28 27 62 2 32 31 34 33 63 3 38 37 4 41 40 7 44 43 64 8 48 47 9 51 50 12 13 55 54 16 19 23 60 59 26 29 35 45 
21 31 37 40 7 42 5 47 50 12 52 10 54 16 56 14 19 57 17 22 1 20 59 26 61 24 29 62 27 32 2 30 35 63 33 38 3 36 41 4 39 6 45 64 43 48 8 46 51 9 49 11 55 13 53 15 18 60 23 58 25 28 34 44 
22 32 38 41 42 7 6 48 51 52 12 11 55 56 16 15 57 19 18 21 20 1 60 61 26 25 62 29 28 31 30 2 63 35 34 37 36 3 40 39 4 5 64 45 44 47 46 8 50 49 9 10 54 53 13 14 17 59 58 23 24 27 33 43 
23 55 28 26 43 44 45 19 15 63 35 34 32 49 9 51 47 48 8 58 59 60 1 40 41 4 36 3 38 54 53 13 52 12 11 27 62 29 61 24 25 64 5 6 7 57 17 18 14 56 16 33 31 30 2 50 46 20 21 22 39 37 10 42 
24 36 30 43 8 46 47 5 53 15 14 56 49 11 10 52 23 58 59 25 26 61 17 1 20 21 34 33 63 3 38 37 28 27 62 2 32 31 44 45 64 48 4 39 40 6 7 42 13 55 54 16 9 51 50 12 60 18 19 57 22 35 29 41 
25 3 2 44 46 8 48 6 13 14 15 16 9 10 11 12 58 23 60 24 61 26 18 20 1 22 33 34 35 36 37 38 27 28 29 30 31 32 43 64 45 47 39 4 41 5 42 7 53 54 55 56 49 50 51 52 59 17 57 19 21 63 62 40 
26 38 32 45 47 48 8 7 55 56 16 15 51 52 12 11 59 60 23 61 24 25 19 21 22 1 63 35 34 37 36 3 62 29 28 31 30 2 64 43 44 46 40 41 4 42 5 6 54 53 13 14 50 49 9 10 58 57 17 18 20 33 27 39 
27 40 43 31 9 49 50 54 5 19 57 17 47 23 58 59 12 52 10 28 29 62 14 35 63 33 1 20 21 41 4 39 26 61 24 44 45 64 32 2 30 51 3 36 37 55 13 53 6 7 42 18 48 8 46 60 11 15 16 56 34 22 25 38 
28 41 44 32 49 9 51 55 6 57 19 18 48 58 23 60 52 12 11 27 62 29 15 63 35 34 20 1 22 40 39 4 61 26 25 43 64 45 31 30 2 50 36 3 38 54 53 13 5 42 7 17 47 46 8 59 10 14 56 16 33 21 24 37 
29 4 45 2 50 51 9 13 7 17 18 19 8 59 60 23 10 11 12 62 27 28 16 33 34 35 21 22 1 39 40 41 24 25 26 64 43 44 30 31 32 49 37 38 3 53 54 55 42 5 6 57 46 47 48 58 52 56 14 15 63 20 61 36 
30 20 46 49 11 10 52 36 39 6 5 42 58 25 24 61 28 27 62 2 32 31 53 15 14 56 18 17 57 1 22 21 44 43 64 8 48 47 9 51 50 12 34 33 63 3 38 37 4 41 40 7 23 60 59 26 29 13 55 54 16 19 45 35 
31 21 47 50 12 52 10 37 40 7 42 5 59 26 61 24 29 62 27 32 2 30 54 16 56 14 19 57 17 22 1 20 45 64 43 48 8 46 51 9 49 11 35 63 33 38 3 36 41 4 39 6 60 23 58 25 28 55 13 53 15 18 44 34 
32 22 48 51 52 12 11 38 41 42 7 6 60 61 26 25 62 29 28 31 30 2 55 56 16 15 57 19 18 21 20 1 64 45 44 47 46 8 50 49 9 10 63 35 34 37 36 3 40 39 4 5 59 58 23 24 27 54 53 13 14 17 43 33 
33 64 39 37 13 53 54 50 46 60 59 58 42 18 17 57 16 56 14 34 35 63 10 29 62 27 25 24 61 45 44 43 22 21 20 4 41 40 38 3 36 55 2 30 31 51 9 49 8 48 47 23 7 6 5 19 15 11 12 52 28 26 1 32 
34 45 4 38 53 13 55 51 8 59 60 23 7 17 18 19 56 16 15 33 63 35 11 62 29 28 24 25 26 64 43 44 21 22 1 39 40 41 37 36 3 54 30 2 32 50 49 9 46 47 48 58 42 5 6 57 14 10 52 12 27 61 20 31 
35 44 41 3 54 55 13 9 48 58 23 60 6 57 19 18 14 15 16 63 33 34 12 27 28 29 61 26 25 43 64 45 20 1 22 40 39 4 36 37 38 53 31 32 2 49 50 51 47 46 8 59 5 42 7 17 56 52 10 11 62 24 21 30 
36 24 5 53 15 14 56 30 43 8 46 47 17 1 20 21 34 33 63 3 38 37 49 11 10 52 23 58 59 25 26 61 4 39 40 6 7 42 13 55 54 16 28 27 62 2 32 31 44 45 64 48 18 19 57 22 35 9 51 50 12 60 41 29 
37 61 42 54 16 56 14 31 64 48 47 46 57 22 21 20 35 63 33 38 3 36 50 12 52 10 60 59 58 26 25 24 41 40 39 7 6 5 55 13 53 15 29 62 27 32 2 30 45 44 43 8 19 18 17 1 34 51 9 49 11 23 4 28 
38 26 7 55 56 16 15 32 45 47 48 8 19 21 22 1 63 35 34 37 36 3 51 52 12 11 59 60 23 61 24 25 40 41 4 42 5 6 54 53 13 14 62 29 28 31 30 2 64 43 44 46 57 17 18 20 33 50 49 9 10 58 39 27 
39 62 53 42 18 17 57 64 30 51 50 49 56 34 33 63 22 21 20 4 41 40 46 60 59 58 11 10 52 29 28 27 38 37 36 13 55 54 7 6 5 19 25 24 61 45 44 43 2 32 31 9 16 15 14 35 1 8 48 47 23 12 3 26 
40 27 54 5 19 57 17 43 31 9 49 50 14 35 63 33 1 20 21 41 4 39 47 23 58 59 12 52 10 28 29 62 3 36 37 55 13 53 6 7 42 18 26 61 24 44 45 64 32 2 30 51 15 16 56 34 22 48 8 46 60 11 38 25 
41 28 55 6 57 19 18 44 32 49 9 51 15 63 35 34 20 1 22 40 39 4 48 58 23 60 52 12 11 27 62 29 36 3 38 54 53 13 5 42 7 17 61 26 25 43 64 45 31 30 2 50 14 56 16 33 21 47 46 8 59 10 37 24 
42 52 56 57 22 21 20 61 62 32 31 30 63 38 37 36 41 40 39 7 6 5 64 48 47 46 51 50 49 12 11 10 55 54 53 16 15 14 19 18 17 1 60 59 58 26 25 24 29 28 27 2 35 34 33 3 4 45 44 43 8 9 13 23 
43 63 49 47 23 58 59 40 36 55 54 53 52 28 27 62 26 61 24 44 45 64 5 19 57 17 15 14 56 35 34 33 32 31 30 9 51 50 48 8 46 60 1 20 21 41 4 39 3 38 37 13 12 11 10 29 25 6 7 42 18 16 2 22 
44 35 9 48 58 23 60 41 3 54 55 13 12 27 28 29 61 26 25 43 64 45 6 57 19 18 14 15 16 63 33 34 31 32 2 49 50 51 47 46 8 59 20 1 22 40 39 4 36 37 38 53 52 10 11 62 24 5 42 7 17 56 30 21 
45 34 51 8 59 60 23 4 38 53 13 55 11 62 29 28 24 25 26 64 43 44 7 17 18 19 56 16 15 33 63 35 30 2 32 50 49 9 46 47 48 58 21 22 1 39 40 41 37 36 3 54 10 52 12 27 61 42 5 6 57 14 31 20 
46 14 10 58 25 24 61 20 33 3 36 37 27 2 30 31 44 43 64 8 48 47 39 6 5 42 13 53 54 15 16 56 9 49 50 11 12 52 23 60 59 26 18 17 57 1 22 21 34 35 63 38 28 29 62 32 45 4 41 40 7 55 51 19 
47 56 52 59 26 61 24 21 63 38 37 36 62 32 31 30 45 64 43 48 8 46 40 7 42 5 55 54 53 16 15 14 51 50 49 12 11 10 60 23 58 25 19 57 17 22 1 20 35 34 33 3 29 28 27 2 44 41 4 39 6 13 9 18 
48 16 12 60 61 26 25 22 35 37 38 3 29 31 32 2 64 45 44 47 46 8 41 42 7 6 54 55 13 56 14 15 50 51 9 52 10 11 59 58 23 24 57 19 18 21 20 1 63 33 34 36 62 27 28 30 43 40 39 4 5 53 49 17 
49 57 58 52 28 27 62 63 20 41 40 39 61 44 43 64 32 31 30 9 51 50 36 55 54 53 6 5 42 19 18 17 48 47 46 23 60 59 12 11 10 29 15 14 56 35 34 33 1 22 21 4 26 25 24 45 2 3 38 37 13 7 8 16 
50 17 59 10 29 62 27 33 21 4 39 40 24 45 64 43 2 30 31 51 9 49 37 13 53 54 7 42 5 18 19 57 8 46 47 60 23 58 11 12 52 28 16 56 14 34 35 63 22 1 20 41 25 26 61 44 32 38 3 36 55 6 48 15 
51 18 60 11 62 29 28 34 22 39 4 41 25 64 45 44 30 2 32 50 49 9 38 53 13 55 42 7 6 17 57 19 46 8 48 59 58 23 10 52 12 27 56 16 15 33 63 35 21 20 1 40 24 61 26 43 31 37 36 3 54 5 47 14 
52 42 61 62 32 31 30 56 57 22 21 20 64 48 47 46 51 50 49 12 11 10 63 38 37 36 41 40 39 7 6 5 60 59 58 26 25 24 29 28 27 2 55 54 53 16 15 14 19 18 17 1 45 44 43 8 9 35 34 33 3 4 23 13 
53 59 17 56 34 33 63 62 24 45 64 43 21 4 39 40 38 37 36 13 55 54 30 51 50 49 8 46 47 60 23 58 7 42 5 18 19 57 16 15 14 35 11 10 52 29 28 27 25 26 61 44 22 1 20 41 3 2 32 31 9 48 6 12 
54 58 57 14 35 63 33 27 61 44 43 64 20 41 40 39 3 36 37 55 13 53 31 9 49 50 48 47 46 23 60 59 6 5 42 19 18 17 15 16 56 34 12 52 10 28 29 62 26 25 24 45 1 22 21 4 38 32 2 30 51 8 7 11 
55 23 19 15 63 35 34 28 26 43 44 45 1 40 41 4 36 3 38 54 53 13 32 49 9 51 47 48 8 58 59 60 5 6 7 57 17 18 14 56 16 33 52 12 11 27 62 29 61 24 25 64 20 21 22 39 37 31 30 2 50 46 42 10 
56 47 21 63 38 37 36 52 59 26 61 24 40 7 42 5 55 54 53 16 15 14 62 32 31 30 45 64 43 48 8 46 19 57 17 22 1 20 35 34 33 3 51 50 49 12 11 10 60 23 58 25 41 4 39 6 13 29 28 27 2 44 18 9 
57 49 63 20 41 40 39 58 52 28 27 62 36 55 54 53 6 5 42 19 18 17 61 44 43 64 32 31 30 9 51 50 15 14 56 35 34 33 1 22 21 4 48 47 46 23 60 59 12 11 10 29 3 38 37 13 7 26 25 24 45 2 16 8 
58 54 27 61 44 43 64 57 14 35 63 33 31 9 49 50 48 47 46 23 60 59 20 41 40 39 3 36 37 55 13 53 12 52 10 28 29 62 26 25 24 45 6 5 42 19 18 17 15 16 56 34 32 2 30 51 8 1 22 21 4 38 11 7 
59 53 62 24 45 64 43 17 56 34 33 63 30 51 50 49 8 46 47 60 23 58 21 4 39 40 38 37 36 13 55 54 11 10 52 29 28 27 25 26 61 44 7 42 5 18 19 57 16 15 14 35 2 32 31 9 48 22 1 20 41 3 12 6 
60 13 29 25 64 45 44 18 16 33 34 35 2 50 51 9 46 8 48 59 58 23 22 39 4 41 37 38 3 53 54 55 10 11 12 62 27 28 24 61 26 43 42 7 6 17 57 19 56 14 15 63 30 31 32 49 47 21 20 1 40 36 52 5 
61 37 31 64 48 47 46 42 54 16 56 14 50 12 52 10 60 59 58 26 25 24 57 22 21 20 35 63 33 38 3 36 29 62 27 32 2 30 45 44 43 8 41 40 39 7 6 5 55 13 53 15 51 9 49 11 23 19 18 17 1 34 28 4 
62 39 64 30 51 50 49 53 42 18 17 57 46 60 59 58 11 10 52 29 28 27 56 34 33 63 22 21 20 4 41 40 25 24 61 45 44 43 2 32 31 9 38 37 36 13 55 54 7 6 5 19 8 48 47 23 12 16 15 14 35 1 26 3 
63 43 40 36 55 54 53 49 47 23 58 59 5 19 57 17 15 14 56 35 34 33 52 28 27 62 26 61 24 44 45 64 1 20 21 41 4 39 3 38 37 13 32 31 30 9 51 50 48 8 46 60 6 7 42 18 16 12 11 10 29 25 22 2 
64 33 50 46 60 59 58 39 37 13 53 54 10 29 62 27 25 24 61 45 44 43 42 18 17 57 16 56 14 34 35 63 2 30 31 51 9 49 8 48 47 23 22 21 20 4 41 40 38 3 36 55 11 12 52 28 26 7 6 5 19 15 32 1 
1
0 1 

1 8 
1 
5 
6 
7 
20 
21 
22 
42 
2 28 
1 5 
1 6 
1 7 
1 20 
1 21 
1 22 
1 42 
5 6 
5 7 
5 20 
5 21 
5 22 
5 42 
6 7 
6 20 
6 21 
6 22 
6 42 
7 20 
7 21 
7 22 
7 42 
20 21 
20 22 
20 42 
21 22 
21 42 
22 42 
3 56 
1 5 6 
1 5 7 
1 5 20 
1 5 21 
1 5 22 
1 5 42 
1 6 7 
1 6 20 
1 6 21 
1 6 22 
1 6 42 
1 7 20 
1 7 21 
1 7 22 
1 7 42 
1 20 21 
1 20 22 
1 20 42 
1 21 22 
1 21 42 
1 22 42 
5 6 7 
5 6 20 
5 6 21 
5 6 22 
5 6 42 
5 7 20 
5 7 21 
5 7 22 
5 7 42 
5 20 21 
5 20 22 
5 20 42 
5 21 22 
5 21 42 
5 22 42 
6 7 20 
6 7 21 
6 7 22 
6 7 42 
6 20 21 
6 20 22 
6 20 42 
6 21 22 
6 21 42 
6 22 42 
7 20 21 
7 20 22 
7 20 42 
7 21 22 
7 21 42 
7 22 42 
20 21 22 
20 21 42 
20 22 42 
21 22 42 
4 70 
1 5 6 7 
1 5 6 20 
1 5 6 21 
1 5 6 22 
1 5 6 42 
1 5 7 20 
1 5 7 21 
1 5 7 22 
1 5 7 42 
1 5 20 21 
1 5 20 22 
1 5 20 42 
1 5 21 22 
1 5 21 42 
1 5 22 42 
1 6 7 20 
1 6 7 21 
1 6 7 22 
1 6 7 42 
1 6 20 21 
1 6 20 22 
1 6 20 42 
1 6 21 22 
1 6 21 42 
1 6 22 42 
1 7 20 21 
1 7 20 22 
1 7 20 42 
1 7 21 22 
1 7 21 42 
1 7 22 42 
1 20 21 22 
1 20 21 42 
1 20 22 42 
1 21 22 42 
5 6 7 20 
5 6 7 21 
5 6 7 22 
5 6 7 42 
5 6 20 21 
5 6 20 22 
5 6 20 42 
5 6 21 22 
5 6 21 42 
5 6 22 42 
5 7 20 21 
5 7 20 22 
5 7 20 42 
5 7 21 22 
5 7 21 42 
5 7 22 42 
5 20 21 22 
5 20 21 42 
5 20 22 42 
5 21 22 42 
6 7 20 21 
6 7 20 22 
6 7 20 42 
6 7 21 22 
6 7 21 42 
6 7 22 42 
6 20 21 22 
6 20 21 42 
6 20 22 42 
6 21 22 42 
7 20 21 22 
7 20 21 42 
7 20 22 42 
7 21 22 42 
20 21 22 42 
5 56 
1 5 6 7 20 
1 5 6 7 21 
1 5 6 7 22 
1 5 6 7 42 
1 5 6 20 21 
1 5 6 20 22 
1 5 6 20 42 
1 5 6 21 22 
1 5 6 21 42 
1 5 6 22 42 
1 5 7 20 21 
1 5 7 20 22 
1 5 7 20 42 
1 5 7 21 22 
1 5 7 21 42 
1 5 7 22 42 
1 5 20 21 22 
1 5 20 21 42 
1 5 20 22 42 
1 5 21 22 42 
1 6 7 20 21 
1 6 7 20 22 
1 6 7 20 42 
1 6 7 21 22 
1 6 7 21 42 
1 6 7 22 42 
1 6 20 21 22 
1 6 20 21 42 
1 6 20 22 42 
1 6 21 22 42 
1 7 20 21 22 
1 7 20 21 42 
1 7 20 22 42 
1 7 21 22 42 
1 20 21 22 42 
5 6 7 20 21 
5 6 7 20 22 
5 6 7 20 42 
5 6 7 21 22 
5 6 7 21 42 
5 6 7 22 42 
5 6 20 21 22 
5 6 20 21 42 
5 6 20 22 42 
5 6 21 22 42 
5 7 20 21 22 
5 7 20 21 42 
5 7 20 22 42 
5 7 21 22 42 
5 20 21 22 42 
6 7 20 21 22 
6 7 20 21 42 
6 7 20 22 42 
6 7 21 22 42 
6 20 21 22 42 
7 20 21 22 42 
6 28 
1 5 6 7 20 21 
1 5 6 7 20 22 
1 5 6 7 20 42 
1 5 6 7 21 22 
1 5 6 7 21 42 
1 5 6 7 22 42 
1 5 6 20 21 22 
1 5 6 20 21 42 
1 5 6 20 22 42 
1 5 6 21 22 42 
1 5 7 20 21 22 
1 5 7 20 21 42 
1 5 7 20 22 42 
1 5 7 21 22 42 
1 5 20 21 22 42 
1 6 7 20 21 22 
1 6 7 20 21 42 
1 6 7 20 22 42 
1 6 7 21 22 42 
1 6 20 21 22 42 
1 7 20 21 22 42 
5 6 7 20 21 22 
5 6 7 20 21 42 
5 6 7 20 22 42 
5 6 7 21 22 42 
5 6 20 21 22 42 
5 7 20 21 22 42 
6 7 20 21 22 42 
7 8 
1 5 6 7 20 21 22 
1 5 6 7 20 21 42 
1 5 6 7 20 22 42 
1 5 6 7 21 22 42 
1 5 6 20 21 22 42 
1 5 7 20 21 22 42 
1 6 7 20 21 22 42 
5 6 7 20 21 22 42 
8 1 
1 5 6 7 20 21 22 42 
2
0 1 

1 8 
2 
10 
11 
12 
30 
31 
32 
52 
2 28 
2 10 
2 11 
2 12 
2 30 
2 31 
2 32 
2 52 
10 11 
10 12 
10 30 
10 31 
10 32 
10 52 
11 12 
11 30 
11 31 
11 32 
11 52 
12 30 
12 31 
12 32 
12 52 
30 31 
30 32 
30 52 
31 32 
31 52 
32 52 
3 56 
2 10 11 
2 10 12 
2 10 30 
2 10 31 
2 10 32 
2 10 52 
2 11 12 
2 11 30 
2 11 31 
2 11 32 
2 11 52 
2 12 30 
2 12 31 
2 12 32 
2 12 52 
2 30 31 
2 30 32 
2 30 52 
2 31 32 
2 31 52 
2 32 52 
10 11 12 
10 11 30 
10 11 31 
10 11 32 
10 11 52 
10 12 30 
10 12 31 
10 12 32 
10 12 52 
10 30 31 
10 30 32 
10 30 52 
10 31 32 
10 31 52 
10 32 52 
11 12 30 
11 12 31 
11 12 32 
11 12 52 
11 30 31 
11 30 32 
11 30 52 
11 31 32 
11 31 52 
11 32 52 
12 30 31 
12 30 32 
12 30 52 
12 31 32 
12 31 52 
12 32 52 
30 31 32 
30 31 52 
30 32 52 
31 32 52 
4 70 
2 10 11 12 
2 10 11 30 
2 10 11 31 
2 10 11 32 
2 10 11 52 
2 10 12 30 
2 10 12 31 
2 10 12 32 
2 10 12 52 
2 10 30 31 
2 10 30 32 
2 10 30 52 
2 10 31 32 
2 10 31 52 
2 10 32 52 
2 11 12 30 
2 11 12 31 
2 11 12 32 
2 11 12 52 
2 11 30 31 
2 11 30 32 
2 11 30 52 
2 11 31 32 
2 11 31 52 
2 11 32 52 
2 12 30 31 
2 12 30 32 
2 12 30 52 
2 12 31 32 
2 12 31 52 
2 12 32 52 
2 30 31 32 
2 30 31 52 
2 30 32 52 
2 31 32 52 
10 11 12 30 
10 11 12 31 
10 11 12 32 
10 11 12 52 
10 11 30 31 
10 11 30 32 
10 11 30 52 
10 11 31 32 
10 11 31 52 
10 11 32 52 
10 12 30 31 
10 12 30 32 
10 12 30 52 
10 12 31 32 
10 12 31 52 
10 12 32 52 
10 30 31 32 
10 30 31 52 
10 30 32 52 
10 31 32 52 
11 12 30 31 
11 12 30 32 
11 12 30 52 
11 12 31 32 
11 12 31 52 
11 12 32 52 
11 30 31 32 
11 30 31 52 
11 30 32 52 
11 31 32 52 
12 30 31 32 
12 30 31 52 
12 30 32 52 
12 31 32 52 
30 31 32 52 
5 56 
2 10 11 12 30 
2 10 11 12 31 
2 10 11 12 32 
2 10 11 12 52 
2 10 11 30 31 
2 10 11 30 32 
2 10 11 30 52 
2 10 11 31 32 
2 10 11 31 52 
2 10 11 32 52 
2 10 12 30 31 
2 10 12 30 32 
2 10 12 30 52 
2 10 12 31 32 
2 10 12 31 52 
2 10 12 32 52 
2 10 30 31 32 
2 10 30 31 52 
2 10 30 32 52 
2 10 31 32 52 
2 11 12 30 31 
2 11 12 30 32 
2 11 12 30 52 
2 11 12 31 32 
2 11 12 31 52 
2 11 12 32 52 
2 11 30 31 32 
2 11 30 31 52 
2 11 30 32 52 
2 11 31 32 52 
2 12 30 31 32 
2 12 30 31 52 
2 12 30 32 52 
2 12 31 32 52 
2 30 31 32 52 
10 11 12 30 31 
10 11 12 30 32 
10 11 12 30 52 
10 11 12 31 32 
10 11 12 31 52 
10 11 12 32 52 
10 11 30 31 32 
10 11 30 31 52 
10 11 30 32 52 
10 11 31 32 52 
10 12 30 31 32 
10 12 30 31 52 
10 12 30 32 52 
10 12 31 32 52 
10 30 31 32 52 
11 12 30 31 32 
11 12 30 31 52 
11 12 30 32 52 
11 12 31 32 52 
11 30 31 32 52 
12 30 31 32 52 
6 28 
2 10 11 12 30 31 
2 10 11 12 30 32 
2 10 11 12 30 52 
2 10 11 12 31 32 
2 10 11 12 31 52 
2 10 11 12 32 52 
2 10 11 30 31 32 
2 10 11 30 31 52 
2 10 11 30 32 52 
2 10 11 31 32 52 
2 10 12 30 31 32 
2 10 12 30 31 52 
2 10 12 30 32 52 
2 10 12 31 32 52 
2 10 30 31 32 52 
2 11 12 30 31 32 
2 11 12 30 31 52 
2 11 12 30 32 52 
2 11 12 31 32 52 
2 11 30 31 32 52 
2 12 30 31 32 52 
10 11 12 30 31 32 
10 11 12 30 31 52 
10 11 12 30 32 52 
10 11 12 31 32 52 
10 11 30 31 32 52 
10 12 30 31 32 52 
11 12 30 31 32 52 
7 8 
2 10 11 12 30 31 32 
2 10 11 12 30 31 52 
2 10 11 12 30 32 52 
2 10 11 12 31 32 52 
2 10 11 30 31 32 52 
2 10 12 30 31 32 52 
2 11 12 30 31 32 52 
10 11 12 30 31 32 52 
8 1 
2 10 11 12 30 31 32 52 
3
0 1 

1 1 

2 4 
3 15 
14 36 
16 38 
37 56 
3 1 

4 6 
3 14 15 36 
3 15 16 38 
3 15 37 56 
14 16 36 38 
14 36 37 56 
16 37 38 56 
5 1 

6 4 
3 14 15 16 36 38 
3 14 15 36 37 56 
3 15 16 37 38 56 
14 16 36 37 38 56 
7 1 

8 1 
3 14 15 16 36 37 38 56 
4
0 1 

1 1 

2 4 
4 19 
17 40 
18 41 
39 57 
3 1 

4 6 
4 17 19 40 
4 18 19 41 
4 19 39 57 
17 18 40 41 
17 39 40 57 
18 39 41 57 
5 1 

6 4 
4 17 18 19 40 41 
4 17 19 39 40 57 
4 18 19 39 41 57 
17 18 39 40 41 57 
7 1 

8 1 
4 17 18 19 39 40 41 57 
5
0 1 

1 8 
8 
24 
25 
26 
46 
47 
48 
61 
2 28 
8 24 
8 25 
8 26 
8 46 
8 47 
8 48 
8 61 
24 25 
24 26 
24 46 
24 47 
24 48 
24 61 
25 26 
25 46 
25 47 
25 48 
25 61 
26 46 
26 47 
26 48 
26 61 
46 47 
46 48 
46 61 
47 48 
47 61 
48 61 
3 56 
8 24 25 
8 24 26 
8 24 46 
8 24 47 
8 24 48 
8 24 61 
8 25 26 
8 25 46 
8 25 47 
8 25 48 
8 25 61 
8 26 46 
8 26 47 
8 26 48 
8 26 61 
8 46 47 
8 46 48 
8 46 61 
8 47 48 
8 47 61 
8 48 61 
24 25 26 
24 25 46 
24 25 47 
24 25 48 
24 25 61 
24 26 46 
24 26 47 
24 26 48 
24 26 61 
24 46 47 
24 46 48 
24 46 61 
24 47 48 
24 47 61 
24 48 61 
25 26 46 
25 26 47 
25 26 48 
25 26 61 
25 46 47 
25 46 48 
25 46 61 
25 47 48 
25 47 61 
25 48 61 
26 46 47 
26 46 48 
26 46 61 
26 47 48 
26 47 61 
26 48 61 
46 47 48 
46 47 61 
46 48 61 
47 48 61 
4 70 
8 24 25 26 
8 24 25 46 
8 24 25 47 
8 24 25 48 
8 24 25 61 
8 24 26 46 
8 24 26 47 
8 24 26 48 
8 24 26 61 
8 24 46 47 
8 24 46 48 
8 24 46 61 
8 24 47 48 
8 24 47 61 
8 24 48 61 
8 25 26 46 
8 25 26 47 
8 25 26 48 
8 25 26 61 
8 25 46 47 
8 25 46 48 
8 25 46 61 
8 25 47 48 
8 25 47 61 
8 25 48 61 
8 26 46 47 
8 26 46 48 
8 26 46 61 
8 26 47 48 
8 26 47 61 
8 26 48 61 
8 46 47 48 
8 46 47 61 
8 46 48 61 
8 47 48 61 
24 25 26 46 
24 25 26 47 
24 25 26 48 
24 25 26 61 
24 25 46 47 
24 25 46 48 
24 25 46 61 
24 25 47 48 
24 25 47 61 
24 25 48 61 
24 26 46 47 
24 26 46 48 
24 26 46 61 
24 26 47 48 
24 26 47 61 
24 26 48 61 
24 46 47 48 
24 46 47 61 
24 46 48 61 
24 47 48 61 
25 26 46 47 
25 26 46 48 
25 26 46 61 
25 26 47 48 
25 26 47 61 
25 26 48 61 
25 46 47 48 
25 46 47 61 
25 46 48 61 
25 47 48 61 
26 46 47 48 
26 46 47 61 
26 46 48 61 
26 47 48 61 
46 47 48 61 
5 56 
8 24 25 26 46 
8 24 25 26 47 
8 24 25 26 48 
8 24 25 26 61 
8 24 25 46 47 
8 24 25 46 48 
8 24 25 46 61 
8 24 25 47 48 
8 24 25 47 61 
8 24 25 48 61 
8 24 26 46 47 
8 24 26 46 48 
8 24 26 46 61 
8 24 26 47 48 
8 24 26 47 61 
8 24 26 48 61 
8 24 46 47 48 
8 24 46 47 61 
8 24 46 48 61 
8 24 47 48 61 
8 25 26 46 47 
8 25 26 46 48 
8 25 26 46 61 
8 25 26 47 48 
8 25 26 47 61 
8 25 26 48 61 
8 25 46 47 48 
8 25 46 47 61 
8 25 46 48 61 
8 25 47 48 61 
8 26 46 47 48 
8 26 46 47 61 
8 26 46 48 61 
8 26 47 48 61 
8 46 47 48 61 
24 25 26 46 47 
24 25 26 46 48 
24 25 26 46 61 
24 25 26 47 48 
24 25 26 47 61 
24 25 26 48 61 
24 25 46 47 48 
24 25 46 47 61 
24 25 46 48 61 
24 25 47 48 61 
24 26 46 47 48 
24 26 46 47 61 
24 26 46 48 61 
24 26 47 48 61 
24 46 47 48 61 
25 26 46 47 48 
25 26 46 47 61 
25 26 46 48 61 
25 26 47 48 61 
25 46 47 48 61 
26 46 47 48 61 
6 28 
8 24 25 26 46 47 
8 24 25 26 46 48 
8 24 25 26 46 61 
8 24 25 26 47 48 
8 24 25 26 47 61 
8 24 25 26 48 61 
8 24 25 46 47 48 
8 24 25 46 47 61 
8 24 25 46 48 61 
8 24 25 47 48 61 
8 24 26 46 47 48 
8 24 26 46 47 61 
8 24 26 46 48 61 
8 24 26 47 48 61 
8 24 46 47 48 61 
8 25 26 46 47 48 
8 25 26 46 47 61 
8 25 26 46 48 61 
8 25 26 47 48 61 
8 25 46 47 48 61 
8 26 46 47 48 61 
24 25 26 46 47 48 
24 25 26 46 47 61 
24 25 26 46 48 61 
24 25 26 47 48 61 
24 25 46 47 48 61 
24 26 46 47 48 61 
25 26 46 47 48 61 
7 8 
8 24 25 26 46 47 48 
8 24 25 26 46 47 61 
8 24 25 26 46 48 61 
8 24 25 26 47 48 61 
8 24 25 46 47 48 61 
8 24 26 46 47 48 61 
8 25 26 46 47 48 61 
24 25 26 46 47 48 61 
8 1 
8 24 25 26 46 47 48 61 
6
0 1 

1 8 
9 
27 
28 
29 
49 
50 
51 
62 
2 28 
9 27 
9 28 
9 29 
9 49 
9 50 
9 51 
9 62 
27 28 
27 29 
27 49 
27 50 
27 51 
27 62 
28 29 
28 49 
28 50 
28 51 
28 62 
29 49 
29 50 
29 51 
29 62 
49 50 
49 51 
49 62 
50 51 
50 62 
51 62 
3 56 
9 27 28 
9 27 29 
9 27 49 
9 27 50 
9 27 51 
9 27 62 
9 28 29 
9 28 49 
9 28 50 
9 28 51 
9 28 62 
9 29 49 
9 29 50 
9 29 51 
9 29 62 
9 49 50 
9 49 51 
9 49 62 
9 50 51 
9 50 62 
9 51 62 
27 28 29 
27 28 49 
27 28 50 
27 28 51 
27 28 62 
27 29 49 
27 29 50 
27 29 51 
27 29 62 
27 49 50 
27 49 51 
27 49 62 
27 50 51 
27 50 62 
27 51 62 
28 29 49 
28 29 50 
28 29 51 
28 29 62 
28 49 50 
28 49 51 
28 49 62 
28 50 51 
28 50 62 
28 51 62 
29 49 50 
29 49 51 
29 49 62 
29 50 51 
29 50 62 
29 51 62 
49 50 51 
49 50 62 
49 51 62 
50 51 62 
4 70 
9 27 28 29 
9 27 28 49 
9 27 28 50 
9 27 28 51 
9 27 28 62 
9 27 29 49 
9 27 29 50 
9 27 29 51 
9 27 29 62 
9 27 49 50 
9 27 49 51 
9 27 49 62 
9 27 50 51 
9 27 50 62 
9 27 51 62 
9 28 29 49 
9 28 29 50 
9 28 29 51 
9 28 29 62 
9 28 49 50 
9 28 49 51 
9 28 49 62 
9 28 50 51 
9 28 50 62 
9 28 51 62 
9 29 49 50 
9 29 49 51 
9 29 49 62 
9 29 50 51 
9 29 50 62 
9 29 51 62 
9 49 50 51 
9 49 50 62 
9 49 51 62 
9 50 51 62 
27 28 29 49 
27 28 29 50 
27 28 29 51 
27 28 29 62 
27 28 49 50 
27 28 49 51 
27 28 49 62 
27 28 50 51 
27 28 50 62 
27 28 51 62 
27 29 49 50 
27 29 49 51 
27 29 49 62 
27 29 50 51 
27 29 50 62 
27 29 51 62 
27 49 50 51 
27 49 50 62 
27 49 51 62 
27 50 51 62 
28 29 49 50 
28 29 49 51 
28 29 49 62 
28 29 50 51 
28 29 50 62 
28 29 51 62 
28 49 50 51 
28 49 50 62 
28 49 51 62 
28 50 51 62 
29 49 50 51 
29 49 50 62 
29 49 51 62 
29 50 51 62 
49 50 51 62 
5 56 
9 27 28 29 49 
9 27 28 29 50 
9 27 28 29 51 
9 27 28 29 62 
9 27 28 49 50 
9 27 28 49 51 
9 27 28 49 62 
9 27 28 50 51 
9 27 28 50 62 
9 27 28 51 62 
9 27 29 49 50 
9 27 29 49 51 
9 27 29 49 62 
9 27 29 50 51 
9 27 29 50 62 
9 27 29 51 62 
9 27 49 50 51 
9 27 49 50 62 
9 27 49 51 62 
9 27 50 51 62 
9 28 29 49 50 
9 28 29 49 51 
9 28 29 49 62 
9 28 29 50 51 
9 28 29 50 62 
9 28 29 51 62 
9 28 49 50 51 
9 28 49 50 62 
9 28 49 51 62 
9 28 50 51 62 
9 29 49 50 51 
9 29 49 50 62 
9 29 49 51 62 
9 29 50 51 62 
9 49 50 51 62 
27 28 29 49 50 
27 28 29 49 51 
27 28 29 49 62 
27 28 29 50 51 
27 28 29 50 62 
27 28 29 51 62 
27 28 49 50 51 
27 28 49 50 62 
27 28 49 51 62 
27 28 50 51 62 
27 29 49 50 51 
27 29 49 50 62 
27 29 49 51 62 
27 29 50 51 62 
27 49 50 51 62 
28 29 49 50 51 
28 29 49 50 62 
28 29 49 51 62 
28 29 50 51 62 
28 49 50 51 62 
29 49 50 51 62 
6 28 
9 27 28 29 49 50 
9 27 28 29 49 51 
9 27 28 29 49 62 
9 27 28 29 50 51 
9 27 28 29 50 62 
9 27 28 29 51 62 
9 27 28 49 50 51 
9 27 28 49 50 62 
9 27 28 49 51 62 
9 27 28 50 51 62 
9 27 29 49 50 51 
9 27 29 49 50 62 
9 27 29 49 51 62 
9 27 29 50 51 62 
9 27 49 50 51 62 
9 28 29 49 50 51 
9 28 29 49 50 62 
9 28 29 49 51 62 
9 28 29 50 51 62 
9 28 49 50 51 62 
9 29 49 50 51 62 
27 28 29 49 50 51 
27 28 29 49 50 62 
27 28 29 49 51 62 
27 28 29 50 51 62 
27 28 49 50 51 62 
27 29 49 50 51 62 
28 29 49 50 51 62 
7 8 
9 27 28 29 49 50 51 
9 27 28 29 49 50 62 
9 27 28 29 49 51 62 
9 27 28 29 50 51 62 
9 27 28 49 50 51 62 
9 27 29 49 50 51 62 
9 28 29 49 50 51 62 
27 28 29 49 50 51 62 
8 1 
9 27 28 29 49 50 51 62 
7
0 1 

1 1 

2 4 
13 55 
33 63 
34 35 
53 54 
3 1 

4 6 
13 33 55 63 
13 34 35 55 
13 53 54 55 
33 34 35 63 
33 53 54 63 
34 35 53 54 
5 1 

6 4 
13 33 34 35 55 63 
13 33 53 54 55 63 
13 34 35 53 54 55 
33 34 35 53 54 63 
7 1 

8 1 
13 33 34 35 53 54 55 63 
8
0 1 

1 8 
23 
43 
44 
45 
58 
59 
60 
64 
2 28 
23 43 
23 44 
23 45 
23 58 
23 59 
23 60 
23 64 
43 44 
43 45 
43 58 
43 59 
43 60 
43 64 
44 45 
44 58 
44 59 
44 60 
44 64 
45 58 
45 59 
45 60 
45 64 
58 59 
58 60 
58 64 
59 60 
59 64 
60 64 
3 56 
23 43 44 
23 43 45 
23 43 58 
23 43 59 
23 43 60 
23 43 64 
23 44 45 
23 44 58 
23 44 59 
23 44 60 
23 44 64 
23 45 58 
23 45 59 
23 45 60 
23 45 64 
23 58 59 
23 58 60 
23 58 64 
23 59 60 
23 59 64 
23 60 64 
43 44 45 
43 44 58 
43 44 59 
43 44 60 
43 44 64 
43 45 58 
43 45 59 
43 45 60 
43 45 64 
43 58 59 
43 58 60 
43 58 64 
43 59 60 
43 59 64 
43 60 64 
44 45 58 
44 45 59 
44 45 60 
44 45 64 
44 58 59 
44 58 60 
44 58 64 
44 59 60 
44 59 64 
44 60 64 
45 58 59 
45 58 60 
45 58 64 
45 59 60 
45 59 64 
45 60 64 
58 59 60 
58 59 64 
58 60 64 
59 60 64 
4 70 
23 43 44 45 
23 43 44 58 
23 43 44 59 
23 43 44 60 
23 43 44 64 
23 43 45 58 
23 43 45 59 
23 43 45 60 
23 43 45 64 
23 43 58 59 
23 43 58 60 
23 43 58 64 
23 43 59 60 
23 43 59 64 
23 43 60 64 
23 44 45 58 
23 44 45 59 
23 44 45 60 
23 44 45 64 
23 44 58 59 
23 44 58 60 
23 44 58 64 
23 44 59 60 
23 44 59 64 
23 44 60 64 
23 45 58 59 
23 45 58 60 
23 45 58 64 
23 45 59 60 
23 45 59 64 
23 45 60 64 
23 58 59 60 
23 58 59 64 
23 58 60 64 
23 59 60 64 
43 44 45 58 
43 44 45 59 
43 44 45 60 
43 44 45 64 
43 44 58 59 
43 44 58 60 
43 44 58 64 
43 44 59 60 
43 44 59 64 
43 44 60 64 
43 45 58 59 
43 45 58 60 
43 45 58 64 
43 45 59 60 
43 45 59 64 
43 45 60 64 
43 58 59 60 
43 58 59 64 
43 58 60 64 
43 59 60 64 
44 45 58 59 
44 45 58 60 
44 45 58 64 
44 45 59 60 
44 45 59 64 
44 45 60 64 
44 58 59 60 
44 58 59 64 
44 58 60 64 
44 59 60 64 
45 58 59 60 
45 58 59 64 
45 58 60 64 
45 59 60 64 
58 59 60 64 
5 56 
23 43 44 45 58 
23 43 44 45 59 
23 43 44 45 60 
23 43 44 45 64 
23 43 44 58 59 
23 43 44 58 60 
23 43 44 58 64 
23 43 44 59 60 
23 43 44 59 64 
23 43 44 60 64 
23 43 45 58 59 
23 43 45 58 60 
23 43 45 58 64 
23 43 45 59 60 
23 43 45 59 64 
23 43 45 60 64 
23 43 58 59 60 
23 43 58 59 64 
23 43 58 60 64 
23 43 59 60 64 
23 44 45 58 59 
23 44 45 58 60 
23 44 45 58 64 
23 44 45 59 60 
23 44 45 59 64 
23 44 45 60 64 
23 44 58 59 60 
23 44 58 59 64 
23 44 58 60 64 
23 44 59 60 64 
23 45 58 59 60 
23 45 58 59 64 
23 45 58 60 64 
23 45 59 60 64 
23 58 59 60 64 
43 44 45 58 59 
43 44 45 58 60 
43 44 45 58 64 
43 44 45 59 60 
43 44 45 59 64 
43 44 45 60 64 
43 44 58 59 60 
43 44 58 59 64 
43 44 58 60 64 
43 44 59 60 64 
43 45 58 59 60 
43 45 58 59 64 
43 45 58 60 64 
43 45 59 60 64 
43 58 59 60 64 
44 45 58 59 60 
44 45 58 59 64 
44 45 58 60 64 
44 45 59 60 64 
44 58 59 60 64 
45 58 59 60 64 
6 28 
23 43 44 45 58 59 
23 43 44 45 58 60 
23 43 44 45 58 64 
23 43 44 45 59 60 
23 43 44 45 59 64 
23 43 44 45 60 64 
23 43 44 58 59 60 
23 43 44 58 59 64 
23 43 44 58 60 64 
23 43 44 59 60 64 
23 43 45 58 59 60 
23 43 45 58 59 64 
23 43 45 58 60 64 
23 43 45 59 60 64 
23 43 58 59 60 64 
23 44 45 58 59 60 
23 44 45 58 59 64 
23 44 45 58 60 64 
23 44 45 59 60 64 
23 44 58 59 60 64 
23 45 58 59 60 64 
43 44 45 58 59 60 
43 44 45 58 59 64 
43 44 45 58 60 64 
43 44 45 59 60 64 
43 44 58 59 60 64 
43 45 58 59 60 64 
44 45 58 59 60 64 
7 8 
23 43 44 45 58 59 60 
23 43 44 45 58 59 64 
23 43 44 45 58 60 64 
23 43 44 45 59 60 64 
23 43 44 58 59 60 64 
23 43 45 58 59 60 64 
23 44 45 58 59 60 64 
43 44 45 58 59 60 64 
8 1 
23 43 44 45 58 59 60 64 
