//Table for grp 102:
57
0 0 2 2 4 4 2 4 
0 0 2 4 4 2 4 2 
0 0 4 2 2 4 4 2 
0 0 4 4 2 2 2 4 
0 2 0 2 4 2 4 4 
0 2 0 4 4 4 2 2 
0 2 2 0 2 4 4 4 
0 2 2 2 2 2 2 6 
0 2 2 2 2 2 6 2 
0 2 2 2 2 6 2 2 
0 2 2 2 6 2 2 2 
0 2 2 4 2 0 4 4 
0 2 2 4 2 4 0 4 
0 2 2 4 2 4 4 0 
0 2 2 6 2 2 2 2 
0 2 4 0 4 4 2 2 
0 2 4 2 0 2 4 4 
0 2 4 2 4 2 0 4 
0 2 4 2 4 2 4 0 
0 2 4 4 0 4 2 2 
0 2 4 4 4 0 2 2 
0 2 6 2 2 2 2 2 
0 4 0 2 2 4 4 2 
0 4 0 4 2 2 2 4 
0 4 2 0 4 2 4 2 
0 4 2 2 0 4 2 4 
0 4 2 2 4 0 2 4 
0 4 2 2 4 4 2 0 
0 4 2 4 0 2 4 2 
0 4 2 4 4 2 0 2 
0 4 4 0 2 2 2 4 
0 4 4 2 2 0 4 2 
0 4 4 2 2 4 0 2 
0 4 4 4 2 2 2 0 
0 6 2 2 2 2 2 2 
2 0 2 2 2 2 4 4 
2 0 2 4 2 4 2 2 
2 0 4 2 4 2 2 2 
2 2 0 2 2 4 2 4 
2 2 0 4 2 2 4 2 
2 2 2 0 4 2 2 4 
2 2 2 2 0 4 4 2 
2 2 2 2 4 0 4 2 
2 2 2 2 4 4 0 2 
2 2 2 4 0 2 2 4 
2 2 2 4 4 2 2 0 
2 2 4 0 2 2 4 2 
2 2 4 2 2 0 2 4 
2 2 4 2 2 4 2 0 
2 2 4 4 2 2 0 2 
2 4 0 2 4 2 2 2 
2 4 2 0 2 4 2 2 
2 4 2 2 2 2 0 4 
2 4 2 2 2 2 4 0 
2 4 2 4 2 0 2 2 
2 4 4 2 0 2 2 2 
4 2 2 2 2 2 2 2 
1 2 3 4 5 6 7 8 9 10 11 12 13 14 15 16 17 18 19 20 21 22 23 24 25 26 27 28 29 30 31 32 33 34 35 36 37 38 39 40 41 42 43 44 45 46 47 48 49 50 51 52 53 54 55 56 57 58 59 60 61 62 63 64 
2 6 8 9 10 11 12 15 18 20 7 22 23 24 25 26 27 28 29 30 31 32 34 36 16 38 39 19 41 21 42 1 43 44 45 46 47 48 49 50 51 52 53 35 55 37 56 3 40 57 4 5 58 59 60 61 62 54 63 13 14 17 64 33 
3 24 1 13 14 15 16 31 43 26 46 47 4 5 6 7 33 34 35 36 37 38 50 2 52 10 45 58 59 48 8 61 17 18 19 20 21 22 53 54 55 56 9 62 27 11 12 30 60 23 64 25 39 40 41 42 63 28 29 49 32 44 57 51 
4 9 35 1 17 18 19 45 2 27 28 29 16 54 55 13 5 6 7 39 40 41 26 59 60 23 10 11 12 49 50 51 37 38 3 63 33 34 20 21 22 57 47 48 8 64 43 44 30 31 32 62 56 14 15 53 42 61 24 25 58 52 36 46 
5 31 37 17 7 20 21 24 50 2 52 10 54 3 56 14 19 39 40 22 1 42 43 26 46 47 9 62 27 11 12 30 13 63 33 15 16 36 41 4 57 6 45 58 59 48 8 61 28 29 49 32 34 35 53 38 18 60 23 64 25 51 55 44 
6 11 15 18 20 7 22 25 28 30 12 32 34 36 16 38 39 19 41 21 42 1 44 46 26 48 49 29 51 31 52 2 53 35 55 37 56 3 40 57 4 5 58 45 60 47 61 8 50 62 9 10 54 63 13 14 17 59 64 23 24 27 33 43 
7 12 16 19 21 22 1 26 29 31 32 2 35 37 38 3 40 41 4 42 5 6 45 47 48 8 50 51 9 52 10 11 54 55 13 56 14 15 57 17 18 20 59 60 23 61 24 25 62 27 28 30 63 33 34 36 39 64 43 44 46 49 53 58 
8 36 2 23 24 25 26 42 53 38 37 56 9 10 11 12 43 44 45 46 47 48 57 6 5 20 55 54 63 3 15 14 27 28 29 30 31 32 58 59 60 61 18 17 39 7 22 21 13 34 33 16 49 50 51 52 64 19 41 40 1 35 62 4 
9 18 45 2 27 28 29 55 6 39 19 41 26 59 60 23 10 11 12 49 50 51 38 63 13 34 20 7 22 40 57 4 47 48 8 64 43 44 30 31 32 62 56 3 15 33 53 35 21 42 1 17 61 24 25 58 52 14 36 16 54 5 46 37 
10 42 47 27 12 30 31 36 57 6 5 20 59 8 61 24 29 49 50 32 2 52 53 38 37 56 18 17 39 7 22 21 23 64 43 25 26 46 51 9 62 11 55 54 63 3 15 14 19 41 40 1 44 45 58 48 28 13 34 33 16 4 60 35 
11 7 25 28 30 12 32 16 19 21 22 1 44 46 26 48 49 29 51 31 52 2 35 37 38 3 40 41 4 42 5 6 58 45 60 47 61 8 50 62 9 10 54 55 13 56 14 15 57 17 18 20 59 64 23 24 27 63 33 34 36 39 43 53 
12 22 26 29 31 32 2 38 41 42 1 6 45 47 48 8 50 51 9 52 10 11 55 56 3 15 57 4 18 5 20 7 59 60 23 61 24 25 62 27 28 30 63 13 34 14 36 16 17 39 19 21 64 43 44 46 49 33 53 35 37 40 58 54 
13 43 19 3 33 34 35 27 24 45 58 59 7 40 41 4 14 15 16 53 54 55 10 29 49 50 26 46 47 60 23 64 21 22 1 57 17 18 36 37 38 63 12 30 31 51 9 62 48 8 61 44 42 5 6 39 56 32 2 52 28 25 20 11 
14 8 21 33 16 36 37 2 23 24 25 26 40 1 42 5 35 53 54 38 3 56 9 10 11 12 43 44 45 46 47 48 4 57 17 6 7 20 55 13 63 15 27 28 29 30 31 32 58 59 60 61 18 19 39 22 34 49 50 51 52 64 41 62 
15 46 6 34 36 16 38 52 58 48 47 61 18 20 7 22 53 35 55 37 56 3 62 11 10 30 60 59 64 8 25 24 39 19 41 21 42 1 54 63 13 14 28 27 49 12 32 31 23 44 43 26 40 57 4 5 33 29 51 50 2 45 17 9 
16 47 7 35 37 38 3 10 59 8 61 24 19 21 22 1 54 55 13 56 14 15 27 12 30 31 23 64 43 25 26 46 40 41 4 42 5 6 63 33 34 36 29 49 50 32 2 52 44 45 58 48 57 17 18 20 53 51 9 62 11 60 39 28 
17 50 33 5 19 39 40 59 31 9 62 27 14 35 53 54 7 20 21 41 4 57 47 23 64 43 2 52 10 28 29 49 16 36 37 55 13 63 22 1 42 18 8 61 24 44 45 58 11 12 30 51 38 3 56 34 6 25 26 46 60 32 15 48 
18 28 55 6 39 19 41 60 11 49 29 51 38 63 13 34 20 7 22 40 57 4 48 64 23 44 30 12 32 50 62 9 56 3 15 33 53 35 21 42 1 17 61 8 25 43 58 45 31 52 2 27 14 36 16 54 5 24 46 26 59 10 37 47 
19 29 13 7 40 41 4 23 12 50 51 9 3 33 34 35 21 22 1 57 17 18 8 43 44 45 31 32 2 62 27 28 14 15 16 53 54 55 42 5 6 39 24 25 26 58 59 60 52 10 11 49 36 37 38 63 20 46 47 48 64 30 56 61 
20 52 56 39 22 21 42 46 62 11 10 30 63 15 14 36 41 40 57 1 6 5 58 48 47 61 28 27 49 12 32 31 34 33 53 16 38 37 4 18 17 7 60 59 64 8 25 24 29 51 50 2 35 55 54 3 19 23 44 43 26 9 13 45 
21 10 14 40 1 42 5 47 27 12 30 31 33 16 36 37 4 57 17 6 7 20 59 8 61 24 29 49 50 32 2 52 35 53 54 38 3 56 18 19 39 22 23 64 43 25 26 46 51 9 62 11 55 13 63 15 41 44 45 58 48 28 34 60 
22 32 38 41 42 1 6 48 51 52 2 11 55 56 3 15 57 4 18 5 20 7 60 61 8 25 62 9 28 10 30 12 63 13 34 14 36 16 17 39 19 21 64 23 44 24 46 26 27 49 29 31 33 53 35 37 40 43 58 45 47 50 54 59 
23 53 29 8 43 44 45 39 36 55 54 63 12 50 51 9 24 25 26 58 59 60 20 41 40 57 38 37 56 13 34 33 31 32 2 62 27 28 46 47 48 64 22 21 42 4 18 17 3 15 14 35 52 10 11 49 61 1 6 5 19 16 30 7 
24 15 31 43 26 46 47 6 34 36 16 38 50 2 52 10 45 58 59 48 8 61 18 20 7 22 53 35 55 37 56 3 9 62 27 11 12 30 60 23 64 25 39 19 41 21 42 1 54 63 13 14 28 29 49 32 44 40 57 4 5 33 51 17 
25 37 11 44 46 26 48 5 54 3 56 14 28 30 12 32 58 45 60 47 61 8 17 7 20 21 13 63 33 15 16 36 49 29 51 31 52 2 59 64 23 24 19 39 40 22 1 42 34 35 53 38 50 62 9 10 43 41 4 57 6 55 27 18 
26 56 12 45 47 48 8 20 63 15 14 36 29 31 32 2 59 60 23 61 24 25 39 22 21 42 34 33 53 16 38 37 50 51 9 52 10 11 64 43 44 46 41 40 57 1 6 5 35 55 54 3 62 27 28 30 58 4 18 17 7 13 49 19 
27 57 43 10 29 49 50 63 42 18 17 39 24 45 58 59 12 30 31 51 9 62 56 34 33 53 6 5 20 19 41 40 26 46 47 60 23 64 32 2 52 28 15 14 36 35 55 54 7 22 21 4 48 8 61 44 11 16 38 37 13 1 25 3 
28 19 60 11 49 29 51 13 7 40 41 4 48 64 23 44 30 12 32 50 62 9 3 33 34 35 21 22 1 57 17 18 61 8 25 43 58 45 31 52 2 27 14 15 16 53 54 55 42 5 6 39 24 46 26 59 10 36 37 38 63 20 47 56 
29 41 23 12 50 51 9 34 22 57 4 18 8 43 44 45 31 32 2 62 27 28 15 53 35 55 42 1 6 17 39 19 24 25 26 58 59 60 52 10 11 49 36 16 38 54 63 13 5 20 7 40 46 47 48 64 30 37 56 3 33 21 61 14 
30 5 61 49 32 31 52 37 17 7 20 21 64 25 24 46 51 50 62 2 11 10 54 3 56 14 19 39 40 22 1 42 44 43 58 26 48 47 9 28 27 12 13 63 33 15 16 36 41 4 57 6 45 60 59 8 29 34 35 53 38 18 23 55 
31 20 24 50 2 52 10 56 39 22 21 42 43 26 46 47 9 62 27 11 12 30 63 15 14 36 41 40 57 1 6 5 45 58 59 48 8 61 28 29 49 32 34 33 53 16 38 37 4 18 17 7 60 23 64 25 51 35 55 54 3 19 44 13 
32 1 48 51 52 2 11 3 4 5 6 7 60 61 8 25 62 9 28 10 30 12 13 14 15 16 17 18 19 20 21 22 64 23 44 24 46 26 27 49 29 31 33 34 35 36 37 38 39 40 41 42 43 58 45 47 50 53 54 55 56 57 59 63 
33 23 17 14 35 53 54 29 8 43 44 45 5 19 39 40 16 36 37 55 13 63 12 50 51 9 24 25 26 58 59 60 7 20 21 41 4 57 38 3 56 34 31 32 2 62 27 28 46 47 48 64 22 1 42 18 15 52 10 11 49 61 6 30 
34 58 41 15 53 35 55 49 46 60 59 64 22 57 4 18 36 16 38 54 63 13 30 51 50 62 48 47 61 23 44 43 42 1 6 17 39 19 37 56 3 33 32 31 52 9 28 27 8 25 24 45 5 20 7 40 14 2 11 10 29 26 21 12 
35 59 4 16 54 55 13 50 47 23 64 43 1 17 18 19 37 38 3 63 33 34 31 9 62 27 8 61 24 44 45 58 5 6 7 39 40 41 56 14 15 53 2 52 10 28 29 49 25 26 46 60 20 21 22 57 36 11 12 30 51 48 42 32 
36 25 42 53 38 37 56 11 44 46 26 48 57 6 5 20 55 54 63 3 15 14 28 30 12 32 58 45 60 47 61 8 18 17 39 7 22 21 13 34 33 16 49 29 51 31 52 2 59 64 23 24 19 41 40 1 35 50 62 9 10 43 4 27 
37 26 5 54 3 56 14 12 45 47 48 8 17 7 20 21 13 63 33 15 16 36 29 31 32 2 59 60 23 61 24 25 19 39 40 22 1 42 34 35 53 38 50 51 9 52 10 11 64 43 44 46 41 4 57 6 55 62 27 28 30 58 18 49 
38 61 22 55 56 3 15 30 64 25 24 46 41 42 1 6 63 13 34 14 36 16 49 32 31 52 44 43 58 26 48 47 57 4 18 5 20 7 33 53 35 37 51 50 62 2 11 10 45 60 59 8 17 39 19 21 54 9 28 27 12 23 40 29 
39 62 53 20 41 40 57 64 52 28 27 49 36 55 54 63 22 21 42 4 18 17 61 44 43 58 11 10 30 29 51 50 38 37 56 13 34 33 1 6 5 19 25 24 46 45 60 59 12 32 31 9 3 15 14 35 7 26 48 47 23 2 16 8 
40 27 54 21 4 57 17 43 10 29 49 50 37 13 63 33 1 42 5 18 19 39 24 45 58 59 12 30 31 51 9 62 3 56 14 34 35 53 6 7 20 41 26 46 47 60 23 64 32 2 52 28 15 16 36 55 22 48 8 61 44 11 38 25 
41 51 34 22 57 4 18 44 32 62 9 28 15 53 35 55 42 1 6 17 39 19 25 58 45 60 52 2 11 27 49 29 36 16 38 54 63 13 5 20 7 40 46 26 48 59 64 23 10 30 12 50 37 56 3 33 21 47 61 8 43 31 14 24 
42 30 36 57 6 5 20 61 49 32 31 52 53 38 37 56 18 17 39 7 22 21 64 25 24 46 51 50 62 2 11 10 55 54 63 3 15 14 19 41 40 1 44 43 58 26 48 47 9 28 27 12 13 34 33 16 4 45 60 59 8 29 35 23 
43 34 27 24 45 58 59 41 15 53 35 55 10 29 49 50 26 46 47 60 23 64 22 57 4 18 36 16 38 54 63 13 12 30 31 51 9 62 48 8 61 44 42 1 6 17 39 19 37 56 3 33 32 2 52 28 25 5 20 7 40 14 11 21 
44 54 51 25 58 45 60 40 37 13 63 33 32 62 9 28 46 26 48 59 64 23 21 4 57 17 3 56 14 34 35 53 52 2 11 27 49 29 47 61 8 43 1 42 5 18 19 39 15 16 36 55 10 30 12 50 24 6 7 20 41 38 31 22 
45 63 9 26 59 60 23 57 56 34 33 53 2 27 28 29 47 48 8 64 43 44 42 18 17 39 15 14 36 35 55 54 10 11 12 49 50 51 61 24 25 58 6 5 20 19 41 40 16 38 37 13 30 31 32 62 46 7 22 21 4 3 52 1 
46 16 52 58 48 47 61 7 35 37 38 3 62 11 10 30 60 59 64 8 25 24 19 21 22 1 54 55 13 56 14 15 28 27 49 12 32 31 23 44 43 26 40 41 4 42 5 6 63 33 34 36 29 51 50 2 45 57 17 18 20 53 9 39 
47 38 10 59 8 61 24 22 55 56 3 15 27 12 30 31 23 64 43 25 26 46 41 42 1 6 63 13 34 14 36 16 29 49 50 32 2 52 44 45 58 48 57 4 18 5 20 7 33 53 35 37 51 9 62 11 60 17 39 19 21 54 28 40 
48 14 32 60 61 8 25 21 33 16 36 37 51 52 2 11 64 23 44 24 46 26 40 1 42 5 35 53 54 38 3 56 62 9 28 10 30 12 43 58 45 47 4 57 17 6 7 20 55 13 63 15 27 49 29 31 59 18 19 39 22 34 50 41 
49 17 58 30 51 50 62 33 5 19 39 40 46 60 59 64 32 31 52 9 28 27 14 35 53 54 7 20 21 41 4 57 48 47 61 23 44 43 2 11 10 29 16 36 37 55 13 63 22 1 42 18 8 25 24 45 12 38 3 56 34 6 26 15 
50 39 59 31 9 62 27 53 20 41 40 57 47 23 64 43 2 52 10 28 29 49 36 55 54 63 22 21 42 4 18 17 8 61 24 44 45 58 11 12 30 51 38 37 56 13 34 33 1 6 5 19 25 26 46 60 32 3 15 14 35 7 48 16 
51 4 44 32 62 9 28 35 1 17 18 19 25 58 45 60 52 2 11 27 49 29 16 54 55 13 5 6 7 39 40 41 46 26 48 59 64 23 10 30 12 50 37 38 3 63 33 34 20 21 22 57 47 61 8 43 31 56 14 15 53 42 24 36 
52 21 46 62 11 10 30 14 40 1 42 5 58 48 47 61 28 27 49 12 32 31 33 16 36 37 4 57 17 6 7 20 60 59 64 8 25 24 29 51 50 2 35 53 54 38 3 56 18 19 39 22 23 44 43 26 9 55 13 63 15 41 45 34 
53 44 39 36 55 54 63 51 25 58 45 60 20 41 40 57 38 37 56 13 34 33 32 62 9 28 46 26 48 59 64 23 22 21 42 4 18 17 3 15 14 35 52 2 11 27 49 29 47 61 8 43 1 6 5 19 16 10 30 12 50 24 7 31 
54 45 40 37 13 63 33 9 26 59 60 23 21 4 57 17 3 56 14 34 35 53 2 27 28 29 47 48 8 64 43 44 1 42 5 18 19 39 15 16 36 55 10 11 12 49 50 51 61 24 25 58 6 7 20 41 38 30 31 32 62 46 22 52 
55 64 18 38 63 13 34 62 61 44 43 58 6 39 19 41 56 3 15 33 53 35 52 28 27 49 25 24 46 45 60 59 20 7 22 40 57 4 14 36 16 54 11 10 30 29 51 50 26 48 47 23 21 42 1 17 37 12 32 31 9 8 5 2 
56 48 20 63 15 14 36 32 60 61 8 25 39 22 21 42 34 33 53 16 38 37 51 52 2 11 64 23 44 24 46 26 41 40 57 1 6 5 35 55 54 3 62 9 28 10 30 12 43 58 45 47 4 18 17 7 13 27 49 29 31 59 19 50 
57 49 63 42 18 17 39 58 30 51 50 62 56 34 33 53 6 5 20 19 41 40 46 60 59 64 32 31 52 9 28 27 15 14 36 35 55 54 7 22 21 4 48 47 61 23 44 43 2 11 10 29 16 38 37 13 1 8 25 24 45 12 3 26 
58 35 49 46 60 59 64 4 16 54 55 13 30 51 50 62 48 47 61 23 44 43 1 17 18 19 37 38 3 63 33 34 32 31 52 9 28 27 8 25 24 45 5 6 7 39 40 41 56 14 15 53 2 11 10 29 26 20 21 22 57 36 12 42 
59 55 50 47 23 64 43 18 38 63 13 34 31 9 62 27 8 61 24 44 45 58 6 39 19 41 56 3 15 33 53 35 2 52 10 28 29 49 25 26 46 60 20 7 22 40 57 4 14 36 16 54 11 12 30 51 48 21 42 1 17 37 32 5 
60 33 28 48 64 23 44 17 14 35 53 54 11 49 29 51 61 8 25 43 58 45 5 19 39 40 16 36 37 55 13 63 30 12 32 50 62 9 24 46 26 59 7 20 21 41 4 57 38 3 56 34 31 52 2 27 47 22 1 42 18 15 10 6 
61 3 30 64 25 24 46 1 13 14 15 16 49 32 31 52 44 43 58 26 48 47 4 5 6 7 33 34 35 36 37 38 51 50 62 2 11 10 45 60 59 8 17 18 19 20 21 22 53 54 55 56 9 28 27 12 23 39 40 41 42 63 29 57 
62 40 64 52 28 27 49 54 21 4 57 17 61 44 43 58 11 10 30 29 51 50 37 13 63 33 1 42 5 18 19 39 25 24 46 45 60 59 12 32 31 9 3 56 14 34 35 53 6 7 20 41 26 48 47 23 2 15 16 36 55 22 8 38 
63 60 57 56 34 33 53 28 48 64 23 44 42 18 17 39 15 14 36 35 55 54 11 49 29 51 61 8 25 43 58 45 6 5 20 19 41 40 16 38 37 13 30 12 32 50 62 9 24 46 26 59 7 22 21 4 3 31 52 2 27 47 1 10 
64 13 62 61 44 43 58 19 3 33 34 35 52 28 27 49 25 24 46 45 60 59 7 40 41 4 14 15 16 53 54 55 11 10 30 29 51 50 26 48 47 23 21 22 1 57 17 18 36 37 38 63 12 32 31 9 8 42 5 6 39 56 2 20 
1
0 1 

1 4 
1 
7 
20 
42 
2 8 
1 7 
1 20 
1 42 
5 21 
6 22 
7 20 
7 42 
20 42 
3 12 
1 5 21 
1 6 22 
1 7 20 
1 7 42 
1 20 42 
5 7 21 
5 20 21 
5 21 42 
6 7 22 
6 20 22 
6 22 42 
7 20 42 
4 14 
1 5 7 21 
1 5 20 21 
1 5 21 42 
1 6 7 22 
1 6 20 22 
1 6 22 42 
1 7 20 42 
5 6 21 22 
5 7 20 21 
5 7 21 42 
5 20 21 42 
6 7 20 22 
6 7 22 42 
6 20 22 42 
5 12 
1 5 6 21 22 
1 5 7 20 21 
1 5 7 21 42 
1 5 20 21 42 
1 6 7 20 22 
1 6 7 22 42 
1 6 20 22 42 
5 6 7 21 22 
5 6 20 21 22 
5 6 21 22 42 
5 7 20 21 42 
6 7 20 22 42 
6 8 
1 5 6 7 21 22 
1 5 6 20 21 22 
1 5 6 21 22 42 
1 5 7 20 21 42 
1 6 7 20 22 42 
5 6 7 20 21 22 
5 6 7 21 22 42 
5 6 20 21 22 42 
7 4 
1 5 6 7 20 21 22 
1 5 6 7 21 22 42 
1 5 6 20 21 22 42 
5 6 7 20 21 22 42 
8 1 
1 5 6 7 20 21 22 42 
2
0 1 

1 1 

2 4 
2 32 
10 52 
11 12 
30 31 
3 1 

4 6 
2 10 32 52 
2 11 12 32 
2 30 31 32 
10 11 12 52 
10 30 31 52 
11 12 30 31 
5 1 

6 4 
2 10 11 12 32 52 
2 10 30 31 32 52 
2 11 12 30 31 32 
10 11 12 30 31 52 
7 1 

8 1 
2 10 11 12 30 31 32 52 
3
0 1 

1 4 
3 
14 
16 
37 
2 8 
3 14 
3 16 
3 37 
14 16 
14 37 
15 38 
16 37 
36 56 
3 12 
3 14 16 
3 14 37 
3 15 38 
3 16 37 
3 36 56 
14 15 38 
14 16 37 
14 36 56 
15 16 38 
15 37 38 
16 36 56 
36 37 56 
4 14 
3 14 15 38 
3 14 16 37 
3 14 36 56 
3 15 16 38 
3 15 37 38 
3 16 36 56 
3 36 37 56 
14 15 16 38 
14 15 37 38 
14 16 36 56 
14 36 37 56 
15 16 37 38 
15 36 38 56 
16 36 37 56 
5 12 
3 14 15 16 38 
3 14 15 37 38 
3 14 16 36 56 
3 14 36 37 56 
3 15 16 37 38 
3 15 36 38 56 
3 16 36 37 56 
14 15 16 37 38 
14 15 36 38 56 
14 16 36 37 56 
15 16 36 38 56 
15 36 37 38 56 
6 8 
3 14 15 16 37 38 
3 14 15 36 38 56 
3 14 16 36 37 56 
3 15 16 36 38 56 
3 15 36 37 38 56 
14 15 16 36 38 56 
14 15 36 37 38 56 
15 16 36 37 38 56 
7 4 
3 14 15 16 36 38 56 
3 14 15 36 37 38 56 
3 15 16 36 37 38 56 
14 15 16 36 37 38 56 
8 1 
3 14 15 16 36 37 38 56 
4
0 1 

1 4 
4 
19 
39 
57 
2 8 
4 19 
4 39 
4 57 
17 40 
18 41 
19 39 
19 57 
39 57 
3 12 
4 17 40 
4 18 41 
4 19 39 
4 19 57 
4 39 57 
17 19 40 
17 39 40 
17 40 57 
18 19 41 
18 39 41 
18 41 57 
19 39 57 
4 14 
4 17 19 40 
4 17 39 40 
4 17 40 57 
4 18 19 41 
4 18 39 41 
4 18 41 57 
4 19 39 57 
17 18 40 41 
17 19 39 40 
17 19 40 57 
17 39 40 57 
18 19 39 41 
18 19 41 57 
18 39 41 57 
5 12 
4 17 18 40 41 
4 17 19 39 40 
4 17 19 40 57 
4 17 39 40 57 
4 18 19 39 41 
4 18 19 41 57 
4 18 39 41 57 
17 18 19 40 41 
17 18 39 40 41 
17 18 40 41 57 
17 19 39 40 57 
18 19 39 41 57 
6 8 
4 17 18 19 40 41 
4 17 18 39 40 41 
4 17 18 40 41 57 
4 17 19 39 40 57 
4 18 19 39 41 57 
17 18 19 39 40 41 
17 18 19 40 41 57 
17 18 39 40 41 57 
7 4 
4 17 18 19 39 40 41 
4 17 18 19 40 41 57 
4 17 18 39 40 41 57 
17 18 19 39 40 41 57 
8 1 
4 17 18 19 39 40 41 57 
5
0 1 

1 1 

2 4 
8 61 
24 48 
25 47 
26 46 
3 1 

4 6 
8 24 48 61 
8 25 47 61 
8 26 46 61 
24 25 47 48 
24 26 46 48 
25 26 46 47 
5 1 

6 4 
8 24 25 47 48 61 
8 24 26 46 48 61 
8 25 26 46 47 61 
24 25 26 46 47 48 
7 1 

8 1 
8 24 25 26 46 47 48 61 
6
0 1 

1 1 

2 4 
9 51 
27 62 
28 29 
49 50 
3 1 

4 6 
9 27 51 62 
9 28 29 51 
9 49 50 51 
27 28 29 62 
27 49 50 62 
28 29 49 50 
5 1 

6 4 
9 27 28 29 51 62 
9 27 49 50 51 62 
9 28 29 49 50 51 
27 28 29 49 50 62 
7 1 

8 1 
9 27 28 29 49 50 51 62 
7
0 1 

1 4 
34 
53 
55 
63 
2 8 
13 35 
33 54 
34 53 
34 55 
34 63 
53 55 
53 63 
55 63 
3 12 
13 34 35 
13 35 53 
13 35 55 
13 35 63 
33 34 54 
33 53 54 
33 54 55 
33 54 63 
34 53 55 
34 53 63 
34 55 63 
53 55 63 
4 14 
13 33 35 54 
13 34 35 53 
13 34 35 55 
13 34 35 63 
13 35 53 55 
13 35 53 63 
13 35 55 63 
33 34 53 54 
33 34 54 55 
33 34 54 63 
33 53 54 55 
33 53 54 63 
33 54 55 63 
34 53 55 63 
5 12 
13 33 34 35 54 
13 33 35 53 54 
13 33 35 54 55 
13 33 35 54 63 
13 34 35 53 55 
13 34 35 53 63 
13 34 35 55 63 
13 35 53 55 63 
33 34 53 54 55 
33 34 53 54 63 
33 34 54 55 63 
33 53 54 55 63 
6 8 
13 33 34 35 53 54 
13 33 34 35 54 55 
13 33 34 35 54 63 
13 33 35 53 54 55 
13 33 35 53 54 63 
13 33 35 54 55 63 
13 34 35 53 55 63 
33 34 53 54 55 63 
7 4 
13 33 34 35 53 54 55 
13 33 34 35 53 54 63 
13 33 34 35 54 55 63 
13 33 35 53 54 55 63 
8 1 
13 33 34 35 53 54 55 63 
8
0 1 

1 1 

2 4 
23 58 
43 44 
45 64 
59 60 
3 1 

4 6 
23 43 44 58 
23 45 58 64 
23 58 59 60 
43 44 45 64 
43 44 59 60 
45 59 60 64 
5 1 

6 4 
23 43 44 45 58 64 
23 43 44 58 59 60 
23 45 58 59 60 64 
43 44 45 59 60 64 
7 1 

8 1 
23 43 44 45 58 59 60 64 
