//Table for grp 62:
57
0 0 2 2 4 4 2 4 
0 0 2 4 4 2 4 2 
0 0 4 2 2 4 4 2 
0 0 4 4 2 2 2 4 
0 2 0 2 4 2 4 4 
0 2 0 4 4 4 2 2 
0 2 2 0 2 4 4 4 
0 2 2 2 2 2 2 6 
0 2 2 2 2 2 6 2 
0 2 2 2 2 6 2 2 
0 2 2 2 6 2 2 2 
0 2 2 4 2 0 4 4 
0 2 2 4 2 4 0 4 
0 2 2 4 2 4 4 0 
0 2 2 6 2 2 2 2 
0 2 4 0 4 4 2 2 
0 2 4 2 0 2 4 4 
0 2 4 2 4 2 0 4 
0 2 4 2 4 2 4 0 
0 2 4 4 0 4 2 2 
0 2 4 4 4 0 2 2 
0 2 6 2 2 2 2 2 
0 4 0 2 2 4 4 2 
0 4 0 4 2 2 2 4 
0 4 2 0 4 2 4 2 
0 4 2 2 0 4 2 4 
0 4 2 2 4 0 2 4 
0 4 2 2 4 4 2 0 
0 4 2 4 0 2 4 2 
0 4 2 4 4 2 0 2 
0 4 4 0 2 2 2 4 
0 4 4 2 2 0 4 2 
0 4 4 2 2 4 0 2 
0 4 4 4 2 2 2 0 
0 6 2 2 2 2 2 2 
2 0 2 2 2 2 4 4 
2 0 2 4 2 4 2 2 
2 0 4 2 4 2 2 2 
2 2 0 2 2 4 2 4 
2 2 0 4 2 2 4 2 
2 2 2 0 4 2 2 4 
2 2 2 2 0 4 4 2 
2 2 2 2 4 0 4 2 
2 2 2 2 4 4 0 2 
2 2 2 4 0 2 2 4 
2 2 2 4 4 2 2 0 
2 2 4 0 2 2 4 2 
2 2 4 2 2 0 2 4 
2 2 4 2 2 4 2 0 
2 2 4 4 2 2 0 2 
2 4 0 2 4 2 2 2 
2 4 2 0 2 4 2 2 
2 4 2 2 2 2 0 4 
2 4 2 2 2 2 4 0 
2 4 2 4 2 0 2 2 
2 4 4 2 0 2 2 2 
4 2 2 2 2 2 2 2 
1 2 3 4 5 6 7 8 9 10 11 12 13 14 15 16 17 18 19 20 21 22 23 24 25 26 27 28 29 30 31 32 33 34 35 36 37 38 39 40 41 42 43 44 45 46 47 48 49 50 51 52 53 54 55 56 57 58 59 60 61 62 63 64 
2 7 8 9 10 11 12 16 19 21 22 1 23 24 25 26 27 28 29 30 31 32 35 37 38 3 40 41 4 42 5 6 43 44 45 46 47 48 49 50 51 52 54 55 13 56 14 15 57 17 18 20 58 59 60 61 62 63 33 34 36 39 64 53 
3 24 1 13 14 15 16 10 43 8 46 47 4 5 6 7 33 34 35 36 37 38 27 2 30 31 23 58 59 25 26 61 17 18 19 20 21 22 53 54 55 56 9 49 50 11 12 52 44 45 64 48 39 40 41 42 63 28 29 62 32 60 57 51 
4 28 13 5 17 18 19 44 30 49 9 51 14 33 34 35 1 20 21 39 40 41 46 58 23 60 11 10 52 27 62 29 3 36 37 53 54 55 6 7 42 57 25 24 61 43 64 45 2 32 31 50 15 16 56 63 22 8 48 47 59 12 38 26 
5 10 14 17 1 20 21 24 27 2 30 31 33 3 36 37 4 39 40 6 7 42 43 8 46 47 9 49 50 11 12 52 13 53 54 15 16 56 18 19 57 22 23 58 59 25 26 61 28 29 62 32 34 35 63 38 41 44 45 64 48 51 55 60 
6 11 15 18 20 1 22 25 28 30 2 32 34 36 3 38 39 4 41 5 42 7 44 46 8 48 49 9 51 10 52 12 53 13 55 14 56 16 17 57 19 21 58 23 60 24 61 26 27 62 29 31 33 63 35 37 40 43 64 45 47 50 54 59 
7 12 16 19 21 22 1 26 29 31 32 2 35 37 38 3 40 41 4 42 5 6 45 47 48 8 50 51 9 52 10 11 54 55 13 56 14 15 57 17 18 20 59 60 23 61 24 25 62 27 28 30 63 33 34 36 39 64 43 44 46 49 53 58 
8 37 2 23 24 25 26 21 54 16 56 14 9 10 11 12 43 44 45 46 47 48 40 7 42 5 35 63 33 38 3 36 27 28 29 30 31 32 58 59 60 61 19 57 17 22 1 20 55 13 53 15 49 50 51 52 64 41 4 39 6 34 62 18 
9 41 23 10 27 28 29 55 42 57 19 18 24 43 44 45 2 30 31 49 50 51 56 63 35 34 22 21 20 40 39 4 8 46 47 58 59 60 11 12 52 62 38 37 36 54 53 13 7 6 5 17 25 26 61 64 32 16 15 14 33 1 48 3 
10 21 24 27 2 30 31 37 40 7 42 5 43 8 46 47 9 49 50 11 12 52 54 16 56 14 19 57 17 22 1 20 23 58 59 25 26 61 28 29 62 32 35 63 33 38 3 36 41 4 39 6 44 45 64 48 51 55 13 53 15 18 60 34 
11 22 25 28 30 2 32 38 41 42 7 6 44 46 8 48 49 9 51 10 52 12 55 56 16 15 57 19 18 21 20 1 58 23 60 24 61 26 27 62 29 31 63 35 34 37 36 3 40 39 4 5 43 64 45 47 50 54 53 13 14 17 59 33 
12 1 26 29 31 32 2 3 4 5 6 7 45 47 48 8 50 51 9 52 10 11 13 14 15 16 17 18 19 20 21 22 59 60 23 61 24 25 62 27 28 30 33 34 35 36 37 38 39 40 41 42 64 43 44 46 49 53 54 55 56 57 58 63 
13 58 4 14 33 34 35 49 25 44 43 64 5 17 18 19 3 36 37 53 54 55 11 28 27 62 46 8 48 23 60 59 1 20 21 39 40 41 15 16 56 63 30 2 32 9 51 50 24 61 26 45 6 7 42 57 38 10 52 12 29 47 22 31 
14 8 5 33 3 36 37 2 23 24 25 26 17 1 20 21 13 53 54 15 16 56 9 10 11 12 43 44 45 46 47 48 4 39 40 6 7 42 34 35 63 38 27 28 29 30 31 32 58 59 60 61 18 19 57 22 55 49 50 51 52 64 41 62 
15 46 6 34 36 3 38 30 58 25 24 61 18 20 1 22 53 13 55 14 56 16 49 11 10 52 44 43 64 8 48 47 39 4 41 5 42 7 33 63 35 37 28 27 62 2 32 31 23 60 59 26 17 57 19 21 54 9 51 50 12 45 40 29 
16 47 7 35 37 38 3 31 59 26 61 24 19 21 22 1 54 55 13 56 14 15 50 12 52 10 45 64 43 48 8 46 40 41 4 42 5 6 63 33 34 36 29 62 27 32 2 30 60 23 58 25 57 17 18 20 53 51 9 49 11 44 39 28 
17 49 33 1 4 39 40 58 11 28 27 62 3 13 53 54 5 6 7 18 19 57 25 44 43 64 30 2 32 9 51 50 14 15 16 34 35 63 20 21 22 41 46 8 48 23 60 59 10 52 12 29 36 37 38 55 42 24 61 26 45 31 56 47 
18 9 34 20 39 4 41 23 10 27 28 29 36 53 13 55 6 5 42 17 57 19 24 43 44 45 2 30 31 49 50 51 15 14 56 33 63 35 1 22 21 40 8 46 47 58 59 60 11 12 52 62 3 38 37 54 7 25 26 61 64 32 16 48 
19 51 35 21 40 41 4 60 52 62 29 28 37 54 55 13 7 42 5 57 17 18 61 64 45 44 32 31 30 50 49 9 16 56 14 63 33 34 22 1 20 39 48 47 46 59 58 23 12 11 10 27 38 3 36 53 6 26 25 24 43 2 15 8 
20 30 36 39 6 5 42 46 49 11 10 52 53 15 14 56 18 17 57 1 22 21 58 25 24 61 28 27 62 2 32 31 34 33 63 3 38 37 4 41 40 7 44 43 64 8 48 47 9 51 50 12 13 55 54 16 19 23 60 59 26 29 35 45 
21 31 37 40 7 42 5 47 50 12 52 10 54 16 56 14 19 57 17 22 1 20 59 26 61 24 29 62 27 32 2 30 35 63 33 38 3 36 41 4 39 6 45 64 43 48 8 46 51 9 49 11 55 13 53 15 18 60 23 58 25 28 34 44 
22 32 38 41 42 7 6 48 51 52 12 11 55 56 16 15 57 19 18 21 20 1 60 61 26 25 62 29 28 31 30 2 63 35 34 37 36 3 40 39 4 5 64 45 44 47 46 8 50 49 9 10 54 53 13 14 17 59 58 23 24 27 33 43 
23 63 9 24 43 44 45 57 38 55 54 53 10 27 28 29 8 46 47 58 59 60 22 41 40 39 56 16 15 35 34 33 2 30 31 49 50 51 25 26 61 64 42 7 6 19 18 17 37 36 3 13 11 12 52 62 48 21 20 1 4 14 32 5 
24 16 10 43 8 46 47 7 35 37 38 3 27 2 30 31 23 58 59 25 26 61 19 21 22 1 54 55 13 56 14 15 9 49 50 11 12 52 44 45 64 48 40 41 4 42 5 6 63 33 34 36 28 29 62 32 60 57 17 18 20 53 51 39 
25 56 11 44 46 8 48 42 63 38 37 36 28 30 2 32 58 23 60 24 61 26 57 22 21 20 55 54 53 16 15 14 49 9 51 10 52 12 43 64 45 47 41 40 39 7 6 5 35 34 33 3 27 62 29 31 59 19 18 17 1 13 50 4 
26 14 12 45 47 48 8 5 33 3 36 37 29 31 32 2 59 60 23 61 24 25 17 1 20 21 13 53 54 15 16 56 50 51 9 52 10 11 64 43 44 46 4 39 40 6 7 42 34 35 63 38 62 27 28 30 58 18 19 57 22 55 49 41 
27 57 43 2 9 49 50 63 22 41 40 39 8 23 58 59 10 11 12 28 29 62 38 55 54 53 42 7 6 19 18 17 24 25 26 44 45 64 30 31 32 51 56 16 15 35 34 33 21 20 1 4 46 47 48 60 52 37 36 3 13 5 61 14 
28 19 44 30 49 9 51 35 21 40 41 4 46 58 23 60 11 10 52 27 62 29 37 54 55 13 7 42 5 57 17 18 25 24 61 43 64 45 2 32 31 50 16 56 14 63 33 34 22 1 20 39 8 48 47 59 12 38 3 36 53 6 26 15 
29 18 45 31 50 51 9 34 20 39 4 41 47 59 60 23 12 52 10 62 27 28 36 53 13 55 6 5 42 17 57 19 26 61 24 64 43 44 32 2 30 49 15 14 56 33 63 35 1 22 21 40 48 8 46 58 11 3 38 37 54 7 25 16 
30 42 46 49 11 10 52 56 57 22 21 20 58 25 24 61 28 27 62 2 32 31 63 38 37 36 41 40 39 7 6 5 44 43 64 8 48 47 9 51 50 12 55 54 53 16 15 14 19 18 17 1 23 60 59 26 29 35 34 33 3 4 45 13 
31 5 47 50 12 52 10 14 17 1 20 21 59 26 61 24 29 62 27 32 2 30 33 3 36 37 4 39 40 6 7 42 45 64 43 48 8 46 51 9 49 11 13 53 54 15 16 56 18 19 57 22 60 23 58 25 28 34 35 63 38 41 44 55 
32 6 48 51 52 12 11 15 18 20 1 22 60 61 26 25 62 29 28 31 30 2 34 36 3 38 39 4 41 5 42 7 64 45 44 47 46 8 50 49 9 10 53 13 55 14 56 16 17 57 19 21 59 58 23 24 27 33 63 35 37 40 43 54 
33 44 17 3 13 53 54 28 46 58 23 60 1 4 39 40 14 15 16 34 35 63 30 49 9 51 25 24 61 43 64 45 5 6 7 18 19 57 36 37 38 55 11 10 52 27 62 29 8 48 47 59 20 21 22 41 56 2 32 31 50 26 42 12 
34 43 18 36 53 13 55 27 8 23 58 59 20 39 4 41 15 14 56 33 63 35 2 9 49 50 24 25 26 44 45 64 6 5 42 17 57 19 3 38 37 54 10 11 12 28 29 62 46 47 48 60 1 22 21 40 16 30 31 32 51 61 7 52 
35 64 19 37 54 55 13 62 48 60 59 58 21 40 41 4 16 56 14 63 33 34 32 51 50 49 61 26 25 45 44 43 7 42 5 57 17 18 38 3 36 53 52 12 11 29 28 27 47 46 8 23 22 1 20 39 15 31 30 2 9 24 6 10 
36 25 20 53 15 14 56 11 44 46 8 48 39 6 5 42 34 33 63 3 38 37 28 30 2 32 58 23 60 24 61 26 18 17 57 1 22 21 13 55 54 16 49 9 51 10 52 12 43 64 45 47 4 41 40 7 35 27 62 29 31 59 19 50 
37 26 21 54 16 56 14 12 45 47 48 8 40 7 42 5 35 63 33 38 3 36 29 31 32 2 59 60 23 61 24 25 19 57 17 22 1 20 55 13 53 15 50 51 9 52 10 11 64 43 44 46 41 4 39 6 34 62 27 28 30 58 18 49 
38 61 22 55 56 16 15 52 64 48 47 46 41 42 7 6 63 35 34 37 36 3 62 32 31 30 60 59 58 26 25 24 57 19 18 21 20 1 54 53 13 14 51 50 49 12 11 10 45 44 43 8 40 39 4 5 33 29 28 27 2 23 17 9 
39 27 53 6 18 17 57 43 2 9 49 50 15 34 33 63 20 1 22 4 41 40 8 23 58 59 10 11 12 28 29 62 36 3 38 13 55 54 5 42 7 19 24 25 26 44 45 64 30 31 32 51 14 56 16 35 21 46 47 48 60 52 37 61 
40 62 54 7 19 57 17 64 32 51 50 49 16 35 63 33 21 22 1 41 4 39 48 60 59 58 52 12 11 29 28 27 37 38 3 55 13 53 42 5 6 18 61 26 25 45 44 43 31 30 2 9 56 14 15 34 20 47 46 8 23 10 36 24 
41 29 55 42 57 19 18 45 31 50 51 9 56 63 35 34 22 21 20 40 39 4 47 59 60 23 12 52 10 62 27 28 38 37 36 54 53 13 7 6 5 17 26 61 24 64 43 44 32 2 30 49 16 15 14 33 1 48 8 46 58 11 3 25 
42 52 56 57 22 21 20 61 62 32 31 30 63 38 37 36 41 40 39 7 6 5 64 48 47 46 51 50 49 12 11 10 55 54 53 16 15 14 19 18 17 1 60 59 58 26 25 24 29 28 27 2 35 34 33 3 4 45 44 43 8 9 13 23 
43 55 27 8 23 58 59 41 56 63 35 34 2 9 49 50 24 25 26 44 45 64 42 57 19 18 38 37 36 54 53 13 10 11 12 28 29 62 46 47 48 60 22 21 20 40 39 4 16 15 14 33 30 31 32 51 61 7 6 5 17 3 52 1 
44 54 28 46 58 23 60 40 16 35 63 33 30 49 9 51 25 24 61 43 64 45 7 19 57 17 37 38 3 55 13 53 11 10 52 27 62 29 8 48 47 59 21 22 1 41 4 39 56 14 15 34 2 32 31 50 26 42 5 6 18 36 12 20 
45 53 29 47 59 60 23 39 15 34 33 63 31 50 51 9 26 61 24 64 43 44 6 18 17 57 36 3 38 13 55 54 12 52 10 62 27 28 48 8 46 58 20 1 22 4 41 40 14 56 16 35 32 2 30 49 25 5 42 7 19 37 11 21 
46 38 30 58 25 24 61 22 55 56 16 15 49 11 10 52 44 43 64 8 48 47 41 42 7 6 63 35 34 37 36 3 28 27 62 2 32 31 23 60 59 26 57 19 18 21 20 1 54 53 13 14 9 51 50 12 45 40 39 4 5 33 29 17 
47 3 31 59 26 61 24 1 13 14 15 16 50 12 52 10 45 64 43 48 8 46 4 5 6 7 33 34 35 36 37 38 29 62 27 32 2 30 60 23 58 25 17 18 19 20 21 22 53 54 55 56 51 9 49 11 44 39 40 41 42 63 28 57 
48 36 32 60 61 26 25 20 53 15 14 56 51 52 12 11 64 45 44 47 46 8 39 6 5 42 34 33 63 3 38 37 62 29 28 31 30 2 59 58 23 24 18 17 57 1 22 21 13 55 54 16 50 49 9 10 43 4 41 40 7 35 27 19 
49 40 58 11 28 27 62 54 7 19 57 17 25 44 43 64 30 2 32 9 51 50 16 35 63 33 21 22 1 41 4 39 46 8 48 23 60 59 10 52 12 29 37 38 3 55 13 53 42 5 6 18 24 61 26 45 31 56 14 15 34 20 47 36 
50 39 59 12 29 62 27 53 6 18 17 57 26 45 64 43 31 32 2 51 9 49 15 34 33 63 20 1 22 4 41 40 47 48 8 60 23 58 52 10 11 28 36 3 38 13 55 54 5 42 7 19 61 24 25 44 30 14 56 16 35 21 46 37 
51 4 60 52 62 29 28 13 5 17 18 19 61 64 45 44 32 31 30 50 49 9 14 33 34 35 1 20 21 39 40 41 48 47 46 59 58 23 12 11 10 27 3 36 37 53 54 55 6 7 42 57 26 25 24 43 2 15 16 56 63 22 8 38 
52 20 61 62 32 31 30 36 39 6 5 42 64 48 47 46 51 50 49 12 11 10 53 15 14 56 18 17 57 1 22 21 60 59 58 26 25 24 29 28 27 2 34 33 63 3 38 37 4 41 40 7 45 44 43 8 9 13 55 54 16 19 23 35 
53 23 39 15 34 33 63 9 24 43 44 45 6 18 17 57 36 3 38 13 55 54 10 27 28 29 8 46 47 58 59 60 20 1 22 4 41 40 14 56 16 35 2 30 31 49 50 51 25 26 61 64 5 42 7 19 37 11 12 52 62 48 21 32 
54 60 40 16 35 63 33 51 61 64 45 44 7 19 57 17 37 38 3 55 13 53 52 62 29 28 48 47 46 59 58 23 21 22 1 41 4 39 56 14 15 34 32 31 30 50 49 9 26 25 24 43 42 5 6 18 36 12 11 10 27 8 20 2 
55 59 41 56 63 35 34 50 26 45 64 43 42 57 19 18 38 37 36 54 53 13 12 29 62 27 47 48 8 60 23 58 22 21 20 40 39 4 16 15 14 33 31 32 2 51 9 49 61 24 25 44 7 6 5 17 3 52 10 11 28 46 1 30 
56 48 42 63 38 37 36 32 60 61 26 25 57 22 21 20 55 54 53 16 15 14 51 52 12 11 64 45 44 47 46 8 41 40 39 7 6 5 35 34 33 3 62 29 28 31 30 2 59 58 23 24 19 18 17 1 13 50 49 9 10 43 4 27 
57 50 63 22 41 40 39 59 12 29 62 27 38 55 54 53 42 7 6 19 18 17 26 45 64 43 31 32 2 51 9 49 56 16 15 35 34 33 21 20 1 4 47 48 8 60 23 58 52 10 11 28 37 36 3 13 5 61 24 25 44 30 14 46 
58 35 49 25 44 43 64 19 37 54 55 13 11 28 27 62 46 8 48 23 60 59 21 40 41 4 16 56 14 63 33 34 30 2 32 9 51 50 24 61 26 45 7 42 5 57 17 18 38 3 36 53 10 52 12 29 47 22 1 20 39 15 31 6 
59 34 50 26 45 64 43 18 36 53 13 55 12 29 62 27 47 48 8 60 23 58 20 39 4 41 15 14 56 33 63 35 31 32 2 51 9 49 61 24 25 44 6 5 42 17 57 19 3 38 37 54 52 10 11 28 46 1 22 21 40 16 30 7 
60 33 51 61 64 45 44 17 3 13 53 54 52 62 29 28 48 47 46 59 58 23 1 4 39 40 14 15 16 34 35 63 32 31 30 50 49 9 26 25 24 43 5 6 7 18 19 57 36 37 38 55 12 11 10 27 8 20 21 22 41 56 2 42 
61 15 52 64 48 47 46 6 34 36 3 38 62 32 31 30 60 59 58 26 25 24 18 20 1 22 53 13 55 14 56 16 51 50 49 12 11 10 45 44 43 8 39 4 41 5 42 7 33 63 35 37 29 28 27 2 23 17 57 19 21 54 9 40 
62 17 64 32 51 50 49 33 1 4 39 40 48 60 59 58 52 12 11 29 28 27 3 13 53 54 5 6 7 18 19 57 61 26 25 45 44 43 31 30 2 9 14 15 16 34 35 63 20 21 22 41 47 46 8 23 10 36 37 38 55 42 24 56 
63 45 57 38 55 54 53 29 47 59 60 23 22 41 40 39 56 16 15 35 34 33 31 50 51 9 26 61 24 64 43 44 42 7 6 19 18 17 37 36 3 13 12 52 10 62 27 28 48 8 46 58 21 20 1 4 14 32 2 30 49 25 5 11 
64 13 62 48 60 59 58 4 14 33 34 35 32 51 50 49 61 26 25 45 44 43 5 17 18 19 3 36 37 53 54 55 52 12 11 29 28 27 47 46 8 23 1 20 21 39 40 41 15 16 56 63 31 30 2 9 24 6 7 42 57 38 10 22 
1
0 1 

1 8 
1 
5 
6 
7 
20 
21 
22 
42 
2 28 
1 5 
1 6 
1 7 
1 20 
1 21 
1 22 
1 42 
5 6 
5 7 
5 20 
5 21 
5 22 
5 42 
6 7 
6 20 
6 21 
6 22 
6 42 
7 20 
7 21 
7 22 
7 42 
20 21 
20 22 
20 42 
21 22 
21 42 
22 42 
3 56 
1 5 6 
1 5 7 
1 5 20 
1 5 21 
1 5 22 
1 5 42 
1 6 7 
1 6 20 
1 6 21 
1 6 22 
1 6 42 
1 7 20 
1 7 21 
1 7 22 
1 7 42 
1 20 21 
1 20 22 
1 20 42 
1 21 22 
1 21 42 
1 22 42 
5 6 7 
5 6 20 
5 6 21 
5 6 22 
5 6 42 
5 7 20 
5 7 21 
5 7 22 
5 7 42 
5 20 21 
5 20 22 
5 20 42 
5 21 22 
5 21 42 
5 22 42 
6 7 20 
6 7 21 
6 7 22 
6 7 42 
6 20 21 
6 20 22 
6 20 42 
6 21 22 
6 21 42 
6 22 42 
7 20 21 
7 20 22 
7 20 42 
7 21 22 
7 21 42 
7 22 42 
20 21 22 
20 21 42 
20 22 42 
21 22 42 
4 70 
1 5 6 7 
1 5 6 20 
1 5 6 21 
1 5 6 22 
1 5 6 42 
1 5 7 20 
1 5 7 21 
1 5 7 22 
1 5 7 42 
1 5 20 21 
1 5 20 22 
1 5 20 42 
1 5 21 22 
1 5 21 42 
1 5 22 42 
1 6 7 20 
1 6 7 21 
1 6 7 22 
1 6 7 42 
1 6 20 21 
1 6 20 22 
1 6 20 42 
1 6 21 22 
1 6 21 42 
1 6 22 42 
1 7 20 21 
1 7 20 22 
1 7 20 42 
1 7 21 22 
1 7 21 42 
1 7 22 42 
1 20 21 22 
1 20 21 42 
1 20 22 42 
1 21 22 42 
5 6 7 20 
5 6 7 21 
5 6 7 22 
5 6 7 42 
5 6 20 21 
5 6 20 22 
5 6 20 42 
5 6 21 22 
5 6 21 42 
5 6 22 42 
5 7 20 21 
5 7 20 22 
5 7 20 42 
5 7 21 22 
5 7 21 42 
5 7 22 42 
5 20 21 22 
5 20 21 42 
5 20 22 42 
5 21 22 42 
6 7 20 21 
6 7 20 22 
6 7 20 42 
6 7 21 22 
6 7 21 42 
6 7 22 42 
6 20 21 22 
6 20 21 42 
6 20 22 42 
6 21 22 42 
7 20 21 22 
7 20 21 42 
7 20 22 42 
7 21 22 42 
20 21 22 42 
5 56 
1 5 6 7 20 
1 5 6 7 21 
1 5 6 7 22 
1 5 6 7 42 
1 5 6 20 21 
1 5 6 20 22 
1 5 6 20 42 
1 5 6 21 22 
1 5 6 21 42 
1 5 6 22 42 
1 5 7 20 21 
1 5 7 20 22 
1 5 7 20 42 
1 5 7 21 22 
1 5 7 21 42 
1 5 7 22 42 
1 5 20 21 22 
1 5 20 21 42 
1 5 20 22 42 
1 5 21 22 42 
1 6 7 20 21 
1 6 7 20 22 
1 6 7 20 42 
1 6 7 21 22 
1 6 7 21 42 
1 6 7 22 42 
1 6 20 21 22 
1 6 20 21 42 
1 6 20 22 42 
1 6 21 22 42 
1 7 20 21 22 
1 7 20 21 42 
1 7 20 22 42 
1 7 21 22 42 
1 20 21 22 42 
5 6 7 20 21 
5 6 7 20 22 
5 6 7 20 42 
5 6 7 21 22 
5 6 7 21 42 
5 6 7 22 42 
5 6 20 21 22 
5 6 20 21 42 
5 6 20 22 42 
5 6 21 22 42 
5 7 20 21 22 
5 7 20 21 42 
5 7 20 22 42 
5 7 21 22 42 
5 20 21 22 42 
6 7 20 21 22 
6 7 20 21 42 
6 7 20 22 42 
6 7 21 22 42 
6 20 21 22 42 
7 20 21 22 42 
6 28 
1 5 6 7 20 21 
1 5 6 7 20 22 
1 5 6 7 20 42 
1 5 6 7 21 22 
1 5 6 7 21 42 
1 5 6 7 22 42 
1 5 6 20 21 22 
1 5 6 20 21 42 
1 5 6 20 22 42 
1 5 6 21 22 42 
1 5 7 20 21 22 
1 5 7 20 21 42 
1 5 7 20 22 42 
1 5 7 21 22 42 
1 5 20 21 22 42 
1 6 7 20 21 22 
1 6 7 20 21 42 
1 6 7 20 22 42 
1 6 7 21 22 42 
1 6 20 21 22 42 
1 7 20 21 22 42 
5 6 7 20 21 22 
5 6 7 20 21 42 
5 6 7 20 22 42 
5 6 7 21 22 42 
5 6 20 21 22 42 
5 7 20 21 22 42 
6 7 20 21 22 42 
7 8 
1 5 6 7 20 21 22 
1 5 6 7 20 21 42 
1 5 6 7 20 22 42 
1 5 6 7 21 22 42 
1 5 6 20 21 22 42 
1 5 7 20 21 22 42 
1 6 7 20 21 22 42 
5 6 7 20 21 22 42 
8 1 
1 5 6 7 20 21 22 42 
2
0 1 

1 1 

2 4 
2 12 
10 31 
11 32 
30 52 
3 1 

4 6 
2 10 12 31 
2 11 12 32 
2 12 30 52 
10 11 31 32 
10 30 31 52 
11 30 32 52 
5 1 

6 4 
2 10 11 12 31 32 
2 10 12 30 31 52 
2 11 12 30 32 52 
10 11 30 31 32 52 
7 1 

8 1 
2 10 11 12 30 31 32 52 
3
0 1 

1 8 
3 
14 
15 
16 
36 
37 
38 
56 
2 28 
3 14 
3 15 
3 16 
3 36 
3 37 
3 38 
3 56 
14 15 
14 16 
14 36 
14 37 
14 38 
14 56 
15 16 
15 36 
15 37 
15 38 
15 56 
16 36 
16 37 
16 38 
16 56 
36 37 
36 38 
36 56 
37 38 
37 56 
38 56 
3 56 
3 14 15 
3 14 16 
3 14 36 
3 14 37 
3 14 38 
3 14 56 
3 15 16 
3 15 36 
3 15 37 
3 15 38 
3 15 56 
3 16 36 
3 16 37 
3 16 38 
3 16 56 
3 36 37 
3 36 38 
3 36 56 
3 37 38 
3 37 56 
3 38 56 
14 15 16 
14 15 36 
14 15 37 
14 15 38 
14 15 56 
14 16 36 
14 16 37 
14 16 38 
14 16 56 
14 36 37 
14 36 38 
14 36 56 
14 37 38 
14 37 56 
14 38 56 
15 16 36 
15 16 37 
15 16 38 
15 16 56 
15 36 37 
15 36 38 
15 36 56 
15 37 38 
15 37 56 
15 38 56 
16 36 37 
16 36 38 
16 36 56 
16 37 38 
16 37 56 
16 38 56 
36 37 38 
36 37 56 
36 38 56 
37 38 56 
4 70 
3 14 15 16 
3 14 15 36 
3 14 15 37 
3 14 15 38 
3 14 15 56 
3 14 16 36 
3 14 16 37 
3 14 16 38 
3 14 16 56 
3 14 36 37 
3 14 36 38 
3 14 36 56 
3 14 37 38 
3 14 37 56 
3 14 38 56 
3 15 16 36 
3 15 16 37 
3 15 16 38 
3 15 16 56 
3 15 36 37 
3 15 36 38 
3 15 36 56 
3 15 37 38 
3 15 37 56 
3 15 38 56 
3 16 36 37 
3 16 36 38 
3 16 36 56 
3 16 37 38 
3 16 37 56 
3 16 38 56 
3 36 37 38 
3 36 37 56 
3 36 38 56 
3 37 38 56 
14 15 16 36 
14 15 16 37 
14 15 16 38 
14 15 16 56 
14 15 36 37 
14 15 36 38 
14 15 36 56 
14 15 37 38 
14 15 37 56 
14 15 38 56 
14 16 36 37 
14 16 36 38 
14 16 36 56 
14 16 37 38 
14 16 37 56 
14 16 38 56 
14 36 37 38 
14 36 37 56 
14 36 38 56 
14 37 38 56 
15 16 36 37 
15 16 36 38 
15 16 36 56 
15 16 37 38 
15 16 37 56 
15 16 38 56 
15 36 37 38 
15 36 37 56 
15 36 38 56 
15 37 38 56 
16 36 37 38 
16 36 37 56 
16 36 38 56 
16 37 38 56 
36 37 38 56 
5 56 
3 14 15 16 36 
3 14 15 16 37 
3 14 15 16 38 
3 14 15 16 56 
3 14 15 36 37 
3 14 15 36 38 
3 14 15 36 56 
3 14 15 37 38 
3 14 15 37 56 
3 14 15 38 56 
3 14 16 36 37 
3 14 16 36 38 
3 14 16 36 56 
3 14 16 37 38 
3 14 16 37 56 
3 14 16 38 56 
3 14 36 37 38 
3 14 36 37 56 
3 14 36 38 56 
3 14 37 38 56 
3 15 16 36 37 
3 15 16 36 38 
3 15 16 36 56 
3 15 16 37 38 
3 15 16 37 56 
3 15 16 38 56 
3 15 36 37 38 
3 15 36 37 56 
3 15 36 38 56 
3 15 37 38 56 
3 16 36 37 38 
3 16 36 37 56 
3 16 36 38 56 
3 16 37 38 56 
3 36 37 38 56 
14 15 16 36 37 
14 15 16 36 38 
14 15 16 36 56 
14 15 16 37 38 
14 15 16 37 56 
14 15 16 38 56 
14 15 36 37 38 
14 15 36 37 56 
14 15 36 38 56 
14 15 37 38 56 
14 16 36 37 38 
14 16 36 37 56 
14 16 36 38 56 
14 16 37 38 56 
14 36 37 38 56 
15 16 36 37 38 
15 16 36 37 56 
15 16 36 38 56 
15 16 37 38 56 
15 36 37 38 56 
16 36 37 38 56 
6 28 
3 14 15 16 36 37 
3 14 15 16 36 38 
3 14 15 16 36 56 
3 14 15 16 37 38 
3 14 15 16 37 56 
3 14 15 16 38 56 
3 14 15 36 37 38 
3 14 15 36 37 56 
3 14 15 36 38 56 
3 14 15 37 38 56 
3 14 16 36 37 38 
3 14 16 36 37 56 
3 14 16 36 38 56 
3 14 16 37 38 56 
3 14 36 37 38 56 
3 15 16 36 37 38 
3 15 16 36 37 56 
3 15 16 36 38 56 
3 15 16 37 38 56 
3 15 36 37 38 56 
3 16 36 37 38 56 
14 15 16 36 37 38 
14 15 16 36 37 56 
14 15 16 36 38 56 
14 15 16 37 38 56 
14 15 36 37 38 56 
14 16 36 37 38 56 
15 16 36 37 38 56 
7 8 
3 14 15 16 36 37 38 
3 14 15 16 36 37 56 
3 14 15 16 36 38 56 
3 14 15 16 37 38 56 
3 14 15 36 37 38 56 
3 14 16 36 37 38 56 
3 15 16 36 37 38 56 
14 15 16 36 37 38 56 
8 1 
3 14 15 16 36 37 38 56 
4
0 1 

1 1 

2 4 
4 17 
18 39 
19 40 
41 57 
3 1 

4 6 
4 17 18 39 
4 17 19 40 
4 17 41 57 
18 19 39 40 
18 39 41 57 
19 40 41 57 
5 1 

6 4 
4 17 18 19 39 40 
4 17 18 39 41 57 
4 17 19 40 41 57 
18 19 39 40 41 57 
7 1 

8 1 
4 17 18 19 39 40 41 57 
5
0 1 

1 1 

2 4 
8 47 
24 26 
25 61 
46 48 
3 1 

4 6 
8 24 26 47 
8 25 47 61 
8 46 47 48 
24 25 26 61 
24 26 46 48 
25 46 48 61 
5 1 

6 4 
8 24 25 26 47 61 
8 24 26 46 47 48 
8 25 46 47 48 61 
24 25 26 46 48 61 
7 1 

8 1 
8 24 25 26 46 47 48 61 
6
0 1 

1 1 

2 4 
9 62 
27 51 
28 50 
29 49 
3 1 

4 6 
9 27 51 62 
9 28 50 62 
9 29 49 62 
27 28 50 51 
27 29 49 51 
28 29 49 50 
5 1 

6 4 
9 27 28 50 51 62 
9 27 29 49 51 62 
9 28 29 49 50 62 
27 28 29 49 50 51 
7 1 

8 1 
9 27 28 29 49 50 51 62 
7
0 1 

1 1 

2 4 
13 33 
34 53 
35 54 
55 63 
3 1 

4 6 
13 33 34 53 
13 33 35 54 
13 33 55 63 
34 35 53 54 
34 53 55 63 
35 54 55 63 
5 1 

6 4 
13 33 34 35 53 54 
13 33 34 53 55 63 
13 33 35 54 55 63 
34 35 53 54 55 63 
7 1 

8 1 
13 33 34 35 53 54 55 63 
8
0 1 

1 1 

2 4 
23 60 
43 64 
44 45 
58 59 
3 1 

4 6 
23 43 60 64 
23 44 45 60 
23 58 59 60 
43 44 45 64 
43 58 59 64 
44 45 58 59 
5 1 

6 4 
23 43 44 45 60 64 
23 43 58 59 60 64 
23 44 45 58 59 60 
43 44 45 58 59 64 
7 1 

8 1 
23 43 44 45 58 59 60 64 
