//Table for grp 160:
57
0 0 2 2 4 4 2 4 
0 0 2 4 4 2 4 2 
0 0 4 2 2 4 4 2 
0 0 4 4 2 2 2 4 
0 2 0 2 4 2 4 4 
0 2 0 4 4 4 2 2 
0 2 2 0 2 4 4 4 
0 2 2 2 2 2 2 6 
0 2 2 2 2 2 6 2 
0 2 2 2 2 6 2 2 
0 2 2 2 6 2 2 2 
0 2 2 4 2 0 4 4 
0 2 2 4 2 4 0 4 
0 2 2 4 2 4 4 0 
0 2 2 6 2 2 2 2 
0 2 4 0 4 4 2 2 
0 2 4 2 0 2 4 4 
0 2 4 2 4 2 0 4 
0 2 4 2 4 2 4 0 
0 2 4 4 0 4 2 2 
0 2 4 4 4 0 2 2 
0 2 6 2 2 2 2 2 
0 4 0 2 2 4 4 2 
0 4 0 4 2 2 2 4 
0 4 2 0 4 2 4 2 
0 4 2 2 0 4 2 4 
0 4 2 2 4 0 2 4 
0 4 2 2 4 4 2 0 
0 4 2 4 0 2 4 2 
0 4 2 4 4 2 0 2 
0 4 4 0 2 2 2 4 
0 4 4 2 2 0 4 2 
0 4 4 2 2 4 0 2 
0 4 4 4 2 2 2 0 
0 6 2 2 2 2 2 2 
2 0 2 2 2 2 4 4 
2 0 2 4 2 4 2 2 
2 0 4 2 4 2 2 2 
2 2 0 2 2 4 2 4 
2 2 0 4 2 2 4 2 
2 2 2 0 4 2 2 4 
2 2 2 2 0 4 4 2 
2 2 2 2 4 0 4 2 
2 2 2 2 4 4 0 2 
2 2 2 4 0 2 2 4 
2 2 2 4 4 2 2 0 
2 2 4 0 2 2 4 2 
2 2 4 2 2 0 2 4 
2 2 4 2 2 4 2 0 
2 2 4 4 2 2 0 2 
2 4 0 2 4 2 2 2 
2 4 2 0 2 4 2 2 
2 4 2 2 2 2 0 4 
2 4 2 2 2 2 4 0 
2 4 2 4 2 0 2 2 
2 4 4 2 0 2 2 2 
4 2 2 2 2 2 2 2 
1 2 3 4 5 6 7 8 9 10 11 12 13 14 15 16 17 18 19 20 21 22 23 24 25 26 27 28 29 30 31 32 33 34 35 36 37 38 39 40 41 42 43 44 45 46 47 48 49 50 51 52 53 54 55 56 57 58 59 60 61 62 63 64 
2 5 8 9 10 11 12 14 17 1 20 21 23 24 25 26 27 28 29 30 31 32 33 3 36 37 4 39 40 6 7 42 43 44 45 46 47 48 49 50 51 52 13 53 54 15 16 56 18 19 57 22 58 59 60 61 62 34 35 63 38 41 64 55 
3 24 21 13 14 15 16 12 43 8 46 47 40 7 42 5 33 34 35 36 37 38 29 31 32 2 23 58 59 25 26 61 19 57 17 22 1 20 53 54 55 56 50 51 9 52 10 11 44 45 64 48 41 4 39 6 63 62 27 28 30 60 18 49 
4 28 13 7 17 18 19 44 11 49 29 51 16 33 34 35 21 22 1 39 40 41 25 58 45 60 30 12 32 50 62 9 37 38 3 53 54 55 42 5 6 57 46 26 48 59 64 23 31 52 2 27 56 14 15 63 20 47 61 8 43 10 36 24 
5 10 14 17 1 20 21 24 27 2 30 31 33 3 36 37 4 39 40 6 7 42 43 8 46 47 9 49 50 11 12 52 13 53 54 15 16 56 18 19 57 22 23 58 59 25 26 61 28 29 62 32 34 35 63 38 41 44 45 64 48 51 55 60 
6 32 15 41 20 7 22 48 28 52 2 11 55 36 16 38 57 4 18 21 42 1 44 61 8 25 49 29 51 10 30 12 63 13 34 37 56 3 17 39 19 5 58 45 60 24 46 26 50 62 9 31 33 53 35 14 40 59 64 23 47 27 54 43 
7 12 16 19 21 22 1 26 29 31 32 2 35 37 38 3 40 41 4 42 5 6 45 47 48 8 50 51 9 52 10 11 54 55 13 56 14 15 57 17 18 20 59 60 23 61 24 25 62 27 28 30 63 33 34 36 39 64 43 44 46 49 53 58 
8 3 31 23 24 25 26 21 13 14 15 16 50 12 52 10 43 44 45 46 47 48 40 7 42 5 33 34 35 36 37 38 29 62 27 32 2 30 58 59 60 61 19 57 17 22 1 20 53 54 55 56 51 9 49 11 64 41 4 39 6 63 28 18 
9 39 23 12 27 28 29 53 20 18 40 57 26 43 44 45 31 32 2 49 50 51 36 34 54 63 6 21 42 19 41 17 47 48 8 58 59 60 52 10 11 62 15 37 56 35 55 33 7 22 5 4 61 24 25 64 30 16 38 14 13 1 46 3 
10 1 24 27 2 30 31 3 4 5 6 7 43 8 46 47 9 49 50 11 12 52 13 14 15 16 17 18 19 20 21 22 23 58 59 25 26 61 28 29 62 32 33 34 35 36 37 38 39 40 41 42 44 45 64 48 51 53 54 55 56 57 60 63 
11 42 25 51 30 12 32 56 39 22 5 20 60 46 26 48 62 9 28 31 52 2 53 38 14 36 18 40 57 1 6 21 64 23 44 47 61 8 27 49 29 10 34 54 63 3 15 37 19 41 17 7 43 58 45 24 50 35 55 33 16 4 59 13 
12 21 26 29 31 32 2 37 40 7 42 5 45 47 48 8 50 51 9 52 10 11 54 16 56 14 19 57 17 22 1 20 59 60 23 61 24 25 62 27 28 30 35 63 33 38 3 36 41 4 39 6 64 43 44 46 49 55 13 53 15 18 58 34 
13 58 40 16 33 34 35 51 46 44 59 64 5 19 57 17 37 38 3 53 54 55 32 62 9 28 25 47 61 45 60 43 1 20 21 41 4 39 56 14 15 63 52 2 11 27 49 29 26 48 24 23 6 7 42 18 36 10 30 12 50 8 22 31 
14 8 7 33 3 36 37 31 23 24 25 26 19 21 22 1 13 53 54 15 16 56 50 12 52 10 43 44 45 46 47 48 40 41 4 42 5 6 34 35 63 38 29 62 27 32 2 30 58 59 60 61 57 17 18 20 55 51 9 49 11 64 39 28 
15 61 42 55 36 16 38 11 58 48 24 46 39 22 5 20 63 13 34 37 56 3 51 30 12 32 44 59 64 8 25 47 18 40 57 1 6 21 33 53 35 14 62 9 28 31 52 2 45 60 43 26 19 41 17 7 54 27 49 29 10 23 4 50 
16 47 5 35 37 38 3 2 59 26 61 24 17 1 20 21 54 55 13 56 14 15 9 10 11 12 45 64 43 48 8 46 4 39 40 6 7 42 63 33 34 36 27 28 29 30 31 32 60 23 58 25 18 19 57 22 53 49 50 51 52 44 41 62 
17 49 33 21 4 39 40 58 30 28 50 62 37 13 53 54 7 42 5 18 19 57 46 44 59 64 11 31 52 29 51 27 16 56 14 34 35 63 22 1 20 41 25 47 61 45 60 43 12 32 10 9 38 3 36 55 6 26 48 24 23 2 15 8 
18 9 34 6 39 19 41 23 12 27 28 29 15 53 35 55 20 7 22 40 57 4 26 43 44 45 31 32 2 49 50 51 36 16 38 54 63 13 21 42 1 17 47 48 8 58 59 60 52 10 11 62 37 56 3 33 5 61 24 25 64 30 14 46 
19 51 35 1 40 41 4 60 32 62 9 28 3 54 55 13 5 6 7 57 17 18 48 64 23 44 52 2 11 27 49 29 14 15 16 63 33 34 20 21 22 39 61 8 25 43 58 45 10 30 12 50 36 37 38 53 42 24 46 26 59 31 56 47 
20 52 36 57 6 21 42 61 49 32 10 30 63 15 37 56 41 17 39 7 22 5 58 48 24 46 28 50 62 2 11 31 55 33 53 16 38 14 4 18 40 1 44 59 64 8 25 47 29 51 27 12 13 34 54 3 19 45 60 43 26 9 35 23 
21 31 37 40 7 42 5 47 50 12 52 10 54 16 56 14 19 57 17 22 1 20 59 26 61 24 29 62 27 32 2 30 35 63 33 38 3 36 41 4 39 6 45 64 43 48 8 46 51 9 49 11 55 13 53 15 18 60 23 58 25 28 34 44 
22 11 38 18 42 1 6 25 51 30 12 32 34 56 3 15 39 19 41 5 20 7 60 46 26 48 62 9 28 31 52 2 53 35 55 14 36 16 40 57 4 21 64 23 44 47 61 8 27 49 29 10 54 63 13 37 17 43 58 45 24 50 33 59 
23 34 50 26 43 44 45 57 15 53 35 55 10 29 62 27 47 48 8 58 59 60 42 41 17 39 36 16 38 54 63 13 2 30 31 51 9 49 61 24 25 64 22 5 20 4 18 40 37 56 3 33 11 12 52 28 46 1 6 21 19 14 32 7 
24 14 12 43 8 46 47 7 33 3 36 37 29 31 32 2 23 58 59 25 26 61 19 21 22 1 13 53 54 15 16 56 50 51 9 52 10 11 44 45 64 48 40 41 4 42 5 6 34 35 63 38 62 27 28 30 60 57 17 18 20 55 49 39 
25 38 52 60 46 26 48 20 34 56 3 15 49 32 10 30 64 23 44 47 61 8 57 6 21 42 53 35 55 14 36 16 28 50 62 2 11 31 43 58 45 24 41 17 39 7 22 5 54 63 13 37 29 51 27 12 59 4 18 40 1 33 9 19 
26 16 10 45 47 48 8 5 35 37 38 3 27 2 30 31 59 60 23 61 24 25 17 1 20 21 54 55 13 56 14 15 9 49 50 11 12 52 64 43 44 46 4 39 40 6 7 42 63 33 34 36 28 29 62 32 58 18 19 57 22 53 51 41 
27 18 43 31 9 49 50 34 6 39 19 41 47 23 58 59 12 52 10 28 29 62 15 53 35 55 20 7 22 40 57 4 26 61 24 44 45 64 32 2 30 51 36 16 38 54 63 13 21 42 1 17 48 8 46 60 11 37 56 3 33 5 25 14 
28 17 44 11 49 29 51 33 21 4 39 40 25 58 45 60 30 12 32 50 62 9 37 13 53 54 7 42 5 18 19 57 46 26 48 59 64 23 31 52 2 27 16 56 14 34 35 63 22 1 20 41 47 61 8 43 10 38 3 36 55 6 24 15 
29 57 45 2 50 51 9 63 42 41 17 39 8 59 60 23 10 11 12 62 27 28 56 55 33 53 22 5 20 4 18 40 24 25 26 64 43 44 30 31 32 49 38 14 36 13 34 54 1 6 21 19 46 47 48 58 52 3 15 37 35 7 61 16 
30 22 46 62 11 31 52 38 18 42 1 6 64 25 47 61 51 27 49 12 32 10 34 56 3 15 39 19 41 5 20 7 60 43 58 26 48 24 9 28 50 2 53 35 55 14 36 16 40 57 4 21 23 44 59 8 29 54 63 13 37 17 45 33 
31 7 47 50 12 52 10 16 19 21 22 1 59 26 61 24 29 62 27 32 2 30 35 37 38 3 40 41 4 42 5 6 45 64 43 48 8 46 51 9 49 11 54 55 13 56 14 15 57 17 18 20 60 23 58 25 28 63 33 34 36 39 44 53 
32 20 48 28 52 2 11 36 57 6 21 42 44 61 8 25 49 29 51 10 30 12 63 15 37 56 41 17 39 7 22 5 58 45 60 24 46 26 50 62 9 31 55 33 53 16 38 14 4 18 40 1 59 64 23 47 27 13 34 54 3 19 43 35 
33 44 19 37 13 53 54 62 25 58 45 60 1 40 41 4 16 56 14 34 35 63 52 51 27 49 46 26 48 59 64 23 5 6 7 57 17 18 38 3 36 55 32 10 30 9 28 50 47 61 8 43 20 21 22 39 15 2 11 31 29 24 42 12 
34 43 57 15 53 35 55 29 47 23 58 59 42 41 17 39 36 16 38 54 63 13 2 50 51 9 26 61 24 44 45 64 22 5 20 4 18 40 37 56 3 33 10 11 12 62 27 28 48 8 46 60 1 6 21 19 14 30 31 32 49 25 7 52 
35 64 17 3 54 55 13 28 61 60 43 58 21 4 39 40 14 15 16 63 33 34 11 49 29 51 48 24 46 23 44 59 7 42 5 18 19 57 36 37 38 53 30 12 32 50 62 9 8 25 47 45 22 1 20 41 56 31 52 2 27 26 6 10 
36 48 22 63 15 37 56 30 44 61 8 25 18 42 1 6 55 33 53 16 38 14 62 11 31 52 58 45 60 24 46 26 39 19 41 5 20 7 13 34 54 3 51 27 49 12 32 10 59 64 23 47 40 57 4 21 35 9 28 50 2 43 17 29 
37 26 1 54 16 56 14 10 45 47 48 8 4 5 6 7 35 63 33 38 3 36 27 2 30 31 59 60 23 61 24 25 17 18 19 20 21 22 55 13 53 15 9 49 50 11 12 52 64 43 44 46 39 40 41 42 34 28 29 62 32 58 57 51 
38 46 20 34 56 3 15 32 64 25 47 61 57 6 21 42 53 35 55 14 36 16 28 52 2 11 60 43 58 26 48 24 41 17 39 7 22 5 54 63 13 37 49 29 51 10 30 12 23 44 59 8 4 18 40 1 33 50 62 9 31 45 19 27 
39 27 53 20 18 40 57 43 31 9 49 50 36 34 54 63 6 21 42 19 41 17 47 23 58 59 12 52 10 28 29 62 15 37 56 35 55 33 7 22 5 4 26 61 24 44 45 64 32 2 30 51 16 38 14 13 1 48 8 46 60 11 3 25 
40 62 54 5 19 57 17 64 52 51 27 49 14 35 63 33 1 20 21 41 4 39 61 60 43 58 32 10 30 9 28 50 3 36 37 55 13 53 6 7 42 18 48 24 46 23 44 59 2 11 31 29 15 16 56 34 22 8 25 47 45 12 38 26 
41 29 55 22 57 4 18 45 2 50 51 9 38 63 13 34 42 1 6 17 39 19 8 59 60 23 10 11 12 62 27 28 56 3 15 33 53 35 5 20 7 40 24 25 26 64 43 44 30 31 32 49 14 36 16 54 21 46 47 48 58 52 37 61 
42 30 56 39 22 5 20 46 62 11 31 52 53 38 14 36 18 40 57 1 6 21 64 25 47 61 51 27 49 12 32 10 34 54 63 3 15 37 19 41 17 7 60 43 58 26 48 24 9 28 50 2 35 55 33 16 4 23 44 59 8 29 13 45 
43 53 29 47 23 58 59 41 36 34 54 63 2 50 51 9 26 61 24 44 45 64 22 57 4 18 15 37 56 35 55 33 10 11 12 62 27 28 48 8 46 60 42 1 6 17 39 19 16 38 14 13 30 31 32 49 25 5 20 7 40 3 52 21 
44 13 62 25 58 45 60 40 16 33 34 35 52 51 27 49 46 26 48 59 64 23 5 19 57 17 37 38 3 53 54 55 32 10 30 9 28 50 47 61 8 43 1 20 21 41 4 39 56 14 15 63 2 11 31 29 24 6 7 42 18 36 12 22 
45 55 27 8 59 60 23 39 38 63 13 34 31 9 49 50 24 25 26 64 43 44 20 18 40 57 56 3 15 33 53 35 12 52 10 28 29 62 46 47 48 58 6 21 42 19 41 17 14 36 16 54 32 2 30 51 61 7 22 5 4 37 11 1 
46 56 32 64 25 47 61 6 53 38 14 36 28 52 2 11 60 43 58 26 48 24 41 20 7 22 34 54 63 3 15 37 49 29 51 10 30 12 23 44 59 8 57 4 18 21 42 1 35 55 33 16 50 62 9 31 45 17 39 19 5 13 27 40 
47 37 2 59 26 61 24 1 54 16 56 14 9 10 11 12 45 64 43 48 8 46 4 5 6 7 35 63 33 38 3 36 27 28 29 30 31 32 60 23 58 25 17 18 19 20 21 22 55 13 53 15 49 50 51 52 44 39 40 41 42 34 62 57 
48 15 30 44 61 8 25 42 55 36 16 38 62 11 31 52 58 45 60 24 46 26 39 22 5 20 63 13 34 37 56 3 51 27 49 12 32 10 59 64 23 47 18 40 57 1 6 21 33 53 35 14 9 28 50 2 43 19 41 17 7 54 29 4 
49 4 58 30 28 50 62 13 7 17 18 19 46 44 59 64 11 31 52 29 51 27 16 33 34 35 21 22 1 39 40 41 25 47 61 45 60 43 12 32 10 9 37 38 3 53 54 55 42 5 6 57 26 48 24 23 2 56 14 15 63 20 8 36 
50 41 59 10 29 62 27 55 22 57 4 18 24 45 64 43 2 30 31 51 9 49 38 63 13 34 42 1 6 17 39 19 8 46 47 60 23 58 11 12 52 28 56 3 15 33 53 35 5 20 7 40 25 26 61 44 32 14 36 16 54 21 48 37 
51 40 60 32 62 9 28 54 5 19 57 17 48 64 23 44 52 2 11 27 49 29 14 35 63 33 1 20 21 41 4 39 61 8 25 43 58 45 10 30 12 50 3 36 37 55 13 53 6 7 42 18 24 46 26 59 31 15 16 56 34 22 47 38 
52 6 61 49 32 10 30 15 41 20 7 22 58 48 24 46 28 50 62 2 11 31 55 36 16 38 57 4 18 21 42 1 44 59 64 8 25 47 29 51 27 12 63 13 34 37 56 3 17 39 19 5 45 60 43 26 9 33 53 35 14 40 23 54 
53 23 41 36 34 54 63 50 26 43 44 45 22 57 4 18 15 37 56 35 55 33 10 29 62 27 47 48 8 58 59 60 42 1 6 17 39 19 16 38 14 13 2 30 31 51 9 49 61 24 25 64 5 20 7 40 3 11 12 52 28 46 21 32 
54 60 4 14 35 63 33 49 48 64 23 44 7 17 18 19 3 36 37 55 13 53 30 28 50 62 61 8 25 43 58 45 21 22 1 39 40 41 15 16 56 34 11 31 52 29 51 27 24 46 26 59 42 5 6 57 38 12 32 10 9 47 20 2 
55 59 39 38 63 13 34 9 24 45 64 43 20 18 40 57 56 3 15 33 53 35 12 27 28 29 8 46 47 60 23 58 6 21 42 19 41 17 14 36 16 54 31 32 2 49 50 51 25 26 61 44 7 22 5 4 37 52 10 11 62 48 1 30 
56 25 6 53 38 14 36 52 60 46 26 48 41 20 7 22 34 54 63 3 15 37 49 32 10 30 64 23 44 47 61 8 57 4 18 21 42 1 35 55 33 16 28 50 62 2 11 31 43 58 45 24 17 39 19 5 13 29 51 27 12 59 40 9 
57 50 63 42 41 17 39 59 10 29 62 27 56 55 33 53 22 5 20 4 18 40 24 45 64 43 2 30 31 51 9 49 38 14 36 13 34 54 1 6 21 19 8 46 47 60 23 58 11 12 52 28 3 15 37 35 7 25 26 61 44 32 16 48 
58 33 51 46 44 59 64 19 37 13 53 54 32 62 9 28 25 47 61 45 60 43 1 40 41 4 16 56 14 34 35 63 52 2 11 27 49 29 26 48 24 23 5 6 7 57 17 18 38 3 36 55 10 30 12 50 8 20 21 22 39 15 31 42 
59 63 9 24 45 64 43 18 56 55 33 53 12 27 28 29 8 46 47 60 23 58 6 39 19 41 38 14 36 13 34 54 31 32 2 49 50 51 25 26 61 44 20 7 22 40 57 4 3 15 37 35 52 10 11 62 48 21 42 1 17 16 30 5 
60 35 49 48 64 23 44 17 3 54 55 13 30 28 50 62 61 8 25 43 58 45 21 4 39 40 14 15 16 63 33 34 11 31 52 29 51 27 24 46 26 59 7 42 5 18 19 57 36 37 38 53 12 32 10 9 47 22 1 20 41 56 2 6 
61 36 11 58 48 24 46 22 63 15 37 56 51 30 12 32 44 59 64 8 25 47 18 42 1 6 55 33 53 16 38 14 62 9 28 31 52 2 45 60 43 26 39 19 41 5 20 7 13 34 54 3 27 49 29 10 23 40 57 4 21 35 50 17 
62 19 64 52 51 27 49 35 1 40 41 4 61 60 43 58 32 10 30 9 28 50 3 54 55 13 5 6 7 57 17 18 48 24 46 23 44 59 2 11 31 29 14 15 16 63 33 34 20 21 22 39 8 25 47 45 12 36 37 38 53 42 26 56 
63 45 18 56 55 33 53 27 8 59 60 23 6 39 19 41 38 14 36 13 34 54 31 9 49 50 24 25 26 64 43 44 20 7 22 40 57 4 3 15 37 35 12 52 10 28 29 62 46 47 48 58 21 42 1 17 16 32 2 30 51 61 5 11 
64 54 28 61 60 43 58 4 14 35 63 33 11 49 29 51 48 24 46 23 44 59 7 17 18 19 3 36 37 55 13 53 30 12 32 50 62 9 8 25 47 45 21 22 1 39 40 41 15 16 56 34 31 52 2 27 26 42 5 6 57 38 10 20 
1
0 1 

1 4 
1 
5 
7 
21 
2 8 
1 5 
1 7 
1 21 
5 7 
5 21 
6 22 
7 21 
20 42 
3 12 
1 5 7 
1 5 21 
1 6 22 
1 7 21 
1 20 42 
5 6 22 
5 7 21 
5 20 42 
6 7 22 
6 21 22 
7 20 42 
20 21 42 
4 14 
1 5 6 22 
1 5 7 21 
1 5 20 42 
1 6 7 22 
1 6 21 22 
1 7 20 42 
1 20 21 42 
5 6 7 22 
5 6 21 22 
5 7 20 42 
5 20 21 42 
6 7 21 22 
6 20 22 42 
7 20 21 42 
5 12 
1 5 6 7 22 
1 5 6 21 22 
1 5 7 20 42 
1 5 20 21 42 
1 6 7 21 22 
1 6 20 22 42 
1 7 20 21 42 
5 6 7 21 22 
5 6 20 22 42 
5 7 20 21 42 
6 7 20 22 42 
6 20 21 22 42 
6 8 
1 5 6 7 21 22 
1 5 6 20 22 42 
1 5 7 20 21 42 
1 6 7 20 22 42 
1 6 20 21 22 42 
5 6 7 20 22 42 
5 6 20 21 22 42 
6 7 20 21 22 42 
7 4 
1 5 6 7 20 22 42 
1 5 6 20 21 22 42 
1 6 7 20 21 22 42 
5 6 7 20 21 22 42 
8 1 
1 5 6 7 20 21 22 42 
2
0 1 

1 1 

2 4 
2 10 
11 30 
12 31 
32 52 
3 1 

4 6 
2 10 11 30 
2 10 12 31 
2 10 32 52 
11 12 30 31 
11 30 32 52 
12 31 32 52 
5 1 

6 4 
2 10 11 12 30 31 
2 10 11 30 32 52 
2 10 12 31 32 52 
11 12 30 31 32 52 
7 1 

8 1 
2 10 11 12 30 31 32 52 
3
0 1 

1 1 

2 4 
3 37 
14 16 
15 36 
38 56 
3 1 

4 6 
3 14 16 37 
3 15 36 37 
3 37 38 56 
14 15 16 36 
14 16 38 56 
15 36 38 56 
5 1 

6 4 
3 14 15 16 36 37 
3 14 16 37 38 56 
3 15 36 37 38 56 
14 15 16 36 38 56 
7 1 

8 1 
3 14 15 16 36 37 38 56 
4
0 1 

1 1 

2 4 
4 19 
17 40 
18 41 
39 57 
3 1 

4 6 
4 17 19 40 
4 18 19 41 
4 19 39 57 
17 18 40 41 
17 39 40 57 
18 39 41 57 
5 1 

6 4 
4 17 18 19 40 41 
4 17 19 39 40 57 
4 18 19 39 41 57 
17 18 39 40 41 57 
7 1 

8 1 
4 17 18 19 39 40 41 57 
5
0 1 

1 1 

2 4 
8 47 
24 26 
25 61 
46 48 
3 1 

4 6 
8 24 26 47 
8 25 47 61 
8 46 47 48 
24 25 26 61 
24 26 46 48 
25 46 48 61 
5 1 

6 4 
8 24 25 26 47 61 
8 24 26 46 47 48 
8 25 46 47 48 61 
24 25 26 46 48 61 
7 1 

8 1 
8 24 25 26 46 47 48 61 
6
0 1 

1 1 

2 4 
9 62 
27 51 
28 50 
29 49 
3 1 

4 6 
9 27 51 62 
9 28 50 62 
9 29 49 62 
27 28 50 51 
27 29 49 51 
28 29 49 50 
5 1 

6 4 
9 27 28 50 51 62 
9 27 29 49 51 62 
9 28 29 49 50 62 
27 28 29 49 50 51 
7 1 

8 1 
9 27 28 29 49 50 51 62 
7
0 1 

1 1 

2 4 
13 33 
34 53 
35 54 
55 63 
3 1 

4 6 
13 33 34 53 
13 33 35 54 
13 33 55 63 
34 35 53 54 
34 53 55 63 
35 54 55 63 
5 1 

6 4 
13 33 34 35 53 54 
13 33 34 53 55 63 
13 33 35 54 55 63 
34 35 53 54 55 63 
7 1 

8 1 
13 33 34 35 53 54 55 63 
8
0 1 

1 1 

2 4 
23 58 
43 44 
45 64 
59 60 
3 1 

4 6 
23 43 44 58 
23 45 58 64 
23 58 59 60 
43 44 45 64 
43 44 59 60 
45 59 60 64 
5 1 

6 4 
23 43 44 45 58 64 
23 43 44 58 59 60 
23 45 58 59 60 64 
43 44 45 59 60 64 
7 1 

8 1 
23 43 44 45 58 59 60 64 
