//Table for grp 111:
57
0 0 2 2 4 4 2 4 
0 0 2 4 4 2 4 2 
0 0 4 2 2 4 4 2 
0 0 4 4 2 2 2 4 
0 2 0 2 4 2 4 4 
0 2 0 4 4 4 2 2 
0 2 2 0 2 4 4 4 
0 2 2 2 2 2 2 6 
0 2 2 2 2 2 6 2 
0 2 2 2 2 6 2 2 
0 2 2 2 6 2 2 2 
0 2 2 4 2 0 4 4 
0 2 2 4 2 4 0 4 
0 2 2 4 2 4 4 0 
0 2 2 6 2 2 2 2 
0 2 4 0 4 4 2 2 
0 2 4 2 0 2 4 4 
0 2 4 2 4 2 0 4 
0 2 4 2 4 2 4 0 
0 2 4 4 0 4 2 2 
0 2 4 4 4 0 2 2 
0 2 6 2 2 2 2 2 
0 4 0 2 2 4 4 2 
0 4 0 4 2 2 2 4 
0 4 2 0 4 2 4 2 
0 4 2 2 0 4 2 4 
0 4 2 2 4 0 2 4 
0 4 2 2 4 4 2 0 
0 4 2 4 0 2 4 2 
0 4 2 4 4 2 0 2 
0 4 4 0 2 2 2 4 
0 4 4 2 2 0 4 2 
0 4 4 2 2 4 0 2 
0 4 4 4 2 2 2 0 
0 6 2 2 2 2 2 2 
2 0 2 2 2 2 4 4 
2 0 2 4 2 4 2 2 
2 0 4 2 4 2 2 2 
2 2 0 2 2 4 2 4 
2 2 0 4 2 2 4 2 
2 2 2 0 4 2 2 4 
2 2 2 2 0 4 4 2 
2 2 2 2 4 0 4 2 
2 2 2 2 4 4 0 2 
2 2 2 4 0 2 2 4 
2 2 2 4 4 2 2 0 
2 2 4 0 2 2 4 2 
2 2 4 2 2 0 2 4 
2 2 4 2 2 4 2 0 
2 2 4 4 2 2 0 2 
2 4 0 2 4 2 2 2 
2 4 2 0 2 4 2 2 
2 4 2 2 2 2 0 4 
2 4 2 2 2 2 4 0 
2 4 2 4 2 0 2 2 
2 4 4 2 0 2 2 2 
4 2 2 2 2 2 2 2 
1 2 3 4 5 6 7 8 9 10 11 12 13 14 15 16 17 18 19 20 21 22 23 24 25 26 27 28 29 30 31 32 33 34 35 36 37 38 39 40 41 42 43 44 45 46 47 48 49 50 51 52 53 54 55 56 57 58 59 60 61 62 63 64 
2 6 8 9 10 11 12 15 18 20 7 22 23 24 25 26 27 28 29 30 31 32 34 36 16 38 39 19 41 21 42 1 43 44 45 46 47 48 49 50 51 52 53 35 55 37 56 3 40 57 4 5 58 59 60 61 62 54 63 13 14 17 64 33 
3 24 5 13 14 15 16 12 43 26 46 47 17 7 20 21 33 34 35 36 37 38 29 31 32 2 45 58 59 48 8 61 19 39 40 22 1 42 53 54 55 56 50 51 9 52 10 11 60 23 64 25 41 4 57 6 63 62 27 28 30 44 18 49 
4 9 35 1 17 18 19 45 2 27 28 29 16 54 55 13 5 6 7 39 40 41 26 59 60 23 10 11 12 49 50 51 37 38 3 63 33 34 20 21 22 57 47 48 8 64 43 44 30 31 32 62 56 14 15 53 42 61 24 25 58 52 36 46 
5 31 14 17 7 20 21 47 50 2 52 10 33 16 36 37 19 39 40 22 1 42 59 8 61 24 9 62 27 11 12 30 35 53 54 38 3 56 41 4 57 6 23 64 43 25 26 46 28 29 49 32 55 13 63 15 18 44 45 58 48 51 34 60 
6 11 15 18 20 7 22 25 28 30 12 32 34 36 16 38 39 19 41 21 42 1 44 46 26 48 49 29 51 31 52 2 53 35 55 37 56 3 40 57 4 5 58 45 60 47 61 8 50 62 9 10 54 63 13 14 17 59 64 23 24 27 33 43 
7 12 16 19 21 22 1 26 29 31 32 2 35 37 38 3 40 41 4 42 5 6 45 47 48 8 50 51 9 52 10 11 54 55 13 56 14 15 57 17 18 20 59 60 23 61 24 25 62 27 28 30 63 33 34 36 39 64 43 44 46 49 53 58 
8 36 10 23 24 25 26 22 53 38 37 56 27 12 30 31 43 44 45 46 47 48 41 42 1 6 55 54 63 3 15 14 29 49 50 32 2 52 58 59 60 61 57 4 18 5 20 7 13 34 33 16 51 9 62 11 64 17 39 19 21 35 28 40 
9 18 45 2 27 28 29 55 6 39 19 41 26 59 60 23 10 11 12 49 50 51 38 63 13 34 20 7 22 40 57 4 47 48 8 64 43 44 30 31 32 62 56 3 15 33 53 35 21 42 1 17 61 24 25 58 52 14 36 16 54 5 46 37 
10 42 24 27 12 30 31 56 57 6 5 20 43 26 46 47 29 49 50 32 2 52 63 15 14 36 18 17 39 7 22 21 45 58 59 48 8 61 51 9 62 11 34 33 53 16 38 37 19 41 40 1 60 23 64 25 28 35 55 54 3 4 44 13 
11 7 25 28 30 12 32 16 19 21 22 1 44 46 26 48 49 29 51 31 52 2 35 37 38 3 40 41 4 42 5 6 58 45 60 47 61 8 50 62 9 10 54 55 13 56 14 15 57 17 18 20 59 64 23 24 27 63 33 34 36 39 43 53 
12 22 26 29 31 32 2 38 41 42 1 6 45 47 48 8 50 51 9 52 10 11 55 56 3 15 57 4 18 5 20 7 59 60 23 61 24 25 62 27 28 30 63 13 34 14 36 16 17 39 19 21 64 43 44 46 49 33 53 35 37 40 58 54 
13 43 40 3 33 34 35 9 24 45 58 59 21 4 57 17 14 15 16 53 54 55 2 27 28 29 26 46 47 60 23 64 1 42 5 18 19 39 36 37 38 63 10 11 12 49 50 51 48 8 61 44 6 7 20 41 56 30 31 32 62 25 22 52 
14 8 7 33 16 36 37 10 23 24 25 26 19 21 22 1 35 53 54 38 3 56 27 12 30 31 43 44 45 46 47 48 40 41 4 42 5 6 55 13 63 15 29 49 50 32 2 52 58 59 60 61 57 17 18 20 34 51 9 62 11 64 39 28 
15 46 20 34 36 16 38 32 58 48 47 61 39 22 21 42 53 35 55 37 56 3 51 52 2 11 60 59 64 8 25 24 41 40 57 1 6 5 54 63 13 14 62 9 28 10 30 12 23 44 43 26 4 18 17 7 33 27 49 29 31 45 19 50 
16 47 21 35 37 38 3 2 59 8 61 24 40 1 42 5 54 55 13 56 14 15 9 10 11 12 23 64 43 25 26 46 4 57 17 6 7 20 63 33 34 36 27 28 29 30 31 32 44 45 58 48 18 19 39 22 53 49 50 51 52 60 41 62 
17 50 54 5 19 39 40 43 31 9 62 27 37 13 63 33 7 20 21 41 4 57 24 45 58 59 2 52 10 28 29 49 3 56 14 34 35 53 22 1 42 18 26 46 47 60 23 64 11 12 30 51 15 16 36 55 6 48 8 61 44 32 38 25 
18 28 55 6 39 19 41 60 11 49 29 51 38 63 13 34 20 7 22 40 57 4 48 64 23 44 30 12 32 50 62 9 56 3 15 33 53 35 21 42 1 17 61 8 25 43 58 45 31 52 2 27 14 36 16 54 5 24 46 26 59 10 37 47 
19 29 13 7 40 41 4 23 12 50 51 9 3 33 34 35 21 22 1 57 17 18 8 43 44 45 31 32 2 62 27 28 14 15 16 53 54 55 42 5 6 39 24 25 26 58 59 60 52 10 11 49 36 37 38 63 20 46 47 48 64 30 56 61 
20 52 36 39 22 21 42 61 62 11 10 30 53 38 37 56 41 40 57 1 6 5 64 25 24 46 28 27 49 12 32 31 55 54 63 3 15 14 4 18 17 7 44 43 58 26 48 47 29 51 50 2 13 34 33 16 19 45 60 59 8 9 35 23 
21 10 37 40 1 42 5 24 27 12 30 31 54 3 56 14 4 57 17 6 7 20 43 26 46 47 29 49 50 32 2 52 13 63 33 15 16 36 18 19 39 22 45 58 59 48 8 61 51 9 62 11 34 35 53 38 41 60 23 64 25 28 55 44 
22 32 38 41 42 1 6 48 51 52 2 11 55 56 3 15 57 4 18 5 20 7 60 61 8 25 62 9 28 10 30 12 63 13 34 14 36 16 17 39 19 21 64 23 44 24 46 26 27 49 29 31 33 53 35 37 40 43 58 45 47 50 54 59 
23 53 50 8 43 44 45 18 36 55 54 63 31 9 62 27 24 25 26 58 59 60 6 39 19 41 38 37 56 13 34 33 2 52 10 28 29 49 46 47 48 64 20 7 22 40 57 4 3 15 14 35 11 12 30 51 61 21 42 1 17 16 32 5 
24 15 12 43 26 46 47 20 34 36 16 38 29 31 32 2 45 58 59 48 8 61 39 22 21 42 53 35 55 37 56 3 50 51 9 52 10 11 60 23 64 25 41 40 57 1 6 5 54 63 13 14 62 27 28 30 44 4 18 17 7 33 49 19 
25 37 30 44 46 26 48 1 54 3 56 14 49 32 31 52 58 45 60 47 61 8 4 5 6 7 13 63 33 15 16 36 51 50 62 2 11 10 59 64 23 24 17 18 19 20 21 22 34 35 53 38 9 28 27 12 43 39 40 41 42 55 29 57 
26 56 31 45 47 48 8 6 63 15 14 36 50 2 52 10 59 60 23 61 24 25 18 20 7 22 34 33 53 16 38 37 9 62 27 11 12 30 64 43 44 46 39 19 41 21 42 1 35 55 54 3 28 29 49 32 58 40 57 4 5 13 51 17 
27 57 59 10 29 49 50 53 42 18 17 39 47 23 64 43 12 30 31 51 9 62 36 55 54 63 6 5 20 19 41 40 8 61 24 44 45 58 32 2 52 28 38 37 56 13 34 33 7 22 21 4 25 26 46 60 11 3 15 14 35 1 48 16 
28 19 60 11 49 29 51 13 7 40 41 4 48 64 23 44 30 12 32 50 62 9 3 33 34 35 21 22 1 57 17 18 61 8 25 43 58 45 31 52 2 27 14 15 16 53 54 55 42 5 6 39 24 46 26 59 10 36 37 38 63 20 47 56 
29 41 23 12 50 51 9 34 22 57 4 18 8 43 44 45 31 32 2 62 27 28 15 53 35 55 42 1 6 17 39 19 24 25 26 58 59 60 52 10 11 49 36 16 38 54 63 13 5 20 7 40 46 47 48 64 30 37 56 3 33 21 61 14 
30 5 46 49 32 31 52 14 17 7 20 21 58 48 47 61 51 50 62 2 11 10 33 16 36 37 19 39 40 22 1 42 60 59 64 8 25 24 9 28 27 12 35 53 54 38 3 56 41 4 57 6 23 44 43 26 29 55 13 63 15 18 45 34 
31 20 47 50 2 52 10 36 39 22 21 42 59 8 61 24 9 62 27 11 12 30 53 38 37 56 41 40 57 1 6 5 23 64 43 25 26 46 28 29 49 32 55 54 63 3 15 14 4 18 17 7 44 45 58 48 51 13 34 33 16 19 60 35 
32 1 48 51 52 2 11 3 4 5 6 7 60 61 8 25 62 9 28 10 30 12 13 14 15 16 17 18 19 20 21 22 64 23 44 24 46 26 27 49 29 31 33 34 35 36 37 38 39 40 41 42 43 58 45 47 50 53 54 55 56 57 59 63 
33 23 4 14 35 53 54 50 8 43 44 45 1 17 18 19 16 36 37 55 13 63 31 9 62 27 24 25 26 58 59 60 5 6 7 39 40 41 38 3 56 34 2 52 10 28 29 49 46 47 48 64 20 21 22 57 15 11 12 30 51 61 42 32 
34 58 57 15 53 35 55 28 46 60 59 64 42 18 17 39 36 16 38 54 63 13 11 49 29 51 48 47 61 23 44 43 6 5 20 19 41 40 37 56 3 33 30 12 32 50 62 9 8 25 24 45 7 22 21 4 14 31 52 2 27 26 1 10 
35 59 17 16 54 55 13 29 47 23 64 43 5 19 39 40 37 38 3 63 33 34 12 50 51 9 8 61 24 44 45 58 7 20 21 41 4 57 56 14 15 53 31 32 2 62 27 28 25 26 46 60 22 1 42 18 36 52 10 11 49 48 6 30 
36 25 22 53 38 37 56 30 44 46 26 48 41 42 1 6 55 54 63 3 15 14 49 32 31 52 58 45 60 47 61 8 57 4 18 5 20 7 13 34 33 16 51 50 62 2 11 10 59 64 23 24 17 39 19 21 35 9 28 27 12 43 40 29 
37 26 1 54 3 56 14 31 45 47 48 8 4 5 6 7 13 63 33 15 16 36 50 2 52 10 59 60 23 61 24 25 17 18 19 20 21 22 34 35 53 38 9 62 27 11 12 30 64 43 44 46 39 40 41 42 55 28 29 49 32 58 57 51 
38 61 42 55 56 3 15 11 64 25 24 46 57 6 5 20 63 13 34 14 36 16 28 30 12 32 44 43 58 26 48 47 18 17 39 7 22 21 33 53 35 37 49 29 51 31 52 2 45 60 59 8 19 41 40 1 54 50 62 9 10 23 4 27 
39 62 63 20 41 40 57 58 52 28 27 49 56 34 33 53 22 21 42 4 18 17 46 60 59 64 11 10 30 29 51 50 15 14 36 35 55 54 1 6 5 19 48 47 61 23 44 43 12 32 31 9 16 38 37 13 7 8 25 24 45 2 3 26 
40 27 33 21 4 57 17 59 10 29 49 50 14 35 53 54 1 42 5 18 19 39 47 23 64 43 12 30 31 51 9 62 16 36 37 55 13 63 6 7 20 41 8 61 24 44 45 58 32 2 52 28 38 3 56 34 22 25 26 46 60 11 15 48 
41 51 34 22 57 4 18 44 32 62 9 28 15 53 35 55 42 1 6 17 39 19 25 58 45 60 52 2 11 27 49 29 36 16 38 54 63 13 5 20 7 40 46 26 48 59 64 23 10 30 12 50 37 56 3 33 21 47 61 8 43 31 14 24 
42 30 56 57 6 5 20 46 49 32 31 52 63 15 14 36 18 17 39 7 22 21 58 48 47 61 51 50 62 2 11 10 34 33 53 16 38 37 19 41 40 1 60 59 64 8 25 24 9 28 27 12 35 55 54 3 4 23 44 43 26 29 13 45 
43 34 9 24 45 58 59 57 15 53 35 55 2 27 28 29 26 46 47 60 23 64 42 18 17 39 36 16 38 54 63 13 10 11 12 49 50 51 48 8 61 44 6 5 20 19 41 40 37 56 3 33 30 31 32 62 25 7 22 21 4 14 52 1 
44 54 62 25 58 45 60 19 37 13 63 33 52 28 27 49 46 26 48 59 64 23 7 40 41 4 3 56 14 34 35 53 11 10 30 29 51 50 47 61 8 43 21 22 1 57 17 18 15 16 36 55 12 32 31 9 24 42 5 6 39 38 2 20 
45 63 27 26 59 60 23 41 56 34 33 53 10 29 49 50 47 48 8 64 43 44 22 57 4 18 15 14 36 35 55 54 12 30 31 51 9 62 61 24 25 58 42 1 6 17 39 19 16 38 37 13 32 2 52 28 46 5 20 7 40 3 11 21 
46 16 32 58 48 47 61 21 35 37 38 3 51 52 2 11 60 59 64 8 25 24 40 1 42 5 54 55 13 56 14 15 62 9 28 10 30 12 23 44 43 26 4 57 17 6 7 20 63 33 34 36 27 49 29 31 45 18 19 39 22 53 50 41 
47 38 2 59 8 61 24 42 55 56 3 15 9 10 11 12 23 64 43 25 26 46 57 6 5 20 63 13 34 14 36 16 27 28 29 30 31 32 44 45 58 48 18 17 39 7 22 21 33 53 35 37 49 50 51 52 60 19 41 40 1 54 62 4 
48 14 52 60 61 8 25 7 33 16 36 37 62 11 10 30 64 23 44 24 46 26 19 21 22 1 35 53 54 38 3 56 28 27 49 12 32 31 43 58 45 47 40 41 4 42 5 6 55 13 63 15 29 51 50 2 59 57 17 18 20 34 9 39 
49 17 64 30 51 50 62 54 5 19 39 40 61 44 43 58 32 31 52 9 28 27 37 13 63 33 7 20 21 41 4 57 25 24 46 45 60 59 2 11 10 29 3 56 14 34 35 53 22 1 42 18 26 48 47 23 12 15 16 36 55 6 8 38 
50 39 43 31 9 62 27 63 20 41 40 57 24 45 58 59 2 52 10 28 29 49 56 34 33 53 22 21 42 4 18 17 26 46 47 60 23 64 11 12 30 51 15 14 36 35 55 54 1 6 5 19 48 8 61 44 32 16 38 37 13 7 25 3 
51 4 44 32 62 9 28 35 1 17 18 19 25 58 45 60 52 2 11 27 49 29 16 54 55 13 5 6 7 39 40 41 46 26 48 59 64 23 10 30 12 50 37 38 3 63 33 34 20 21 22 57 47 61 8 43 31 56 14 15 53 42 24 36 
52 21 61 62 11 10 30 37 40 1 42 5 64 25 24 46 28 27 49 12 32 31 54 3 56 14 4 57 17 6 7 20 44 43 58 26 48 47 29 51 50 2 13 63 33 15 16 36 18 19 39 22 45 60 59 8 9 34 35 53 38 41 23 55 
53 44 18 36 55 54 63 62 25 58 45 60 6 39 19 41 38 37 56 13 34 33 52 28 27 49 46 26 48 59 64 23 20 7 22 40 57 4 3 15 14 35 11 10 30 29 51 50 47 61 8 43 21 42 1 17 16 12 32 31 9 24 5 2 
54 45 19 37 13 63 33 27 26 59 60 23 7 40 41 4 3 56 14 34 35 53 10 29 49 50 47 48 8 64 43 44 21 22 1 57 17 18 15 16 36 55 12 30 31 51 9 62 61 24 25 58 42 5 6 39 38 32 2 52 28 46 20 11 
55 64 39 38 63 13 34 51 61 44 43 58 20 41 40 57 56 3 15 33 53 35 32 62 9 28 25 24 46 45 60 59 22 21 42 4 18 17 14 36 16 54 52 2 11 27 49 29 26 48 47 23 1 6 5 19 37 10 30 12 50 8 7 31 
56 48 6 63 15 14 36 52 60 61 8 25 18 20 7 22 34 33 53 16 38 37 62 11 10 30 64 23 44 24 46 26 39 19 41 21 42 1 35 55 54 3 28 27 49 12 32 31 43 58 45 47 40 57 4 5 13 29 51 50 2 59 17 9 
57 49 53 42 18 17 39 64 30 51 50 62 36 55 54 63 6 5 20 19 41 40 61 44 43 58 32 31 52 9 28 27 38 37 56 13 34 33 7 22 21 4 25 24 46 45 60 59 2 11 10 29 3 15 14 35 1 26 48 47 23 12 16 8 
58 35 28 46 60 59 64 17 16 54 55 13 11 49 29 51 48 47 61 23 44 43 5 19 39 40 37 38 3 63 33 34 30 12 32 50 62 9 8 25 24 45 7 20 21 41 4 57 56 14 15 53 31 52 2 27 26 22 1 42 18 36 10 6 
59 55 29 47 23 64 43 39 38 63 13 34 12 50 51 9 8 61 24 44 45 58 20 41 40 57 56 3 15 33 53 35 31 32 2 62 27 28 25 26 46 60 22 21 42 4 18 17 14 36 16 54 52 10 11 49 48 1 6 5 19 37 30 7 
60 33 49 48 64 23 44 4 14 35 53 54 30 51 50 62 61 8 25 43 58 45 1 17 18 19 16 36 37 55 13 63 32 31 52 9 28 27 24 46 26 59 5 6 7 39 40 41 38 3 56 34 2 11 10 29 47 20 21 22 57 15 12 42 
61 3 11 64 25 24 46 5 13 14 15 16 28 30 12 32 44 43 58 26 48 47 17 7 20 21 33 34 35 36 37 38 49 29 51 31 52 2 45 60 59 8 19 39 40 22 1 42 53 54 55 56 50 62 9 10 23 41 4 57 6 63 27 18 
62 40 58 52 28 27 49 33 21 4 57 17 46 60 59 64 11 10 30 29 51 50 14 35 53 54 1 42 5 18 19 39 48 47 61 23 44 43 12 32 31 9 16 36 37 55 13 63 6 7 20 41 8 25 24 45 2 38 3 56 34 22 26 15 
63 60 41 56 34 33 53 49 48 64 23 44 22 57 4 18 15 14 36 35 55 54 30 51 50 62 61 8 25 43 58 45 42 1 6 17 39 19 16 38 37 13 32 31 52 9 28 27 24 46 26 59 5 20 7 40 3 2 11 10 29 47 21 12 
64 13 51 61 44 43 58 40 3 33 34 35 32 62 9 28 25 24 46 45 60 59 21 4 57 17 14 15 16 53 54 55 52 2 11 27 49 29 26 48 47 23 1 42 5 18 19 39 36 37 38 63 10 30 12 50 8 6 7 20 41 56 31 22 
1
0 1 

1 4 
1 
7 
20 
42 
2 8 
1 7 
1 20 
1 42 
5 21 
6 22 
7 20 
7 42 
20 42 
3 12 
1 5 21 
1 6 22 
1 7 20 
1 7 42 
1 20 42 
5 7 21 
5 20 21 
5 21 42 
6 7 22 
6 20 22 
6 22 42 
7 20 42 
4 14 
1 5 7 21 
1 5 20 21 
1 5 21 42 
1 6 7 22 
1 6 20 22 
1 6 22 42 
1 7 20 42 
5 6 21 22 
5 7 20 21 
5 7 21 42 
5 20 21 42 
6 7 20 22 
6 7 22 42 
6 20 22 42 
5 12 
1 5 6 21 22 
1 5 7 20 21 
1 5 7 21 42 
1 5 20 21 42 
1 6 7 20 22 
1 6 7 22 42 
1 6 20 22 42 
5 6 7 21 22 
5 6 20 21 22 
5 6 21 22 42 
5 7 20 21 42 
6 7 20 22 42 
6 8 
1 5 6 7 21 22 
1 5 6 20 21 22 
1 5 6 21 22 42 
1 5 7 20 21 42 
1 6 7 20 22 42 
5 6 7 20 21 22 
5 6 7 21 22 42 
5 6 20 21 22 42 
7 4 
1 5 6 7 20 21 22 
1 5 6 7 21 22 42 
1 5 6 20 21 22 42 
5 6 7 20 21 22 42 
8 1 
1 5 6 7 20 21 22 42 
2
0 1 

1 1 

2 4 
2 32 
10 52 
11 12 
30 31 
3 1 

4 6 
2 10 32 52 
2 11 12 32 
2 30 31 32 
10 11 12 52 
10 30 31 52 
11 12 30 31 
5 1 

6 4 
2 10 11 12 32 52 
2 10 30 31 32 52 
2 11 12 30 31 32 
10 11 12 30 31 52 
7 1 

8 1 
2 10 11 12 30 31 32 52 
3
0 1 

1 1 

2 4 
3 37 
14 16 
15 36 
38 56 
3 1 

4 6 
3 14 16 37 
3 15 36 37 
3 37 38 56 
14 15 16 36 
14 16 38 56 
15 36 38 56 
5 1 

6 4 
3 14 15 16 36 37 
3 14 16 37 38 56 
3 15 36 37 38 56 
14 15 16 36 38 56 
7 1 

8 1 
3 14 15 16 36 37 38 56 
4
0 1 

1 4 
4 
19 
39 
57 
2 8 
4 19 
4 39 
4 57 
17 40 
18 41 
19 39 
19 57 
39 57 
3 12 
4 17 40 
4 18 41 
4 19 39 
4 19 57 
4 39 57 
17 19 40 
17 39 40 
17 40 57 
18 19 41 
18 39 41 
18 41 57 
19 39 57 
4 14 
4 17 19 40 
4 17 39 40 
4 17 40 57 
4 18 19 41 
4 18 39 41 
4 18 41 57 
4 19 39 57 
17 18 40 41 
17 19 39 40 
17 19 40 57 
17 39 40 57 
18 19 39 41 
18 19 41 57 
18 39 41 57 
5 12 
4 17 18 40 41 
4 17 19 39 40 
4 17 19 40 57 
4 17 39 40 57 
4 18 19 39 41 
4 18 19 41 57 
4 18 39 41 57 
17 18 19 40 41 
17 18 39 40 41 
17 18 40 41 57 
17 19 39 40 57 
18 19 39 41 57 
6 8 
4 17 18 19 40 41 
4 17 18 39 40 41 
4 17 18 40 41 57 
4 17 19 39 40 57 
4 18 19 39 41 57 
17 18 19 39 40 41 
17 18 19 40 41 57 
17 18 39 40 41 57 
7 4 
4 17 18 19 39 40 41 
4 17 18 19 40 41 57 
4 17 18 39 40 41 57 
17 18 19 39 40 41 57 
8 1 
4 17 18 19 39 40 41 57 
5
0 1 

1 1 

2 4 
8 25 
24 46 
26 48 
47 61 
3 1 

4 6 
8 24 25 46 
8 25 26 48 
8 25 47 61 
24 26 46 48 
24 46 47 61 
26 47 48 61 
5 1 

6 4 
8 24 25 26 46 48 
8 24 25 46 47 61 
8 25 26 47 48 61 
24 26 46 47 48 61 
7 1 

8 1 
8 24 25 26 46 47 48 61 
6
0 1 

1 1 

2 4 
9 51 
27 62 
28 29 
49 50 
3 1 

4 6 
9 27 51 62 
9 28 29 51 
9 49 50 51 
27 28 29 62 
27 49 50 62 
28 29 49 50 
5 1 

6 4 
9 27 28 29 51 62 
9 27 49 50 51 62 
9 28 29 49 50 51 
27 28 29 49 50 62 
7 1 

8 1 
9 27 28 29 49 50 51 62 
7
0 1 

1 1 

2 4 
13 33 
34 63 
35 54 
53 55 
3 1 

4 6 
13 33 34 63 
13 33 35 54 
13 33 53 55 
34 35 54 63 
34 53 55 63 
35 53 54 55 
5 1 

6 4 
13 33 34 35 54 63 
13 33 34 53 55 63 
13 33 35 53 54 55 
34 35 53 54 55 63 
7 1 

8 1 
13 33 34 35 53 54 55 63 
8
0 1 

1 1 

2 4 
23 60 
43 64 
44 45 
58 59 
3 1 

4 6 
23 43 60 64 
23 44 45 60 
23 58 59 60 
43 44 45 64 
43 58 59 64 
44 45 58 59 
5 1 

6 4 
23 43 44 45 60 64 
23 43 58 59 60 64 
23 44 45 58 59 60 
43 44 45 58 59 64 
7 1 

8 1 
23 43 44 45 58 59 60 64 
