//Table for grp 245:
57
0 0 2 2 4 4 2 4 
0 0 2 4 4 2 4 2 
0 0 4 2 2 4 4 2 
0 0 4 4 2 2 2 4 
0 2 0 2 4 2 4 4 
0 2 0 4 4 4 2 2 
0 2 2 0 2 4 4 4 
0 2 2 2 2 2 2 6 
0 2 2 2 2 2 6 2 
0 2 2 2 2 6 2 2 
0 2 2 2 6 2 2 2 
0 2 2 4 2 0 4 4 
0 2 2 4 2 4 0 4 
0 2 2 4 2 4 4 0 
0 2 2 6 2 2 2 2 
0 2 4 0 4 4 2 2 
0 2 4 2 0 2 4 4 
0 2 4 2 4 2 0 4 
0 2 4 2 4 2 4 0 
0 2 4 4 0 4 2 2 
0 2 4 4 4 0 2 2 
0 2 6 2 2 2 2 2 
0 4 0 2 2 4 4 2 
0 4 0 4 2 2 2 4 
0 4 2 0 4 2 4 2 
0 4 2 2 0 4 2 4 
0 4 2 2 4 0 2 4 
0 4 2 2 4 4 2 0 
0 4 2 4 0 2 4 2 
0 4 2 4 4 2 0 2 
0 4 4 0 2 2 2 4 
0 4 4 2 2 0 4 2 
0 4 4 2 2 4 0 2 
0 4 4 4 2 2 2 0 
0 6 2 2 2 2 2 2 
2 0 2 2 2 2 4 4 
2 0 2 4 2 4 2 2 
2 0 4 2 4 2 2 2 
2 2 0 2 2 4 2 4 
2 2 0 4 2 2 4 2 
2 2 2 0 4 2 2 4 
2 2 2 2 0 4 4 2 
2 2 2 2 4 0 4 2 
2 2 2 2 4 4 0 2 
2 2 2 4 0 2 2 4 
2 2 2 4 4 2 2 0 
2 2 4 0 2 2 4 2 
2 2 4 2 2 0 2 4 
2 2 4 2 2 4 2 0 
2 2 4 4 2 2 0 2 
2 4 0 2 4 2 2 2 
2 4 2 0 2 4 2 2 
2 4 2 2 2 2 0 4 
2 4 2 2 2 2 4 0 
2 4 2 4 2 0 2 2 
2 4 4 2 0 2 2 2 
4 2 2 2 2 2 2 2 
1 2 3 4 5 6 7 8 9 10 11 12 13 14 15 16 17 18 19 20 21 22 23 24 25 26 27 28 29 30 31 32 33 34 35 36 37 38 39 40 41 42 43 44 45 46 47 48 49 50 51 52 53 54 55 56 57 58 59 60 61 62 63 64 
2 6 8 9 10 11 12 15 18 20 1 22 23 24 25 26 27 28 29 30 31 32 34 36 3 38 39 4 41 5 42 7 43 44 45 46 47 48 49 50 51 52 53 13 55 14 56 16 17 57 19 21 58 59 60 61 62 33 63 35 37 40 64 54 
3 25 7 13 14 15 16 32 44 46 8 48 19 21 22 1 33 34 35 36 37 38 51 52 12 11 58 23 60 24 61 26 40 41 4 42 5 6 53 54 55 56 62 29 28 31 30 2 43 64 45 47 57 17 18 20 63 50 49 9 10 59 39 27 
4 29 55 7 17 18 19 44 2 50 51 9 15 63 35 34 21 22 1 39 40 41 48 58 23 60 10 11 12 62 27 28 36 3 38 54 53 13 42 5 6 57 61 26 25 43 64 45 30 31 32 49 14 56 16 33 20 47 46 8 59 52 37 24 
5 52 36 17 6 20 21 47 62 12 31 30 53 3 14 56 18 39 40 1 22 42 59 48 61 24 29 50 49 32 2 10 13 33 63 15 16 37 4 41 57 7 60 64 43 26 25 46 51 9 27 11 34 35 54 38 19 45 44 58 8 28 55 23 
6 11 15 18 20 1 22 25 28 30 2 32 34 36 3 38 39 4 41 5 42 7 44 46 8 48 49 9 51 10 52 12 53 13 55 14 56 16 17 57 19 21 58 23 60 24 61 26 27 62 29 31 33 63 35 37 40 43 64 45 47 50 54 59 
7 12 16 19 21 22 1 26 29 31 32 2 35 37 38 3 40 41 4 42 5 6 45 47 48 8 50 51 9 52 10 11 54 55 13 56 14 15 57 17 18 20 59 60 23 61 24 25 62 27 28 30 63 33 34 36 39 64 43 44 46 49 53 58 
8 3 12 23 24 25 26 7 13 14 15 16 29 31 32 2 43 44 45 46 47 48 19 21 22 1 33 34 35 36 37 38 50 51 9 52 10 11 58 59 60 61 40 41 4 42 5 6 53 54 55 56 62 27 28 30 64 57 17 18 20 63 49 39 
9 41 60 12 27 28 29 13 6 57 19 18 25 64 45 44 31 32 2 49 50 51 16 33 34 35 20 1 22 40 39 4 46 8 48 59 58 23 52 10 11 62 37 38 3 53 54 55 5 42 7 17 24 61 26 43 30 56 14 15 63 21 47 36 
10 21 46 27 11 30 31 56 40 22 42 5 58 8 24 61 28 49 50 2 32 52 63 16 37 36 41 57 17 7 6 20 23 43 64 25 26 47 9 51 62 12 35 54 53 38 3 14 19 18 39 1 44 45 59 48 29 55 13 33 15 4 60 34 
11 1 25 28 30 2 32 3 4 5 6 7 44 46 8 48 49 9 51 10 52 12 13 14 15 16 17 18 19 20 21 22 58 23 60 24 61 26 27 62 29 31 33 34 35 36 37 38 39 40 41 42 43 64 45 47 50 53 54 55 56 57 59 63 
12 22 26 29 31 32 2 38 41 42 7 6 45 47 48 8 50 51 9 52 10 11 55 56 16 15 57 19 18 21 20 1 59 60 23 61 24 25 62 27 28 30 63 35 34 37 36 3 40 39 4 5 64 43 44 46 49 54 53 13 14 17 58 33 
13 60 18 16 33 34 35 29 25 64 45 44 22 39 4 41 37 38 3 53 54 55 2 50 51 9 46 8 48 59 58 23 42 7 6 17 57 19 56 14 15 63 10 11 12 62 27 28 24 61 26 43 21 20 1 40 36 30 31 32 49 47 5 52 
14 47 42 33 15 36 37 30 59 48 61 24 57 7 21 20 34 53 54 3 38 56 49 2 10 52 60 64 43 26 25 46 19 40 39 22 1 5 13 55 63 16 9 27 62 11 12 31 45 44 58 8 41 4 17 6 35 28 29 50 32 23 18 51 
15 8 22 34 36 3 38 12 23 24 25 26 41 42 7 6 53 13 55 14 56 16 29 31 32 2 43 44 45 46 47 48 57 19 18 21 20 1 33 63 35 37 50 51 9 52 10 11 58 59 60 61 40 39 4 5 54 62 27 28 30 64 17 49 
16 48 1 35 37 38 3 11 60 61 26 25 4 5 6 7 54 55 13 56 14 15 28 30 2 32 64 45 44 47 46 8 17 18 19 20 21 22 63 33 34 36 49 9 51 10 52 12 59 58 23 24 39 40 41 42 53 27 62 29 31 43 57 50 
17 49 54 21 18 39 40 64 52 9 27 62 14 55 63 33 22 42 5 4 41 57 46 45 59 58 12 31 30 28 29 50 15 36 37 35 34 53 7 6 20 19 8 24 61 60 23 43 32 2 10 51 3 38 56 13 1 25 26 47 44 11 16 48 
18 51 35 22 39 4 41 23 11 62 29 28 3 54 55 13 42 7 6 17 57 19 26 43 44 45 30 2 32 50 49 9 14 15 16 63 33 34 21 20 1 40 47 48 8 58 59 60 10 52 12 27 36 37 38 53 5 61 24 25 64 31 56 46 
19 9 34 1 40 41 4 60 12 27 28 29 38 53 13 55 5 6 7 57 17 18 25 64 45 44 31 32 2 49 50 51 56 16 15 33 63 35 20 21 22 39 46 8 48 59 58 23 52 10 11 62 37 36 3 54 42 24 61 26 43 30 14 47 
20 31 14 39 1 5 42 61 50 32 52 10 33 15 36 37 4 17 57 6 7 21 64 26 47 46 51 62 27 12 11 30 34 53 54 3 38 56 18 19 40 22 45 59 58 48 8 24 29 28 49 2 13 55 63 16 41 60 23 43 25 9 35 44 
21 30 56 40 22 42 5 24 49 2 10 52 63 16 37 36 41 57 17 7 6 20 43 25 46 47 9 27 62 11 12 31 35 54 53 38 3 14 19 18 39 1 44 58 59 8 48 61 28 29 50 32 55 13 33 15 4 23 60 64 26 51 34 45 
22 32 38 41 42 7 6 48 51 52 12 11 55 56 16 15 57 19 18 21 20 1 60 61 26 25 62 29 28 31 30 2 63 35 34 37 36 3 40 39 4 5 64 45 44 47 46 8 50 49 9 10 54 53 13 14 17 59 58 23 24 27 33 43 
23 35 28 26 43 44 45 41 3 54 55 13 32 49 9 51 47 48 8 58 59 60 6 57 19 18 14 15 16 63 33 34 52 12 11 27 62 29 61 24 25 64 20 1 22 40 39 4 36 37 38 53 31 30 2 50 46 5 42 7 17 56 10 21 
24 56 52 43 25 46 47 5 63 16 37 36 62 12 31 30 44 58 59 8 48 61 17 6 20 21 35 54 53 38 3 14 29 50 49 32 2 10 23 60 64 26 18 39 40 1 22 42 55 13 33 15 51 9 27 11 45 4 41 57 7 34 28 19 
25 15 32 44 46 8 48 22 34 36 3 38 51 52 12 11 58 23 60 24 61 26 41 42 7 6 53 13 55 14 56 16 62 29 28 31 30 2 43 64 45 47 57 19 18 21 20 1 33 63 35 37 50 49 9 10 59 40 39 4 5 54 27 17 
26 16 2 45 47 48 8 1 35 37 38 3 9 10 11 12 59 60 23 61 24 25 4 5 6 7 54 55 13 56 14 15 27 28 29 30 31 32 64 43 44 46 17 18 19 20 21 22 63 33 34 36 49 50 51 52 58 39 40 41 42 53 62 57 
27 17 59 31 28 49 50 54 21 18 39 40 24 60 64 43 32 52 10 9 51 62 14 55 63 33 22 42 5 4 41 57 25 46 47 45 44 58 12 11 30 29 15 36 37 35 34 53 7 6 20 19 8 48 61 23 2 3 38 56 13 1 26 16 
28 19 45 32 49 9 51 34 1 40 41 4 8 59 60 23 52 12 11 27 62 29 38 53 13 55 5 6 7 57 17 18 24 25 26 64 43 44 31 30 2 50 56 16 15 33 63 35 20 21 22 39 46 47 48 58 10 37 36 3 54 42 61 14 
29 18 44 2 50 51 9 35 22 39 4 41 48 58 23 60 10 11 12 62 27 28 3 54 55 13 42 7 6 17 57 19 61 26 25 43 64 45 30 31 32 49 14 15 16 63 33 34 21 20 1 40 47 46 8 59 52 36 37 38 53 5 24 56 
30 42 24 49 2 10 52 37 57 7 21 20 43 25 46 47 9 27 62 11 12 31 54 38 56 14 19 40 39 22 1 5 44 58 59 8 48 61 28 29 50 32 55 63 33 16 15 36 41 4 17 6 23 60 64 26 51 35 34 53 3 18 45 13 
31 5 61 50 32 52 10 36 17 6 20 21 64 26 47 46 51 62 27 12 11 30 53 3 14 56 18 39 40 1 22 42 45 59 58 48 8 24 29 28 49 2 13 33 63 15 16 37 4 41 57 7 60 23 43 25 9 34 35 54 38 19 44 55 
32 7 48 51 52 12 11 16 19 21 22 1 60 61 26 25 62 29 28 31 30 2 35 37 38 3 40 41 4 42 5 6 64 45 44 47 46 8 50 49 9 10 54 55 13 56 14 15 57 17 18 20 59 58 23 24 27 63 33 34 36 39 43 53 
33 43 17 37 34 53 54 27 47 44 58 59 21 18 39 40 38 56 14 13 55 63 31 28 49 50 48 61 24 23 60 64 22 42 5 4 41 57 16 15 36 35 32 52 10 9 51 62 26 25 46 45 7 6 20 19 3 12 11 30 29 8 1 2 
34 45 4 38 53 13 55 51 8 59 60 23 7 17 18 19 56 16 15 33 63 35 11 62 29 28 24 25 26 64 43 44 21 22 1 39 40 41 37 36 3 54 30 2 32 50 49 9 46 47 48 58 42 5 6 57 14 10 52 12 27 61 20 31 
35 44 41 3 54 55 13 9 48 58 23 60 6 57 19 18 14 15 16 63 33 34 12 27 28 29 61 26 25 43 64 45 20 1 22 40 39 4 36 37 38 53 31 32 2 49 50 51 47 46 8 59 5 42 7 17 56 52 10 11 62 24 21 30 
36 61 21 53 3 14 56 10 64 26 47 46 40 22 42 5 13 33 63 15 16 37 27 11 30 31 45 59 58 48 8 24 41 57 17 7 6 20 34 35 54 38 28 49 50 2 32 52 60 23 43 25 19 18 39 1 55 9 51 62 12 44 4 29 
37 24 20 54 38 56 14 52 43 25 46 47 39 1 5 42 55 63 33 16 15 36 62 12 31 30 44 58 59 8 48 61 4 17 57 6 7 21 35 34 53 3 29 50 49 32 2 10 23 60 64 26 18 19 40 22 13 51 9 27 11 45 41 28 
38 26 6 55 56 16 15 2 45 47 48 8 18 20 1 22 63 35 34 37 36 3 9 10 11 12 59 60 23 61 24 25 39 4 41 5 42 7 54 53 13 14 27 28 29 30 31 32 64 43 44 46 17 57 19 21 33 49 50 51 52 58 40 62 
39 27 63 42 4 17 57 59 31 28 49 50 36 35 54 53 7 21 20 18 19 40 24 60 64 43 32 52 10 9 51 62 3 14 56 55 13 33 22 1 5 41 25 46 47 45 44 58 12 11 30 29 15 16 37 34 6 8 48 61 23 2 38 26 
40 62 33 5 41 57 17 58 30 29 50 49 37 34 53 54 6 20 21 19 18 39 61 23 43 64 2 10 52 51 9 27 38 56 14 13 55 63 1 22 42 4 26 47 46 44 45 59 11 12 31 28 16 15 36 35 7 48 8 24 60 32 3 25 
41 28 13 6 57 19 18 45 32 49 9 51 16 33 34 35 20 1 22 40 39 4 8 59 60 23 52 12 11 27 62 29 37 38 3 53 54 55 5 42 7 17 24 25 26 64 43 44 31 30 2 50 56 14 15 63 21 46 47 48 58 10 36 61 
42 10 37 57 7 21 20 46 27 11 30 31 54 38 56 14 19 40 39 22 1 5 58 8 24 61 28 49 50 2 32 52 55 63 33 16 15 36 41 4 17 6 23 43 64 25 26 47 9 51 62 12 35 34 53 3 18 44 45 59 48 29 13 60 
43 53 27 47 44 58 59 39 56 13 33 63 31 28 49 50 48 61 24 23 60 64 42 4 17 57 16 37 36 34 35 54 32 52 10 9 51 62 26 25 46 45 7 21 20 18 19 40 38 3 14 55 12 11 30 29 8 22 1 5 41 15 2 6 
44 55 9 48 58 23 60 19 15 63 35 34 12 27 28 29 61 26 25 43 64 45 1 40 41 4 36 3 38 54 53 13 31 32 2 49 50 51 47 46 8 59 5 6 7 57 17 18 14 56 16 33 52 10 11 62 24 20 21 22 39 37 30 42 
45 13 51 8 59 60 23 18 16 33 34 35 11 62 29 28 24 25 26 64 43 44 22 39 4 41 37 38 3 53 54 55 30 2 32 50 49 9 46 47 48 58 42 7 6 17 57 19 56 14 15 63 10 52 12 27 61 21 20 1 40 36 31 5 
46 37 31 58 8 24 61 20 54 38 56 14 50 32 52 10 23 43 64 25 26 47 39 1 5 42 55 63 33 16 15 36 51 62 27 12 11 30 44 45 59 48 4 17 57 6 7 21 35 34 53 3 29 28 49 2 60 18 19 40 22 13 9 41 
47 36 30 59 48 61 24 21 53 3 14 56 49 2 10 52 60 64 43 26 25 46 40 22 42 5 13 33 63 15 16 37 9 27 62 11 12 31 45 44 58 8 41 57 17 7 6 20 34 35 54 38 28 29 50 32 23 19 18 39 1 55 51 4 
48 38 11 60 61 26 25 6 55 56 16 15 28 30 2 32 64 45 44 47 46 8 18 20 1 22 63 35 34 37 36 3 49 9 51 10 52 12 59 58 23 24 39 4 41 5 42 7 54 53 13 14 27 62 29 31 43 17 57 19 21 33 50 40 
49 39 64 52 9 27 62 63 42 4 17 57 46 45 59 58 12 31 30 28 29 50 36 35 54 53 7 21 20 18 19 40 8 24 61 60 23 43 32 2 10 51 3 14 56 55 13 33 22 1 5 41 25 26 47 44 11 15 16 37 34 6 48 38 
50 40 43 10 51 62 27 33 5 41 57 17 47 44 58 59 11 30 31 29 28 49 37 34 53 54 6 20 21 19 18 39 48 61 24 23 60 64 2 32 52 9 38 56 14 13 55 63 1 22 42 4 26 25 46 45 12 16 15 36 35 7 8 3 
51 4 23 11 62 29 28 55 7 17 18 19 26 43 44 45 30 2 32 50 49 9 15 63 35 34 21 22 1 39 40 41 47 48 8 58 59 60 10 52 12 27 36 3 38 54 53 13 42 5 6 57 61 24 25 64 31 14 56 16 33 20 46 37 
52 20 47 62 12 31 30 14 39 1 5 42 59 48 61 24 29 50 49 32 2 10 33 15 36 37 4 17 57 6 7 21 60 64 43 26 25 46 51 9 27 11 34 53 54 3 38 56 18 19 40 22 45 44 58 8 28 13 55 63 16 41 23 35 
53 58 39 56 13 33 63 49 61 23 43 64 42 4 17 57 16 37 36 34 35 54 52 9 27 62 26 47 46 44 45 59 7 21 20 18 19 40 38 3 14 55 12 31 30 28 29 50 48 8 24 60 22 1 5 41 15 32 2 10 51 25 6 11 
54 59 40 14 55 63 33 50 24 60 64 43 5 41 57 17 15 36 37 35 34 53 10 51 62 27 25 46 47 45 44 58 6 20 21 19 18 39 3 38 56 13 11 30 31 29 28 49 8 48 61 23 1 22 42 4 16 2 32 52 9 26 7 12 
55 23 19 15 63 35 34 28 26 43 44 45 1 40 41 4 36 3 38 54 53 13 32 49 9 51 47 48 8 58 59 60 5 6 7 57 17 18 14 56 16 33 52 12 11 27 62 29 61 24 25 64 20 21 22 39 37 31 30 2 50 46 42 10 
56 46 5 63 16 37 36 31 58 8 24 61 17 6 20 21 35 54 53 38 3 14 50 32 52 10 23 43 64 25 26 47 18 39 40 1 22 42 55 13 33 15 51 62 27 12 11 30 44 45 59 48 4 41 57 7 34 29 28 49 2 60 19 9 
57 50 53 20 19 40 39 43 10 51 62 27 56 13 33 63 1 5 42 41 4 17 47 44 58 59 11 30 31 29 28 49 16 37 36 34 35 54 6 7 21 18 48 61 24 23 60 64 2 32 52 9 38 3 14 55 22 26 25 46 45 12 15 8 
58 33 49 61 23 43 64 17 37 34 53 54 52 9 27 62 26 47 46 44 45 59 21 18 39 40 38 56 14 13 55 63 12 31 30 28 29 50 48 8 24 60 22 42 5 4 41 57 16 15 36 35 32 2 10 51 25 7 6 20 19 3 11 1 
59 63 50 24 60 64 43 57 36 35 54 53 10 51 62 27 25 46 47 45 44 58 20 19 40 39 3 14 56 55 13 33 11 30 31 29 28 49 8 48 61 23 1 5 42 41 4 17 15 16 37 34 2 32 52 9 26 6 7 21 18 38 12 22 
60 34 29 25 64 45 44 4 38 53 13 55 2 50 51 9 46 8 48 59 58 23 7 17 18 19 56 16 15 33 63 35 10 11 12 62 27 28 24 61 26 43 21 22 1 39 40 41 37 36 3 54 30 31 32 49 47 42 5 6 57 14 52 20 
61 14 10 64 26 47 46 42 33 15 36 37 27 11 30 31 45 59 58 48 8 24 57 7 21 20 34 53 54 3 38 56 28 49 50 2 32 52 60 23 43 25 19 40 39 22 1 5 13 55 63 16 9 51 62 12 44 41 4 17 6 35 29 18 
62 57 58 30 29 50 49 53 20 19 40 39 61 23 43 64 2 10 52 51 9 27 56 13 33 63 1 5 42 41 4 17 26 47 46 44 45 59 11 12 31 28 16 37 36 34 35 54 6 7 21 18 48 8 24 60 32 38 3 14 55 22 25 15 
63 64 57 36 35 54 53 62 46 45 59 58 20 19 40 39 3 14 56 55 13 33 30 29 50 49 8 24 61 60 23 43 1 5 42 41 4 17 15 16 37 34 2 10 52 51 9 27 25 26 47 44 6 7 21 18 38 11 12 31 28 48 22 32 
64 54 62 46 45 59 58 40 14 55 63 33 30 29 50 49 8 24 61 60 23 43 5 41 57 17 15 36 37 35 34 53 2 10 52 51 9 27 25 26 47 44 6 20 21 19 18 39 3 38 56 13 11 12 31 28 48 1 22 42 4 16 32 7 
1
0 1 

1 4 
1 
6 
7 
22 
2 8 
1 6 
1 7 
1 22 
5 20 
6 7 
6 22 
7 22 
21 42 
3 12 
1 5 20 
1 6 7 
1 6 22 
1 7 22 
1 21 42 
5 6 20 
5 7 20 
5 20 22 
6 7 22 
6 21 42 
7 21 42 
21 22 42 
4 14 
1 5 6 20 
1 5 7 20 
1 5 20 22 
1 6 7 22 
1 6 21 42 
1 7 21 42 
1 21 22 42 
5 6 7 20 
5 6 20 22 
5 7 20 22 
5 20 21 42 
6 7 21 42 
6 21 22 42 
7 21 22 42 
5 12 
1 5 6 7 20 
1 5 6 20 22 
1 5 7 20 22 
1 5 20 21 42 
1 6 7 21 42 
1 6 21 22 42 
1 7 21 22 42 
5 6 7 20 22 
5 6 20 21 42 
5 7 20 21 42 
5 20 21 22 42 
6 7 21 22 42 
6 8 
1 5 6 7 20 22 
1 5 6 20 21 42 
1 5 7 20 21 42 
1 5 20 21 22 42 
1 6 7 21 22 42 
5 6 7 20 21 42 
5 6 20 21 22 42 
5 7 20 21 22 42 
7 4 
1 5 6 7 20 21 42 
1 5 6 20 21 22 42 
1 5 7 20 21 22 42 
5 6 7 20 21 22 42 
8 1 
1 5 6 7 20 21 22 42 
2
0 1 

1 1 

2 4 
2 11 
10 52 
12 32 
30 31 
3 1 

4 6 
2 10 11 52 
2 11 12 32 
2 11 30 31 
10 12 32 52 
10 30 31 52 
12 30 31 32 
5 1 

6 4 
2 10 11 12 32 52 
2 10 11 30 31 52 
2 11 12 30 31 32 
10 12 30 31 32 52 
7 1 

8 1 
2 10 11 12 30 31 32 52 
3
0 1 

1 1 

2 4 
3 16 
14 37 
15 38 
36 56 
3 1 

4 6 
3 14 16 37 
3 15 16 38 
3 16 36 56 
14 15 37 38 
14 36 37 56 
15 36 38 56 
5 1 

6 4 
3 14 15 16 37 38 
3 14 16 36 37 56 
3 15 16 36 38 56 
14 15 36 37 38 56 
7 1 

8 1 
3 14 15 16 36 37 38 56 
4
0 1 

1 1 

2 4 
4 19 
17 57 
18 41 
39 40 
3 1 

4 6 
4 17 19 57 
4 18 19 41 
4 19 39 40 
17 18 41 57 
17 39 40 57 
18 39 40 41 
5 1 

6 4 
4 17 18 19 41 57 
4 17 19 39 40 57 
4 18 19 39 40 41 
17 18 39 40 41 57 
7 1 

8 1 
4 17 18 19 39 40 41 57 
5
0 1 

1 1 

2 4 
8 26 
24 46 
25 48 
47 61 
3 1 

4 6 
8 24 26 46 
8 25 26 48 
8 26 47 61 
24 25 46 48 
24 46 47 61 
25 47 48 61 
5 1 

6 4 
8 24 25 26 46 48 
8 24 26 46 47 61 
8 25 26 47 48 61 
24 25 46 47 48 61 
7 1 

8 1 
8 24 25 26 46 47 48 61 
6
0 1 

1 1 

2 4 
9 28 
27 62 
29 51 
49 50 
3 1 

4 6 
9 27 28 62 
9 28 29 51 
9 28 49 50 
27 29 51 62 
27 49 50 62 
29 49 50 51 
5 1 

6 4 
9 27 28 29 51 62 
9 27 28 49 50 62 
9 28 29 49 50 51 
27 29 49 50 51 62 
7 1 

8 1 
9 27 28 29 49 50 51 62 
7
0 1 

1 1 

2 4 
13 55 
33 63 
34 35 
53 54 
3 1 

4 6 
13 33 55 63 
13 34 35 55 
13 53 54 55 
33 34 35 63 
33 53 54 63 
34 35 53 54 
5 1 

6 4 
13 33 34 35 55 63 
13 33 53 54 55 63 
13 34 35 53 54 55 
33 34 35 53 54 63 
7 1 

8 1 
13 33 34 35 53 54 55 63 
8
0 1 

1 1 

2 4 
23 44 
43 59 
45 60 
58 64 
3 1 

4 6 
23 43 44 59 
23 44 45 60 
23 44 58 64 
43 45 59 60 
43 58 59 64 
45 58 60 64 
5 1 

6 4 
23 43 44 45 59 60 
23 43 44 58 59 64 
23 44 45 58 60 64 
43 45 58 59 60 64 
7 1 

8 1 
23 43 44 45 58 59 60 64 
