//Table for grp 148:
57
0 0 2 2 4 4 2 4 
0 0 2 4 4 2 4 2 
0 0 4 2 2 4 4 2 
0 0 4 4 2 2 2 4 
0 2 0 2 4 2 4 4 
0 2 0 4 4 4 2 2 
0 2 2 0 2 4 4 4 
0 2 2 2 2 2 2 6 
0 2 2 2 2 2 6 2 
0 2 2 2 2 6 2 2 
0 2 2 2 6 2 2 2 
0 2 2 4 2 0 4 4 
0 2 2 4 2 4 0 4 
0 2 2 4 2 4 4 0 
0 2 2 6 2 2 2 2 
0 2 4 0 4 4 2 2 
0 2 4 2 0 2 4 4 
0 2 4 2 4 2 0 4 
0 2 4 2 4 2 4 0 
0 2 4 4 0 4 2 2 
0 2 4 4 4 0 2 2 
0 2 6 2 2 2 2 2 
0 4 0 2 2 4 4 2 
0 4 0 4 2 2 2 4 
0 4 2 0 4 2 4 2 
0 4 2 2 0 4 2 4 
0 4 2 2 4 0 2 4 
0 4 2 2 4 4 2 0 
0 4 2 4 0 2 4 2 
0 4 2 4 4 2 0 2 
0 4 4 0 2 2 2 4 
0 4 4 2 2 0 4 2 
0 4 4 2 2 4 0 2 
0 4 4 4 2 2 2 0 
0 6 2 2 2 2 2 2 
2 0 2 2 2 2 4 4 
2 0 2 4 2 4 2 2 
2 0 4 2 4 2 2 2 
2 2 0 2 2 4 2 4 
2 2 0 4 2 2 4 2 
2 2 2 0 4 2 2 4 
2 2 2 2 0 4 4 2 
2 2 2 2 4 0 4 2 
2 2 2 2 4 4 0 2 
2 2 2 4 0 2 2 4 
2 2 2 4 4 2 2 0 
2 2 4 0 2 2 4 2 
2 2 4 2 2 0 2 4 
2 2 4 2 2 4 2 0 
2 2 4 4 2 2 0 2 
2 4 0 2 4 2 2 2 
2 4 2 0 2 4 2 2 
2 4 2 2 2 2 0 4 
2 4 2 2 2 2 4 0 
2 4 2 4 2 0 2 2 
2 4 4 2 0 2 2 2 
4 2 2 2 2 2 2 2 
1 2 3 4 5 6 7 8 9 10 11 12 13 14 15 16 17 18 19 20 21 22 23 24 25 26 27 28 29 30 31 32 33 34 35 36 37 38 39 40 41 42 43 44 45 46 47 48 49 50 51 52 53 54 55 56 57 58 59 60 61 62 63 64 
2 7 8 9 10 11 12 16 19 21 22 1 23 24 25 26 27 28 29 30 31 32 35 37 38 3 40 41 4 42 5 6 43 44 45 46 47 48 49 50 51 52 54 55 13 56 14 15 57 17 18 20 58 59 60 61 62 63 33 34 36 39 64 53 
3 24 21 13 14 15 16 2 43 26 46 47 40 1 42 5 33 34 35 36 37 38 9 10 11 12 45 58 59 48 8 61 4 57 17 6 7 20 53 54 55 56 27 28 29 30 31 32 60 23 64 25 18 19 39 22 63 49 50 51 52 44 41 62 
4 28 13 1 17 18 19 44 11 49 9 51 3 33 34 35 5 6 7 39 40 41 25 58 23 60 30 2 32 27 62 29 14 15 16 53 54 55 20 21 22 57 46 8 48 43 64 45 10 52 12 50 36 37 38 63 42 24 61 26 59 31 56 47 
5 31 14 17 7 20 21 47 50 2 52 10 33 16 36 37 19 39 40 22 1 42 59 8 61 24 9 62 27 11 12 30 35 53 54 38 3 56 41 4 57 6 23 64 43 25 26 46 28 29 49 32 55 13 63 15 18 44 45 58 48 51 34 60 
6 11 15 18 20 1 22 25 28 30 2 32 34 36 3 38 39 4 41 5 42 7 44 46 8 48 49 9 51 10 52 12 53 13 55 14 56 16 17 57 19 21 58 23 60 24 61 26 27 62 29 31 33 63 35 37 40 43 64 45 47 50 54 59 
7 12 16 19 21 22 1 26 29 31 32 2 35 37 38 3 40 41 4 42 5 6 45 47 48 8 50 51 9 52 10 11 54 55 13 56 14 15 57 17 18 20 59 60 23 61 24 25 62 27 28 30 63 33 34 36 39 64 43 44 46 49 53 58 
8 37 31 23 24 25 26 7 54 3 56 14 50 2 52 10 43 44 45 46 47 48 19 21 22 1 13 63 33 15 16 36 9 62 27 11 12 30 58 59 60 61 40 41 4 42 5 6 34 35 53 38 28 29 49 32 64 57 17 18 20 55 51 39 
9 41 23 2 27 28 29 55 22 57 19 18 8 43 44 45 10 11 12 49 50 51 38 63 35 34 42 7 6 40 39 4 24 25 26 58 59 60 30 31 32 62 56 16 15 54 53 13 21 20 1 17 46 47 48 64 52 37 36 3 33 5 61 14 
10 5 24 27 12 30 31 14 17 7 20 21 43 26 46 47 29 49 50 32 2 52 33 16 36 37 19 39 40 22 1 42 45 58 59 48 8 61 51 9 62 11 35 53 54 38 3 56 41 4 57 6 60 23 64 25 28 55 13 63 15 18 44 34 
11 22 25 28 30 2 32 38 41 42 7 6 44 46 8 48 49 9 51 10 52 12 55 56 16 15 57 19 18 21 20 1 58 23 60 24 61 26 27 62 29 31 63 35 34 37 36 3 40 39 4 5 43 64 45 47 50 54 53 13 14 17 59 33 
12 1 26 29 31 32 2 3 4 5 6 7 45 47 48 8 50 51 9 52 10 11 13 14 15 16 17 18 19 20 21 22 59 60 23 61 24 25 62 27 28 30 33 34 35 36 37 38 39 40 41 42 64 43 44 46 49 53 54 55 56 57 58 63 
13 58 40 3 33 34 35 28 46 60 43 64 21 4 57 17 14 15 16 53 54 55 11 49 9 51 48 24 61 45 44 59 1 42 5 18 19 39 36 37 38 63 30 2 32 27 62 29 26 25 47 23 6 7 20 41 56 10 52 12 50 8 22 31 
14 8 1 33 16 36 37 31 23 24 25 26 4 5 6 7 35 53 54 38 3 56 50 2 52 10 43 44 45 46 47 48 17 18 19 20 21 22 55 13 63 15 9 62 27 11 12 30 58 59 60 61 39 40 41 42 34 28 29 49 32 64 57 51 
15 46 42 34 36 3 38 11 58 48 24 61 57 6 21 20 53 13 55 14 56 16 28 30 2 32 60 43 64 26 25 47 18 40 39 1 22 5 33 63 35 37 49 9 51 10 52 12 45 44 59 8 4 41 17 7 54 27 62 29 31 23 19 50 
16 47 5 35 37 38 3 12 59 8 61 24 17 7 20 21 54 55 13 56 14 15 29 31 32 2 23 64 43 25 26 46 19 39 40 22 1 42 63 33 34 36 50 51 9 52 10 11 44 45 58 48 41 4 57 6 53 62 27 28 30 60 18 49 
17 62 33 5 19 39 40 64 52 28 50 49 14 35 53 54 7 20 21 41 4 57 61 44 59 58 11 31 30 9 51 27 16 36 37 55 13 63 22 1 42 18 25 47 46 23 60 43 2 32 10 29 38 3 56 34 6 8 48 24 45 12 15 26 
18 9 34 6 39 4 41 23 2 27 28 29 15 53 13 55 20 1 22 17 57 19 8 43 44 45 10 11 12 49 50 51 36 3 38 33 63 35 5 42 7 40 24 25 26 58 59 60 30 31 32 62 14 56 16 54 21 46 47 48 64 52 37 61 
19 51 35 7 40 41 4 60 32 62 29 28 16 54 55 13 21 22 1 57 17 18 48 64 45 44 52 12 11 50 49 9 37 38 3 63 33 34 42 5 6 39 61 26 25 59 58 23 31 30 2 27 56 14 15 53 20 47 46 8 43 10 36 24 
20 52 36 39 22 5 42 61 62 11 31 30 53 38 14 56 41 17 57 7 6 21 64 25 47 46 28 50 49 2 32 10 55 33 63 16 15 37 19 18 40 1 44 59 58 8 48 24 9 51 27 12 35 34 54 3 4 23 60 43 26 29 13 45 
21 10 37 40 1 42 5 24 27 12 30 31 54 3 56 14 4 57 17 6 7 20 43 26 46 47 29 49 50 32 2 52 13 63 33 15 16 36 18 19 39 22 45 58 59 48 8 61 51 9 62 11 34 35 53 38 41 60 23 64 25 28 55 44 
22 32 38 41 42 7 6 48 51 52 12 11 55 56 16 15 57 19 18 21 20 1 60 61 26 25 62 29 28 31 30 2 63 35 34 37 36 3 40 39 4 5 64 45 44 47 46 8 50 49 9 10 54 53 13 14 17 59 58 23 24 27 33 43 
23 63 50 8 43 44 45 41 56 34 54 53 31 9 62 27 24 25 26 58 59 60 22 57 19 18 15 37 36 13 55 33 2 52 10 28 29 49 46 47 48 64 42 7 6 40 39 4 3 38 14 35 11 12 30 51 61 21 20 1 17 16 32 5 
24 16 2 43 26 46 47 5 35 37 38 3 9 10 11 12 45 58 59 48 8 61 17 7 20 21 54 55 13 56 14 15 27 28 29 30 31 32 60 23 64 25 19 39 40 22 1 42 63 33 34 36 49 50 51 52 44 41 4 57 6 53 62 18 
25 56 52 44 46 8 48 22 63 15 37 36 62 11 31 30 58 23 60 24 61 26 41 42 7 6 34 54 53 3 38 14 28 50 49 2 32 10 43 64 45 47 57 19 18 21 20 1 13 55 33 16 9 51 27 12 59 40 39 4 5 35 29 17 
26 14 10 45 47 48 8 1 33 16 36 37 27 12 30 31 59 60 23 61 24 25 4 5 6 7 35 53 54 38 3 56 29 49 50 32 2 52 64 43 44 46 17 18 19 20 21 22 55 13 63 15 51 9 62 11 58 39 40 41 42 34 28 57 
27 39 43 10 29 49 50 53 20 41 17 57 24 45 58 59 12 30 31 51 9 62 36 55 33 63 22 5 42 19 18 40 26 46 47 60 23 64 32 2 52 28 38 14 56 35 34 54 7 6 21 4 48 8 61 44 11 16 15 37 13 1 25 3 
28 19 44 11 49 9 51 35 7 40 41 4 25 58 23 60 30 2 32 27 62 29 16 54 55 13 21 22 1 57 17 18 46 8 48 43 64 45 10 52 12 50 37 38 3 63 33 34 42 5 6 39 24 61 26 59 31 56 14 15 53 20 47 36 
29 18 45 12 50 51 9 34 6 39 4 41 26 59 60 23 31 32 2 62 27 28 15 53 13 55 20 1 22 17 57 19 47 48 8 64 43 44 52 10 11 49 36 3 38 33 63 35 5 42 7 40 61 24 25 58 30 14 56 16 54 21 46 37 
30 20 46 49 32 10 52 36 39 22 5 42 58 48 24 61 51 27 62 12 11 31 53 38 14 56 41 17 57 7 6 21 60 43 64 26 25 47 29 28 50 2 55 33 63 16 15 37 19 18 40 1 45 44 59 8 9 35 34 54 3 4 23 13 
31 21 47 50 2 52 10 37 40 1 42 5 59 8 61 24 9 62 27 11 12 30 54 3 56 14 4 57 17 6 7 20 23 64 43 25 26 46 28 29 49 32 13 63 33 15 16 36 18 19 39 22 44 45 58 48 51 34 35 53 38 41 60 55 
32 6 48 51 52 12 11 15 18 20 1 22 60 61 26 25 62 29 28 31 30 2 34 36 3 38 39 4 41 5 42 7 64 45 44 47 46 8 50 49 9 10 53 13 55 14 56 16 17 57 19 21 59 58 23 24 27 33 63 35 37 40 43 54 
33 44 4 14 35 53 54 62 25 58 23 60 1 17 18 19 16 36 37 55 13 63 52 28 50 49 46 8 48 43 64 45 5 6 7 39 40 41 38 3 56 34 11 31 30 9 51 27 24 61 26 59 20 21 22 57 15 2 32 10 29 47 42 12 
34 43 57 15 53 13 55 9 24 45 58 59 42 18 40 39 36 3 38 33 63 35 2 27 28 29 26 46 47 60 23 64 6 21 20 4 41 17 14 56 16 54 10 11 12 49 50 51 48 8 61 44 1 22 5 19 37 30 31 32 62 25 7 52 
35 64 17 16 54 55 13 51 61 44 59 58 5 19 39 40 37 38 3 63 33 34 32 62 29 28 25 47 46 23 60 43 7 20 21 41 4 57 56 14 15 53 52 12 11 50 49 9 8 48 24 45 22 1 42 18 36 31 30 2 27 26 6 10 
36 25 6 53 38 14 56 52 44 46 8 48 18 20 1 22 55 33 63 16 15 37 62 11 31 30 58 23 60 24 61 26 39 4 41 5 42 7 35 34 54 3 28 50 49 2 32 10 43 64 45 47 17 57 19 21 13 9 51 27 12 59 40 29 
37 26 7 54 3 56 14 10 45 47 48 8 19 21 22 1 13 63 33 15 16 36 27 12 30 31 59 60 23 61 24 25 40 41 4 42 5 6 34 35 53 38 29 49 50 32 2 52 64 43 44 46 57 17 18 20 55 51 9 62 11 58 39 28 
38 61 20 55 56 16 15 32 64 25 47 46 39 22 5 42 63 35 34 37 36 3 51 52 12 11 44 59 58 8 48 24 41 17 57 7 6 21 54 53 13 14 62 29 28 31 30 2 23 60 43 26 19 18 40 1 33 50 49 9 10 45 4 27 
39 50 53 20 41 17 57 59 31 9 62 27 36 55 33 63 22 5 42 19 18 40 47 23 64 43 2 52 10 28 29 49 38 14 56 35 34 54 7 6 21 4 8 61 24 44 45 58 11 12 30 51 16 15 37 13 1 25 26 46 60 32 3 48 
40 49 54 21 4 57 17 58 30 51 27 62 37 13 63 33 1 42 5 18 19 39 46 60 43 64 32 10 52 29 28 50 3 56 14 34 35 53 6 7 20 41 48 24 61 45 44 59 12 11 31 9 15 16 36 55 22 26 25 47 23 2 38 8 
41 29 55 22 57 19 18 45 12 50 51 9 38 63 35 34 42 7 6 40 39 4 26 59 60 23 31 32 2 62 27 28 56 16 15 54 53 13 21 20 1 17 47 48 8 64 43 44 52 10 11 49 37 36 3 33 5 61 24 25 58 30 14 46 
42 30 56 57 6 21 20 46 49 32 10 52 63 15 37 36 18 40 39 1 22 5 58 48 24 61 51 27 62 12 11 31 34 54 53 3 38 14 4 41 17 7 60 43 64 26 25 47 29 28 50 2 13 55 33 16 19 45 44 59 8 9 35 23 
43 55 9 24 45 58 59 39 38 63 35 34 2 27 28 29 26 46 47 60 23 64 20 41 17 57 56 16 15 54 53 13 10 11 12 49 50 51 48 8 61 44 22 5 42 19 18 40 37 36 3 33 30 31 32 62 25 7 6 21 4 14 52 1 
44 54 62 25 58 23 60 19 37 13 63 33 52 28 50 49 46 8 48 43 64 45 7 40 41 4 3 56 14 34 35 53 11 31 30 9 51 27 24 61 26 59 21 22 1 57 17 18 15 16 36 55 2 32 10 29 47 42 5 6 39 38 12 20 
45 53 27 26 59 60 23 18 36 55 33 63 10 29 49 50 47 48 8 64 43 44 6 39 4 41 38 14 56 35 34 54 12 30 31 51 9 62 61 24 25 58 20 1 22 17 57 19 16 15 37 13 32 2 52 28 46 5 42 7 40 3 11 21 
46 38 11 58 48 24 61 20 55 56 16 15 28 30 2 32 60 43 64 26 25 47 39 22 5 42 63 35 34 37 36 3 49 9 51 10 52 12 45 44 59 8 41 17 57 7 6 21 54 53 13 14 27 62 29 31 23 19 18 40 1 33 50 4 
47 3 12 59 8 61 24 21 13 14 15 16 29 31 32 2 23 64 43 25 26 46 40 1 42 5 33 34 35 36 37 38 50 51 9 52 10 11 44 45 58 48 4 57 17 6 7 20 53 54 55 56 62 27 28 30 60 18 19 39 22 63 49 41 
48 36 30 60 61 26 25 6 53 38 14 56 49 32 10 52 64 45 44 47 46 8 18 20 1 22 55 33 63 16 15 37 51 27 62 12 11 31 59 58 23 24 39 4 41 5 42 7 35 34 54 3 29 28 50 2 43 17 57 19 21 13 9 40 
49 17 58 30 51 27 62 33 5 19 39 40 46 60 43 64 32 10 52 29 28 50 14 35 53 54 7 20 21 41 4 57 48 24 61 45 44 59 12 11 31 9 16 36 37 55 13 63 22 1 42 18 26 25 47 23 2 38 3 56 34 6 8 15 
50 57 59 31 9 62 27 63 42 18 40 39 47 23 64 43 2 52 10 28 29 49 56 34 54 53 6 21 20 4 41 17 8 61 24 44 45 58 11 12 30 51 15 37 36 13 55 33 1 22 5 19 25 26 46 60 32 3 38 14 35 7 48 16 
51 4 60 32 62 29 28 13 1 17 18 19 48 64 45 44 52 12 11 50 49 9 3 33 34 35 5 6 7 39 40 41 61 26 25 59 58 23 31 30 2 27 14 15 16 53 54 55 20 21 22 57 47 46 8 43 10 36 37 38 63 42 24 56 
52 42 61 62 11 31 30 56 57 6 21 20 64 25 47 46 28 50 49 2 32 10 63 15 37 36 18 40 39 1 22 5 44 59 58 8 48 24 9 51 27 12 34 54 53 3 38 14 4 41 17 7 23 60 43 26 29 13 55 33 16 19 45 35 
53 23 18 36 55 33 63 50 8 43 44 45 6 39 4 41 38 14 56 35 34 54 31 9 62 27 24 25 26 58 59 60 20 1 22 17 57 19 16 15 37 13 2 52 10 28 29 49 46 47 48 64 5 42 7 40 3 11 12 30 51 61 21 32 
54 60 19 37 13 63 33 49 48 64 45 44 7 40 41 4 3 56 14 34 35 53 30 51 27 62 61 26 25 59 58 23 21 22 1 57 17 18 15 16 36 55 32 10 52 29 28 50 47 46 8 43 42 5 6 39 38 12 11 31 9 24 20 2 
55 59 39 38 63 35 34 29 47 23 64 43 20 41 17 57 56 16 15 54 53 13 12 50 51 9 8 61 24 44 45 58 22 5 42 19 18 40 37 36 3 33 31 32 2 62 27 28 25 26 46 60 7 6 21 4 14 52 10 11 49 48 1 30 
56 48 22 63 15 37 36 30 60 61 26 25 41 42 7 6 34 54 53 3 38 14 49 32 10 52 64 45 44 47 46 8 57 19 18 21 20 1 13 55 33 16 51 27 62 12 11 31 59 58 23 24 40 39 4 5 35 29 28 50 2 43 17 9 
57 27 63 42 18 40 39 43 10 29 49 50 56 34 54 53 6 21 20 4 41 17 24 45 58 59 12 30 31 51 9 62 15 37 36 13 55 33 1 22 5 19 26 46 47 60 23 64 32 2 52 28 3 38 14 35 7 48 8 61 44 11 16 25 
58 35 28 46 60 43 64 17 16 54 55 13 11 49 9 51 48 24 61 45 44 59 5 19 39 40 37 38 3 63 33 34 30 2 32 27 62 29 26 25 47 23 7 20 21 41 4 57 56 14 15 53 10 52 12 50 8 22 1 42 18 36 31 6 
59 34 29 47 23 64 43 57 15 53 13 55 12 50 51 9 8 61 24 44 45 58 42 18 40 39 36 3 38 33 63 35 31 32 2 62 27 28 25 26 46 60 6 21 20 4 41 17 14 56 16 54 52 10 11 49 48 1 22 5 19 37 30 7 
60 33 49 48 64 45 44 4 14 35 53 54 30 51 27 62 61 26 25 59 58 23 1 17 18 19 16 36 37 55 13 63 32 10 52 29 28 50 47 46 8 43 5 6 7 39 40 41 38 3 56 34 12 11 31 9 24 20 21 22 57 15 2 42 
61 15 32 64 25 47 46 42 34 36 3 38 51 52 12 11 44 59 58 8 48 24 57 6 21 20 53 13 55 14 56 16 62 29 28 31 30 2 23 60 43 26 18 40 39 1 22 5 33 63 35 37 50 49 9 10 45 4 41 17 7 54 27 19 
62 40 64 52 28 50 49 54 21 4 57 17 61 44 59 58 11 31 30 9 51 27 37 13 63 33 1 42 5 18 19 39 25 47 46 23 60 43 2 32 10 29 3 56 14 34 35 53 6 7 20 41 8 48 24 45 12 15 16 36 55 22 26 38 
63 45 41 56 34 54 53 27 26 59 60 23 22 57 19 18 15 37 36 13 55 33 10 29 49 50 47 48 8 64 43 44 42 7 6 40 39 4 3 38 14 35 12 30 31 51 9 62 61 24 25 58 21 20 1 17 16 32 2 52 28 46 5 11 
64 13 51 61 44 59 58 40 3 33 34 35 32 62 29 28 25 47 46 23 60 43 21 4 57 17 14 15 16 53 54 55 52 12 11 50 49 9 8 48 24 45 1 42 5 18 19 39 36 37 38 63 31 30 2 27 26 6 7 20 41 56 10 22 
1
0 1 

1 4 
1 
6 
7 
22 
2 8 
1 6 
1 7 
1 22 
5 21 
6 7 
6 22 
7 22 
20 42 
3 12 
1 5 21 
1 6 7 
1 6 22 
1 7 22 
1 20 42 
5 6 21 
5 7 21 
5 21 22 
6 7 22 
6 20 42 
7 20 42 
20 22 42 
4 14 
1 5 6 21 
1 5 7 21 
1 5 21 22 
1 6 7 22 
1 6 20 42 
1 7 20 42 
1 20 22 42 
5 6 7 21 
5 6 21 22 
5 7 21 22 
5 20 21 42 
6 7 20 42 
6 20 22 42 
7 20 22 42 
5 12 
1 5 6 7 21 
1 5 6 21 22 
1 5 7 21 22 
1 5 20 21 42 
1 6 7 20 42 
1 6 20 22 42 
1 7 20 22 42 
5 6 7 21 22 
5 6 20 21 42 
5 7 20 21 42 
5 20 21 22 42 
6 7 20 22 42 
6 8 
1 5 6 7 21 22 
1 5 6 20 21 42 
1 5 7 20 21 42 
1 5 20 21 22 42 
1 6 7 20 22 42 
5 6 7 20 21 42 
5 6 20 21 22 42 
5 7 20 21 22 42 
7 4 
1 5 6 7 20 21 42 
1 5 6 20 21 22 42 
1 5 7 20 21 22 42 
5 6 7 20 21 22 42 
8 1 
1 5 6 7 20 21 22 42 
2
0 1 

1 1 

2 4 
2 12 
10 31 
11 32 
30 52 
3 1 

4 6 
2 10 12 31 
2 11 12 32 
2 12 30 52 
10 11 31 32 
10 30 31 52 
11 30 32 52 
5 1 

6 4 
2 10 11 12 31 32 
2 10 12 30 31 52 
2 11 12 30 32 52 
10 11 30 31 32 52 
7 1 

8 1 
2 10 11 12 30 31 32 52 
3
0 1 

1 1 

2 4 
3 14 
15 36 
16 37 
38 56 
3 1 

4 6 
3 14 15 36 
3 14 16 37 
3 14 38 56 
15 16 36 37 
15 36 38 56 
16 37 38 56 
5 1 

6 4 
3 14 15 16 36 37 
3 14 15 36 38 56 
3 14 16 37 38 56 
15 16 36 37 38 56 
7 1 

8 1 
3 14 15 16 36 37 38 56 
4
0 1 

1 4 
4 
18 
19 
41 
2 8 
4 18 
4 19 
4 41 
17 40 
18 19 
18 41 
19 41 
39 57 
3 12 
4 17 40 
4 18 19 
4 18 41 
4 19 41 
4 39 57 
17 18 40 
17 19 40 
17 40 41 
18 19 41 
18 39 57 
19 39 57 
39 41 57 
4 14 
4 17 18 40 
4 17 19 40 
4 17 40 41 
4 18 19 41 
4 18 39 57 
4 19 39 57 
4 39 41 57 
17 18 19 40 
17 18 40 41 
17 19 40 41 
17 39 40 57 
18 19 39 57 
18 39 41 57 
19 39 41 57 
5 12 
4 17 18 19 40 
4 17 18 40 41 
4 17 19 40 41 
4 17 39 40 57 
4 18 19 39 57 
4 18 39 41 57 
4 19 39 41 57 
17 18 19 40 41 
17 18 39 40 57 
17 19 39 40 57 
17 39 40 41 57 
18 19 39 41 57 
6 8 
4 17 18 19 40 41 
4 17 18 39 40 57 
4 17 19 39 40 57 
4 17 39 40 41 57 
4 18 19 39 41 57 
17 18 19 39 40 57 
17 18 39 40 41 57 
17 19 39 40 41 57 
7 4 
4 17 18 19 39 40 57 
4 17 18 39 40 41 57 
4 17 19 39 40 41 57 
17 18 19 39 40 41 57 
8 1 
4 17 18 19 39 40 41 57 
5
0 1 

1 1 

2 4 
8 26 
24 47 
25 48 
46 61 
3 1 

4 6 
8 24 26 47 
8 25 26 48 
8 26 46 61 
24 25 47 48 
24 46 47 61 
25 46 48 61 
5 1 

6 4 
8 24 25 26 47 48 
8 24 26 46 47 61 
8 25 26 46 48 61 
24 25 46 47 48 61 
7 1 

8 1 
8 24 25 26 46 47 48 61 
6
0 1 

1 1 

2 4 
9 51 
27 62 
28 29 
49 50 
3 1 

4 6 
9 27 51 62 
9 28 29 51 
9 49 50 51 
27 28 29 62 
27 49 50 62 
28 29 49 50 
5 1 

6 4 
9 27 28 29 51 62 
9 27 49 50 51 62 
9 28 29 49 50 51 
27 28 29 49 50 62 
7 1 

8 1 
9 27 28 29 49 50 51 62 
7
0 1 

1 1 

2 4 
13 33 
34 53 
35 54 
55 63 
3 1 

4 6 
13 33 34 53 
13 33 35 54 
13 33 55 63 
34 35 53 54 
34 53 55 63 
35 54 55 63 
5 1 

6 4 
13 33 34 35 53 54 
13 33 34 53 55 63 
13 33 35 54 55 63 
34 35 53 54 55 63 
7 1 

8 1 
13 33 34 35 53 54 55 63 
8
0 1 

1 1 

2 4 
23 60 
43 64 
44 45 
58 59 
3 1 

4 6 
23 43 60 64 
23 44 45 60 
23 58 59 60 
43 44 45 64 
43 58 59 64 
44 45 58 59 
5 1 

6 4 
23 43 44 45 60 64 
23 43 58 59 60 64 
23 44 45 58 59 60 
43 44 45 58 59 64 
7 1 

8 1 
23 43 44 45 58 59 60 64 
