//Table for grp 197:
57
0 0 2 2 4 4 2 4 
0 0 2 4 4 2 4 2 
0 0 4 2 2 4 4 2 
0 0 4 4 2 2 2 4 
0 2 0 2 4 2 4 4 
0 2 0 4 4 4 2 2 
0 2 2 0 2 4 4 4 
0 2 2 2 2 2 2 6 
0 2 2 2 2 2 6 2 
0 2 2 2 2 6 2 2 
0 2 2 2 6 2 2 2 
0 2 2 4 2 0 4 4 
0 2 2 4 2 4 0 4 
0 2 2 4 2 4 4 0 
0 2 2 6 2 2 2 2 
0 2 4 0 4 4 2 2 
0 2 4 2 0 2 4 4 
0 2 4 2 4 2 0 4 
0 2 4 2 4 2 4 0 
0 2 4 4 0 4 2 2 
0 2 4 4 4 0 2 2 
0 2 6 2 2 2 2 2 
0 4 0 2 2 4 4 2 
0 4 0 4 2 2 2 4 
0 4 2 0 4 2 4 2 
0 4 2 2 0 4 2 4 
0 4 2 2 4 0 2 4 
0 4 2 2 4 4 2 0 
0 4 2 4 0 2 4 2 
0 4 2 4 4 2 0 2 
0 4 4 0 2 2 2 4 
0 4 4 2 2 0 4 2 
0 4 4 2 2 4 0 2 
0 4 4 4 2 2 2 0 
0 6 2 2 2 2 2 2 
2 0 2 2 2 2 4 4 
2 0 2 4 2 4 2 2 
2 0 4 2 4 2 2 2 
2 2 0 2 2 4 2 4 
2 2 0 4 2 2 4 2 
2 2 2 0 4 2 2 4 
2 2 2 2 0 4 4 2 
2 2 2 2 4 0 4 2 
2 2 2 2 4 4 0 2 
2 2 2 4 0 2 2 4 
2 2 2 4 4 2 2 0 
2 2 4 0 2 2 4 2 
2 2 4 2 2 0 2 4 
2 2 4 2 2 4 2 0 
2 2 4 4 2 2 0 2 
2 4 0 2 4 2 2 2 
2 4 2 0 2 4 2 2 
2 4 2 2 2 2 0 4 
2 4 2 2 2 2 4 0 
2 4 2 4 2 0 2 2 
2 4 4 2 0 2 2 2 
4 2 2 2 2 2 2 2 
1 2 3 4 5 6 7 8 9 10 11 12 13 14 15 16 17 18 19 20 21 22 23 24 25 26 27 28 29 30 31 32 33 34 35 36 37 38 39 40 41 42 43 44 45 46 47 48 49 50 51 52 53 54 55 56 57 58 59 60 61 62 63 64 
2 7 8 9 10 11 12 16 19 21 22 1 23 24 25 26 27 28 29 30 31 32 35 37 38 3 40 41 4 42 5 6 43 44 45 46 47 48 49 50 51 52 54 55 13 56 14 15 57 17 18 20 58 59 60 61 62 63 33 34 36 39 64 53 
3 25 6 13 14 15 16 2 44 46 8 48 18 20 1 22 33 34 35 36 37 38 9 10 11 12 58 23 60 24 61 26 39 4 41 5 42 7 53 54 55 56 27 28 29 30 31 32 43 64 45 47 17 57 19 21 63 49 50 51 52 59 40 62 
4 9 13 22 17 18 19 23 32 27 28 29 38 33 34 35 42 7 6 39 40 41 48 43 44 45 52 12 11 49 50 51 56 16 15 53 54 55 21 20 1 57 61 26 25 58 59 60 31 30 2 62 37 36 3 63 5 47 46 8 64 10 14 24 
5 10 14 17 1 20 21 24 27 2 30 31 33 3 36 37 4 39 40 6 7 42 43 8 46 47 9 49 50 11 12 52 13 53 54 15 16 56 18 19 57 22 23 58 59 25 26 61 28 29 62 32 34 35 63 38 41 44 45 64 48 51 55 60 
6 11 15 18 20 1 22 25 28 30 2 32 34 36 3 38 39 4 41 5 42 7 44 46 8 48 49 9 51 10 52 12 53 13 55 14 56 16 17 57 19 21 58 23 60 24 61 26 27 62 29 31 33 63 35 37 40 43 64 45 47 50 54 59 
7 12 16 19 21 22 1 26 29 31 32 2 35 37 38 3 40 41 4 42 5 6 45 47 48 8 50 51 9 52 10 11 54 55 13 56 14 15 57 17 18 20 59 60 23 61 24 25 62 27 28 30 63 33 34 36 39 64 43 44 46 49 53 58 
8 38 11 23 24 25 26 7 55 56 16 15 28 30 2 32 43 44 45 46 47 48 19 21 22 1 63 35 34 37 36 3 49 9 51 10 52 12 58 59 60 61 40 41 4 42 5 6 54 53 13 14 27 62 29 31 64 57 17 18 20 33 50 39 
9 19 23 32 27 28 29 35 6 40 41 4 48 43 44 45 52 12 11 49 50 51 15 54 55 13 20 1 22 57 17 18 61 26 25 58 59 60 31 30 2 62 36 3 38 63 33 34 5 42 7 39 47 46 8 64 10 14 56 16 53 21 24 37 
10 21 24 27 2 30 31 37 40 7 42 5 43 8 46 47 9 49 50 11 12 52 54 16 56 14 19 57 17 22 1 20 23 58 59 25 26 61 28 29 62 32 35 63 33 38 3 36 41 4 39 6 44 45 64 48 51 55 13 53 15 18 60 34 
11 22 25 28 30 2 32 38 41 42 7 6 44 46 8 48 49 9 51 10 52 12 55 56 16 15 57 19 18 21 20 1 58 23 60 24 61 26 27 62 29 31 63 35 34 37 36 3 40 39 4 5 43 64 45 47 50 54 53 13 14 17 59 33 
12 1 26 29 31 32 2 3 4 5 6 7 45 47 48 8 50 51 9 52 10 11 13 14 15 16 17 18 19 20 21 22 59 60 23 61 24 25 62 27 28 30 33 34 35 36 37 38 39 40 41 42 64 43 44 46 49 53 54 55 56 57 58 63 
13 44 18 38 33 34 35 9 26 58 23 60 7 39 4 41 56 16 15 53 54 55 32 27 28 29 47 48 8 43 64 45 21 22 1 17 57 19 37 36 3 63 52 12 11 49 50 51 61 24 25 59 42 5 6 40 14 31 30 2 62 46 20 10 
14 46 20 33 3 36 37 10 58 25 24 61 39 6 5 42 13 53 54 15 16 56 27 2 30 31 44 43 64 8 48 47 18 17 57 1 22 21 34 35 63 38 9 49 50 11 12 52 23 60 59 26 4 41 40 7 55 28 29 62 32 45 19 51 
15 8 1 34 36 3 38 11 23 24 25 26 4 5 6 7 53 13 55 14 56 16 28 30 2 32 43 44 45 46 47 48 17 18 19 20 21 22 33 63 35 37 49 9 51 10 52 12 58 59 60 61 39 40 41 42 54 27 62 29 31 64 57 50 
16 48 22 35 37 38 3 12 60 61 26 25 41 42 7 6 54 55 13 56 14 15 29 31 32 2 64 45 44 47 46 8 57 19 18 21 20 1 63 33 34 36 50 51 9 52 10 11 59 58 23 24 40 39 4 5 53 62 27 28 30 43 17 49 
17 27 33 42 4 39 40 43 52 9 49 50 56 13 53 54 22 21 20 18 19 57 61 23 58 59 32 31 30 28 29 62 38 37 36 34 35 63 7 6 5 41 48 47 46 44 45 64 12 11 10 51 16 15 14 55 1 26 25 24 60 2 3 8 
18 28 34 7 39 4 41 44 12 49 9 51 16 53 13 55 21 22 1 17 57 19 26 58 23 60 31 32 2 27 62 29 37 38 3 33 63 35 42 5 6 40 47 48 8 43 64 45 52 10 11 50 56 14 15 54 20 61 24 25 59 30 36 46 
19 29 35 6 40 41 4 45 11 50 51 9 15 54 55 13 20 1 22 57 17 18 25 59 60 23 30 2 32 62 27 28 36 3 38 63 33 34 5 42 7 39 46 8 48 64 43 44 10 52 12 49 14 56 16 53 21 24 61 26 58 31 37 47 
20 30 36 39 6 5 42 46 49 11 10 52 53 15 14 56 18 17 57 1 22 21 58 25 24 61 28 27 62 2 32 31 34 33 63 3 38 37 4 41 40 7 44 43 64 8 48 47 9 51 50 12 13 55 54 16 19 23 60 59 26 29 35 45 
21 31 37 40 7 42 5 47 50 12 52 10 54 16 56 14 19 57 17 22 1 20 59 26 61 24 29 62 27 32 2 30 35 63 33 38 3 36 41 4 39 6 45 64 43 48 8 46 51 9 49 11 55 13 53 15 18 60 23 58 25 28 34 44 
22 32 38 41 42 7 6 48 51 52 12 11 55 56 16 15 57 19 18 21 20 1 60 61 26 25 62 29 28 31 30 2 63 35 34 37 36 3 40 39 4 5 64 45 44 47 46 8 50 49 9 10 54 53 13 14 17 59 58 23 24 27 33 43 
23 55 28 48 43 44 45 19 3 63 35 34 12 49 9 51 61 26 25 58 59 60 6 40 41 4 14 15 16 54 53 13 31 32 2 27 62 29 47 46 8 64 20 1 22 57 17 18 36 37 38 33 52 10 11 50 24 5 42 7 39 56 30 21 
24 56 30 43 8 46 47 21 63 38 37 36 49 11 10 52 23 58 59 25 26 61 40 7 42 5 55 54 53 16 15 14 28 27 62 2 32 31 44 45 64 48 19 57 17 22 1 20 35 34 33 3 9 51 50 12 60 41 4 39 6 13 29 18 
25 16 2 44 46 8 48 22 35 37 38 3 9 10 11 12 58 23 60 24 61 26 41 42 7 6 54 55 13 56 14 15 27 28 29 30 31 32 43 64 45 47 57 19 18 21 20 1 63 33 34 36 49 50 51 52 59 40 39 4 5 53 62 17 
26 15 32 45 47 48 8 1 34 36 3 38 51 52 12 11 59 60 23 61 24 25 4 5 6 7 53 13 55 14 56 16 62 29 28 31 30 2 64 43 44 46 17 18 19 20 21 22 33 63 35 37 50 49 9 10 58 39 40 41 42 54 27 57 
27 40 43 52 9 49 50 54 20 19 57 17 61 23 58 59 32 31 30 28 29 62 36 35 63 33 6 5 42 41 4 39 48 47 46 44 45 64 12 11 10 51 15 14 56 55 13 53 1 22 21 18 26 25 24 60 2 3 38 37 34 7 8 16 
28 41 44 12 49 9 51 55 1 57 19 18 26 58 23 60 31 32 2 27 62 29 3 63 35 34 5 6 7 40 39 4 47 48 8 43 64 45 52 10 11 50 14 15 16 54 53 13 20 21 22 17 61 24 25 59 30 36 37 38 33 42 46 56 
29 4 45 11 50 51 9 13 22 17 18 19 25 59 60 23 30 2 32 62 27 28 38 33 34 35 42 7 6 39 40 41 46 8 48 64 43 44 10 52 12 49 56 16 15 53 54 55 21 20 1 57 24 61 26 58 31 37 36 3 63 5 47 14 
30 42 46 49 11 10 52 56 57 22 21 20 58 25 24 61 28 27 62 2 32 31 63 38 37 36 41 40 39 7 6 5 44 43 64 8 48 47 9 51 50 12 55 54 53 16 15 14 19 18 17 1 23 60 59 26 29 35 34 33 3 4 45 13 
31 5 47 50 12 52 10 14 17 1 20 21 59 26 61 24 29 62 27 32 2 30 33 3 36 37 4 39 40 6 7 42 45 64 43 48 8 46 51 9 49 11 13 53 54 15 16 56 18 19 57 22 60 23 58 25 28 34 35 63 38 41 44 55 
32 6 48 51 52 12 11 15 18 20 1 22 60 61 26 25 62 29 28 31 30 2 34 36 3 38 39 4 41 5 42 7 64 45 44 47 46 8 50 49 9 10 53 13 55 14 56 16 17 57 19 21 59 58 23 24 27 33 63 35 37 40 43 54 
33 58 39 56 13 53 54 27 47 44 43 64 21 18 17 57 38 37 36 34 35 63 52 9 49 50 26 61 24 23 60 59 7 42 5 4 41 40 16 15 14 55 32 31 30 28 29 62 48 8 46 45 22 1 20 19 3 12 11 10 51 25 6 2 
34 23 4 16 53 13 55 28 48 43 44 45 22 17 18 19 37 38 3 33 63 35 12 49 9 51 61 26 25 58 59 60 42 7 6 39 40 41 56 14 15 54 31 32 2 27 62 29 47 46 8 64 21 20 1 57 36 52 10 11 50 24 5 30 
35 60 41 15 54 55 13 29 8 64 45 44 1 57 19 18 36 3 38 63 33 34 11 50 51 9 24 25 26 59 58 23 5 6 7 40 39 4 14 56 16 53 30 2 32 62 27 28 46 47 48 43 20 21 22 17 37 10 52 12 49 61 42 31 
36 24 5 53 15 14 56 30 43 8 46 47 17 1 20 21 34 33 63 3 38 37 49 11 10 52 23 58 59 25 26 61 4 39 40 6 7 42 13 55 54 16 28 27 62 2 32 31 44 45 64 48 18 19 57 22 35 9 51 50 12 60 41 29 
37 61 42 54 16 56 14 31 64 48 47 46 57 22 21 20 35 63 33 38 3 36 50 12 52 10 60 59 58 26 25 24 41 40 39 7 6 5 55 13 53 15 29 62 27 32 2 30 45 44 43 8 19 18 17 1 34 51 9 49 11 23 4 28 
38 26 7 55 56 16 15 32 45 47 48 8 19 21 22 1 63 35 34 37 36 3 51 52 12 11 59 60 23 61 24 25 40 41 4 42 5 6 54 53 13 14 62 29 28 31 30 2 64 43 44 46 57 17 18 20 33 50 49 9 10 58 39 27 
39 49 53 21 18 17 57 58 31 28 27 62 37 34 33 63 7 42 5 4 41 40 47 44 43 64 12 52 10 9 51 50 16 56 14 13 55 54 22 1 20 19 26 61 24 23 60 59 32 2 30 29 38 3 36 35 6 48 8 46 45 11 15 25 
40 50 54 20 19 57 17 59 30 29 62 27 36 35 63 33 6 5 42 41 4 39 46 45 64 43 11 10 52 51 9 49 15 14 56 55 13 53 1 22 21 18 25 24 61 60 23 58 2 32 31 28 3 38 37 34 7 8 48 47 44 12 16 26 
41 51 55 1 57 19 18 60 2 62 29 28 3 63 35 34 5 6 7 40 39 4 8 64 45 44 10 11 12 50 49 9 14 15 16 54 53 13 20 21 22 17 24 25 26 59 58 23 30 31 32 27 36 37 38 33 42 46 47 48 43 52 56 61 
42 52 56 57 22 21 20 61 62 32 31 30 63 38 37 36 41 40 39 7 6 5 64 48 47 46 51 50 49 12 11 10 55 54 53 16 15 14 19 18 17 1 60 59 58 26 25 24 29 28 27 2 35 34 33 3 4 45 44 43 8 9 13 23 
43 63 49 61 23 58 59 40 14 55 54 53 31 28 27 62 48 47 46 44 45 64 20 19 57 17 3 36 37 35 34 33 12 52 10 9 51 50 26 25 24 60 6 5 42 41 4 39 15 16 56 13 32 2 30 29 8 1 22 21 18 38 11 7 
44 35 9 26 58 23 60 41 15 54 55 13 32 27 28 29 47 48 8 43 64 45 1 57 19 18 36 3 38 63 33 34 52 12 11 49 50 51 61 24 25 59 5 6 7 40 39 4 14 56 16 53 31 30 2 62 46 20 21 22 17 37 10 42 
45 34 51 25 59 60 23 4 16 53 13 55 2 62 29 28 46 8 48 64 43 44 22 17 18 19 37 38 3 33 63 35 10 11 12 50 49 9 24 61 26 58 42 7 6 39 40 41 56 14 15 54 30 31 32 27 47 21 20 1 57 36 52 5 
46 37 10 58 25 24 61 42 54 16 56 14 27 2 30 31 44 43 64 8 48 47 57 22 21 20 35 63 33 38 3 36 9 49 50 11 12 52 23 60 59 26 41 40 39 7 6 5 55 13 53 15 28 29 62 32 45 19 18 17 1 34 51 4 
47 36 52 59 26 61 24 5 53 15 14 56 62 32 31 30 45 64 43 48 8 46 17 1 20 21 34 33 63 3 38 37 51 50 49 12 11 10 60 23 58 25 4 39 40 6 7 42 13 55 54 16 29 28 27 2 44 18 19 57 22 35 9 41 
48 3 12 60 61 26 25 6 13 14 15 16 29 31 32 2 64 45 44 47 46 8 18 20 1 22 33 34 35 36 37 38 50 51 9 52 10 11 59 58 23 24 39 4 41 5 42 7 53 54 55 56 62 27 28 30 43 17 57 19 21 63 49 40 
49 57 58 31 28 27 62 63 5 41 40 39 47 44 43 64 12 52 10 9 51 50 14 55 54 53 1 20 21 19 18 17 26 61 24 23 60 59 32 2 30 29 3 36 37 35 34 33 6 7 42 4 48 8 46 45 11 15 16 56 13 22 25 38 
50 17 59 30 29 62 27 33 42 4 39 40 46 45 64 43 11 10 52 51 9 49 56 13 53 54 22 21 20 18 19 57 25 24 61 60 23 58 2 32 31 28 38 37 36 34 35 63 7 6 5 41 8 48 47 44 12 16 15 14 55 1 26 3 
51 18 60 2 62 29 28 34 7 39 4 41 8 64 45 44 10 11 12 50 49 9 16 53 13 55 21 22 1 17 57 19 24 25 26 59 58 23 30 31 32 27 37 38 3 33 63 35 42 5 6 40 46 47 48 43 52 56 14 15 54 20 61 36 
52 20 61 62 32 31 30 36 39 6 5 42 64 48 47 46 51 50 49 12 11 10 53 15 14 56 18 17 57 1 22 21 60 59 58 26 25 24 29 28 27 2 34 33 63 3 38 37 4 41 40 7 45 44 43 8 9 13 55 54 16 19 23 35 
53 43 17 37 34 33 63 49 61 23 58 59 42 4 39 40 16 56 14 13 55 54 31 28 27 62 48 47 46 44 45 64 22 21 20 18 19 57 38 3 36 35 12 52 10 9 51 50 26 25 24 60 7 6 5 41 15 32 2 30 29 8 1 11 
54 64 57 36 35 63 33 50 24 60 59 58 5 41 40 39 15 14 56 55 13 53 30 29 62 27 8 46 47 45 44 43 1 20 21 19 18 17 3 38 37 34 11 10 52 51 9 49 25 26 61 23 6 7 42 4 16 2 32 31 28 48 22 12 
55 45 19 3 63 35 34 51 25 59 60 23 6 40 41 4 14 15 16 54 53 13 2 62 29 28 46 8 48 64 43 44 20 1 22 57 17 18 36 37 38 33 10 11 12 50 49 9 24 61 26 58 5 42 7 39 56 30 31 32 27 47 21 52 
56 47 21 63 38 37 36 52 59 26 61 24 40 7 42 5 55 54 53 16 15 14 62 32 31 30 45 64 43 48 8 46 19 57 17 22 1 20 35 34 33 3 51 50 49 12 11 10 60 23 58 25 41 4 39 6 13 29 28 27 2 44 18 9 
57 62 63 5 41 40 39 64 10 51 50 49 14 55 54 53 1 20 21 19 18 17 24 60 59 58 2 30 31 29 28 27 3 36 37 35 34 33 6 7 42 4 8 46 47 45 44 43 11 12 52 9 15 16 56 13 22 25 26 61 23 32 38 48 
58 54 27 47 44 43 64 57 36 35 63 33 52 9 49 50 26 61 24 23 60 59 5 41 40 39 15 14 56 55 13 53 32 31 30 28 29 62 48 8 46 45 1 20 21 19 18 17 3 38 37 34 12 11 10 51 25 6 7 42 4 16 2 22 
59 53 62 46 45 64 43 17 37 34 33 63 10 51 50 49 25 24 61 60 23 58 42 4 39 40 16 56 14 13 55 54 2 30 31 29 28 27 8 48 47 44 22 21 20 18 19 57 38 3 36 35 11 12 52 9 26 7 6 5 41 15 32 1 
60 13 29 8 64 45 44 18 38 33 34 35 11 50 51 9 24 25 26 59 58 23 7 39 4 41 56 16 15 53 54 55 30 2 32 62 27 28 46 47 48 43 21 22 1 17 57 19 37 36 3 63 10 52 12 49 61 42 5 6 40 14 31 20 
61 14 31 64 48 47 46 20 33 3 36 37 50 12 52 10 60 59 58 26 25 24 39 6 5 42 13 53 54 15 16 56 29 62 27 32 2 30 45 44 43 8 18 17 57 1 22 21 34 35 63 38 51 9 49 11 23 4 41 40 7 55 28 19 
62 39 64 10 51 50 49 53 21 18 17 57 24 60 59 58 2 30 31 29 28 27 37 34 33 63 7 42 5 4 41 40 8 46 47 45 44 43 11 12 52 9 16 56 14 13 55 54 22 1 20 19 25 26 61 23 32 38 3 36 35 6 48 15 
63 59 40 14 55 54 53 62 46 45 64 43 20 19 57 17 3 36 37 35 34 33 10 51 50 49 25 24 61 60 23 58 6 5 42 41 4 39 15 16 56 13 2 30 31 29 28 27 8 48 47 44 1 22 21 18 38 11 12 52 9 26 7 32 
64 33 50 24 60 59 58 39 56 13 53 54 30 29 62 27 8 46 47 45 44 43 21 18 17 57 38 37 36 34 35 63 11 10 52 51 9 49 25 26 61 23 7 42 5 4 41 40 16 15 14 55 2 32 31 28 48 22 1 20 19 3 12 6 
1
0 1 

1 8 
1 
5 
6 
7 
20 
21 
22 
42 
2 28 
1 5 
1 6 
1 7 
1 20 
1 21 
1 22 
1 42 
5 6 
5 7 
5 20 
5 21 
5 22 
5 42 
6 7 
6 20 
6 21 
6 22 
6 42 
7 20 
7 21 
7 22 
7 42 
20 21 
20 22 
20 42 
21 22 
21 42 
22 42 
3 56 
1 5 6 
1 5 7 
1 5 20 
1 5 21 
1 5 22 
1 5 42 
1 6 7 
1 6 20 
1 6 21 
1 6 22 
1 6 42 
1 7 20 
1 7 21 
1 7 22 
1 7 42 
1 20 21 
1 20 22 
1 20 42 
1 21 22 
1 21 42 
1 22 42 
5 6 7 
5 6 20 
5 6 21 
5 6 22 
5 6 42 
5 7 20 
5 7 21 
5 7 22 
5 7 42 
5 20 21 
5 20 22 
5 20 42 
5 21 22 
5 21 42 
5 22 42 
6 7 20 
6 7 21 
6 7 22 
6 7 42 
6 20 21 
6 20 22 
6 20 42 
6 21 22 
6 21 42 
6 22 42 
7 20 21 
7 20 22 
7 20 42 
7 21 22 
7 21 42 
7 22 42 
20 21 22 
20 21 42 
20 22 42 
21 22 42 
4 70 
1 5 6 7 
1 5 6 20 
1 5 6 21 
1 5 6 22 
1 5 6 42 
1 5 7 20 
1 5 7 21 
1 5 7 22 
1 5 7 42 
1 5 20 21 
1 5 20 22 
1 5 20 42 
1 5 21 22 
1 5 21 42 
1 5 22 42 
1 6 7 20 
1 6 7 21 
1 6 7 22 
1 6 7 42 
1 6 20 21 
1 6 20 22 
1 6 20 42 
1 6 21 22 
1 6 21 42 
1 6 22 42 
1 7 20 21 
1 7 20 22 
1 7 20 42 
1 7 21 22 
1 7 21 42 
1 7 22 42 
1 20 21 22 
1 20 21 42 
1 20 22 42 
1 21 22 42 
5 6 7 20 
5 6 7 21 
5 6 7 22 
5 6 7 42 
5 6 20 21 
5 6 20 22 
5 6 20 42 
5 6 21 22 
5 6 21 42 
5 6 22 42 
5 7 20 21 
5 7 20 22 
5 7 20 42 
5 7 21 22 
5 7 21 42 
5 7 22 42 
5 20 21 22 
5 20 21 42 
5 20 22 42 
5 21 22 42 
6 7 20 21 
6 7 20 22 
6 7 20 42 
6 7 21 22 
6 7 21 42 
6 7 22 42 
6 20 21 22 
6 20 21 42 
6 20 22 42 
6 21 22 42 
7 20 21 22 
7 20 21 42 
7 20 22 42 
7 21 22 42 
20 21 22 42 
5 56 
1 5 6 7 20 
1 5 6 7 21 
1 5 6 7 22 
1 5 6 7 42 
1 5 6 20 21 
1 5 6 20 22 
1 5 6 20 42 
1 5 6 21 22 
1 5 6 21 42 
1 5 6 22 42 
1 5 7 20 21 
1 5 7 20 22 
1 5 7 20 42 
1 5 7 21 22 
1 5 7 21 42 
1 5 7 22 42 
1 5 20 21 22 
1 5 20 21 42 
1 5 20 22 42 
1 5 21 22 42 
1 6 7 20 21 
1 6 7 20 22 
1 6 7 20 42 
1 6 7 21 22 
1 6 7 21 42 
1 6 7 22 42 
1 6 20 21 22 
1 6 20 21 42 
1 6 20 22 42 
1 6 21 22 42 
1 7 20 21 22 
1 7 20 21 42 
1 7 20 22 42 
1 7 21 22 42 
1 20 21 22 42 
5 6 7 20 21 
5 6 7 20 22 
5 6 7 20 42 
5 6 7 21 22 
5 6 7 21 42 
5 6 7 22 42 
5 6 20 21 22 
5 6 20 21 42 
5 6 20 22 42 
5 6 21 22 42 
5 7 20 21 22 
5 7 20 21 42 
5 7 20 22 42 
5 7 21 22 42 
5 20 21 22 42 
6 7 20 21 22 
6 7 20 21 42 
6 7 20 22 42 
6 7 21 22 42 
6 20 21 22 42 
7 20 21 22 42 
6 28 
1 5 6 7 20 21 
1 5 6 7 20 22 
1 5 6 7 20 42 
1 5 6 7 21 22 
1 5 6 7 21 42 
1 5 6 7 22 42 
1 5 6 20 21 22 
1 5 6 20 21 42 
1 5 6 20 22 42 
1 5 6 21 22 42 
1 5 7 20 21 22 
1 5 7 20 21 42 
1 5 7 20 22 42 
1 5 7 21 22 42 
1 5 20 21 22 42 
1 6 7 20 21 22 
1 6 7 20 21 42 
1 6 7 20 22 42 
1 6 7 21 22 42 
1 6 20 21 22 42 
1 7 20 21 22 42 
5 6 7 20 21 22 
5 6 7 20 21 42 
5 6 7 20 22 42 
5 6 7 21 22 42 
5 6 20 21 22 42 
5 7 20 21 22 42 
6 7 20 21 22 42 
7 8 
1 5 6 7 20 21 22 
1 5 6 7 20 21 42 
1 5 6 7 20 22 42 
1 5 6 7 21 22 42 
1 5 6 20 21 22 42 
1 5 7 20 21 22 42 
1 6 7 20 21 22 42 
5 6 7 20 21 22 42 
8 1 
1 5 6 7 20 21 22 42 
2
0 1 

1 1 

2 4 
2 12 
10 31 
11 32 
30 52 
3 1 

4 6 
2 10 12 31 
2 11 12 32 
2 12 30 52 
10 11 31 32 
10 30 31 52 
11 30 32 52 
5 1 

6 4 
2 10 11 12 31 32 
2 10 12 30 31 52 
2 11 12 30 32 52 
10 11 30 31 32 52 
7 1 

8 1 
2 10 11 12 30 31 32 52 
3
0 1 

1 1 

2 4 
3 15 
14 36 
16 38 
37 56 
3 1 

4 6 
3 14 15 36 
3 15 16 38 
3 15 37 56 
14 16 36 38 
14 36 37 56 
16 37 38 56 
5 1 

6 4 
3 14 15 16 36 38 
3 14 15 36 37 56 
3 15 16 37 38 56 
14 16 36 37 38 56 
7 1 

8 1 
3 14 15 16 36 37 38 56 
4
0 1 

1 1 

2 4 
4 41 
17 57 
18 19 
39 40 
3 1 

4 6 
4 17 41 57 
4 18 19 41 
4 39 40 41 
17 18 19 57 
17 39 40 57 
18 19 39 40 
5 1 

6 4 
4 17 18 19 41 57 
4 17 39 40 41 57 
4 18 19 39 40 41 
17 18 19 39 40 57 
7 1 

8 1 
4 17 18 19 39 40 41 57 
5
0 1 

1 1 

2 4 
8 26 
24 47 
25 48 
46 61 
3 1 

4 6 
8 24 26 47 
8 25 26 48 
8 26 46 61 
24 25 47 48 
24 46 47 61 
25 46 48 61 
5 1 

6 4 
8 24 25 26 47 48 
8 24 26 46 47 61 
8 25 26 46 48 61 
24 25 46 47 48 61 
7 1 

8 1 
8 24 25 26 46 47 48 61 
6
0 1 

1 1 

2 4 
9 28 
27 49 
29 51 
50 62 
3 1 

4 6 
9 27 28 49 
9 28 29 51 
9 28 50 62 
27 29 49 51 
27 49 50 62 
29 50 51 62 
5 1 

6 4 
9 27 28 29 49 51 
9 27 28 49 50 62 
9 28 29 50 51 62 
27 29 49 50 51 62 
7 1 

8 1 
9 27 28 29 49 50 51 62 
7
0 1 

1 1 

2 4 
13 35 
33 54 
34 55 
53 63 
3 1 

4 6 
13 33 35 54 
13 34 35 55 
13 35 53 63 
33 34 54 55 
33 53 54 63 
34 53 55 63 
5 1 

6 4 
13 33 34 35 54 55 
13 33 35 53 54 63 
13 34 35 53 55 63 
33 34 53 54 55 63 
7 1 

8 1 
13 33 34 35 53 54 55 63 
8
0 1 

1 1 

2 4 
23 44 
43 58 
45 60 
59 64 
3 1 

4 6 
23 43 44 58 
23 44 45 60 
23 44 59 64 
43 45 58 60 
43 58 59 64 
45 59 60 64 
5 1 

6 4 
23 43 44 45 58 60 
23 43 44 58 59 64 
23 44 45 59 60 64 
43 45 58 59 60 64 
7 1 

8 1 
23 43 44 45 58 59 60 64 
