//Table for grp 238:
57
0 0 2 2 4 4 2 4 
0 0 2 4 4 2 4 2 
0 0 4 2 2 4 4 2 
0 0 4 4 2 2 2 4 
0 2 0 2 4 2 4 4 
0 2 0 4 4 4 2 2 
0 2 2 0 2 4 4 4 
0 2 2 2 2 2 2 6 
0 2 2 2 2 2 6 2 
0 2 2 2 2 6 2 2 
0 2 2 2 6 2 2 2 
0 2 2 4 2 0 4 4 
0 2 2 4 2 4 0 4 
0 2 2 4 2 4 4 0 
0 2 2 6 2 2 2 2 
0 2 4 0 4 4 2 2 
0 2 4 2 0 2 4 4 
0 2 4 2 4 2 0 4 
0 2 4 2 4 2 4 0 
0 2 4 4 0 4 2 2 
0 2 4 4 4 0 2 2 
0 2 6 2 2 2 2 2 
0 4 0 2 2 4 4 2 
0 4 0 4 2 2 2 4 
0 4 2 0 4 2 4 2 
0 4 2 2 0 4 2 4 
0 4 2 2 4 0 2 4 
0 4 2 2 4 4 2 0 
0 4 2 4 0 2 4 2 
0 4 2 4 4 2 0 2 
0 4 4 0 2 2 2 4 
0 4 4 2 2 0 4 2 
0 4 4 2 2 4 0 2 
0 4 4 4 2 2 2 0 
0 6 2 2 2 2 2 2 
2 0 2 2 2 2 4 4 
2 0 2 4 2 4 2 2 
2 0 4 2 4 2 2 2 
2 2 0 2 2 4 2 4 
2 2 0 4 2 2 4 2 
2 2 2 0 4 2 2 4 
2 2 2 2 0 4 4 2 
2 2 2 2 4 0 4 2 
2 2 2 2 4 4 0 2 
2 2 2 4 0 2 2 4 
2 2 2 4 4 2 2 0 
2 2 4 0 2 2 4 2 
2 2 4 2 2 0 2 4 
2 2 4 2 2 4 2 0 
2 2 4 4 2 2 0 2 
2 4 0 2 4 2 2 2 
2 4 2 0 2 4 2 2 
2 4 2 2 2 2 0 4 
2 4 2 2 2 2 4 0 
2 4 2 4 2 0 2 2 
2 4 4 2 0 2 2 2 
4 2 2 2 2 2 2 2 
1 2 3 4 5 6 7 8 9 10 11 12 13 14 15 16 17 18 19 20 21 22 23 24 25 26 27 28 29 30 31 32 33 34 35 36 37 38 39 40 41 42 43 44 45 46 47 48 49 50 51 52 53 54 55 56 57 58 59 60 61 62 63 64 
2 7 8 9 10 11 12 16 19 21 22 1 23 24 25 26 27 28 29 30 31 32 35 37 38 3 40 41 4 42 5 6 43 44 45 46 47 48 49 50 51 52 54 55 13 56 14 15 57 17 18 20 58 59 60 61 62 63 33 34 36 39 64 53 
3 25 6 13 14 15 16 2 44 46 8 48 18 20 1 22 33 34 35 36 37 38 9 10 11 12 58 23 60 24 61 26 39 4 41 5 42 7 53 54 55 56 27 28 29 30 31 32 43 64 45 47 17 57 19 21 63 49 50 51 52 59 40 62 
4 29 13 7 17 18 19 45 2 50 51 9 16 33 34 35 21 22 1 39 40 41 8 59 60 23 10 11 12 62 27 28 37 38 3 53 54 55 42 5 6 57 24 25 26 64 43 44 30 31 32 49 56 14 15 63 20 46 47 48 58 52 36 61 
5 10 36 17 6 20 21 46 27 11 30 31 53 3 14 56 18 39 40 1 22 42 58 8 24 61 28 49 50 2 32 52 13 33 63 15 16 37 4 41 57 7 23 43 64 25 26 47 9 51 62 12 34 35 54 38 19 44 45 59 48 29 55 60 
6 11 15 18 20 1 22 25 28 30 2 32 34 36 3 38 39 4 41 5 42 7 44 46 8 48 49 9 51 10 52 12 53 13 55 14 56 16 17 57 19 21 58 23 60 24 61 26 27 62 29 31 33 63 35 37 40 43 64 45 47 50 54 59 
7 12 16 19 21 22 1 26 29 31 32 2 35 37 38 3 40 41 4 42 5 6 45 47 48 8 50 51 9 52 10 11 54 55 13 56 14 15 57 17 18 20 59 60 23 61 24 25 62 27 28 30 63 33 34 36 39 64 43 44 46 49 53 58 
8 38 11 23 24 25 26 7 55 56 16 15 28 30 2 32 43 44 45 46 47 48 19 21 22 1 63 35 34 37 36 3 49 9 51 10 52 12 58 59 60 61 40 41 4 42 5 6 54 53 13 14 27 62 29 31 64 57 17 18 20 33 50 39 
9 4 23 12 27 28 29 13 7 17 18 19 26 43 44 45 31 32 2 49 50 51 16 33 34 35 21 22 1 39 40 41 47 48 8 58 59 60 52 10 11 62 37 38 3 53 54 55 42 5 6 57 61 24 25 64 30 56 14 15 63 20 46 36 
10 21 46 27 11 30 31 56 40 22 42 5 58 8 24 61 28 49 50 2 32 52 63 16 37 36 41 57 17 7 6 20 23 43 64 25 26 47 9 51 62 12 35 54 53 38 3 14 19 18 39 1 44 45 59 48 29 55 13 33 15 4 60 34 
11 22 25 28 30 2 32 38 41 42 7 6 44 46 8 48 49 9 51 10 52 12 55 56 16 15 57 19 18 21 20 1 58 23 60 24 61 26 27 62 29 31 63 35 34 37 36 3 40 39 4 5 43 64 45 47 50 54 53 13 14 17 59 33 
12 1 26 29 31 32 2 3 4 5 6 7 45 47 48 8 50 51 9 52 10 11 13 14 15 16 17 18 19 20 21 22 59 60 23 61 24 25 62 27 28 30 33 34 35 36 37 38 39 40 41 42 64 43 44 46 49 53 54 55 56 57 58 63 
13 60 18 16 33 34 35 29 25 64 45 44 22 39 4 41 37 38 3 53 54 55 2 50 51 9 46 8 48 59 58 23 42 7 6 17 57 19 56 14 15 63 10 11 12 62 27 28 24 61 26 43 21 20 1 40 36 30 31 32 49 47 5 52 
14 46 5 33 15 36 37 30 58 8 24 61 17 6 20 21 34 53 54 3 38 56 49 2 10 52 23 43 64 25 26 47 18 39 40 1 22 42 13 55 63 16 9 27 62 11 12 31 44 45 59 48 4 41 57 7 35 28 29 50 32 60 19 51 
15 8 1 34 36 3 38 11 23 24 25 26 4 5 6 7 53 13 55 14 56 16 28 30 2 32 43 44 45 46 47 48 17 18 19 20 21 22 33 63 35 37 49 9 51 10 52 12 58 59 60 61 39 40 41 42 54 27 62 29 31 64 57 50 
16 48 22 35 37 38 3 12 60 61 26 25 41 42 7 6 54 55 13 56 14 15 29 31 32 2 64 45 44 47 46 8 57 19 18 21 20 1 63 33 34 36 50 51 9 52 10 11 59 58 23 24 40 39 4 5 53 62 27 28 30 43 17 49 
17 50 53 21 18 39 40 64 10 51 62 27 56 13 33 63 22 42 5 4 41 57 46 45 59 58 11 30 31 29 28 49 16 37 36 34 35 54 7 6 20 19 8 24 61 60 23 43 2 32 52 9 38 3 14 55 1 25 26 47 44 12 15 48 
18 51 34 22 39 4 41 60 11 62 29 28 38 53 13 55 42 7 6 17 57 19 25 64 45 44 30 2 32 50 49 9 56 16 15 33 63 35 21 20 1 40 46 8 48 59 58 23 10 52 12 27 37 36 3 54 5 24 61 26 43 31 14 47 
19 9 35 1 40 41 4 23 12 27 28 29 3 54 55 13 5 6 7 57 17 18 26 43 44 45 31 32 2 49 50 51 14 15 16 63 33 34 20 21 22 39 47 48 8 58 59 60 52 10 11 62 36 37 38 53 42 61 24 25 64 30 56 46 
20 30 14 39 1 5 42 24 49 2 10 52 33 15 36 37 4 17 57 6 7 21 43 25 46 47 9 27 62 11 12 31 34 53 54 3 38 56 18 19 40 22 44 58 59 8 48 61 28 29 50 32 13 55 63 16 41 23 60 64 26 51 35 45 
21 31 56 40 22 42 5 61 50 32 52 10 63 16 37 36 41 57 17 7 6 20 64 26 47 46 51 62 27 12 11 30 35 54 53 38 3 14 19 18 39 1 45 59 58 48 8 24 29 28 49 2 55 13 33 15 4 60 23 43 25 9 34 44 
22 32 38 41 42 7 6 48 51 52 12 11 55 56 16 15 57 19 18 21 20 1 60 61 26 25 62 29 28 31 30 2 63 35 34 37 36 3 40 39 4 5 64 45 44 47 46 8 50 49 9 10 54 53 13 14 17 59 58 23 24 27 33 43 
23 34 28 26 43 44 45 4 38 53 13 55 32 49 9 51 47 48 8 58 59 60 7 17 18 19 56 16 15 33 63 35 52 12 11 27 62 29 61 24 25 64 21 22 1 39 40 41 37 36 3 54 31 30 2 50 46 42 5 6 57 14 10 20 
24 56 10 43 25 46 47 42 63 16 37 36 27 11 30 31 44 58 59 8 48 61 57 7 21 20 35 54 53 38 3 14 28 49 50 2 32 52 23 60 64 26 19 40 39 22 1 5 55 13 33 15 9 51 62 12 45 41 4 17 6 34 29 18 
25 16 2 44 46 8 48 22 35 37 38 3 9 10 11 12 58 23 60 24 61 26 41 42 7 6 54 55 13 56 14 15 27 28 29 30 31 32 43 64 45 47 57 19 18 21 20 1 63 33 34 36 49 50 51 52 59 40 39 4 5 53 62 17 
26 15 32 45 47 48 8 1 34 36 3 38 51 52 12 11 59 60 23 61 24 25 4 5 6 7 53 13 55 14 56 16 62 29 28 31 30 2 64 43 44 46 17 18 19 20 21 22 33 63 35 37 50 49 9 10 58 39 40 41 42 54 27 57 
27 17 58 31 28 49 50 53 21 18 39 40 61 23 43 64 32 52 10 9 51 62 56 13 33 63 22 42 5 4 41 57 26 47 46 44 45 59 12 11 30 29 16 37 36 34 35 54 7 6 20 19 48 8 24 60 2 38 3 14 55 1 25 15 
28 18 44 32 49 9 51 34 22 39 4 41 48 58 23 60 52 12 11 27 62 29 38 53 13 55 42 7 6 17 57 19 61 26 25 43 64 45 31 30 2 50 56 16 15 33 63 35 21 20 1 40 47 46 8 59 10 37 36 3 54 5 24 14 
29 19 45 2 50 51 9 35 1 40 41 4 8 59 60 23 10 11 12 62 27 28 3 54 55 13 5 6 7 57 17 18 24 25 26 64 43 44 30 31 32 49 14 15 16 63 33 34 20 21 22 39 46 47 48 58 52 36 37 38 53 42 61 56 
30 42 24 49 2 10 52 37 57 7 21 20 43 25 46 47 9 27 62 11 12 31 54 38 56 14 19 40 39 22 1 5 44 58 59 8 48 61 28 29 50 32 55 63 33 16 15 36 41 4 17 6 23 60 64 26 51 35 34 53 3 18 45 13 
31 5 61 50 32 52 10 36 17 6 20 21 64 26 47 46 51 62 27 12 11 30 53 3 14 56 18 39 40 1 22 42 45 59 58 48 8 24 29 28 49 2 13 33 63 15 16 37 4 41 57 7 60 23 43 25 9 34 35 54 38 19 44 55 
32 6 48 51 52 12 11 15 18 20 1 22 60 61 26 25 62 29 28 31 30 2 34 36 3 38 39 4 41 5 42 7 64 45 44 47 46 8 50 49 9 10 53 13 55 14 56 16 17 57 19 21 59 58 23 24 27 33 63 35 37 40 43 54 
33 64 17 37 34 53 54 62 46 45 59 58 21 18 39 40 38 56 14 13 55 63 30 29 50 49 8 24 61 60 23 43 22 42 5 4 41 57 16 15 36 35 2 10 52 51 9 27 25 26 47 44 7 6 20 19 3 11 12 31 28 48 1 32 
34 45 4 38 53 13 55 51 8 59 60 23 7 17 18 19 56 16 15 33 63 35 11 62 29 28 24 25 26 64 43 44 21 22 1 39 40 41 37 36 3 54 30 2 32 50 49 9 46 47 48 58 42 5 6 57 14 10 52 12 27 61 20 31 
35 44 41 3 54 55 13 9 48 58 23 60 6 57 19 18 14 15 16 63 33 34 12 27 28 29 61 26 25 43 64 45 20 1 22 40 39 4 36 37 38 53 31 32 2 49 50 51 47 46 8 59 5 42 7 17 56 52 10 11 62 24 21 30 
36 24 20 53 3 14 56 10 43 25 46 47 39 1 5 42 13 33 63 15 16 37 27 11 30 31 44 58 59 8 48 61 4 17 57 6 7 21 34 35 54 38 28 49 50 2 32 52 23 60 64 26 18 19 40 22 55 9 51 62 12 45 41 29 
37 61 21 54 38 56 14 52 64 26 47 46 40 22 42 5 55 63 33 16 15 36 62 12 31 30 45 59 58 48 8 24 41 57 17 7 6 20 35 34 53 3 29 50 49 32 2 10 60 23 43 25 19 18 39 1 13 51 9 27 11 44 4 28 
38 26 7 55 56 16 15 32 45 47 48 8 19 21 22 1 63 35 34 37 36 3 51 52 12 11 59 60 23 61 24 25 40 41 4 42 5 6 54 53 13 14 62 29 28 31 30 2 64 43 44 46 57 17 18 20 33 50 49 9 10 58 39 27 
39 62 33 42 4 17 57 59 30 29 50 49 37 34 53 54 7 21 20 18 19 40 24 60 64 43 2 10 52 51 9 27 38 56 14 13 55 63 22 1 5 41 25 46 47 45 44 58 11 12 31 28 16 15 36 35 6 8 48 61 23 32 3 26 
40 27 63 5 41 57 17 58 31 28 49 50 36 35 54 53 6 20 21 19 18 39 61 23 43 64 32 52 10 9 51 62 3 14 56 55 13 33 1 22 42 4 26 47 46 44 45 59 12 11 30 29 15 16 37 34 7 48 8 24 60 2 38 25 
41 28 55 6 57 19 18 44 32 49 9 51 15 63 35 34 20 1 22 40 39 4 48 58 23 60 52 12 11 27 62 29 36 3 38 54 53 13 5 42 7 17 61 26 25 43 64 45 31 30 2 50 14 56 16 33 21 47 46 8 59 10 37 24 
42 52 37 57 7 21 20 47 62 12 31 30 54 38 56 14 19 40 39 22 1 5 59 48 61 24 29 50 49 32 2 10 55 63 33 16 15 36 41 4 17 6 60 64 43 26 25 46 51 9 27 11 35 34 53 3 18 45 44 58 8 28 13 23 
43 53 27 47 44 58 59 39 56 13 33 63 31 28 49 50 48 61 24 23 60 64 42 4 17 57 16 37 36 34 35 54 32 52 10 9 51 62 26 25 46 45 7 21 20 18 19 40 38 3 14 55 12 11 30 29 8 22 1 5 41 15 2 6 
44 13 9 48 58 23 60 18 16 33 34 35 12 27 28 29 61 26 25 43 64 45 22 39 4 41 37 38 3 53 54 55 31 32 2 49 50 51 47 46 8 59 42 7 6 17 57 19 56 14 15 63 52 10 11 62 24 21 20 1 40 36 30 5 
45 55 51 8 59 60 23 19 15 63 35 34 11 62 29 28 24 25 26 64 43 44 1 40 41 4 36 3 38 54 53 13 30 2 32 50 49 9 46 47 48 58 5 6 7 57 17 18 14 56 16 33 10 52 12 27 61 20 21 22 39 37 31 42 
46 37 30 58 8 24 61 21 54 38 56 14 49 2 10 52 23 43 64 25 26 47 40 22 42 5 55 63 33 16 15 36 9 27 62 11 12 31 44 45 59 48 41 57 17 7 6 20 35 34 53 3 28 29 50 32 60 19 18 39 1 13 51 4 
47 36 31 59 48 61 24 20 53 3 14 56 50 32 52 10 60 64 43 26 25 46 39 1 5 42 13 33 63 15 16 37 51 62 27 12 11 30 45 44 58 8 4 17 57 6 7 21 34 35 54 38 29 28 49 2 23 18 19 40 22 55 9 41 
48 3 12 60 61 26 25 6 13 14 15 16 29 31 32 2 64 45 44 47 46 8 18 20 1 22 33 34 35 36 37 38 50 51 9 52 10 11 59 58 23 24 39 4 41 5 42 7 53 54 55 56 62 27 28 30 43 17 57 19 21 63 49 40 
49 39 43 52 9 27 62 33 42 4 17 57 47 44 58 59 12 31 30 28 29 50 37 34 53 54 7 21 20 18 19 40 48 61 24 23 60 64 32 2 10 51 38 56 14 13 55 63 22 1 5 41 26 25 46 45 11 16 15 36 35 6 8 3 
50 40 64 10 51 62 27 63 5 41 57 17 46 45 59 58 11 30 31 29 28 49 36 35 54 53 6 20 21 19 18 39 8 24 61 60 23 43 2 32 52 9 3 14 56 55 13 33 1 22 42 4 25 26 47 44 12 15 16 37 34 7 48 38 
51 41 60 11 62 29 28 55 6 57 19 18 25 64 45 44 30 2 32 50 49 9 15 63 35 34 20 1 22 40 39 4 46 8 48 59 58 23 10 52 12 27 36 3 38 54 53 13 5 42 7 17 24 61 26 43 31 14 56 16 33 21 47 37 
52 20 47 62 12 31 30 14 39 1 5 42 59 48 61 24 29 50 49 32 2 10 33 15 36 37 4 17 57 6 7 21 60 64 43 26 25 46 51 9 27 11 34 53 54 3 38 56 18 19 40 22 45 44 58 8 28 13 55 63 16 41 23 35 
53 59 39 56 13 33 63 50 24 60 64 43 42 4 17 57 16 37 36 34 35 54 10 51 62 27 25 46 47 45 44 58 7 21 20 18 19 40 38 3 14 55 11 30 31 29 28 49 8 48 61 23 22 1 5 41 15 2 32 52 9 26 6 12 
54 58 40 14 55 63 33 49 61 23 43 64 5 41 57 17 15 36 37 35 34 53 52 9 27 62 26 47 46 44 45 59 6 20 21 19 18 39 3 38 56 13 12 31 30 28 29 50 48 8 24 60 1 22 42 4 16 32 2 10 51 25 7 11 
55 23 19 15 63 35 34 28 26 43 44 45 1 40 41 4 36 3 38 54 53 13 32 49 9 51 47 48 8 58 59 60 5 6 7 57 17 18 14 56 16 33 52 12 11 27 62 29 61 24 25 64 20 21 22 39 37 31 30 2 50 46 42 10 
56 47 42 63 16 37 36 31 59 48 61 24 57 7 21 20 35 54 53 38 3 14 50 32 52 10 60 64 43 26 25 46 19 40 39 22 1 5 55 13 33 15 51 62 27 12 11 30 45 44 58 8 41 4 17 6 34 29 28 49 2 23 18 9 
57 49 54 20 19 40 39 43 52 9 27 62 14 55 63 33 1 5 42 41 4 17 47 44 58 59 12 31 30 28 29 50 15 36 37 35 34 53 6 7 21 18 48 61 24 23 60 64 32 2 10 51 3 38 56 13 22 26 25 46 45 11 16 8 
58 33 49 61 23 43 64 17 37 34 53 54 52 9 27 62 26 47 46 44 45 59 21 18 39 40 38 56 14 13 55 63 12 31 30 28 29 50 48 8 24 60 22 42 5 4 41 57 16 15 36 35 32 2 10 51 25 7 6 20 19 3 11 1 
59 63 50 24 60 64 43 57 36 35 54 53 10 51 62 27 25 46 47 45 44 58 20 19 40 39 3 14 56 55 13 33 11 30 31 29 28 49 8 48 61 23 1 5 42 41 4 17 15 16 37 34 2 32 52 9 26 6 7 21 18 38 12 22 
60 35 29 25 64 45 44 41 3 54 55 13 2 50 51 9 46 8 48 59 58 23 6 57 19 18 14 15 16 63 33 34 10 11 12 62 27 28 24 61 26 43 20 1 22 40 39 4 36 37 38 53 30 31 32 49 47 5 42 7 17 56 52 21 
61 14 52 64 26 47 46 5 33 15 36 37 62 12 31 30 45 59 58 48 8 24 17 6 20 21 34 53 54 3 38 56 29 50 49 32 2 10 60 23 43 25 18 39 40 1 22 42 13 55 63 16 51 9 27 11 44 4 41 57 7 35 28 19 
62 57 59 30 29 50 49 54 20 19 40 39 24 60 64 43 2 10 52 51 9 27 14 55 63 33 1 5 42 41 4 17 25 46 47 45 44 58 11 12 31 28 15 36 37 35 34 53 6 7 21 18 8 48 61 23 32 3 38 56 13 22 26 16 
63 43 57 36 35 54 53 27 47 44 58 59 20 19 40 39 3 14 56 55 13 33 31 28 49 50 48 61 24 23 60 64 1 5 42 41 4 17 15 16 37 34 32 52 10 9 51 62 26 25 46 45 6 7 21 18 38 12 11 30 29 8 22 2 
64 54 62 46 45 59 58 40 14 55 63 33 30 29 50 49 8 24 61 60 23 43 5 41 57 17 15 36 37 35 34 53 2 10 52 51 9 27 25 26 47 44 6 20 21 19 18 39 3 38 56 13 11 12 31 28 48 1 22 42 4 16 32 7 
1
0 1 

1 4 
1 
6 
7 
22 
2 8 
1 6 
1 7 
1 22 
5 20 
6 7 
6 22 
7 22 
21 42 
3 12 
1 5 20 
1 6 7 
1 6 22 
1 7 22 
1 21 42 
5 6 20 
5 7 20 
5 20 22 
6 7 22 
6 21 42 
7 21 42 
21 22 42 
4 14 
1 5 6 20 
1 5 7 20 
1 5 20 22 
1 6 7 22 
1 6 21 42 
1 7 21 42 
1 21 22 42 
5 6 7 20 
5 6 20 22 
5 7 20 22 
5 20 21 42 
6 7 21 42 
6 21 22 42 
7 21 22 42 
5 12 
1 5 6 7 20 
1 5 6 20 22 
1 5 7 20 22 
1 5 20 21 42 
1 6 7 21 42 
1 6 21 22 42 
1 7 21 22 42 
5 6 7 20 22 
5 6 20 21 42 
5 7 20 21 42 
5 20 21 22 42 
6 7 21 22 42 
6 8 
1 5 6 7 20 22 
1 5 6 20 21 42 
1 5 7 20 21 42 
1 5 20 21 22 42 
1 6 7 21 22 42 
5 6 7 20 21 42 
5 6 20 21 22 42 
5 7 20 21 22 42 
7 4 
1 5 6 7 20 21 42 
1 5 6 20 21 22 42 
1 5 7 20 21 22 42 
5 6 7 20 21 22 42 
8 1 
1 5 6 7 20 21 22 42 
2
0 1 

1 1 

2 4 
2 12 
10 52 
11 32 
30 31 
3 1 

4 6 
2 10 12 52 
2 11 12 32 
2 12 30 31 
10 11 32 52 
10 30 31 52 
11 30 31 32 
5 1 

6 4 
2 10 11 12 32 52 
2 10 12 30 31 52 
2 11 12 30 31 32 
10 11 30 31 32 52 
7 1 

8 1 
2 10 11 12 30 31 32 52 
3
0 1 

1 1 

2 4 
3 15 
14 36 
16 38 
37 56 
3 1 

4 6 
3 14 15 36 
3 15 16 38 
3 15 37 56 
14 16 36 38 
14 36 37 56 
16 37 38 56 
5 1 

6 4 
3 14 15 16 36 38 
3 14 15 36 37 56 
3 15 16 37 38 56 
14 16 36 37 38 56 
7 1 

8 1 
3 14 15 16 36 37 38 56 
4
0 1 

1 1 

2 4 
4 19 
17 57 
18 41 
39 40 
3 1 

4 6 
4 17 19 57 
4 18 19 41 
4 19 39 40 
17 18 41 57 
17 39 40 57 
18 39 40 41 
5 1 

6 4 
4 17 18 19 41 57 
4 17 19 39 40 57 
4 18 19 39 40 41 
17 18 39 40 41 57 
7 1 

8 1 
4 17 18 19 39 40 41 57 
5
0 1 

1 1 

2 4 
8 26 
24 47 
25 48 
46 61 
3 1 

4 6 
8 24 26 47 
8 25 26 48 
8 26 46 61 
24 25 47 48 
24 46 47 61 
25 46 48 61 
5 1 

6 4 
8 24 25 26 47 48 
8 24 26 46 47 61 
8 25 26 46 48 61 
24 25 46 47 48 61 
7 1 

8 1 
8 24 25 26 46 47 48 61 
6
0 1 

1 1 

2 4 
9 29 
27 62 
28 51 
49 50 
3 1 

4 6 
9 27 29 62 
9 28 29 51 
9 29 49 50 
27 28 51 62 
27 49 50 62 
28 49 50 51 
5 1 

6 4 
9 27 28 29 51 62 
9 27 29 49 50 62 
9 28 29 49 50 51 
27 28 49 50 51 62 
7 1 

8 1 
9 27 28 29 49 50 51 62 
7
0 1 

1 1 

2 4 
13 55 
33 63 
34 35 
53 54 
3 1 

4 6 
13 33 55 63 
13 34 35 55 
13 53 54 55 
33 34 35 63 
33 53 54 63 
34 35 53 54 
5 1 

6 4 
13 33 34 35 55 63 
13 33 53 54 55 63 
13 34 35 53 54 55 
33 34 35 53 54 63 
7 1 

8 1 
13 33 34 35 53 54 55 63 
8
0 1 

1 1 

2 4 
23 45 
43 59 
44 60 
58 64 
3 1 

4 6 
23 43 45 59 
23 44 45 60 
23 45 58 64 
43 44 59 60 
43 58 59 64 
44 58 60 64 
5 1 

6 4 
23 43 44 45 59 60 
23 43 45 58 59 64 
23 44 45 58 60 64 
43 44 58 59 60 64 
7 1 

8 1 
23 43 44 45 58 59 60 64 
