//Table for grp 85:
57
0 0 2 2 4 4 2 4 
0 0 2 4 4 2 4 2 
0 0 4 2 2 4 4 2 
0 0 4 4 2 2 2 4 
0 2 0 2 4 2 4 4 
0 2 0 4 4 4 2 2 
0 2 2 0 2 4 4 4 
0 2 2 2 2 2 2 6 
0 2 2 2 2 2 6 2 
0 2 2 2 2 6 2 2 
0 2 2 2 6 2 2 2 
0 2 2 4 2 0 4 4 
0 2 2 4 2 4 0 4 
0 2 2 4 2 4 4 0 
0 2 2 6 2 2 2 2 
0 2 4 0 4 4 2 2 
0 2 4 2 0 2 4 4 
0 2 4 2 4 2 0 4 
0 2 4 2 4 2 4 0 
0 2 4 4 0 4 2 2 
0 2 4 4 4 0 2 2 
0 2 6 2 2 2 2 2 
0 4 0 2 2 4 4 2 
0 4 0 4 2 2 2 4 
0 4 2 0 4 2 4 2 
0 4 2 2 0 4 2 4 
0 4 2 2 4 0 2 4 
0 4 2 2 4 4 2 0 
0 4 2 4 0 2 4 2 
0 4 2 4 4 2 0 2 
0 4 4 0 2 2 2 4 
0 4 4 2 2 0 4 2 
0 4 4 2 2 4 0 2 
0 4 4 4 2 2 2 0 
0 6 2 2 2 2 2 2 
2 0 2 2 2 2 4 4 
2 0 2 4 2 4 2 2 
2 0 4 2 4 2 2 2 
2 2 0 2 2 4 2 4 
2 2 0 4 2 2 4 2 
2 2 2 0 4 2 2 4 
2 2 2 2 0 4 4 2 
2 2 2 2 4 0 4 2 
2 2 2 2 4 4 0 2 
2 2 2 4 0 2 2 4 
2 2 2 4 4 2 2 0 
2 2 4 0 2 2 4 2 
2 2 4 2 2 0 2 4 
2 2 4 2 2 4 2 0 
2 2 4 4 2 2 0 2 
2 4 0 2 4 2 2 2 
2 4 2 0 2 4 2 2 
2 4 2 2 2 2 0 4 
2 4 2 2 2 2 4 0 
2 4 2 4 2 0 2 2 
2 4 4 2 0 2 2 2 
4 2 2 2 2 2 2 2 
1 2 3 4 5 6 7 8 9 10 11 12 13 14 15 16 17 18 19 20 21 22 23 24 25 26 27 28 29 30 31 32 33 34 35 36 37 38 39 40 41 42 43 44 45 46 47 48 49 50 51 52 53 54 55 56 57 58 59 60 61 62 63 64 
2 5 8 9 10 11 12 14 17 7 20 21 23 24 25 26 27 28 29 30 31 32 33 16 36 37 19 39 40 22 1 42 43 44 45 46 47 48 49 50 51 52 35 53 54 38 3 56 41 4 57 6 58 59 60 61 62 55 13 63 15 18 64 34 
3 8 6 13 14 15 16 11 23 24 25 26 18 20 1 22 33 34 35 36 37 38 28 30 2 32 43 44 45 46 47 48 39 4 41 5 42 7 53 54 55 56 49 9 51 10 52 12 58 59 60 61 17 57 19 21 63 27 62 29 31 64 40 50 
4 29 13 1 17 18 19 45 12 50 51 9 3 33 34 35 5 6 7 39 40 41 26 59 60 23 31 32 2 62 27 28 14 15 16 53 54 55 20 21 22 57 47 48 8 64 43 44 52 10 11 49 36 37 38 63 42 61 24 25 58 30 56 46 
5 10 14 17 7 20 21 24 27 12 30 31 33 16 36 37 19 39 40 22 1 42 43 26 46 47 29 49 50 32 2 52 35 53 54 38 3 56 41 4 57 6 45 58 59 48 8 61 51 9 62 11 55 13 63 15 18 60 23 64 25 28 34 44 
6 11 15 18 20 1 22 25 28 30 2 32 34 36 3 38 39 4 41 5 42 7 44 46 8 48 49 9 51 10 52 12 53 13 55 14 56 16 17 57 19 21 58 23 60 24 61 26 27 62 29 31 33 63 35 37 40 43 64 45 47 50 54 59 
7 12 16 19 21 22 1 26 29 31 32 2 35 37 38 3 40 41 4 42 5 6 45 47 48 8 50 51 9 52 10 11 54 55 13 56 14 15 57 17 18 20 59 60 23 61 24 25 62 27 28 30 63 33 34 36 39 64 43 44 46 49 53 58 
8 14 11 23 24 25 26 20 33 16 36 37 28 30 2 32 43 44 45 46 47 48 39 22 5 42 35 53 54 38 3 56 49 9 51 10 52 12 58 59 60 61 41 17 57 7 6 21 55 13 63 15 27 62 29 31 64 19 18 40 1 34 50 4 
9 40 23 2 27 28 29 54 21 4 57 17 8 43 44 45 10 11 12 49 50 51 37 13 63 33 1 42 5 18 19 39 24 25 26 58 59 60 30 31 32 62 3 56 14 34 35 53 6 7 20 41 46 47 48 64 52 15 16 36 55 22 61 38 
10 7 24 27 12 30 31 16 19 21 22 1 43 26 46 47 29 49 50 32 2 52 35 37 38 3 40 41 4 42 5 6 45 58 59 48 8 61 51 9 62 11 54 55 13 56 14 15 57 17 18 20 60 23 64 25 28 63 33 34 36 39 44 53 
11 20 25 28 30 2 32 36 39 22 5 42 44 46 8 48 49 9 51 10 52 12 53 38 14 56 41 17 57 7 6 21 58 23 60 24 61 26 27 62 29 31 55 33 63 16 15 37 19 18 40 1 43 64 45 47 50 35 34 54 3 4 59 13 
12 21 26 29 31 32 2 37 40 1 42 5 45 47 48 8 50 51 9 52 10 11 54 3 56 14 4 57 17 6 7 20 59 60 23 61 24 25 62 27 28 30 13 63 33 15 16 36 18 19 39 22 64 43 44 46 49 34 35 53 38 41 58 55 
13 45 18 3 33 34 35 51 26 59 60 23 6 39 4 41 14 15 16 53 54 55 32 62 29 28 47 48 8 64 43 44 20 1 22 17 57 19 36 37 38 63 52 12 11 50 49 9 61 24 25 58 5 42 7 40 56 31 30 2 27 46 21 10 
14 24 20 33 16 36 37 30 43 26 46 47 39 22 5 42 35 53 54 38 3 56 49 32 10 52 45 58 59 48 8 61 41 17 57 7 6 21 55 13 63 15 51 27 62 12 11 31 60 23 64 25 19 18 40 1 34 29 28 50 2 44 4 9 
15 25 1 34 36 3 38 2 44 46 8 48 4 5 6 7 53 13 55 14 56 16 9 10 11 12 58 23 60 24 61 26 17 18 19 20 21 22 33 63 35 37 27 28 29 30 31 32 43 64 45 47 39 40 41 42 54 49 50 51 52 59 57 62 
16 26 22 35 37 38 3 32 45 47 48 8 41 42 7 6 54 55 13 56 14 15 51 52 12 11 59 60 23 61 24 25 57 19 18 21 20 1 63 33 34 36 62 29 28 31 30 2 64 43 44 46 40 39 4 5 53 50 49 9 10 58 17 27 
17 50 33 5 19 39 40 59 31 9 62 27 14 35 53 54 7 20 21 41 4 57 47 23 64 43 2 52 10 28 29 49 16 36 37 55 13 63 22 1 42 18 8 61 24 44 45 58 11 12 30 51 38 3 56 34 6 25 26 46 60 32 15 48 
18 51 34 6 39 4 41 60 32 62 29 28 15 53 13 55 20 1 22 17 57 19 48 64 45 44 52 12 11 50 49 9 36 3 38 33 63 35 5 42 7 40 61 26 25 59 58 23 31 30 2 27 14 56 16 54 21 47 46 8 43 10 37 24 
19 9 35 7 40 41 4 23 2 27 28 29 16 54 55 13 21 22 1 57 17 18 8 43 44 45 10 11 12 49 50 51 37 38 3 63 33 34 42 5 6 39 24 25 26 58 59 60 30 31 32 62 56 14 15 53 20 46 47 48 64 52 36 61 
20 30 36 39 22 5 42 46 49 32 10 52 53 38 14 56 41 17 57 7 6 21 58 48 24 61 51 27 62 12 11 31 55 33 63 16 15 37 19 18 40 1 60 43 64 26 25 47 29 28 50 2 35 34 54 3 4 45 44 59 8 9 13 23 
21 31 37 40 1 42 5 47 50 2 52 10 54 3 56 14 4 57 17 6 7 20 59 8 61 24 9 62 27 11 12 30 13 63 33 15 16 36 18 19 39 22 23 64 43 25 26 46 28 29 49 32 34 35 53 38 41 44 45 58 48 51 55 60 
22 32 38 41 42 7 6 48 51 52 12 11 55 56 16 15 57 19 18 21 20 1 60 61 26 25 62 29 28 31 30 2 63 35 34 37 36 3 40 39 4 5 64 45 44 47 46 8 50 49 9 10 54 53 13 14 17 59 58 23 24 27 33 43 
23 54 28 8 43 44 45 57 37 13 63 33 11 49 9 51 24 25 26 58 59 60 42 18 40 39 3 56 14 34 35 53 30 2 32 27 62 29 46 47 48 64 6 21 20 4 41 17 15 16 36 55 10 52 12 50 61 1 22 5 19 38 31 7 
24 16 30 43 26 46 47 22 35 37 38 3 49 32 10 52 45 58 59 48 8 61 41 42 7 6 54 55 13 56 14 15 51 27 62 12 11 31 60 23 64 25 57 19 18 21 20 1 63 33 34 36 29 28 50 2 44 40 39 4 5 53 9 17 
25 36 2 44 46 8 48 5 53 38 14 56 9 10 11 12 58 23 60 24 61 26 17 7 20 21 55 33 63 16 15 37 27 28 29 30 31 32 43 64 45 47 19 39 40 22 1 42 35 34 54 3 49 50 51 52 59 41 4 57 6 13 62 18 
26 37 32 45 47 48 8 42 54 3 56 14 51 52 12 11 59 60 23 61 24 25 57 6 21 20 13 63 33 15 16 36 62 29 28 31 30 2 64 43 44 46 18 40 39 1 22 5 34 35 53 38 50 49 9 10 58 4 41 17 7 55 27 19 
27 4 43 10 29 49 50 13 1 17 18 19 24 45 58 59 12 30 31 51 9 62 3 33 34 35 5 6 7 39 40 41 26 46 47 60 23 64 32 2 52 28 14 15 16 53 54 55 20 21 22 57 48 8 61 44 11 36 37 38 63 42 25 56 
28 57 44 11 49 9 51 63 42 18 40 39 25 58 23 60 30 2 32 27 62 29 56 34 54 53 6 21 20 4 41 17 46 8 48 43 64 45 10 52 12 50 15 37 36 13 55 33 1 22 5 19 24 61 26 59 31 3 38 14 35 7 47 16 
29 17 45 12 50 51 9 33 5 19 39 40 26 59 60 23 31 32 2 62 27 28 14 35 53 54 7 20 21 41 4 57 47 48 8 64 43 44 52 10 11 49 16 36 37 55 13 63 22 1 42 18 61 24 25 58 30 38 3 56 34 6 46 15 
30 22 46 49 32 10 52 38 41 42 7 6 58 48 24 61 51 27 62 12 11 31 55 56 16 15 57 19 18 21 20 1 60 43 64 26 25 47 29 28 50 2 63 35 34 37 36 3 40 39 4 5 45 44 59 8 9 54 53 13 14 17 23 33 
31 1 47 50 2 52 10 3 4 5 6 7 59 8 61 24 9 62 27 11 12 30 13 14 15 16 17 18 19 20 21 22 23 64 43 25 26 46 28 29 49 32 33 34 35 36 37 38 39 40 41 42 44 45 58 48 51 53 54 55 56 57 60 63 
32 42 48 51 52 12 11 56 57 6 21 20 60 61 26 25 62 29 28 31 30 2 63 15 37 36 18 40 39 1 22 5 64 45 44 47 46 8 50 49 9 10 34 54 53 3 38 14 4 41 17 7 59 58 23 24 27 13 55 33 16 19 43 35 
33 59 39 14 35 53 54 62 47 23 64 43 20 41 17 57 16 36 37 55 13 63 52 28 50 49 8 61 24 44 45 58 22 5 42 19 18 40 38 3 56 34 11 31 30 9 51 27 25 26 46 60 7 6 21 4 15 2 32 10 29 48 1 12 
34 60 4 15 53 13 55 29 48 64 45 44 1 17 18 19 36 3 38 33 63 35 12 50 51 9 61 26 25 59 58 23 5 6 7 39 40 41 14 56 16 54 31 32 2 62 27 28 47 46 8 43 20 21 22 57 37 52 10 11 49 24 42 30 
35 23 41 16 54 55 13 28 8 43 44 45 22 57 19 18 37 38 3 63 33 34 11 49 9 51 24 25 26 58 59 60 42 7 6 40 39 4 56 14 15 53 30 2 32 27 62 29 46 47 48 64 21 20 1 17 36 10 52 12 50 61 5 31 
36 46 5 53 38 14 56 10 58 48 24 61 17 7 20 21 55 33 63 16 15 37 27 12 30 31 60 43 64 26 25 47 19 39 40 22 1 42 35 34 54 3 29 49 50 32 2 52 45 44 59 8 41 4 57 6 13 51 9 62 11 23 18 28 
37 47 42 54 3 56 14 52 59 8 61 24 57 6 21 20 13 63 33 15 16 36 62 11 31 30 23 64 43 25 26 46 18 40 39 1 22 5 34 35 53 38 28 50 49 2 32 10 44 45 58 48 4 41 17 7 55 9 51 27 12 60 19 29 
38 48 7 55 56 16 15 12 60 61 26 25 19 21 22 1 63 35 34 37 36 3 29 31 32 2 64 45 44 47 46 8 40 41 4 42 5 6 54 53 13 14 50 51 9 52 10 11 59 58 23 24 57 17 18 20 33 62 27 28 30 43 39 49 
39 62 53 20 41 17 57 64 52 28 50 49 36 55 33 63 22 5 42 19 18 40 61 44 59 58 11 31 30 9 51 27 38 14 56 35 34 54 7 6 21 4 25 47 46 23 60 43 2 32 10 29 16 15 37 13 1 8 48 24 45 12 3 26 
40 27 54 21 4 57 17 43 10 29 49 50 37 13 63 33 1 42 5 18 19 39 24 45 58 59 12 30 31 51 9 62 3 56 14 34 35 53 6 7 20 41 26 46 47 60 23 64 32 2 52 28 15 16 36 55 22 48 8 61 44 11 38 25 
41 28 55 22 57 19 18 44 11 49 9 51 38 63 35 34 42 7 6 40 39 4 25 58 23 60 30 2 32 27 62 29 56 16 15 54 53 13 21 20 1 17 46 8 48 43 64 45 10 52 12 50 37 36 3 33 5 24 61 26 59 31 14 47 
42 52 56 57 6 21 20 61 62 11 31 30 63 15 37 36 18 40 39 1 22 5 64 25 47 46 28 50 49 2 32 10 34 54 53 3 38 14 4 41 17 7 44 59 58 8 48 24 9 51 27 12 13 55 33 16 19 23 60 43 26 29 35 45 
43 13 49 24 45 58 59 18 3 33 34 35 30 51 27 62 26 46 47 60 23 64 6 39 4 41 14 15 16 53 54 55 32 10 52 29 28 50 48 8 61 44 20 1 22 17 57 19 36 37 38 63 12 11 31 9 25 5 42 7 40 56 2 21 
44 63 9 25 58 23 60 40 56 34 54 53 2 27 28 29 46 8 48 43 64 45 21 4 57 17 15 37 36 13 55 33 10 11 12 49 50 51 24 61 26 59 1 42 5 18 19 39 3 38 14 35 30 31 32 62 47 6 7 20 41 16 52 22 
45 33 51 26 59 60 23 39 14 35 53 54 32 62 29 28 47 48 8 64 43 44 20 41 17 57 16 36 37 55 13 63 52 12 11 50 49 9 61 24 25 58 22 5 42 19 18 40 38 3 56 34 31 30 2 27 46 7 6 21 4 15 10 1 
46 38 10 58 48 24 61 7 55 56 16 15 27 12 30 31 60 43 64 26 25 47 19 21 22 1 63 35 34 37 36 3 29 49 50 32 2 52 45 44 59 8 40 41 4 42 5 6 54 53 13 14 51 9 62 11 23 57 17 18 20 33 28 39 
47 3 52 59 8 61 24 6 13 14 15 16 62 11 31 30 23 64 43 25 26 46 18 20 1 22 33 34 35 36 37 38 28 50 49 2 32 10 44 45 58 48 39 4 41 5 42 7 53 54 55 56 9 51 27 12 60 17 57 19 21 63 29 40 
48 56 12 60 61 26 25 21 63 15 37 36 29 31 32 2 64 45 44 47 46 8 40 1 42 5 34 54 53 3 38 14 50 51 9 52 10 11 59 58 23 24 4 57 17 6 7 20 13 55 33 16 62 27 28 30 43 18 19 39 22 35 49 41 
49 18 58 30 51 27 62 34 6 39 4 41 46 60 43 64 32 10 52 29 28 50 15 53 13 55 20 1 22 17 57 19 48 24 61 45 44 59 12 11 31 9 36 3 38 33 63 35 5 42 7 40 26 25 47 23 2 14 56 16 54 21 8 37 
50 19 59 31 9 62 27 35 7 40 41 4 47 23 64 43 2 52 10 28 29 49 16 54 55 13 21 22 1 57 17 18 8 61 24 44 45 58 11 12 30 51 37 38 3 63 33 34 42 5 6 39 25 26 46 60 32 56 14 15 53 20 48 36 
51 39 60 32 62 29 28 53 20 41 17 57 48 64 45 44 52 12 11 50 49 9 36 55 33 63 22 5 42 19 18 40 61 26 25 59 58 23 31 30 2 27 38 14 56 35 34 54 7 6 21 4 47 46 8 43 10 16 15 37 13 1 24 3 
52 6 61 62 11 31 30 15 18 20 1 22 64 25 47 46 28 50 49 2 32 10 34 36 3 38 39 4 41 5 42 7 44 59 58 8 48 24 9 51 27 12 53 13 55 14 56 16 17 57 19 21 23 60 43 26 29 33 63 35 37 40 45 54 
53 64 17 36 55 33 63 50 61 44 59 58 5 19 39 40 38 14 56 35 34 54 31 9 62 27 25 47 46 23 60 43 7 20 21 41 4 57 16 15 37 13 2 52 10 28 29 49 8 48 24 45 22 1 42 18 3 11 12 30 51 26 6 32 
54 43 57 37 13 63 33 49 24 45 58 59 42 18 40 39 3 56 14 34 35 53 30 51 27 62 26 46 47 60 23 64 6 21 20 4 41 17 15 16 36 55 32 10 52 29 28 50 48 8 61 44 1 22 5 19 38 12 11 31 9 25 7 2 
55 44 19 38 63 35 34 9 25 58 23 60 7 40 41 4 56 16 15 54 53 13 2 27 28 29 46 8 48 43 64 45 21 22 1 57 17 18 37 36 3 33 10 11 12 49 50 51 24 61 26 59 42 5 6 39 14 30 31 32 62 47 20 52 
56 61 21 63 15 37 36 31 64 25 47 46 40 1 42 5 34 54 53 3 38 14 50 2 52 10 44 59 58 8 48 24 4 57 17 6 7 20 13 55 33 16 9 62 27 11 12 30 23 60 43 26 18 19 39 22 35 28 29 49 32 45 41 51 
57 49 63 42 18 40 39 58 30 51 27 62 56 34 54 53 6 21 20 4 41 17 46 60 43 64 32 10 52 29 28 50 15 37 36 13 55 33 1 22 5 19 48 24 61 45 44 59 12 11 31 9 3 38 14 35 7 26 25 47 23 2 16 8 
58 34 27 46 60 43 64 4 15 53 13 55 10 29 49 50 48 24 61 45 44 59 1 17 18 19 36 3 38 33 63 35 12 30 31 51 9 62 26 25 47 23 5 6 7 39 40 41 14 56 16 54 32 2 52 28 8 20 21 22 57 37 11 42 
59 35 62 47 23 64 43 41 16 54 55 13 52 28 50 49 8 61 24 44 45 58 22 57 19 18 37 38 3 63 33 34 11 31 30 9 51 27 25 26 46 60 42 7 6 40 39 4 56 14 15 53 2 32 10 29 48 21 20 1 17 36 12 5 
60 53 29 48 64 45 44 17 36 55 33 63 12 50 51 9 61 26 25 59 58 23 5 19 39 40 38 14 56 35 34 54 31 32 2 62 27 28 47 46 8 43 7 20 21 41 4 57 16 15 37 13 52 10 11 49 24 22 1 42 18 3 30 6 
61 15 31 64 25 47 46 1 34 36 3 38 50 2 52 10 44 59 58 8 48 24 4 5 6 7 53 13 55 14 56 16 9 62 27 11 12 30 23 60 43 26 17 18 19 20 21 22 33 63 35 37 28 29 49 32 45 39 40 41 42 54 51 57 
62 41 64 52 28 50 49 55 22 57 19 18 61 44 59 58 11 31 30 9 51 27 38 63 35 34 42 7 6 40 39 4 25 47 46 23 60 43 2 32 10 29 56 16 15 54 53 13 21 20 1 17 8 48 24 45 12 37 36 3 33 5 26 14 
63 58 40 56 34 54 53 27 46 60 43 64 21 4 57 17 15 37 36 13 55 33 10 29 49 50 48 24 61 45 44 59 1 42 5 18 19 39 3 38 14 35 12 30 31 51 9 62 26 25 47 23 6 7 20 41 16 32 2 52 28 8 22 11 
64 55 50 61 44 59 58 19 38 63 35 34 31 9 62 27 25 47 46 23 60 43 7 40 41 4 56 16 15 54 53 13 2 52 10 28 29 49 8 48 24 45 21 22 1 57 17 18 37 36 3 33 11 12 30 51 26 42 5 6 39 14 32 20 
1
0 1 

1 4 
1 
6 
7 
22 
2 8 
1 6 
1 7 
1 22 
5 21 
6 7 
6 22 
7 22 
20 42 
3 12 
1 5 21 
1 6 7 
1 6 22 
1 7 22 
1 20 42 
5 6 21 
5 7 21 
5 21 22 
6 7 22 
6 20 42 
7 20 42 
20 22 42 
4 14 
1 5 6 21 
1 5 7 21 
1 5 21 22 
1 6 7 22 
1 6 20 42 
1 7 20 42 
1 20 22 42 
5 6 7 21 
5 6 21 22 
5 7 21 22 
5 20 21 42 
6 7 20 42 
6 20 22 42 
7 20 22 42 
5 12 
1 5 6 7 21 
1 5 6 21 22 
1 5 7 21 22 
1 5 20 21 42 
1 6 7 20 42 
1 6 20 22 42 
1 7 20 22 42 
5 6 7 21 22 
5 6 20 21 42 
5 7 20 21 42 
5 20 21 22 42 
6 7 20 22 42 
6 8 
1 5 6 7 21 22 
1 5 6 20 21 42 
1 5 7 20 21 42 
1 5 20 21 22 42 
1 6 7 20 22 42 
5 6 7 20 21 42 
5 6 20 21 22 42 
5 7 20 21 22 42 
7 4 
1 5 6 7 20 21 42 
1 5 6 20 21 22 42 
1 5 7 20 21 22 42 
5 6 7 20 21 22 42 
8 1 
1 5 6 7 20 21 22 42 
2
0 1 

1 1 

2 4 
2 31 
10 12 
11 52 
30 32 
3 1 

4 6 
2 10 12 31 
2 11 31 52 
2 30 31 32 
10 11 12 52 
10 12 30 32 
11 30 32 52 
5 1 

6 4 
2 10 11 12 31 52 
2 10 12 30 31 32 
2 11 30 31 32 52 
10 11 12 30 32 52 
7 1 

8 1 
2 10 11 12 30 31 32 52 
3
0 1 

1 1 

2 4 
3 15 
14 56 
16 38 
36 37 
3 1 

4 6 
3 14 15 56 
3 15 16 38 
3 15 36 37 
14 16 38 56 
14 36 37 56 
16 36 37 38 
5 1 

6 4 
3 14 15 16 38 56 
3 14 15 36 37 56 
3 15 16 36 37 38 
14 16 36 37 38 56 
7 1 

8 1 
3 14 15 16 36 37 38 56 
4
0 1 

1 4 
4 
18 
19 
41 
2 8 
4 18 
4 19 
4 41 
17 40 
18 19 
18 41 
19 41 
39 57 
3 12 
4 17 40 
4 18 19 
4 18 41 
4 19 41 
4 39 57 
17 18 40 
17 19 40 
17 40 41 
18 19 41 
18 39 57 
19 39 57 
39 41 57 
4 14 
4 17 18 40 
4 17 19 40 
4 17 40 41 
4 18 19 41 
4 18 39 57 
4 19 39 57 
4 39 41 57 
17 18 19 40 
17 18 40 41 
17 19 40 41 
17 39 40 57 
18 19 39 57 
18 39 41 57 
19 39 41 57 
5 12 
4 17 18 19 40 
4 17 18 40 41 
4 17 19 40 41 
4 17 39 40 57 
4 18 19 39 57 
4 18 39 41 57 
4 19 39 41 57 
17 18 19 40 41 
17 18 39 40 57 
17 19 39 40 57 
17 39 40 41 57 
18 19 39 41 57 
6 8 
4 17 18 19 40 41 
4 17 18 39 40 57 
4 17 19 39 40 57 
4 17 39 40 41 57 
4 18 19 39 41 57 
17 18 19 39 40 57 
17 18 39 40 41 57 
17 19 39 40 41 57 
7 4 
4 17 18 19 39 40 57 
4 17 18 39 40 41 57 
4 17 19 39 40 41 57 
17 18 19 39 40 41 57 
8 1 
4 17 18 19 39 40 41 57 
5
0 1 

1 1 

2 4 
8 61 
24 48 
25 47 
26 46 
3 1 

4 6 
8 24 48 61 
8 25 47 61 
8 26 46 61 
24 25 47 48 
24 26 46 48 
25 26 46 47 
5 1 

6 4 
8 24 25 47 48 61 
8 24 26 46 48 61 
8 25 26 46 47 61 
24 25 26 46 47 48 
7 1 

8 1 
8 24 25 26 46 47 48 61 
6
0 1 

1 1 

2 4 
9 27 
28 49 
29 50 
51 62 
3 1 

4 6 
9 27 28 49 
9 27 29 50 
9 27 51 62 
28 29 49 50 
28 49 51 62 
29 50 51 62 
5 1 

6 4 
9 27 28 29 49 50 
9 27 28 49 51 62 
9 27 29 50 51 62 
28 29 49 50 51 62 
7 1 

8 1 
9 27 28 29 49 50 51 62 
7
0 1 

1 1 

2 4 
13 34 
33 63 
35 55 
53 54 
3 1 

4 6 
13 33 34 63 
13 34 35 55 
13 34 53 54 
33 35 55 63 
33 53 54 63 
35 53 54 55 
5 1 

6 4 
13 33 34 35 55 63 
13 33 34 53 54 63 
13 34 35 53 54 55 
33 35 53 54 55 63 
7 1 

8 1 
13 33 34 35 53 54 55 63 
8
0 1 

1 1 

2 4 
23 58 
43 44 
45 64 
59 60 
3 1 

4 6 
23 43 44 58 
23 45 58 64 
23 58 59 60 
43 44 45 64 
43 44 59 60 
45 59 60 64 
5 1 

6 4 
23 43 44 45 58 64 
23 43 44 58 59 60 
23 45 58 59 60 64 
43 44 45 59 60 64 
7 1 

8 1 
23 43 44 45 58 59 60 64 
