//Table for grp 69:
57
0 0 2 2 4 4 2 4 
0 0 2 4 4 2 4 2 
0 0 4 2 2 4 4 2 
0 0 4 4 2 2 2 4 
0 2 0 2 4 2 4 4 
0 2 0 4 4 4 2 2 
0 2 2 0 2 4 4 4 
0 2 2 2 2 2 2 6 
0 2 2 2 2 2 6 2 
0 2 2 2 2 6 2 2 
0 2 2 2 6 2 2 2 
0 2 2 4 2 0 4 4 
0 2 2 4 2 4 0 4 
0 2 2 4 2 4 4 0 
0 2 2 6 2 2 2 2 
0 2 4 0 4 4 2 2 
0 2 4 2 0 2 4 4 
0 2 4 2 4 2 0 4 
0 2 4 2 4 2 4 0 
0 2 4 4 0 4 2 2 
0 2 4 4 4 0 2 2 
0 2 6 2 2 2 2 2 
0 4 0 2 2 4 4 2 
0 4 0 4 2 2 2 4 
0 4 2 0 4 2 4 2 
0 4 2 2 0 4 2 4 
0 4 2 2 4 0 2 4 
0 4 2 2 4 4 2 0 
0 4 2 4 0 2 4 2 
0 4 2 4 4 2 0 2 
0 4 4 0 2 2 2 4 
0 4 4 2 2 0 4 2 
0 4 4 2 2 4 0 2 
0 4 4 4 2 2 2 0 
0 6 2 2 2 2 2 2 
2 0 2 2 2 2 4 4 
2 0 2 4 2 4 2 2 
2 0 4 2 4 2 2 2 
2 2 0 2 2 4 2 4 
2 2 0 4 2 2 4 2 
2 2 2 0 4 2 2 4 
2 2 2 2 0 4 4 2 
2 2 2 2 4 0 4 2 
2 2 2 2 4 4 0 2 
2 2 2 4 0 2 2 4 
2 2 2 4 4 2 2 0 
2 2 4 0 2 2 4 2 
2 2 4 2 2 0 2 4 
2 2 4 2 2 4 2 0 
2 2 4 4 2 2 0 2 
2 4 0 2 4 2 2 2 
2 4 2 0 2 4 2 2 
2 4 2 2 2 2 0 4 
2 4 2 2 2 2 4 0 
2 4 2 4 2 0 2 2 
2 4 4 2 0 2 2 2 
4 2 2 2 2 2 2 2 
1 2 3 4 5 6 7 8 9 10 11 12 13 14 15 16 17 18 19 20 21 22 23 24 25 26 27 28 29 30 31 32 33 34 35 36 37 38 39 40 41 42 43 44 45 46 47 48 49 50 51 52 53 54 55 56 57 58 59 60 61 62 63 64 
2 7 8 9 10 11 12 16 19 21 22 1 23 24 25 26 27 28 29 30 31 32 35 37 38 3 40 41 4 42 5 6 43 44 45 46 47 48 49 50 51 52 54 55 13 56 14 15 57 17 18 20 58 59 60 61 62 63 33 34 36 39 64 53 
3 24 21 13 14 15 16 12 43 8 46 47 40 7 42 5 33 34 35 36 37 38 29 31 32 2 23 58 59 25 26 61 19 57 17 22 1 20 53 54 55 56 50 51 9 52 10 11 44 45 64 48 41 4 39 6 63 62 27 28 30 60 18 49 
4 28 13 5 17 18 19 44 30 49 9 51 14 33 34 35 1 20 21 39 40 41 46 58 23 60 11 10 52 27 62 29 3 36 37 53 54 55 6 7 42 57 25 24 61 43 64 45 2 32 31 50 15 16 56 63 22 8 48 47 59 12 38 26 
5 10 14 17 1 20 21 24 27 2 30 31 33 3 36 37 4 39 40 6 7 42 43 8 46 47 9 49 50 11 12 52 13 53 54 15 16 56 18 19 57 22 23 58 59 25 26 61 28 29 62 32 34 35 63 38 41 44 45 64 48 51 55 60 
6 11 15 18 20 1 22 25 28 30 2 32 34 36 3 38 39 4 41 5 42 7 44 46 8 48 49 9 51 10 52 12 53 13 55 14 56 16 17 57 19 21 58 23 60 24 61 26 27 62 29 31 33 63 35 37 40 43 64 45 47 50 54 59 
7 12 16 19 21 22 1 26 29 31 32 2 35 37 38 3 40 41 4 42 5 6 45 47 48 8 50 51 9 52 10 11 54 55 13 56 14 15 57 17 18 20 59 60 23 61 24 25 62 27 28 30 63 33 34 36 39 64 43 44 46 49 53 58 
8 37 31 23 24 25 26 1 54 16 56 14 50 12 52 10 43 44 45 46 47 48 4 5 6 7 35 63 33 38 3 36 29 62 27 32 2 30 58 59 60 61 17 18 19 20 21 22 55 13 53 15 51 9 49 11 64 39 40 41 42 34 28 57 
9 41 23 10 27 28 29 55 42 57 19 18 24 43 44 45 2 30 31 49 50 51 56 63 35 34 22 21 20 40 39 4 8 46 47 58 59 60 11 12 52 62 38 37 36 54 53 13 7 6 5 17 25 26 61 64 32 16 15 14 33 1 48 3 
10 21 24 27 2 30 31 37 40 7 42 5 43 8 46 47 9 49 50 11 12 52 54 16 56 14 19 57 17 22 1 20 23 58 59 25 26 61 28 29 62 32 35 63 33 38 3 36 41 4 39 6 44 45 64 48 51 55 13 53 15 18 60 34 
11 22 25 28 30 2 32 38 41 42 7 6 44 46 8 48 49 9 51 10 52 12 55 56 16 15 57 19 18 21 20 1 58 23 60 24 61 26 27 62 29 31 63 35 34 37 36 3 40 39 4 5 43 64 45 47 50 54 53 13 14 17 59 33 
12 1 26 29 31 32 2 3 4 5 6 7 45 47 48 8 50 51 9 52 10 11 13 14 15 16 17 18 19 20 21 22 59 60 23 61 24 25 62 27 28 30 33 34 35 36 37 38 39 40 41 42 64 43 44 46 49 53 54 55 56 57 58 63 
13 58 40 14 33 34 35 51 25 44 43 64 7 19 57 17 3 36 37 53 54 55 52 62 29 28 46 8 48 23 60 59 21 22 1 41 4 39 15 16 56 63 32 31 30 50 49 9 24 61 26 45 42 5 6 18 38 12 11 10 27 47 20 2 
14 8 7 33 3 36 37 31 23 24 25 26 19 21 22 1 13 53 54 15 16 56 50 12 52 10 43 44 45 46 47 48 40 41 4 42 5 6 34 35 63 38 29 62 27 32 2 30 58 59 60 61 57 17 18 20 55 51 9 49 11 64 39 28 
15 46 42 34 36 3 38 32 58 25 24 61 57 22 21 20 53 13 55 14 56 16 51 52 12 11 44 43 64 8 48 47 41 40 39 7 6 5 33 63 35 37 62 29 28 31 30 2 23 60 59 26 19 18 17 1 54 50 49 9 10 45 4 27 
16 47 5 35 37 38 3 2 59 26 61 24 17 1 20 21 54 55 13 56 14 15 9 10 11 12 45 64 43 48 8 46 4 39 40 6 7 42 63 33 34 36 27 28 29 30 31 32 60 23 58 25 18 19 57 22 53 49 50 51 52 44 41 62 
17 49 33 1 4 39 40 58 11 28 27 62 3 13 53 54 5 6 7 18 19 57 25 44 43 64 30 2 32 9 51 50 14 15 16 34 35 63 20 21 22 41 46 8 48 23 60 59 10 52 12 29 36 37 38 55 42 24 61 26 45 31 56 47 
18 9 34 20 39 4 41 23 10 27 28 29 36 53 13 55 6 5 42 17 57 19 24 43 44 45 2 30 31 49 50 51 15 14 56 33 63 35 1 22 21 40 8 46 47 58 59 60 11 12 52 62 3 38 37 54 7 25 26 61 64 32 16 48 
19 51 35 21 40 41 4 60 52 62 29 28 37 54 55 13 7 42 5 57 17 18 61 64 45 44 32 31 30 50 49 9 16 56 14 63 33 34 22 1 20 39 48 47 46 59 58 23 12 11 10 27 38 3 36 53 6 26 25 24 43 2 15 8 
20 30 36 39 6 5 42 46 49 11 10 52 53 15 14 56 18 17 57 1 22 21 58 25 24 61 28 27 62 2 32 31 34 33 63 3 38 37 4 41 40 7 44 43 64 8 48 47 9 51 50 12 13 55 54 16 19 23 60 59 26 29 35 45 
21 31 37 40 7 42 5 47 50 12 52 10 54 16 56 14 19 57 17 22 1 20 59 26 61 24 29 62 27 32 2 30 35 63 33 38 3 36 41 4 39 6 45 64 43 48 8 46 51 9 49 11 55 13 53 15 18 60 23 58 25 28 34 44 
22 32 38 41 42 7 6 48 51 52 12 11 55 56 16 15 57 19 18 21 20 1 60 61 26 25 62 29 28 31 30 2 63 35 34 37 36 3 40 39 4 5 64 45 44 47 46 8 50 49 9 10 54 53 13 14 17 59 58 23 24 27 33 43 
23 63 50 24 43 44 45 18 38 55 54 53 12 29 62 27 8 46 47 58 59 60 20 39 4 41 56 16 15 35 34 33 31 32 2 51 9 49 25 26 61 64 6 5 42 17 57 19 37 36 3 13 52 10 11 28 48 1 22 21 40 14 30 7 
24 16 12 43 8 46 47 5 35 37 38 3 29 31 32 2 23 58 59 25 26 61 17 1 20 21 54 55 13 56 14 15 50 51 9 52 10 11 44 45 64 48 4 39 40 6 7 42 63 33 34 36 62 27 28 30 60 18 19 57 22 53 49 41 
25 56 52 44 46 8 48 6 63 38 37 36 62 32 31 30 58 23 60 24 61 26 18 20 1 22 55 54 53 16 15 14 51 50 49 12 11 10 43 64 45 47 39 4 41 5 42 7 35 34 33 3 29 28 27 2 59 17 57 19 21 13 9 40 
26 14 10 45 47 48 8 7 33 3 36 37 27 2 30 31 59 60 23 61 24 25 19 21 22 1 13 53 54 15 16 56 9 49 50 11 12 52 64 43 44 46 40 41 4 42 5 6 34 35 63 38 28 29 62 32 58 57 17 18 20 55 51 39 
27 57 43 2 9 49 50 63 22 41 40 39 8 23 58 59 10 11 12 28 29 62 38 55 54 53 42 7 6 19 18 17 24 25 26 44 45 64 30 31 32 51 56 16 15 35 34 33 21 20 1 4 46 47 48 60 52 37 36 3 13 5 61 14 
28 19 44 30 49 9 51 35 21 40 41 4 46 58 23 60 11 10 52 27 62 29 37 54 55 13 7 42 5 57 17 18 25 24 61 43 64 45 2 32 31 50 16 56 14 63 33 34 22 1 20 39 8 48 47 59 12 38 3 36 53 6 26 15 
29 18 45 31 50 51 9 34 20 39 4 41 47 59 60 23 12 52 10 62 27 28 36 53 13 55 6 5 42 17 57 19 26 61 24 64 43 44 32 2 30 49 15 14 56 33 63 35 1 22 21 40 48 8 46 58 11 3 38 37 54 7 25 16 
30 42 46 49 11 10 52 56 57 22 21 20 58 25 24 61 28 27 62 2 32 31 63 38 37 36 41 40 39 7 6 5 44 43 64 8 48 47 9 51 50 12 55 54 53 16 15 14 19 18 17 1 23 60 59 26 29 35 34 33 3 4 45 13 
31 5 47 50 12 52 10 14 17 1 20 21 59 26 61 24 29 62 27 32 2 30 33 3 36 37 4 39 40 6 7 42 45 64 43 48 8 46 51 9 49 11 13 53 54 15 16 56 18 19 57 22 60 23 58 25 28 34 35 63 38 41 44 55 
32 6 48 51 52 12 11 15 18 20 1 22 60 61 26 25 62 29 28 31 30 2 34 36 3 38 39 4 41 5 42 7 64 45 44 47 46 8 50 49 9 10 53 13 55 14 56 16 17 57 19 21 59 58 23 24 27 33 63 35 37 40 43 54 
33 44 19 3 13 53 54 62 46 58 23 60 21 40 41 4 14 15 16 34 35 63 32 51 50 49 25 24 61 43 64 45 7 42 5 57 17 18 36 37 38 55 52 12 11 29 28 27 8 48 47 59 22 1 20 39 56 31 30 2 9 26 6 10 
34 43 57 36 53 13 55 29 8 23 58 59 22 41 40 39 15 14 56 33 63 35 31 50 51 9 24 25 26 44 45 64 42 7 6 19 18 17 3 38 37 54 12 52 10 62 27 28 46 47 48 60 21 20 1 4 16 32 2 30 49 61 5 11 
35 64 17 37 54 55 13 28 48 60 59 58 1 4 39 40 16 56 14 63 33 34 30 49 9 51 61 26 25 45 44 43 5 6 7 18 19 57 38 3 36 53 11 10 52 27 62 29 47 46 8 23 20 21 22 41 15 2 32 31 50 24 42 12 
36 25 22 53 15 14 56 52 44 46 8 48 41 42 7 6 34 33 63 3 38 37 62 32 31 30 58 23 60 24 61 26 57 19 18 21 20 1 13 55 54 16 51 50 49 12 11 10 43 64 45 47 40 39 4 5 35 29 28 27 2 59 17 9 
37 26 1 54 16 56 14 10 45 47 48 8 4 5 6 7 35 63 33 38 3 36 27 2 30 31 59 60 23 61 24 25 17 18 19 20 21 22 55 13 53 15 9 49 50 11 12 52 64 43 44 46 39 40 41 42 34 28 29 62 32 58 57 51 
38 61 20 55 56 16 15 11 64 48 47 46 39 6 5 42 63 35 34 37 36 3 28 30 2 32 60 59 58 26 25 24 18 17 57 1 22 21 54 53 13 14 49 9 51 10 52 12 45 44 43 8 4 41 40 7 33 27 62 29 31 23 19 50 
39 27 53 6 18 17 57 43 2 9 49 50 15 34 33 63 20 1 22 4 41 40 8 23 58 59 10 11 12 28 29 62 36 3 38 13 55 54 5 42 7 19 24 25 26 44 45 64 30 31 32 51 14 56 16 35 21 46 47 48 60 52 37 61 
40 62 54 7 19 57 17 64 32 51 50 49 16 35 63 33 21 22 1 41 4 39 48 60 59 58 52 12 11 29 28 27 37 38 3 55 13 53 42 5 6 18 61 26 25 45 44 43 31 30 2 9 56 14 15 34 20 47 46 8 23 10 36 24 
41 29 55 42 57 19 18 45 31 50 51 9 56 63 35 34 22 21 20 40 39 4 47 59 60 23 12 52 10 62 27 28 38 37 36 54 53 13 7 6 5 17 26 61 24 64 43 44 32 2 30 49 16 15 14 33 1 48 8 46 58 11 3 25 
42 52 56 57 22 21 20 61 62 32 31 30 63 38 37 36 41 40 39 7 6 5 64 48 47 46 51 50 49 12 11 10 55 54 53 16 15 14 19 18 17 1 60 59 58 26 25 24 29 28 27 2 35 34 33 3 4 45 44 43 8 9 13 23 
43 55 29 8 23 58 59 39 56 63 35 34 31 50 51 9 24 25 26 44 45 64 6 18 17 57 38 37 36 54 53 13 12 52 10 62 27 28 46 47 48 60 20 1 22 4 41 40 16 15 14 33 32 2 30 49 61 5 42 7 19 3 11 21 
44 54 62 46 58 23 60 4 16 35 63 33 32 51 50 49 25 24 61 43 64 45 5 17 18 19 37 38 3 55 13 53 52 12 11 29 28 27 8 48 47 59 1 20 21 39 40 41 56 14 15 34 31 30 2 9 26 6 7 42 57 36 10 22 
45 53 27 47 59 60 23 41 15 34 33 63 2 9 49 50 26 61 24 64 43 44 42 57 19 18 36 3 38 13 55 54 10 11 12 28 29 62 48 8 46 58 22 21 20 40 39 4 14 56 16 35 30 31 32 51 25 7 6 5 17 37 52 1 
46 38 32 58 25 24 61 20 55 56 16 15 51 52 12 11 44 43 64 8 48 47 39 6 5 42 63 35 34 37 36 3 62 29 28 31 30 2 23 60 59 26 18 17 57 1 22 21 54 53 13 14 50 49 9 10 45 4 41 40 7 33 27 19 
47 3 2 59 26 61 24 21 13 14 15 16 9 10 11 12 45 64 43 48 8 46 40 7 42 5 33 34 35 36 37 38 27 28 29 30 31 32 60 23 58 25 19 57 17 22 1 20 53 54 55 56 49 50 51 52 44 41 4 39 6 63 62 18 
48 36 30 60 61 26 25 22 53 15 14 56 49 11 10 52 64 45 44 47 46 8 41 42 7 6 34 33 63 3 38 37 28 27 62 2 32 31 59 58 23 24 57 19 18 21 20 1 13 55 54 16 9 51 50 12 43 40 39 4 5 35 29 17 
49 40 58 11 28 27 62 54 7 19 57 17 25 44 43 64 30 2 32 9 51 50 16 35 63 33 21 22 1 41 4 39 46 8 48 23 60 59 10 52 12 29 37 38 3 55 13 53 42 5 6 18 24 61 26 45 31 56 14 15 34 20 47 36 
50 39 59 12 29 62 27 53 6 18 17 57 26 45 64 43 31 32 2 51 9 49 15 34 33 63 20 1 22 4 41 40 47 48 8 60 23 58 52 10 11 28 36 3 38 13 55 54 5 42 7 19 61 24 25 44 30 14 56 16 35 21 46 37 
51 4 60 52 62 29 28 13 5 17 18 19 61 64 45 44 32 31 30 50 49 9 14 33 34 35 1 20 21 39 40 41 48 47 46 59 58 23 12 11 10 27 3 36 37 53 54 55 6 7 42 57 26 25 24 43 2 15 16 56 63 22 8 38 
52 20 61 62 32 31 30 36 39 6 5 42 64 48 47 46 51 50 49 12 11 10 53 15 14 56 18 17 57 1 22 21 60 59 58 26 25 24 29 28 27 2 34 33 63 3 38 37 4 41 40 7 45 44 43 8 9 13 55 54 16 19 23 35 
53 23 41 15 34 33 63 50 24 43 44 45 42 57 19 18 36 3 38 13 55 54 12 29 62 27 8 46 47 58 59 60 22 21 20 40 39 4 14 56 16 35 31 32 2 51 9 49 25 26 61 64 7 6 5 17 37 52 10 11 28 48 1 30 
54 60 4 16 35 63 33 49 61 64 45 44 5 17 18 19 37 38 3 55 13 53 11 28 27 62 48 47 46 59 58 23 1 20 21 39 40 41 56 14 15 34 30 2 32 9 51 50 26 25 24 43 6 7 42 57 36 10 52 12 29 8 22 31 
55 59 39 56 63 35 34 9 26 45 64 43 6 18 17 57 38 37 36 54 53 13 10 27 28 29 47 48 8 60 23 58 20 1 22 4 41 40 16 15 14 33 2 30 31 49 50 51 61 24 25 44 5 42 7 19 3 11 12 52 62 46 21 32 
56 48 6 63 38 37 36 30 60 61 26 25 18 20 1 22 55 54 53 16 15 14 49 11 10 52 64 45 44 47 46 8 39 4 41 5 42 7 35 34 33 3 28 27 62 2 32 31 59 58 23 24 17 57 19 21 13 9 51 50 12 43 40 29 
57 50 63 22 41 40 39 59 12 29 62 27 38 55 54 53 42 7 6 19 18 17 26 45 64 43 31 32 2 51 9 49 56 16 15 35 34 33 21 20 1 4 47 48 8 60 23 58 52 10 11 28 37 36 3 13 5 61 24 25 44 30 14 46 
58 35 51 25 44 43 64 17 37 54 55 13 52 62 29 28 46 8 48 23 60 59 1 4 39 40 16 56 14 63 33 34 32 31 30 50 49 9 24 61 26 45 5 6 7 18 19 57 38 3 36 53 12 11 10 27 47 20 21 22 41 15 2 42 
59 34 9 26 45 64 43 57 36 53 13 55 10 27 28 29 47 48 8 60 23 58 22 41 40 39 15 14 56 33 63 35 2 30 31 49 50 51 61 24 25 44 42 7 6 19 18 17 3 38 37 54 11 12 52 62 46 21 20 1 4 16 32 5 
60 33 49 61 64 45 44 19 3 13 53 54 11 28 27 62 48 47 46 59 58 23 21 40 41 4 14 15 16 34 35 63 30 2 32 9 51 50 26 25 24 43 7 42 5 57 17 18 36 37 38 55 10 52 12 29 8 22 1 20 39 56 31 6 
61 15 11 64 48 47 46 42 34 36 3 38 28 30 2 32 60 59 58 26 25 24 57 22 21 20 53 13 55 14 56 16 49 9 51 10 52 12 45 44 43 8 41 40 39 7 6 5 33 63 35 37 27 62 29 31 23 19 18 17 1 54 50 4 
62 17 64 32 51 50 49 33 1 4 39 40 48 60 59 58 52 12 11 29 28 27 3 13 53 54 5 6 7 18 19 57 61 26 25 45 44 43 31 30 2 9 14 15 16 34 35 63 20 21 22 41 47 46 8 23 10 36 37 38 55 42 24 56 
63 45 18 38 55 54 53 27 47 59 60 23 20 39 4 41 56 16 15 35 34 33 2 9 49 50 26 61 24 64 43 44 6 5 42 17 57 19 37 36 3 13 10 11 12 28 29 62 48 8 46 58 1 22 21 40 14 30 31 32 51 25 7 52 
64 13 28 48 60 59 58 40 14 33 34 35 30 49 9 51 61 26 25 45 44 43 7 19 57 17 3 36 37 53 54 55 11 10 52 27 62 29 47 46 8 23 21 22 1 41 4 39 15 16 56 63 2 32 31 50 24 42 5 6 18 38 12 20 
1
0 1 

1 8 
1 
5 
6 
7 
20 
21 
22 
42 
2 28 
1 5 
1 6 
1 7 
1 20 
1 21 
1 22 
1 42 
5 6 
5 7 
5 20 
5 21 
5 22 
5 42 
6 7 
6 20 
6 21 
6 22 
6 42 
7 20 
7 21 
7 22 
7 42 
20 21 
20 22 
20 42 
21 22 
21 42 
22 42 
3 56 
1 5 6 
1 5 7 
1 5 20 
1 5 21 
1 5 22 
1 5 42 
1 6 7 
1 6 20 
1 6 21 
1 6 22 
1 6 42 
1 7 20 
1 7 21 
1 7 22 
1 7 42 
1 20 21 
1 20 22 
1 20 42 
1 21 22 
1 21 42 
1 22 42 
5 6 7 
5 6 20 
5 6 21 
5 6 22 
5 6 42 
5 7 20 
5 7 21 
5 7 22 
5 7 42 
5 20 21 
5 20 22 
5 20 42 
5 21 22 
5 21 42 
5 22 42 
6 7 20 
6 7 21 
6 7 22 
6 7 42 
6 20 21 
6 20 22 
6 20 42 
6 21 22 
6 21 42 
6 22 42 
7 20 21 
7 20 22 
7 20 42 
7 21 22 
7 21 42 
7 22 42 
20 21 22 
20 21 42 
20 22 42 
21 22 42 
4 70 
1 5 6 7 
1 5 6 20 
1 5 6 21 
1 5 6 22 
1 5 6 42 
1 5 7 20 
1 5 7 21 
1 5 7 22 
1 5 7 42 
1 5 20 21 
1 5 20 22 
1 5 20 42 
1 5 21 22 
1 5 21 42 
1 5 22 42 
1 6 7 20 
1 6 7 21 
1 6 7 22 
1 6 7 42 
1 6 20 21 
1 6 20 22 
1 6 20 42 
1 6 21 22 
1 6 21 42 
1 6 22 42 
1 7 20 21 
1 7 20 22 
1 7 20 42 
1 7 21 22 
1 7 21 42 
1 7 22 42 
1 20 21 22 
1 20 21 42 
1 20 22 42 
1 21 22 42 
5 6 7 20 
5 6 7 21 
5 6 7 22 
5 6 7 42 
5 6 20 21 
5 6 20 22 
5 6 20 42 
5 6 21 22 
5 6 21 42 
5 6 22 42 
5 7 20 21 
5 7 20 22 
5 7 20 42 
5 7 21 22 
5 7 21 42 
5 7 22 42 
5 20 21 22 
5 20 21 42 
5 20 22 42 
5 21 22 42 
6 7 20 21 
6 7 20 22 
6 7 20 42 
6 7 21 22 
6 7 21 42 
6 7 22 42 
6 20 21 22 
6 20 21 42 
6 20 22 42 
6 21 22 42 
7 20 21 22 
7 20 21 42 
7 20 22 42 
7 21 22 42 
20 21 22 42 
5 56 
1 5 6 7 20 
1 5 6 7 21 
1 5 6 7 22 
1 5 6 7 42 
1 5 6 20 21 
1 5 6 20 22 
1 5 6 20 42 
1 5 6 21 22 
1 5 6 21 42 
1 5 6 22 42 
1 5 7 20 21 
1 5 7 20 22 
1 5 7 20 42 
1 5 7 21 22 
1 5 7 21 42 
1 5 7 22 42 
1 5 20 21 22 
1 5 20 21 42 
1 5 20 22 42 
1 5 21 22 42 
1 6 7 20 21 
1 6 7 20 22 
1 6 7 20 42 
1 6 7 21 22 
1 6 7 21 42 
1 6 7 22 42 
1 6 20 21 22 
1 6 20 21 42 
1 6 20 22 42 
1 6 21 22 42 
1 7 20 21 22 
1 7 20 21 42 
1 7 20 22 42 
1 7 21 22 42 
1 20 21 22 42 
5 6 7 20 21 
5 6 7 20 22 
5 6 7 20 42 
5 6 7 21 22 
5 6 7 21 42 
5 6 7 22 42 
5 6 20 21 22 
5 6 20 21 42 
5 6 20 22 42 
5 6 21 22 42 
5 7 20 21 22 
5 7 20 21 42 
5 7 20 22 42 
5 7 21 22 42 
5 20 21 22 42 
6 7 20 21 22 
6 7 20 21 42 
6 7 20 22 42 
6 7 21 22 42 
6 20 21 22 42 
7 20 21 22 42 
6 28 
1 5 6 7 20 21 
1 5 6 7 20 22 
1 5 6 7 20 42 
1 5 6 7 21 22 
1 5 6 7 21 42 
1 5 6 7 22 42 
1 5 6 20 21 22 
1 5 6 20 21 42 
1 5 6 20 22 42 
1 5 6 21 22 42 
1 5 7 20 21 22 
1 5 7 20 21 42 
1 5 7 20 22 42 
1 5 7 21 22 42 
1 5 20 21 22 42 
1 6 7 20 21 22 
1 6 7 20 21 42 
1 6 7 20 22 42 
1 6 7 21 22 42 
1 6 20 21 22 42 
1 7 20 21 22 42 
5 6 7 20 21 22 
5 6 7 20 21 42 
5 6 7 20 22 42 
5 6 7 21 22 42 
5 6 20 21 22 42 
5 7 20 21 22 42 
6 7 20 21 22 42 
7 8 
1 5 6 7 20 21 22 
1 5 6 7 20 21 42 
1 5 6 7 20 22 42 
1 5 6 7 21 22 42 
1 5 6 20 21 22 42 
1 5 7 20 21 22 42 
1 6 7 20 21 22 42 
5 6 7 20 21 22 42 
8 1 
1 5 6 7 20 21 22 42 
2
0 1 

1 1 

2 4 
2 12 
10 31 
11 32 
30 52 
3 1 

4 6 
2 10 12 31 
2 11 12 32 
2 12 30 52 
10 11 31 32 
10 30 31 52 
11 30 32 52 
5 1 

6 4 
2 10 11 12 31 32 
2 10 12 30 31 52 
2 11 12 30 32 52 
10 11 30 31 32 52 
7 1 

8 1 
2 10 11 12 30 31 32 52 
3
0 1 

1 1 

2 4 
3 37 
14 16 
15 56 
36 38 
3 1 

4 6 
3 14 16 37 
3 15 37 56 
3 36 37 38 
14 15 16 56 
14 16 36 38 
15 36 38 56 
5 1 

6 4 
3 14 15 16 37 56 
3 14 16 36 37 38 
3 15 36 37 38 56 
14 15 16 36 38 56 
7 1 

8 1 
3 14 15 16 36 37 38 56 
4
0 1 

1 1 

2 4 
4 17 
18 39 
19 40 
41 57 
3 1 

4 6 
4 17 18 39 
4 17 19 40 
4 17 41 57 
18 19 39 40 
18 39 41 57 
19 40 41 57 
5 1 

6 4 
4 17 18 19 39 40 
4 17 18 39 41 57 
4 17 19 40 41 57 
18 19 39 40 41 57 
7 1 

8 1 
4 17 18 19 39 40 41 57 
5
0 1 

1 8 
8 
24 
25 
26 
46 
47 
48 
61 
2 28 
8 24 
8 25 
8 26 
8 46 
8 47 
8 48 
8 61 
24 25 
24 26 
24 46 
24 47 
24 48 
24 61 
25 26 
25 46 
25 47 
25 48 
25 61 
26 46 
26 47 
26 48 
26 61 
46 47 
46 48 
46 61 
47 48 
47 61 
48 61 
3 56 
8 24 25 
8 24 26 
8 24 46 
8 24 47 
8 24 48 
8 24 61 
8 25 26 
8 25 46 
8 25 47 
8 25 48 
8 25 61 
8 26 46 
8 26 47 
8 26 48 
8 26 61 
8 46 47 
8 46 48 
8 46 61 
8 47 48 
8 47 61 
8 48 61 
24 25 26 
24 25 46 
24 25 47 
24 25 48 
24 25 61 
24 26 46 
24 26 47 
24 26 48 
24 26 61 
24 46 47 
24 46 48 
24 46 61 
24 47 48 
24 47 61 
24 48 61 
25 26 46 
25 26 47 
25 26 48 
25 26 61 
25 46 47 
25 46 48 
25 46 61 
25 47 48 
25 47 61 
25 48 61 
26 46 47 
26 46 48 
26 46 61 
26 47 48 
26 47 61 
26 48 61 
46 47 48 
46 47 61 
46 48 61 
47 48 61 
4 70 
8 24 25 26 
8 24 25 46 
8 24 25 47 
8 24 25 48 
8 24 25 61 
8 24 26 46 
8 24 26 47 
8 24 26 48 
8 24 26 61 
8 24 46 47 
8 24 46 48 
8 24 46 61 
8 24 47 48 
8 24 47 61 
8 24 48 61 
8 25 26 46 
8 25 26 47 
8 25 26 48 
8 25 26 61 
8 25 46 47 
8 25 46 48 
8 25 46 61 
8 25 47 48 
8 25 47 61 
8 25 48 61 
8 26 46 47 
8 26 46 48 
8 26 46 61 
8 26 47 48 
8 26 47 61 
8 26 48 61 
8 46 47 48 
8 46 47 61 
8 46 48 61 
8 47 48 61 
24 25 26 46 
24 25 26 47 
24 25 26 48 
24 25 26 61 
24 25 46 47 
24 25 46 48 
24 25 46 61 
24 25 47 48 
24 25 47 61 
24 25 48 61 
24 26 46 47 
24 26 46 48 
24 26 46 61 
24 26 47 48 
24 26 47 61 
24 26 48 61 
24 46 47 48 
24 46 47 61 
24 46 48 61 
24 47 48 61 
25 26 46 47 
25 26 46 48 
25 26 46 61 
25 26 47 48 
25 26 47 61 
25 26 48 61 
25 46 47 48 
25 46 47 61 
25 46 48 61 
25 47 48 61 
26 46 47 48 
26 46 47 61 
26 46 48 61 
26 47 48 61 
46 47 48 61 
5 56 
8 24 25 26 46 
8 24 25 26 47 
8 24 25 26 48 
8 24 25 26 61 
8 24 25 46 47 
8 24 25 46 48 
8 24 25 46 61 
8 24 25 47 48 
8 24 25 47 61 
8 24 25 48 61 
8 24 26 46 47 
8 24 26 46 48 
8 24 26 46 61 
8 24 26 47 48 
8 24 26 47 61 
8 24 26 48 61 
8 24 46 47 48 
8 24 46 47 61 
8 24 46 48 61 
8 24 47 48 61 
8 25 26 46 47 
8 25 26 46 48 
8 25 26 46 61 
8 25 26 47 48 
8 25 26 47 61 
8 25 26 48 61 
8 25 46 47 48 
8 25 46 47 61 
8 25 46 48 61 
8 25 47 48 61 
8 26 46 47 48 
8 26 46 47 61 
8 26 46 48 61 
8 26 47 48 61 
8 46 47 48 61 
24 25 26 46 47 
24 25 26 46 48 
24 25 26 46 61 
24 25 26 47 48 
24 25 26 47 61 
24 25 26 48 61 
24 25 46 47 48 
24 25 46 47 61 
24 25 46 48 61 
24 25 47 48 61 
24 26 46 47 48 
24 26 46 47 61 
24 26 46 48 61 
24 26 47 48 61 
24 46 47 48 61 
25 26 46 47 48 
25 26 46 47 61 
25 26 46 48 61 
25 26 47 48 61 
25 46 47 48 61 
26 46 47 48 61 
6 28 
8 24 25 26 46 47 
8 24 25 26 46 48 
8 24 25 26 46 61 
8 24 25 26 47 48 
8 24 25 26 47 61 
8 24 25 26 48 61 
8 24 25 46 47 48 
8 24 25 46 47 61 
8 24 25 46 48 61 
8 24 25 47 48 61 
8 24 26 46 47 48 
8 24 26 46 47 61 
8 24 26 46 48 61 
8 24 26 47 48 61 
8 24 46 47 48 61 
8 25 26 46 47 48 
8 25 26 46 47 61 
8 25 26 46 48 61 
8 25 26 47 48 61 
8 25 46 47 48 61 
8 26 46 47 48 61 
24 25 26 46 47 48 
24 25 26 46 47 61 
24 25 26 46 48 61 
24 25 26 47 48 61 
24 25 46 47 48 61 
24 26 46 47 48 61 
25 26 46 47 48 61 
7 8 
8 24 25 26 46 47 48 
8 24 25 26 46 47 61 
8 24 25 26 46 48 61 
8 24 25 26 47 48 61 
8 24 25 46 47 48 61 
8 24 26 46 47 48 61 
8 25 26 46 47 48 61 
24 25 26 46 47 48 61 
8 1 
8 24 25 26 46 47 48 61 
6
0 1 

1 1 

2 4 
9 62 
27 51 
28 50 
29 49 
3 1 

4 6 
9 27 51 62 
9 28 50 62 
9 29 49 62 
27 28 50 51 
27 29 49 51 
28 29 49 50 
5 1 

6 4 
9 27 28 50 51 62 
9 27 29 49 51 62 
9 28 29 49 50 62 
27 28 29 49 50 51 
7 1 

8 1 
9 27 28 29 49 50 51 62 
7
0 1 

1 1 

2 4 
13 35 
33 54 
34 55 
53 63 
3 1 

4 6 
13 33 35 54 
13 34 35 55 
13 35 53 63 
33 34 54 55 
33 53 54 63 
34 53 55 63 
5 1 

6 4 
13 33 34 35 54 55 
13 33 35 53 54 63 
13 34 35 53 55 63 
33 34 53 54 55 63 
7 1 

8 1 
13 33 34 35 53 54 55 63 
8
0 1 

1 1 

2 4 
23 58 
43 44 
45 64 
59 60 
3 1 

4 6 
23 43 44 58 
23 45 58 64 
23 58 59 60 
43 44 45 64 
43 44 59 60 
45 59 60 64 
5 1 

6 4 
23 43 44 45 58 64 
23 43 44 58 59 60 
23 45 58 59 60 64 
43 44 45 59 60 64 
7 1 

8 1 
23 43 44 45 58 59 60 64 
