//Table for grp 248:
57
0 0 2 2 4 4 2 4 
0 0 2 4 4 2 4 2 
0 0 4 2 2 4 4 2 
0 0 4 4 2 2 2 4 
0 2 0 2 4 2 4 4 
0 2 0 4 4 4 2 2 
0 2 2 0 2 4 4 4 
0 2 2 2 2 2 2 6 
0 2 2 2 2 2 6 2 
0 2 2 2 2 6 2 2 
0 2 2 2 6 2 2 2 
0 2 2 4 2 0 4 4 
0 2 2 4 2 4 0 4 
0 2 2 4 2 4 4 0 
0 2 2 6 2 2 2 2 
0 2 4 0 4 4 2 2 
0 2 4 2 0 2 4 4 
0 2 4 2 4 2 0 4 
0 2 4 2 4 2 4 0 
0 2 4 4 0 4 2 2 
0 2 4 4 4 0 2 2 
0 2 6 2 2 2 2 2 
0 4 0 2 2 4 4 2 
0 4 0 4 2 2 2 4 
0 4 2 0 4 2 4 2 
0 4 2 2 0 4 2 4 
0 4 2 2 4 0 2 4 
0 4 2 2 4 4 2 0 
0 4 2 4 0 2 4 2 
0 4 2 4 4 2 0 2 
0 4 4 0 2 2 2 4 
0 4 4 2 2 0 4 2 
0 4 4 2 2 4 0 2 
0 4 4 4 2 2 2 0 
0 6 2 2 2 2 2 2 
2 0 2 2 2 2 4 4 
2 0 2 4 2 4 2 2 
2 0 4 2 4 2 2 2 
2 2 0 2 2 4 2 4 
2 2 0 4 2 2 4 2 
2 2 2 0 4 2 2 4 
2 2 2 2 0 4 4 2 
2 2 2 2 4 0 4 2 
2 2 2 2 4 4 0 2 
2 2 2 4 0 2 2 4 
2 2 2 4 4 2 2 0 
2 2 4 0 2 2 4 2 
2 2 4 2 2 0 2 4 
2 2 4 2 2 4 2 0 
2 2 4 4 2 2 0 2 
2 4 0 2 4 2 2 2 
2 4 2 0 2 4 2 2 
2 4 2 2 2 2 0 4 
2 4 2 2 2 2 4 0 
2 4 2 4 2 0 2 2 
2 4 4 2 0 2 2 2 
4 2 2 2 2 2 2 2 
1 2 3 4 5 6 7 8 9 10 11 12 13 14 15 16 17 18 19 20 21 22 23 24 25 26 27 28 29 30 31 32 33 34 35 36 37 38 39 40 41 42 43 44 45 46 47 48 49 50 51 52 53 54 55 56 57 58 59 60 61 62 63 64 
2 6 8 9 10 11 12 15 18 20 7 22 23 24 25 26 27 28 29 30 31 32 34 36 16 38 39 19 41 21 42 1 43 44 45 46 47 48 49 50 51 52 53 35 55 37 56 3 40 57 4 5 58 59 60 61 62 54 63 13 14 17 64 33 
3 8 1 13 14 15 16 2 23 24 25 26 4 5 6 7 33 34 35 36 37 38 9 10 11 12 43 44 45 46 47 48 17 18 19 20 21 22 53 54 55 56 27 28 29 30 31 32 58 59 60 61 39 40 41 42 63 49 50 51 52 64 57 62 
4 9 35 1 17 18 19 45 2 27 28 29 16 54 55 13 5 6 7 39 40 41 26 59 60 23 10 11 12 49 50 51 37 38 3 63 33 34 20 21 22 57 47 48 8 64 43 44 30 31 32 62 56 14 15 53 42 61 24 25 58 52 36 46 
5 10 14 17 1 20 21 24 27 2 30 31 33 3 36 37 4 39 40 6 7 42 43 8 46 47 9 49 50 11 12 52 13 53 54 15 16 56 18 19 57 22 23 58 59 25 26 61 28 29 62 32 34 35 63 38 41 44 45 64 48 51 55 60 
6 11 15 18 20 7 22 25 28 30 12 32 34 36 16 38 39 19 41 21 42 1 44 46 26 48 49 29 51 31 52 2 53 35 55 37 56 3 40 57 4 5 58 45 60 47 61 8 50 62 9 10 54 63 13 14 17 59 64 23 24 27 33 43 
7 12 16 19 21 22 1 26 29 31 32 2 35 37 38 3 40 41 4 42 5 6 45 47 48 8 50 51 9 52 10 11 54 55 13 56 14 15 57 17 18 20 59 60 23 61 24 25 62 27 28 30 63 33 34 36 39 64 43 44 46 49 53 58 
8 15 2 23 24 25 26 6 34 36 16 38 9 10 11 12 43 44 45 46 47 48 18 20 7 22 53 35 55 37 56 3 27 28 29 30 31 32 58 59 60 61 39 19 41 21 42 1 54 63 13 14 49 50 51 52 64 40 57 4 5 33 62 17 
9 18 45 2 27 28 29 55 6 39 19 41 26 59 60 23 10 11 12 49 50 51 38 63 13 34 20 7 22 40 57 4 47 48 8 64 43 44 30 31 32 62 56 3 15 33 53 35 21 42 1 17 61 24 25 58 52 14 36 16 54 5 46 37 
10 20 24 27 2 30 31 36 39 6 21 42 43 8 46 47 9 49 50 11 12 52 53 15 37 56 18 40 57 7 22 5 23 58 59 25 26 61 28 29 62 32 34 54 63 16 38 14 19 41 17 1 44 45 64 48 51 35 55 33 3 4 60 13 
11 7 25 28 30 12 32 16 19 21 22 1 44 46 26 48 49 29 51 31 52 2 35 37 38 3 40 41 4 42 5 6 58 45 60 47 61 8 50 62 9 10 54 55 13 56 14 15 57 17 18 20 59 64 23 24 27 63 33 34 36 39 43 53 
12 22 26 29 31 32 2 38 41 42 1 6 45 47 48 8 50 51 9 52 10 11 55 56 3 15 57 4 18 5 20 7 59 60 23 61 24 25 62 27 28 30 63 13 34 14 36 16 17 39 19 21 64 43 44 46 49 33 53 35 37 40 58 54 
13 23 19 3 33 34 35 29 8 43 44 45 7 40 41 4 14 15 16 53 54 55 12 50 51 9 24 25 26 58 59 60 21 22 1 57 17 18 36 37 38 63 31 32 2 62 27 28 46 47 48 64 42 5 6 39 56 52 10 11 49 61 20 30 
14 24 5 33 3 36 37 10 43 8 46 47 17 1 20 21 13 53 54 15 16 56 27 2 30 31 23 58 59 25 26 61 4 39 40 6 7 42 34 35 63 38 9 49 50 11 12 52 44 45 64 48 18 19 57 22 55 28 29 62 32 60 41 51 
15 25 6 34 36 16 38 11 44 46 26 48 18 20 7 22 53 35 55 37 56 3 28 30 12 32 58 45 60 47 61 8 39 19 41 21 42 1 54 63 13 14 49 29 51 31 52 2 59 64 23 24 40 57 4 5 33 50 62 9 10 43 17 27 
16 26 7 35 37 38 3 12 45 47 48 8 19 21 22 1 54 55 13 56 14 15 29 31 32 2 59 60 23 61 24 25 40 41 4 42 5 6 63 33 34 36 50 51 9 52 10 11 64 43 44 46 57 17 18 20 53 62 27 28 30 58 39 49 
17 27 54 5 4 39 40 59 10 9 49 50 37 35 63 33 1 20 21 18 19 57 47 45 64 43 2 30 31 28 29 62 16 56 14 55 13 53 6 7 42 41 26 61 24 60 23 58 11 12 52 51 38 3 36 34 22 48 8 46 44 32 15 25 
18 28 55 6 39 19 41 60 11 49 29 51 38 63 13 34 20 7 22 40 57 4 48 64 23 44 30 12 32 50 62 9 56 3 15 33 53 35 21 42 1 17 61 8 25 43 58 45 31 52 2 27 14 36 16 54 5 24 46 26 59 10 37 47 
19 29 13 7 40 41 4 23 12 50 51 9 3 33 34 35 21 22 1 57 17 18 8 43 44 45 31 32 2 62 27 28 14 15 16 53 54 55 42 5 6 39 24 25 26 58 59 60 52 10 11 49 36 37 38 63 20 46 47 48 64 30 56 61 
20 30 36 39 6 21 42 46 49 11 31 52 53 15 37 56 18 40 57 7 22 5 58 25 47 61 28 50 62 12 32 10 34 54 63 16 38 14 19 41 17 1 44 59 64 26 48 24 29 51 27 2 35 55 33 3 4 45 60 43 8 9 13 23 
21 31 37 40 7 42 5 47 50 12 52 10 54 16 56 14 19 57 17 22 1 20 59 26 61 24 29 62 27 32 2 30 35 63 33 38 3 36 41 4 39 6 45 64 43 48 8 46 51 9 49 11 55 13 53 15 18 60 23 58 25 28 34 44 
22 32 38 41 42 1 6 48 51 52 2 11 55 56 3 15 57 4 18 5 20 7 60 61 8 25 62 9 28 10 30 12 63 13 34 14 36 16 17 39 19 21 64 23 44 24 46 26 27 49 29 31 33 53 35 37 40 43 58 45 47 50 54 59 
23 34 29 8 43 44 45 41 15 53 35 55 12 50 51 9 24 25 26 58 59 60 22 57 4 18 36 16 38 54 63 13 31 32 2 62 27 28 46 47 48 64 42 1 6 17 39 19 37 56 3 33 52 10 11 49 61 5 20 7 40 14 30 21 
24 36 10 43 8 46 47 20 53 15 37 56 27 2 30 31 23 58 59 25 26 61 39 6 21 42 34 54 63 16 38 14 9 49 50 11 12 52 44 45 64 48 18 40 57 7 22 5 35 55 33 3 28 29 62 32 60 19 41 17 1 13 51 4 
25 16 11 44 46 26 48 7 35 37 38 3 28 30 12 32 58 45 60 47 61 8 19 21 22 1 54 55 13 56 14 15 49 29 51 31 52 2 59 64 23 24 40 41 4 42 5 6 63 33 34 36 50 62 9 10 43 57 17 18 20 53 27 39 
26 38 12 45 47 48 8 22 55 56 3 15 29 31 32 2 59 60 23 61 24 25 41 42 1 6 63 13 34 14 36 16 50 51 9 52 10 11 64 43 44 46 57 4 18 5 20 7 33 53 35 37 62 27 28 30 58 17 39 19 21 54 49 40 
27 39 59 10 9 49 50 63 20 18 40 57 47 45 64 43 2 30 31 28 29 62 56 55 33 53 6 21 42 19 41 17 26 61 24 60 23 58 11 12 52 51 38 14 36 13 34 54 7 22 5 4 48 8 46 44 32 3 15 37 35 1 25 16 
28 19 60 11 49 29 51 13 7 40 41 4 48 64 23 44 30 12 32 50 62 9 3 33 34 35 21 22 1 57 17 18 61 8 25 43 58 45 31 52 2 27 14 15 16 53 54 55 42 5 6 39 24 46 26 59 10 36 37 38 63 20 47 56 
29 41 23 12 50 51 9 34 22 57 4 18 8 43 44 45 31 32 2 62 27 28 15 53 35 55 42 1 6 17 39 19 24 25 26 58 59 60 52 10 11 49 36 16 38 54 63 13 5 20 7 40 46 47 48 64 30 37 56 3 33 21 61 14 
30 21 46 49 11 31 52 37 40 7 42 5 58 25 47 61 28 50 62 12 32 10 54 16 56 14 19 57 17 22 1 20 44 59 64 26 48 24 29 51 27 2 35 63 33 38 3 36 41 4 39 6 45 60 43 8 9 55 13 53 15 18 23 34 
31 42 47 50 12 52 10 56 57 22 5 20 59 26 61 24 29 62 27 32 2 30 63 38 14 36 41 17 39 1 6 21 45 64 43 48 8 46 51 9 49 11 55 33 53 3 15 37 4 18 40 7 60 23 58 25 28 13 34 54 16 19 44 35 
32 1 48 51 52 2 11 3 4 5 6 7 60 61 8 25 62 9 28 10 30 12 13 14 15 16 17 18 19 20 21 22 64 23 44 24 46 26 27 49 29 31 33 34 35 36 37 38 39 40 41 42 43 58 45 47 50 53 54 55 56 57 59 63 
33 43 40 14 13 53 54 50 24 23 58 59 21 19 57 17 3 36 37 34 35 63 31 29 62 27 8 46 47 44 45 64 7 42 5 41 4 39 15 16 56 55 12 52 10 51 9 49 25 26 61 60 22 1 20 18 38 32 2 30 28 48 6 11 
34 44 41 15 53 35 55 51 25 58 45 60 22 57 4 18 36 16 38 54 63 13 32 62 9 28 46 26 48 59 64 23 42 1 6 17 39 19 37 56 3 33 52 2 11 27 49 29 47 61 8 43 5 20 7 40 14 10 30 12 50 24 21 31 
35 45 4 16 54 55 13 9 26 59 60 23 1 17 18 19 37 38 3 63 33 34 2 27 28 29 47 48 8 64 43 44 5 6 7 39 40 41 56 14 15 53 10 11 12 49 50 51 61 24 25 58 20 21 22 57 36 30 31 32 62 46 42 52 
36 46 20 53 15 37 56 30 58 25 47 61 39 6 21 42 34 54 63 16 38 14 49 11 31 52 44 59 64 26 48 24 18 40 57 7 22 5 35 55 33 3 28 50 62 12 32 10 45 60 43 8 19 41 17 1 13 29 51 27 2 23 4 9 
37 47 21 54 16 56 14 31 59 26 61 24 40 7 42 5 35 63 33 38 3 36 50 12 52 10 45 64 43 48 8 46 19 57 17 22 1 20 55 13 53 15 29 62 27 32 2 30 60 23 58 25 41 4 39 6 34 51 9 49 11 44 18 28 
38 48 22 55 56 3 15 32 60 61 8 25 41 42 1 6 63 13 34 14 36 16 51 52 2 11 64 23 44 24 46 26 57 4 18 5 20 7 33 53 35 37 62 9 28 10 30 12 43 58 45 47 17 39 19 21 54 27 49 29 31 59 40 50 
39 49 63 20 18 40 57 64 30 28 50 62 56 55 33 53 6 21 42 19 41 17 61 60 43 58 11 31 52 29 51 27 38 14 36 13 34 54 7 22 5 4 48 24 46 23 44 59 12 32 10 9 3 15 37 35 1 8 25 47 45 2 16 26 
40 50 33 21 19 57 17 43 31 29 62 27 14 13 53 54 7 42 5 41 4 39 24 23 58 59 12 52 10 51 9 49 3 36 37 34 35 63 22 1 20 18 8 46 47 44 45 64 32 2 30 28 15 16 56 55 6 25 26 61 60 11 38 48 
41 51 34 22 57 4 18 44 32 62 9 28 15 53 35 55 42 1 6 17 39 19 25 58 45 60 52 2 11 27 49 29 36 16 38 54 63 13 5 20 7 40 46 26 48 59 64 23 10 30 12 50 37 56 3 33 21 47 61 8 43 31 14 24 
42 52 56 57 22 5 20 61 62 32 10 30 63 38 14 36 41 17 39 1 6 21 64 48 24 46 51 27 49 2 11 31 55 33 53 3 15 37 4 18 40 7 60 43 58 8 25 47 9 28 50 12 13 34 54 16 19 23 44 59 26 29 35 45 
43 53 50 24 23 58 59 57 36 34 54 63 31 29 62 27 8 46 47 44 45 64 42 41 17 39 15 37 56 35 55 33 12 52 10 51 9 49 25 26 61 60 22 5 20 4 18 40 16 38 14 13 32 2 30 28 48 1 6 21 19 3 11 7 
44 35 51 25 58 45 60 4 16 54 55 13 32 62 9 28 46 26 48 59 64 23 1 17 18 19 37 38 3 63 33 34 52 2 11 27 49 29 47 61 8 43 5 6 7 39 40 41 56 14 15 53 10 30 12 50 24 20 21 22 57 36 31 42 
45 55 9 26 59 60 23 18 38 63 13 34 2 27 28 29 47 48 8 64 43 44 6 39 19 41 56 3 15 33 53 35 10 11 12 49 50 51 61 24 25 58 20 7 22 40 57 4 14 36 16 54 30 31 32 62 46 21 42 1 17 37 52 5 
46 37 30 58 25 47 61 21 54 16 56 14 49 11 31 52 44 59 64 26 48 24 40 7 42 5 35 63 33 38 3 36 28 50 62 12 32 10 45 60 43 8 19 57 17 22 1 20 55 13 53 15 29 51 27 2 23 41 4 39 6 34 9 18 
47 56 31 59 26 61 24 42 63 38 14 36 50 12 52 10 45 64 43 48 8 46 57 22 5 20 55 33 53 3 15 37 29 62 27 32 2 30 60 23 58 25 41 17 39 1 6 21 13 34 54 16 51 9 49 11 44 4 18 40 7 35 28 19 
48 3 32 60 61 8 25 1 13 14 15 16 51 52 2 11 64 23 44 24 46 26 4 5 6 7 33 34 35 36 37 38 62 9 28 10 30 12 43 58 45 47 17 18 19 20 21 22 53 54 55 56 27 49 29 31 59 39 40 41 42 63 50 57 
49 40 64 30 28 50 62 33 21 19 57 17 61 60 43 58 11 31 52 29 51 27 14 13 53 54 7 42 5 41 4 39 48 24 46 23 44 59 12 32 10 9 3 36 37 34 35 63 22 1 20 18 8 25 47 45 2 15 16 56 55 6 26 38 
50 57 43 31 29 62 27 53 42 41 17 39 24 23 58 59 12 52 10 51 9 49 36 34 54 63 22 5 20 4 18 40 8 46 47 44 45 64 32 2 30 28 15 37 56 35 55 33 1 6 21 19 25 26 61 60 11 16 38 14 13 7 48 3 
51 4 44 32 62 9 28 35 1 17 18 19 25 58 45 60 52 2 11 27 49 29 16 54 55 13 5 6 7 39 40 41 46 26 48 59 64 23 10 30 12 50 37 38 3 63 33 34 20 21 22 57 47 61 8 43 31 56 14 15 53 42 24 36 
52 5 61 62 32 10 30 14 17 1 20 21 64 48 24 46 51 27 49 2 11 31 33 3 36 37 4 39 40 6 7 42 60 43 58 8 25 47 9 28 50 12 13 53 54 15 16 56 18 19 57 22 23 44 59 26 29 34 35 63 38 41 45 55 
53 58 57 36 34 54 63 62 46 44 59 64 42 41 17 39 15 37 56 35 55 33 52 51 27 49 25 47 61 45 60 43 22 5 20 4 18 40 16 38 14 13 32 10 30 9 28 50 26 48 24 23 1 6 21 19 3 2 11 31 29 8 7 12 
54 59 17 37 35 63 33 27 47 45 64 43 5 4 39 40 16 56 14 55 13 53 10 9 49 50 26 61 24 60 23 58 1 20 21 18 19 57 38 3 36 34 2 30 31 28 29 62 48 8 46 44 6 7 42 41 15 11 12 52 51 25 22 32 
55 60 18 38 63 13 34 28 48 64 23 44 6 39 19 41 56 3 15 33 53 35 11 49 29 51 61 8 25 43 58 45 20 7 22 40 57 4 14 36 16 54 30 12 32 50 62 9 24 46 26 59 21 42 1 17 37 31 52 2 27 47 5 10 
56 61 42 63 38 14 36 52 64 48 24 46 57 22 5 20 55 33 53 3 15 37 62 32 10 30 60 43 58 8 25 47 41 17 39 1 6 21 13 34 54 16 51 27 49 2 11 31 23 44 59 26 4 18 40 7 35 9 28 50 12 45 19 29 
57 62 53 42 41 17 39 58 52 51 27 49 36 34 54 63 22 5 20 4 18 40 46 44 59 64 32 10 30 9 28 50 15 37 56 35 55 33 1 6 21 19 25 47 61 45 60 43 2 11 31 29 16 38 14 13 7 26 48 24 23 12 3 8 
58 54 62 46 44 59 64 17 37 35 63 33 52 51 27 49 25 47 61 45 60 43 5 4 39 40 16 56 14 55 13 53 32 10 30 9 28 50 26 48 24 23 1 20 21 18 19 57 38 3 36 34 2 11 31 29 8 6 7 42 41 15 12 22 
59 63 27 47 45 64 43 39 56 55 33 53 10 9 49 50 26 61 24 60 23 58 20 18 40 57 38 14 36 13 34 54 2 30 31 28 29 62 48 8 46 44 6 21 42 19 41 17 3 15 37 35 11 12 52 51 25 7 22 5 4 16 32 1 
60 13 28 48 64 23 44 19 3 33 34 35 11 49 29 51 61 8 25 43 58 45 7 40 41 4 14 15 16 53 54 55 30 12 32 50 62 9 24 46 26 59 21 22 1 57 17 18 36 37 38 63 31 52 2 27 47 42 5 6 39 56 10 20 
61 14 52 64 48 24 46 5 33 3 36 37 62 32 10 30 60 43 58 8 25 47 17 1 20 21 13 53 54 15 16 56 51 27 49 2 11 31 23 44 59 26 4 39 40 6 7 42 34 35 63 38 9 28 50 12 45 18 19 57 22 55 29 41 
62 17 58 52 51 27 49 54 5 4 39 40 46 44 59 64 32 10 30 9 28 50 37 35 63 33 1 20 21 18 19 57 25 47 61 45 60 43 2 11 31 29 16 56 14 55 13 53 6 7 42 41 26 48 24 23 12 38 3 36 34 22 8 15 
63 64 39 56 55 33 53 49 61 60 43 58 20 18 40 57 38 14 36 13 34 54 30 28 50 62 48 24 46 23 44 59 6 21 42 19 41 17 3 15 37 35 11 31 52 29 51 27 8 25 47 45 7 22 5 4 16 12 32 10 9 26 1 2 
64 33 49 61 60 43 58 40 14 13 53 54 30 28 50 62 48 24 46 23 44 59 21 19 57 17 3 36 37 34 35 63 11 31 52 29 51 27 8 25 47 45 7 42 5 41 4 39 15 16 56 55 12 32 10 9 26 22 1 20 18 38 2 6 
1
0 1 

1 4 
1 
5 
7 
21 
2 8 
1 5 
1 7 
1 21 
5 7 
5 21 
6 22 
7 21 
20 42 
3 12 
1 5 7 
1 5 21 
1 6 22 
1 7 21 
1 20 42 
5 6 22 
5 7 21 
5 20 42 
6 7 22 
6 21 22 
7 20 42 
20 21 42 
4 14 
1 5 6 22 
1 5 7 21 
1 5 20 42 
1 6 7 22 
1 6 21 22 
1 7 20 42 
1 20 21 42 
5 6 7 22 
5 6 21 22 
5 7 20 42 
5 20 21 42 
6 7 21 22 
6 20 22 42 
7 20 21 42 
5 12 
1 5 6 7 22 
1 5 6 21 22 
1 5 7 20 42 
1 5 20 21 42 
1 6 7 21 22 
1 6 20 22 42 
1 7 20 21 42 
5 6 7 21 22 
5 6 20 22 42 
5 7 20 21 42 
6 7 20 22 42 
6 20 21 22 42 
6 8 
1 5 6 7 21 22 
1 5 6 20 22 42 
1 5 7 20 21 42 
1 6 7 20 22 42 
1 6 20 21 22 42 
5 6 7 20 22 42 
5 6 20 21 22 42 
6 7 20 21 22 42 
7 4 
1 5 6 7 20 22 42 
1 5 6 20 21 22 42 
1 6 7 20 21 22 42 
5 6 7 20 21 22 42 
8 1 
1 5 6 7 20 21 22 42 
2
0 1 

1 1 

2 4 
2 32 
10 52 
11 12 
30 31 
3 1 

4 6 
2 10 32 52 
2 11 12 32 
2 30 31 32 
10 11 12 52 
10 30 31 52 
11 12 30 31 
5 1 

6 4 
2 10 11 12 32 52 
2 10 30 31 32 52 
2 11 12 30 31 32 
10 11 12 30 31 52 
7 1 

8 1 
2 10 11 12 30 31 32 52 
3
0 1 

1 4 
3 
14 
16 
37 
2 8 
3 14 
3 16 
3 37 
14 16 
14 37 
15 38 
16 37 
36 56 
3 12 
3 14 16 
3 14 37 
3 15 38 
3 16 37 
3 36 56 
14 15 38 
14 16 37 
14 36 56 
15 16 38 
15 37 38 
16 36 56 
36 37 56 
4 14 
3 14 15 38 
3 14 16 37 
3 14 36 56 
3 15 16 38 
3 15 37 38 
3 16 36 56 
3 36 37 56 
14 15 16 38 
14 15 37 38 
14 16 36 56 
14 36 37 56 
15 16 37 38 
15 36 38 56 
16 36 37 56 
5 12 
3 14 15 16 38 
3 14 15 37 38 
3 14 16 36 56 
3 14 36 37 56 
3 15 16 37 38 
3 15 36 38 56 
3 16 36 37 56 
14 15 16 37 38 
14 15 36 38 56 
14 16 36 37 56 
15 16 36 38 56 
15 36 37 38 56 
6 8 
3 14 15 16 37 38 
3 14 15 36 38 56 
3 14 16 36 37 56 
3 15 16 36 38 56 
3 15 36 37 38 56 
14 15 16 36 38 56 
14 15 36 37 38 56 
15 16 36 37 38 56 
7 4 
3 14 15 16 36 38 56 
3 14 15 36 37 38 56 
3 15 16 36 37 38 56 
14 15 16 36 37 38 56 
8 1 
3 14 15 16 36 37 38 56 
4
0 1 

1 4 
4 
17 
19 
40 
2 8 
4 17 
4 19 
4 40 
17 19 
17 40 
18 41 
19 40 
39 57 
3 12 
4 17 19 
4 17 40 
4 18 41 
4 19 40 
4 39 57 
17 18 41 
17 19 40 
17 39 57 
18 19 41 
18 40 41 
19 39 57 
39 40 57 
4 14 
4 17 18 41 
4 17 19 40 
4 17 39 57 
4 18 19 41 
4 18 40 41 
4 19 39 57 
4 39 40 57 
17 18 19 41 
17 18 40 41 
17 19 39 57 
17 39 40 57 
18 19 40 41 
18 39 41 57 
19 39 40 57 
5 12 
4 17 18 19 41 
4 17 18 40 41 
4 17 19 39 57 
4 17 39 40 57 
4 18 19 40 41 
4 18 39 41 57 
4 19 39 40 57 
17 18 19 40 41 
17 18 39 41 57 
17 19 39 40 57 
18 19 39 41 57 
18 39 40 41 57 
6 8 
4 17 18 19 40 41 
4 17 18 39 41 57 
4 17 19 39 40 57 
4 18 19 39 41 57 
4 18 39 40 41 57 
17 18 19 39 41 57 
17 18 39 40 41 57 
18 19 39 40 41 57 
7 4 
4 17 18 19 39 41 57 
4 17 18 39 40 41 57 
4 18 19 39 40 41 57 
17 18 19 39 40 41 57 
8 1 
4 17 18 19 39 40 41 57 
5
0 1 

1 1 

2 4 
8 48 
24 61 
25 26 
46 47 
3 1 

4 6 
8 24 48 61 
8 25 26 48 
8 46 47 48 
24 25 26 61 
24 46 47 61 
25 26 46 47 
5 1 

6 4 
8 24 25 26 48 61 
8 24 46 47 48 61 
8 25 26 46 47 48 
24 25 26 46 47 61 
7 1 

8 1 
8 24 25 26 46 47 48 61 
6
0 1 

1 1 

2 4 
9 51 
27 62 
28 29 
49 50 
3 1 

4 6 
9 27 51 62 
9 28 29 51 
9 49 50 51 
27 28 29 62 
27 49 50 62 
28 29 49 50 
5 1 

6 4 
9 27 28 29 51 62 
9 27 49 50 51 62 
9 28 29 49 50 51 
27 28 29 49 50 62 
7 1 

8 1 
9 27 28 29 49 50 51 62 
7
0 1 

1 4 
34 
53 
55 
63 
2 8 
13 35 
33 54 
34 53 
34 55 
34 63 
53 55 
53 63 
55 63 
3 12 
13 34 35 
13 35 53 
13 35 55 
13 35 63 
33 34 54 
33 53 54 
33 54 55 
33 54 63 
34 53 55 
34 53 63 
34 55 63 
53 55 63 
4 14 
13 33 35 54 
13 34 35 53 
13 34 35 55 
13 34 35 63 
13 35 53 55 
13 35 53 63 
13 35 55 63 
33 34 53 54 
33 34 54 55 
33 34 54 63 
33 53 54 55 
33 53 54 63 
33 54 55 63 
34 53 55 63 
5 12 
13 33 34 35 54 
13 33 35 53 54 
13 33 35 54 55 
13 33 35 54 63 
13 34 35 53 55 
13 34 35 53 63 
13 34 35 55 63 
13 35 53 55 63 
33 34 53 54 55 
33 34 53 54 63 
33 34 54 55 63 
33 53 54 55 63 
6 8 
13 33 34 35 53 54 
13 33 34 35 54 55 
13 33 34 35 54 63 
13 33 35 53 54 55 
13 33 35 53 54 63 
13 33 35 54 55 63 
13 34 35 53 55 63 
33 34 53 54 55 63 
7 4 
13 33 34 35 53 54 55 
13 33 34 35 53 54 63 
13 33 34 35 54 55 63 
13 33 35 53 54 55 63 
8 1 
13 33 34 35 53 54 55 63 
8
0 1 

1 1 

2 4 
23 44 
43 58 
45 60 
59 64 
3 1 

4 6 
23 43 44 58 
23 44 45 60 
23 44 59 64 
43 45 58 60 
43 58 59 64 
45 59 60 64 
5 1 

6 4 
23 43 44 45 58 60 
23 43 44 58 59 64 
23 44 45 59 60 64 
43 45 58 59 60 64 
7 1 

8 1 
23 43 44 45 58 59 60 64 
