//Table for grp 183:
57
0 0 2 2 4 4 2 4 
0 0 2 4 4 2 4 2 
0 0 4 2 2 4 4 2 
0 0 4 4 2 2 2 4 
0 2 0 2 4 2 4 4 
0 2 0 4 4 4 2 2 
0 2 2 0 2 4 4 4 
0 2 2 2 2 2 2 6 
0 2 2 2 2 2 6 2 
0 2 2 2 2 6 2 2 
0 2 2 2 6 2 2 2 
0 2 2 4 2 0 4 4 
0 2 2 4 2 4 0 4 
0 2 2 4 2 4 4 0 
0 2 2 6 2 2 2 2 
0 2 4 0 4 4 2 2 
0 2 4 2 0 2 4 4 
0 2 4 2 4 2 0 4 
0 2 4 2 4 2 4 0 
0 2 4 4 0 4 2 2 
0 2 4 4 4 0 2 2 
0 2 6 2 2 2 2 2 
0 4 0 2 2 4 4 2 
0 4 0 4 2 2 2 4 
0 4 2 0 4 2 4 2 
0 4 2 2 0 4 2 4 
0 4 2 2 4 0 2 4 
0 4 2 2 4 4 2 0 
0 4 2 4 0 2 4 2 
0 4 2 4 4 2 0 2 
0 4 4 0 2 2 2 4 
0 4 4 2 2 0 4 2 
0 4 4 2 2 4 0 2 
0 4 4 4 2 2 2 0 
0 6 2 2 2 2 2 2 
2 0 2 2 2 2 4 4 
2 0 2 4 2 4 2 2 
2 0 4 2 4 2 2 2 
2 2 0 2 2 4 2 4 
2 2 0 4 2 2 4 2 
2 2 2 0 4 2 2 4 
2 2 2 2 0 4 4 2 
2 2 2 2 4 0 4 2 
2 2 2 2 4 4 0 2 
2 2 2 4 0 2 2 4 
2 2 2 4 4 2 2 0 
2 2 4 0 2 2 4 2 
2 2 4 2 2 0 2 4 
2 2 4 2 2 4 2 0 
2 2 4 4 2 2 0 2 
2 4 0 2 4 2 2 2 
2 4 2 0 2 4 2 2 
2 4 2 2 2 2 0 4 
2 4 2 2 2 2 4 0 
2 4 2 4 2 0 2 2 
2 4 4 2 0 2 2 2 
4 2 2 2 2 2 2 2 
1 2 3 4 5 6 7 8 9 10 11 12 13 14 15 16 17 18 19 20 21 22 23 24 25 26 27 28 29 30 31 32 33 34 35 36 37 38 39 40 41 42 43 44 45 46 47 48 49 50 51 52 53 54 55 56 57 58 59 60 61 62 63 64 
2 5 8 9 10 11 12 14 17 6 20 21 23 24 25 26 27 28 29 30 31 32 33 15 36 37 18 39 40 7 22 42 43 44 45 46 47 48 49 50 51 52 34 53 54 16 38 56 19 41 57 1 58 59 60 61 62 35 55 63 3 4 64 13 
3 8 1 13 14 15 16 2 23 24 25 26 4 5 6 7 33 34 35 36 37 38 9 10 11 12 43 44 45 46 47 48 17 18 19 20 21 22 53 54 55 56 27 28 29 30 31 32 58 59 60 61 39 40 41 42 63 49 50 51 52 64 57 62 
4 9 13 1 17 18 19 23 2 27 28 29 3 33 34 35 5 6 7 39 40 41 8 43 44 45 10 11 12 49 50 51 14 15 16 53 54 55 20 21 22 57 24 25 26 58 59 60 30 31 32 62 36 37 38 63 42 46 47 48 64 52 56 61 
5 10 14 17 6 20 21 24 27 11 30 31 33 15 36 37 18 39 40 7 22 42 43 25 46 47 28 49 50 12 32 52 34 53 54 16 38 56 19 41 57 1 44 58 59 26 48 61 29 51 62 2 35 55 63 3 4 45 60 64 8 9 13 23 
6 11 15 18 20 7 22 25 28 30 12 32 34 36 16 38 39 19 41 21 42 1 44 46 26 48 49 29 51 31 52 2 53 35 55 37 56 3 40 57 4 5 58 45 60 47 61 8 50 62 9 10 54 63 13 14 17 59 64 23 24 27 33 43 
7 12 16 19 21 22 1 26 29 31 32 2 35 37 38 3 40 41 4 42 5 6 45 47 48 8 50 51 9 52 10 11 54 55 13 56 14 15 57 17 18 20 59 60 23 61 24 25 62 27 28 30 63 33 34 36 39 64 43 44 46 49 53 58 
8 14 2 23 24 25 26 5 33 15 36 37 9 10 11 12 43 44 45 46 47 48 17 6 20 21 34 53 54 16 38 56 27 28 29 30 31 32 58 59 60 61 18 39 40 7 22 42 35 55 63 3 49 50 51 52 64 19 41 57 1 13 62 4 
9 17 23 2 27 28 29 33 5 18 39 40 8 43 44 45 10 11 12 49 50 51 14 34 53 54 6 20 21 19 41 57 24 25 26 58 59 60 30 31 32 62 15 36 37 35 55 63 7 22 42 4 46 47 48 64 52 16 38 56 13 1 61 3 
10 6 24 27 11 30 31 15 18 20 7 22 43 25 46 47 28 49 50 12 32 52 34 36 16 38 39 19 41 21 42 1 44 58 59 26 48 61 29 51 62 2 53 35 55 37 56 3 40 57 4 5 45 60 64 8 9 54 63 13 14 17 23 33 
11 20 25 28 30 12 32 36 39 7 21 42 44 46 26 48 49 29 51 31 52 2 53 16 37 56 19 40 57 22 1 5 58 45 60 47 61 8 50 62 9 10 35 54 63 38 3 14 41 4 17 6 59 64 23 24 27 55 13 33 15 18 43 34 
12 21 26 29 31 32 2 37 40 22 42 5 45 47 48 8 50 51 9 52 10 11 54 38 56 14 41 57 17 1 6 20 59 60 23 61 24 25 62 27 28 30 55 63 33 3 15 36 4 18 39 7 64 43 44 46 49 13 34 53 16 19 58 35 
13 23 4 3 33 34 35 9 8 43 44 45 1 17 18 19 14 15 16 53 54 55 2 27 28 29 24 25 26 58 59 60 5 6 7 39 40 41 36 37 38 63 10 11 12 49 50 51 46 47 48 64 20 21 22 57 56 30 31 32 62 61 42 52 
14 24 5 33 15 36 37 10 43 25 46 47 17 6 20 21 34 53 54 16 38 56 27 11 30 31 44 58 59 26 48 61 18 39 40 7 22 42 35 55 63 3 28 49 50 12 32 52 45 60 64 8 19 41 57 1 13 29 51 62 2 23 4 9 
15 25 6 34 36 16 38 11 44 46 26 48 18 20 7 22 53 35 55 37 56 3 28 30 12 32 58 45 60 47 61 8 39 19 41 21 42 1 54 63 13 14 49 29 51 31 52 2 59 64 23 24 40 57 4 5 33 50 62 9 10 43 17 27 
16 26 7 35 37 38 3 12 45 47 48 8 19 21 22 1 54 55 13 56 14 15 29 31 32 2 59 60 23 61 24 25 40 41 4 42 5 6 63 33 34 36 50 51 9 52 10 11 64 43 44 46 57 17 18 20 53 62 27 28 30 58 39 49 
17 27 33 5 18 39 40 43 10 28 49 50 14 34 53 54 6 20 21 19 41 57 24 44 58 59 11 30 31 29 51 62 15 36 37 35 55 63 7 22 42 4 25 46 47 45 60 64 12 32 52 9 16 38 56 13 1 26 48 61 23 2 3 8 
18 28 34 6 39 19 41 44 11 49 29 51 15 53 35 55 20 7 22 40 57 4 25 58 45 60 30 12 32 50 62 9 36 16 38 54 63 13 21 42 1 17 46 26 48 59 64 23 31 52 2 27 37 56 3 33 5 47 61 8 43 10 14 24 
19 29 35 7 40 41 4 45 12 50 51 9 16 54 55 13 21 22 1 57 17 18 26 59 60 23 31 32 2 62 27 28 37 38 3 63 33 34 42 5 6 39 47 48 8 64 43 44 52 10 11 49 56 14 15 53 20 61 24 25 58 30 36 46 
20 30 36 39 7 21 42 46 49 12 31 52 53 16 37 56 19 40 57 22 1 5 58 26 47 61 29 50 62 32 2 10 35 54 63 38 3 14 41 4 17 6 45 59 64 48 8 24 51 9 27 11 55 13 33 15 18 60 23 43 25 28 34 44 
21 31 37 40 22 42 5 47 50 32 52 10 54 38 56 14 41 57 17 1 6 20 59 48 61 24 51 62 27 2 11 30 55 63 33 3 15 36 4 18 39 7 60 64 43 8 25 46 9 28 49 12 13 34 53 16 19 23 44 58 26 29 35 45 
22 32 38 41 42 1 6 48 51 52 2 11 55 56 3 15 57 4 18 5 20 7 60 61 8 25 62 9 28 10 30 12 63 13 34 14 36 16 17 39 19 21 64 23 44 24 46 26 27 49 29 31 33 53 35 37 40 43 58 45 47 50 54 59 
23 33 9 8 43 44 45 17 14 34 53 54 2 27 28 29 24 25 26 58 59 60 5 18 39 40 15 36 37 35 55 63 10 11 12 49 50 51 46 47 48 64 6 20 21 19 41 57 16 38 56 13 30 31 32 62 61 7 22 42 4 3 52 1 
24 15 10 43 25 46 47 6 34 36 16 38 27 11 30 31 44 58 59 26 48 61 18 20 7 22 53 35 55 37 56 3 28 49 50 12 32 52 45 60 64 8 39 19 41 21 42 1 54 63 13 14 29 51 62 2 23 40 57 4 5 33 9 17 
25 36 11 44 46 26 48 20 53 16 37 56 28 30 12 32 58 45 60 47 61 8 39 7 21 42 35 54 63 38 3 14 49 29 51 31 52 2 59 64 23 24 19 40 57 22 1 5 55 13 33 15 50 62 9 10 43 41 4 17 6 34 27 18 
26 37 12 45 47 48 8 21 54 38 56 14 29 31 32 2 59 60 23 61 24 25 40 22 42 5 55 63 33 3 15 36 50 51 9 52 10 11 64 43 44 46 41 57 17 1 6 20 13 34 53 16 62 27 28 30 58 4 18 39 7 35 49 19 
27 18 43 10 28 49 50 34 6 39 19 41 24 44 58 59 11 30 31 29 51 62 15 53 35 55 20 7 22 40 57 4 25 46 47 45 60 64 12 32 52 9 36 16 38 54 63 13 21 42 1 17 26 48 61 23 2 37 56 3 33 5 8 14 
28 39 44 11 49 29 51 53 20 19 40 57 25 58 45 60 30 12 32 50 62 9 36 35 54 63 7 21 42 41 4 17 46 26 48 59 64 23 31 52 2 27 16 37 56 55 13 33 22 1 5 18 47 61 8 43 10 38 3 14 34 6 24 15 
29 40 45 12 50 51 9 54 21 41 57 17 26 59 60 23 31 32 2 62 27 28 37 55 63 33 22 42 5 4 18 39 47 48 8 64 43 44 52 10 11 49 38 56 14 13 34 53 1 6 20 19 61 24 25 58 30 3 15 36 35 7 46 16 
30 7 46 49 12 31 52 16 19 21 22 1 58 26 47 61 29 50 62 32 2 10 35 37 38 3 40 41 4 42 5 6 45 59 64 48 8 24 51 9 27 11 54 55 13 56 14 15 57 17 18 20 60 23 43 25 28 63 33 34 36 39 44 53 
31 22 47 50 32 52 10 38 41 42 1 6 59 48 61 24 51 62 27 2 11 30 55 56 3 15 57 4 18 5 20 7 60 64 43 8 25 46 9 28 49 12 63 13 34 14 36 16 17 39 19 21 23 44 58 26 29 33 53 35 37 40 45 54 
32 42 48 51 52 2 11 56 57 1 5 20 60 61 8 25 62 9 28 10 30 12 63 3 14 36 4 17 39 6 7 21 64 23 44 24 46 26 27 49 29 31 13 33 53 15 16 37 18 19 40 22 43 58 45 47 50 34 35 54 38 41 59 55 
33 43 17 14 34 53 54 27 24 44 58 59 5 18 39 40 15 36 37 35 55 63 10 28 49 50 25 46 47 45 60 64 6 20 21 19 41 57 16 38 56 13 11 30 31 29 51 62 26 48 61 23 7 22 42 4 3 12 32 52 9 8 1 2 
34 44 18 15 53 35 55 28 25 58 45 60 6 39 19 41 36 16 38 54 63 13 11 49 29 51 46 26 48 59 64 23 20 7 22 40 57 4 37 56 3 33 30 12 32 50 62 9 47 61 8 43 21 42 1 17 14 31 52 2 27 24 5 10 
35 45 19 16 54 55 13 29 26 59 60 23 7 40 41 4 37 38 3 63 33 34 12 50 51 9 47 48 8 64 43 44 21 22 1 57 17 18 56 14 15 53 31 32 2 62 27 28 61 24 25 58 42 5 6 39 36 52 10 11 49 46 20 30 
36 46 20 53 16 37 56 30 58 26 47 61 39 7 21 42 35 54 63 38 3 14 49 12 31 52 45 59 64 48 8 24 19 40 57 22 1 5 55 13 33 15 29 50 62 32 2 10 60 23 43 25 41 4 17 6 34 51 9 27 11 44 18 28 
37 47 21 54 38 56 14 31 59 48 61 24 40 22 42 5 55 63 33 3 15 36 50 32 52 10 60 64 43 8 25 46 41 57 17 1 6 20 13 34 53 16 51 62 27 2 11 30 23 44 58 26 4 18 39 7 35 9 28 49 12 45 19 29 
38 48 22 55 56 3 15 32 60 61 8 25 41 42 1 6 63 13 34 14 36 16 51 52 2 11 64 23 44 24 46 26 57 4 18 5 20 7 33 53 35 37 62 9 28 10 30 12 43 58 45 47 17 39 19 21 54 27 49 29 31 59 40 50 
39 49 53 20 19 40 57 58 30 29 50 62 36 35 54 63 7 21 42 41 4 17 46 45 59 64 12 31 52 51 9 27 16 37 56 55 13 33 22 1 5 18 26 47 61 60 23 43 32 2 10 28 38 3 14 34 6 48 8 24 44 11 15 25 
40 50 54 21 41 57 17 59 31 51 62 27 37 55 63 33 22 42 5 4 18 39 47 60 64 43 32 52 10 9 28 49 38 56 14 13 34 53 1 6 20 19 48 61 24 23 44 58 2 11 30 29 3 15 36 35 7 8 25 46 45 12 16 26 
41 51 55 22 57 4 18 60 32 62 9 28 38 63 13 34 42 1 6 17 39 19 48 64 23 44 52 2 11 27 49 29 56 3 15 33 53 35 5 20 7 40 61 8 25 43 58 45 10 30 12 50 14 36 16 54 21 24 46 26 59 31 37 47 
42 52 56 57 1 5 20 61 62 2 10 30 63 3 14 36 4 17 39 6 7 21 64 8 24 46 9 27 49 11 12 31 13 33 53 15 16 37 18 19 40 22 23 43 58 25 26 47 28 29 50 32 34 35 54 38 41 44 45 59 48 51 55 60 
43 34 27 24 44 58 59 18 15 53 35 55 10 28 49 50 25 46 47 45 60 64 6 39 19 41 36 16 38 54 63 13 11 30 31 29 51 62 26 48 61 23 20 7 22 40 57 4 37 56 3 33 12 32 52 9 8 21 42 1 17 14 2 5 
44 53 28 25 58 45 60 39 36 35 54 63 11 49 29 51 46 26 48 59 64 23 20 19 40 57 16 37 56 55 13 33 30 12 32 50 62 9 47 61 8 43 7 21 42 41 4 17 38 3 14 34 31 52 2 27 24 22 1 5 18 15 10 6 
45 54 29 26 59 60 23 40 37 55 63 33 12 50 51 9 47 48 8 64 43 44 21 41 57 17 38 56 14 13 34 53 31 32 2 62 27 28 61 24 25 58 22 42 5 4 18 39 3 15 36 35 52 10 11 49 46 1 6 20 19 16 30 7 
46 16 30 58 26 47 61 7 35 37 38 3 49 12 31 52 45 59 64 48 8 24 19 21 22 1 54 55 13 56 14 15 29 50 62 32 2 10 60 23 43 25 40 41 4 42 5 6 63 33 34 36 51 9 27 11 44 57 17 18 20 53 28 39 
47 38 31 59 48 61 24 22 55 56 3 15 50 32 52 10 60 64 43 8 25 46 41 42 1 6 63 13 34 14 36 16 51 62 27 2 11 30 23 44 58 26 57 4 18 5 20 7 33 53 35 37 9 28 49 12 45 17 39 19 21 54 29 40 
48 56 32 60 61 8 25 42 63 3 14 36 51 52 2 11 64 23 44 24 46 26 57 1 5 20 13 33 53 15 16 37 62 9 28 10 30 12 43 58 45 47 4 17 39 6 7 21 34 35 54 38 27 49 29 31 59 18 19 40 22 55 50 41 
49 19 58 30 29 50 62 35 7 40 41 4 46 45 59 64 12 31 52 51 9 27 16 54 55 13 21 22 1 57 17 18 26 47 61 60 23 43 32 2 10 28 37 38 3 63 33 34 42 5 6 39 48 8 24 44 11 56 14 15 53 20 25 36 
50 41 59 31 51 62 27 55 22 57 4 18 47 60 64 43 32 52 10 9 28 49 38 63 13 34 42 1 6 17 39 19 48 61 24 23 44 58 2 11 30 29 56 3 15 33 53 35 5 20 7 40 8 25 46 45 12 14 36 16 54 21 26 37 
51 57 60 32 62 9 28 63 42 4 17 39 48 64 23 44 52 2 11 27 49 29 56 13 33 53 1 5 20 18 19 40 61 8 25 43 58 45 10 30 12 50 3 14 36 34 35 54 6 7 21 41 24 46 26 59 31 15 16 37 55 22 47 38 
52 1 61 62 2 10 30 3 4 5 6 7 64 8 24 46 9 27 49 11 12 31 13 14 15 16 17 18 19 20 21 22 23 43 58 25 26 47 28 29 50 32 33 34 35 36 37 38 39 40 41 42 44 45 59 48 51 53 54 55 56 57 60 63 
53 58 39 36 35 54 63 49 46 45 59 64 20 19 40 57 16 37 56 55 13 33 30 29 50 62 26 47 61 60 23 43 7 21 42 41 4 17 38 3 14 34 12 31 52 51 9 27 48 8 24 44 22 1 5 18 15 32 2 10 28 25 6 11 
54 59 40 37 55 63 33 50 47 60 64 43 21 41 57 17 38 56 14 13 34 53 31 51 62 27 48 61 24 23 44 58 22 42 5 4 18 39 3 15 36 35 32 52 10 9 28 49 8 25 46 45 1 6 20 19 16 2 11 30 29 26 7 12 
55 60 41 38 63 13 34 51 48 64 23 44 22 57 4 18 56 3 15 33 53 35 32 62 9 28 61 8 25 43 58 45 42 1 6 17 39 19 14 36 16 54 52 2 11 27 49 29 24 46 26 59 5 20 7 40 37 10 30 12 50 47 21 31 
56 61 42 63 3 14 36 52 64 8 24 46 57 1 5 20 13 33 53 15 16 37 62 2 10 30 23 43 58 25 26 47 4 17 39 6 7 21 34 35 54 38 9 27 49 11 12 31 44 45 59 48 18 19 40 22 55 28 29 50 32 60 41 51 
57 62 63 42 4 17 39 64 52 9 27 49 56 13 33 53 1 5 20 18 19 40 61 23 43 58 2 10 30 28 29 50 3 14 36 34 35 54 6 7 21 41 8 24 46 44 45 59 11 12 31 51 15 16 37 55 22 25 26 47 60 32 38 48 
58 35 49 46 45 59 64 19 16 54 55 13 30 29 50 62 26 47 61 60 23 43 7 40 41 4 37 38 3 63 33 34 12 31 52 51 9 27 48 8 24 44 21 22 1 57 17 18 56 14 15 53 32 2 10 28 25 42 5 6 39 36 11 20 
59 55 50 47 60 64 43 41 38 63 13 34 31 51 62 27 48 61 24 23 44 58 22 57 4 18 56 3 15 33 53 35 32 52 10 9 28 49 8 25 46 45 42 1 6 17 39 19 14 36 16 54 2 11 30 29 26 5 20 7 40 37 12 21 
60 63 51 48 64 23 44 57 56 13 33 53 32 62 9 28 61 8 25 43 58 45 42 4 17 39 3 14 36 34 35 54 52 2 11 27 49 29 24 46 26 59 1 5 20 18 19 40 15 16 37 55 10 30 12 50 47 6 7 21 41 38 31 22 
61 3 52 64 8 24 46 1 13 14 15 16 62 2 10 30 23 43 58 25 26 47 4 5 6 7 33 34 35 36 37 38 9 27 49 11 12 31 44 45 59 48 17 18 19 20 21 22 53 54 55 56 28 29 50 32 60 39 40 41 42 63 51 57 
62 4 64 52 9 27 49 13 1 17 18 19 61 23 43 58 2 10 30 28 29 50 3 33 34 35 5 6 7 39 40 41 8 24 46 44 45 59 11 12 31 51 14 15 16 53 54 55 20 21 22 57 25 26 47 60 32 36 37 38 63 42 48 56 
63 64 57 56 13 33 53 62 61 23 43 58 42 4 17 39 3 14 36 34 35 54 52 9 27 49 8 24 46 44 45 59 1 5 20 18 19 40 15 16 37 55 2 10 30 28 29 50 25 26 47 60 6 7 21 41 38 11 12 31 51 48 22 32 
64 13 62 61 23 43 58 4 3 33 34 35 52 9 27 49 8 24 46 44 45 59 1 17 18 19 14 15 16 53 54 55 2 10 30 28 29 50 25 26 47 60 5 6 7 39 40 41 36 37 38 63 11 12 31 51 48 20 21 22 57 56 32 42 
1
0 1 

1 2 
1 
7 
2 4 
1 7 
5 42 
6 22 
20 21 
3 6 
1 5 42 
1 6 22 
1 20 21 
5 7 42 
6 7 22 
7 20 21 
4 6 
1 5 7 42 
1 6 7 22 
1 7 20 21 
5 6 22 42 
5 20 21 42 
6 20 21 22 
5 6 
1 5 6 22 42 
1 5 20 21 42 
1 6 20 21 22 
5 6 7 22 42 
5 7 20 21 42 
6 7 20 21 22 
6 4 
1 5 6 7 22 42 
1 5 7 20 21 42 
1 6 7 20 21 22 
5 6 20 21 22 42 
7 2 
1 5 6 20 21 22 42 
5 6 7 20 21 22 42 
8 1 
1 5 6 7 20 21 22 42 
2
0 1 

1 1 

2 4 
2 52 
10 32 
11 31 
12 30 
3 1 

4 6 
2 10 32 52 
2 11 31 52 
2 12 30 52 
10 11 31 32 
10 12 30 32 
11 12 30 31 
5 1 

6 4 
2 10 11 31 32 52 
2 10 12 30 32 52 
2 11 12 30 31 52 
10 11 12 30 31 32 
7 1 

8 1 
2 10 11 12 30 31 32 52 
3
0 1 

1 2 
3 
16 
2 4 
3 16 
14 56 
15 38 
36 37 
3 6 
3 14 56 
3 15 38 
3 36 37 
14 16 56 
15 16 38 
16 36 37 
4 6 
3 14 16 56 
3 15 16 38 
3 16 36 37 
14 15 38 56 
14 36 37 56 
15 36 37 38 
5 6 
3 14 15 38 56 
3 14 36 37 56 
3 15 36 37 38 
14 15 16 38 56 
14 16 36 37 56 
15 16 36 37 38 
6 4 
3 14 15 16 38 56 
3 14 16 36 37 56 
3 15 16 36 37 38 
14 15 36 37 38 56 
7 2 
3 14 15 36 37 38 56 
14 15 16 36 37 38 56 
8 1 
3 14 15 16 36 37 38 56 
4
0 1 

1 2 
4 
19 
2 4 
4 19 
17 57 
18 41 
39 40 
3 6 
4 17 57 
4 18 41 
4 39 40 
17 19 57 
18 19 41 
19 39 40 
4 6 
4 17 19 57 
4 18 19 41 
4 19 39 40 
17 18 41 57 
17 39 40 57 
18 39 40 41 
5 6 
4 17 18 41 57 
4 17 39 40 57 
4 18 39 40 41 
17 18 19 41 57 
17 19 39 40 57 
18 19 39 40 41 
6 4 
4 17 18 19 41 57 
4 17 19 39 40 57 
4 18 19 39 40 41 
17 18 39 40 41 57 
7 2 
4 17 18 39 40 41 57 
17 18 19 39 40 41 57 
8 1 
4 17 18 19 39 40 41 57 
5
0 1 

1 1 

2 4 
8 61 
24 48 
25 47 
26 46 
3 1 

4 6 
8 24 48 61 
8 25 47 61 
8 26 46 61 
24 25 47 48 
24 26 46 48 
25 26 46 47 
5 1 

6 4 
8 24 25 47 48 61 
8 24 26 46 48 61 
8 25 26 46 47 61 
24 25 26 46 47 48 
7 1 

8 1 
8 24 25 26 46 47 48 61 
6
0 1 

1 1 

2 4 
9 62 
27 51 
28 50 
29 49 
3 1 

4 6 
9 27 51 62 
9 28 50 62 
9 29 49 62 
27 28 50 51 
27 29 49 51 
28 29 49 50 
5 1 

6 4 
9 27 28 50 51 62 
9 27 29 49 51 62 
9 28 29 49 50 62 
27 28 29 49 50 51 
7 1 

8 1 
9 27 28 29 49 50 51 62 
7
0 1 

1 2 
13 
35 
2 4 
13 35 
33 63 
34 55 
53 54 
3 6 
13 33 63 
13 34 55 
13 53 54 
33 35 63 
34 35 55 
35 53 54 
4 6 
13 33 35 63 
13 34 35 55 
13 35 53 54 
33 34 55 63 
33 53 54 63 
34 53 54 55 
5 6 
13 33 34 55 63 
13 33 53 54 63 
13 34 53 54 55 
33 34 35 55 63 
33 35 53 54 63 
34 35 53 54 55 
6 4 
13 33 34 35 55 63 
13 33 35 53 54 63 
13 34 35 53 54 55 
33 34 53 54 55 63 
7 2 
13 33 34 53 54 55 63 
33 34 35 53 54 55 63 
8 1 
13 33 34 35 53 54 55 63 
8
0 1 

1 1 

2 4 
23 64 
43 60 
44 59 
45 58 
3 1 

4 6 
23 43 60 64 
23 44 59 64 
23 45 58 64 
43 44 59 60 
43 45 58 60 
44 45 58 59 
5 1 

6 4 
23 43 44 59 60 64 
23 43 45 58 60 64 
23 44 45 58 59 64 
43 44 45 58 59 60 
7 1 

8 1 
23 43 44 45 58 59 60 64 
