//Table for grp 252:
57
0 0 2 2 4 4 2 4 
0 0 2 4 4 2 4 2 
0 0 4 2 2 4 4 2 
0 0 4 4 2 2 2 4 
0 2 0 2 4 2 4 4 
0 2 0 4 4 4 2 2 
0 2 2 0 2 4 4 4 
0 2 2 2 2 2 2 6 
0 2 2 2 2 2 6 2 
0 2 2 2 2 6 2 2 
0 2 2 2 6 2 2 2 
0 2 2 4 2 0 4 4 
0 2 2 4 2 4 0 4 
0 2 2 4 2 4 4 0 
0 2 2 6 2 2 2 2 
0 2 4 0 4 4 2 2 
0 2 4 2 0 2 4 4 
0 2 4 2 4 2 0 4 
0 2 4 2 4 2 4 0 
0 2 4 4 0 4 2 2 
0 2 4 4 4 0 2 2 
0 2 6 2 2 2 2 2 
0 4 0 2 2 4 4 2 
0 4 0 4 2 2 2 4 
0 4 2 0 4 2 4 2 
0 4 2 2 0 4 2 4 
0 4 2 2 4 0 2 4 
0 4 2 2 4 4 2 0 
0 4 2 4 0 2 4 2 
0 4 2 4 4 2 0 2 
0 4 4 0 2 2 2 4 
0 4 4 2 2 0 4 2 
0 4 4 2 2 4 0 2 
0 4 4 4 2 2 2 0 
0 6 2 2 2 2 2 2 
2 0 2 2 2 2 4 4 
2 0 2 4 2 4 2 2 
2 0 4 2 4 2 2 2 
2 2 0 2 2 4 2 4 
2 2 0 4 2 2 4 2 
2 2 2 0 4 2 2 4 
2 2 2 2 0 4 4 2 
2 2 2 2 4 0 4 2 
2 2 2 2 4 4 0 2 
2 2 2 4 0 2 2 4 
2 2 2 4 4 2 2 0 
2 2 4 0 2 2 4 2 
2 2 4 2 2 0 2 4 
2 2 4 2 2 4 2 0 
2 2 4 4 2 2 0 2 
2 4 0 2 4 2 2 2 
2 4 2 0 2 4 2 2 
2 4 2 2 2 2 0 4 
2 4 2 2 2 2 4 0 
2 4 2 4 2 0 2 2 
2 4 4 2 0 2 2 2 
4 2 2 2 2 2 2 2 
1 2 3 4 5 6 7 8 9 10 11 12 13 14 15 16 17 18 19 20 21 22 23 24 25 26 27 28 29 30 31 32 33 34 35 36 37 38 39 40 41 42 43 44 45 46 47 48 49 50 51 52 53 54 55 56 57 58 59 60 61 62 63 64 
2 7 8 9 10 11 12 16 19 21 22 1 23 24 25 26 27 28 29 30 31 32 35 37 38 3 40 41 4 42 5 6 43 44 45 46 47 48 49 50 51 52 54 55 13 56 14 15 57 17 18 20 58 59 60 61 62 63 33 34 36 39 64 53 
3 25 7 13 14 15 16 11 44 46 26 48 19 21 22 1 33 34 35 36 37 38 28 30 12 32 58 45 60 47 61 8 40 41 4 42 5 6 53 54 55 56 49 29 51 31 52 2 59 64 23 24 57 17 18 20 63 50 62 9 10 43 39 27 
4 9 13 1 17 18 19 23 2 27 28 29 3 33 34 35 5 6 7 39 40 41 8 43 44 45 10 11 12 49 50 51 14 15 16 53 54 55 20 21 22 57 24 25 26 58 59 60 30 31 32 62 36 37 38 63 42 46 47 48 64 52 56 61 
5 10 14 17 1 20 21 24 27 2 30 31 33 3 36 37 4 39 40 6 7 42 43 8 46 47 9 49 50 11 12 52 13 53 54 15 16 56 18 19 57 22 23 58 59 25 26 61 28 29 62 32 34 35 63 38 41 44 45 64 48 51 55 60 
6 32 38 18 20 7 22 25 51 52 2 11 55 56 3 15 39 19 41 21 42 1 44 46 26 48 62 9 28 10 30 12 63 13 34 14 36 16 40 57 4 5 58 45 60 47 61 8 27 49 29 31 33 53 35 37 17 59 64 23 24 50 54 43 
7 12 16 19 21 22 1 26 29 31 32 2 35 37 38 3 40 41 4 42 5 6 45 47 48 8 50 51 9 52 10 11 54 55 13 56 14 15 57 17 18 20 59 60 23 61 24 25 62 27 28 30 63 33 34 36 39 64 43 44 46 49 53 58 
8 38 12 23 24 25 26 22 55 56 3 15 29 31 32 2 43 44 45 46 47 48 41 42 1 6 63 13 34 14 36 16 50 51 9 52 10 11 58 59 60 61 57 4 18 5 20 7 33 53 35 37 62 27 28 30 64 17 39 19 21 54 49 40 
9 19 23 2 27 28 29 35 7 40 41 4 8 43 44 45 10 11 12 49 50 51 16 54 55 13 21 22 1 57 17 18 24 25 26 58 59 60 30 31 32 62 37 38 3 63 33 34 42 5 6 39 46 47 48 64 52 56 14 15 53 20 61 36 
10 21 24 27 2 30 31 37 40 7 42 5 43 8 46 47 9 49 50 11 12 52 54 16 56 14 19 57 17 22 1 20 23 58 59 25 26 61 28 29 62 32 35 63 33 38 3 36 41 4 39 6 44 45 64 48 51 55 13 53 15 18 60 34 
11 6 48 28 30 12 32 38 18 20 7 22 60 61 8 25 49 29 51 31 52 2 55 56 3 15 39 19 41 21 42 1 64 23 44 24 46 26 50 62 9 10 63 13 34 14 36 16 40 57 4 5 43 58 45 47 27 33 53 35 37 17 59 54 
12 1 26 29 31 32 2 3 4 5 6 7 45 47 48 8 50 51 9 52 10 11 13 14 15 16 17 18 19 20 21 22 59 60 23 61 24 25 62 27 28 30 33 34 35 36 37 38 39 40 41 42 64 43 44 46 49 53 54 55 56 57 58 63 
13 44 19 3 33 34 35 28 25 58 45 60 7 40 41 4 14 15 16 53 54 55 11 49 29 51 46 26 48 59 64 23 21 22 1 57 17 18 36 37 38 63 30 12 32 50 62 9 47 61 8 43 42 5 6 39 56 31 52 2 27 24 20 10 
14 46 21 33 3 36 37 30 58 25 47 61 40 7 42 5 13 53 54 15 16 56 49 11 31 52 44 59 64 26 48 24 19 57 17 22 1 20 34 35 63 38 28 50 62 12 32 10 45 60 43 8 41 4 39 6 55 29 51 27 2 23 18 9 
15 8 6 34 36 16 38 12 23 24 25 26 18 20 7 22 53 35 55 37 56 3 29 31 32 2 43 44 45 46 47 48 39 19 41 21 42 1 54 63 13 14 50 51 9 52 10 11 58 59 60 61 40 57 4 5 33 62 27 28 30 64 17 49 
16 48 1 35 37 38 3 32 60 61 8 25 4 5 6 7 54 55 13 56 14 15 51 52 2 11 64 23 44 24 46 26 17 18 19 20 21 22 63 33 34 36 62 9 28 10 30 12 43 58 45 47 39 40 41 42 53 27 49 29 31 59 57 50 
17 27 33 5 4 39 40 43 10 9 49 50 14 13 53 54 1 20 21 18 19 57 24 23 58 59 2 30 31 28 29 62 3 36 37 34 35 63 6 7 42 41 8 46 47 44 45 64 11 12 52 51 15 16 56 55 22 25 26 61 60 32 38 48 
18 51 55 6 39 19 41 44 32 62 9 28 38 63 13 34 20 7 22 40 57 4 25 58 45 60 52 2 11 27 49 29 56 3 15 33 53 35 21 42 1 17 46 26 48 59 64 23 10 30 12 50 14 36 16 54 5 47 61 8 43 31 37 24 
19 29 35 7 40 41 4 45 12 50 51 9 16 54 55 13 21 22 1 57 17 18 26 59 60 23 31 32 2 62 27 28 37 38 3 63 33 34 42 5 6 39 47 48 8 64 43 44 52 10 11 49 56 14 15 53 20 61 24 25 58 30 36 46 
20 52 56 39 6 21 42 46 62 32 10 30 63 38 14 36 18 40 57 7 22 5 58 25 47 61 51 27 49 2 11 31 55 33 53 3 15 37 19 41 17 1 44 59 64 26 48 24 9 28 50 12 13 34 54 16 4 45 60 43 8 29 35 23 
21 31 37 40 7 42 5 47 50 12 52 10 54 16 56 14 19 57 17 22 1 20 59 26 61 24 29 62 27 32 2 30 35 63 33 38 3 36 41 4 39 6 45 64 43 48 8 46 51 9 49 11 55 13 53 15 18 60 23 58 25 28 34 44 
22 11 15 41 42 1 6 48 28 30 12 32 34 36 16 38 57 4 18 5 20 7 60 61 8 25 49 29 51 31 52 2 53 35 55 37 56 3 17 39 19 21 64 23 44 24 46 26 50 62 9 10 54 63 13 14 40 43 58 45 47 27 33 59 
23 55 29 8 43 44 45 41 38 63 13 34 12 50 51 9 24 25 26 58 59 60 22 57 4 18 56 3 15 33 53 35 31 32 2 62 27 28 46 47 48 64 42 1 6 17 39 19 14 36 16 54 52 10 11 49 61 5 20 7 40 37 30 21 
24 56 31 43 8 46 47 42 63 38 14 36 50 12 52 10 23 58 59 25 26 61 57 22 5 20 55 33 53 3 15 37 29 62 27 32 2 30 44 45 64 48 41 17 39 1 6 21 13 34 54 16 51 9 49 11 60 4 18 40 7 35 28 19 
25 16 11 44 46 26 48 1 35 37 38 3 28 30 12 32 58 45 60 47 61 8 4 5 6 7 54 55 13 56 14 15 49 29 51 31 52 2 59 64 23 24 17 18 19 20 21 22 63 33 34 36 50 62 9 10 43 39 40 41 42 53 27 57 
26 15 2 45 47 48 8 6 34 36 16 38 9 10 11 12 59 60 23 61 24 25 18 20 7 22 53 35 55 37 56 3 27 28 29 30 31 32 64 43 44 46 39 19 41 21 42 1 54 63 13 14 49 50 51 52 58 40 57 4 5 33 62 17 
27 40 43 10 9 49 50 54 21 19 57 17 24 23 58 59 2 30 31 28 29 62 37 35 63 33 7 42 5 41 4 39 8 46 47 44 45 64 11 12 52 51 16 56 14 55 13 53 22 1 20 18 25 26 61 60 32 38 3 36 34 6 48 15 
28 18 60 11 49 29 51 55 6 39 19 41 48 64 23 44 30 12 32 50 62 9 38 63 13 34 20 7 22 40 57 4 61 8 25 43 58 45 31 52 2 27 56 3 15 33 53 35 21 42 1 17 24 46 26 59 10 14 36 16 54 5 47 37 
29 4 45 12 50 51 9 13 1 17 18 19 26 59 60 23 31 32 2 62 27 28 3 33 34 35 5 6 7 39 40 41 47 48 8 64 43 44 52 10 11 49 14 15 16 53 54 55 20 21 22 57 61 24 25 58 30 36 37 38 63 42 46 56 
30 20 61 49 11 31 52 56 39 6 21 42 64 48 24 46 28 50 62 12 32 10 63 38 14 36 18 40 57 7 22 5 60 43 58 8 25 47 29 51 27 2 55 33 53 3 15 37 19 41 17 1 23 44 59 26 9 13 34 54 16 4 45 35 
31 5 47 50 12 52 10 14 17 1 20 21 59 26 61 24 29 62 27 32 2 30 33 3 36 37 4 39 40 6 7 42 45 64 43 48 8 46 51 9 49 11 13 53 54 15 16 56 18 19 57 22 60 23 58 25 28 34 35 63 38 41 44 55 
32 22 25 51 52 2 11 15 41 42 1 6 44 46 26 48 62 9 28 10 30 12 34 36 16 38 57 4 18 5 20 7 58 45 60 47 61 8 27 49 29 31 53 35 55 37 56 3 17 39 19 21 59 64 23 24 50 54 63 13 14 40 43 33 
33 58 40 14 13 53 54 49 46 44 59 64 21 19 57 17 3 36 37 34 35 63 30 28 50 62 25 47 61 45 60 43 7 42 5 41 4 39 15 16 56 55 11 31 52 29 51 27 26 48 24 23 22 1 20 18 38 12 32 10 9 8 6 2 
34 23 18 15 53 35 55 29 8 43 44 45 6 39 19 41 36 16 38 54 63 13 12 50 51 9 24 25 26 58 59 60 20 7 22 40 57 4 37 56 3 33 31 32 2 62 27 28 46 47 48 64 21 42 1 17 14 52 10 11 49 61 5 30 
35 60 4 16 54 55 13 51 48 64 23 44 1 17 18 19 37 38 3 63 33 34 32 62 9 28 61 8 25 43 58 45 5 6 7 39 40 41 56 14 15 53 52 2 11 27 49 29 24 46 26 59 20 21 22 57 36 10 30 12 50 47 42 31 
36 24 20 53 15 37 56 31 43 8 46 47 39 6 21 42 34 54 63 16 38 14 50 12 52 10 23 58 59 25 26 61 18 40 57 7 22 5 35 55 33 3 29 62 27 32 2 30 44 45 64 48 19 41 17 1 13 51 9 49 11 60 4 28 
37 61 5 54 16 56 14 52 64 48 24 46 17 1 20 21 35 63 33 38 3 36 62 32 10 30 60 43 58 8 25 47 4 39 40 6 7 42 55 13 53 15 51 27 49 2 11 31 23 44 59 26 18 19 57 22 34 9 28 50 12 45 41 29 
38 26 22 55 56 3 15 2 45 47 48 8 41 42 1 6 63 13 34 14 36 16 9 10 11 12 59 60 23 61 24 25 57 4 18 5 20 7 33 53 35 37 27 28 29 30 31 32 64 43 44 46 17 39 19 21 54 49 50 51 52 58 40 62 
39 62 63 20 18 40 57 58 52 51 27 49 56 55 33 53 6 21 42 19 41 17 46 44 59 64 32 10 30 9 28 50 38 14 36 13 34 54 7 22 5 4 25 47 61 45 60 43 2 11 31 29 3 15 37 35 1 26 48 24 23 12 16 8 
40 50 54 21 19 57 17 59 31 29 62 27 37 35 63 33 7 42 5 41 4 39 47 45 64 43 12 52 10 51 9 49 16 56 14 55 13 53 22 1 20 18 26 61 24 60 23 58 32 2 30 28 38 3 36 34 6 48 8 46 44 11 15 25 
41 28 34 22 57 4 18 60 11 49 29 51 15 53 35 55 42 1 6 17 39 19 48 64 23 44 30 12 32 50 62 9 36 16 38 54 63 13 5 20 7 40 61 8 25 43 58 45 31 52 2 27 37 56 3 33 21 24 46 26 59 10 14 47 
42 30 36 57 22 5 20 61 49 11 31 52 53 15 37 56 41 17 39 1 6 21 64 48 24 46 28 50 62 12 32 10 34 54 63 16 38 14 4 18 40 7 60 43 58 8 25 47 29 51 27 2 35 55 33 3 19 23 44 59 26 9 13 45 
43 63 50 24 23 58 59 57 56 55 33 53 31 29 62 27 8 46 47 44 45 64 42 41 17 39 38 14 36 13 34 54 12 52 10 51 9 49 25 26 61 60 22 5 20 4 18 40 3 15 37 35 32 2 30 28 48 1 6 21 19 16 11 7 
44 35 28 25 58 45 60 4 16 54 55 13 11 49 29 51 46 26 48 59 64 23 1 17 18 19 37 38 3 63 33 34 30 12 32 50 62 9 47 61 8 43 5 6 7 39 40 41 56 14 15 53 31 52 2 27 24 20 21 22 57 36 10 42 
45 34 9 26 59 60 23 18 15 53 35 55 2 27 28 29 47 48 8 64 43 44 6 39 19 41 36 16 38 54 63 13 10 11 12 49 50 51 61 24 25 58 20 7 22 40 57 4 37 56 3 33 30 31 32 62 46 21 42 1 17 14 52 5 
46 37 30 58 25 47 61 5 54 16 56 14 49 11 31 52 44 59 64 26 48 24 17 1 20 21 35 63 33 38 3 36 28 50 62 12 32 10 45 60 43 8 4 39 40 6 7 42 55 13 53 15 29 51 27 2 23 18 19 57 22 34 9 41 
47 36 10 59 26 61 24 20 53 15 37 56 27 2 30 31 45 64 43 48 8 46 39 6 21 42 34 54 63 16 38 14 9 49 50 11 12 52 60 23 58 25 18 40 57 7 22 5 35 55 33 3 28 29 62 32 44 19 41 17 1 13 51 4 
48 3 32 60 61 8 25 7 13 14 15 16 51 52 2 11 64 23 44 24 46 26 19 21 22 1 33 34 35 36 37 38 62 9 28 10 30 12 43 58 45 47 40 41 4 42 5 6 53 54 55 56 27 49 29 31 59 57 17 18 20 63 50 39 
49 39 64 30 28 50 62 63 20 18 40 57 61 60 43 58 11 31 52 29 51 27 56 55 33 53 6 21 42 19 41 17 48 24 46 23 44 59 12 32 10 9 38 14 36 13 34 54 7 22 5 4 8 25 47 45 2 3 15 37 35 1 26 16 
50 17 59 31 29 62 27 33 5 4 39 40 47 45 64 43 12 52 10 51 9 49 14 13 53 54 1 20 21 18 19 57 26 61 24 60 23 58 32 2 30 28 3 36 37 34 35 63 6 7 42 41 48 8 46 44 11 15 16 56 55 22 25 38 
51 41 44 32 62 9 28 34 22 57 4 18 25 58 45 60 52 2 11 27 49 29 15 53 35 55 42 1 6 17 39 19 46 26 48 59 64 23 10 30 12 50 36 16 38 54 63 13 5 20 7 40 47 61 8 43 31 37 56 3 33 21 24 14 
52 42 46 62 32 10 30 36 57 22 5 20 58 25 47 61 51 27 49 2 11 31 53 15 37 56 41 17 39 1 6 21 44 59 64 26 48 24 9 28 50 12 34 54 63 16 38 14 4 18 40 7 45 60 43 8 29 35 55 33 3 19 23 13 
53 43 39 36 34 54 63 50 24 23 58 59 20 18 40 57 15 37 56 35 55 33 31 29 62 27 8 46 47 44 45 64 6 21 42 19 41 17 16 38 14 13 12 52 10 51 9 49 25 26 61 60 7 22 5 4 3 32 2 30 28 48 1 11 
54 64 17 37 35 63 33 62 61 60 43 58 5 4 39 40 16 56 14 55 13 53 52 51 27 49 48 24 46 23 44 59 1 20 21 18 19 57 38 3 36 34 32 10 30 9 28 50 8 25 47 45 6 7 42 41 15 2 11 31 29 26 22 12 
55 45 41 38 63 13 34 9 26 59 60 23 22 57 4 18 56 3 15 33 53 35 2 27 28 29 47 48 8 64 43 44 42 1 6 17 39 19 14 36 16 54 10 11 12 49 50 51 61 24 25 58 5 20 7 40 37 30 31 32 62 46 21 52 
56 47 42 63 38 14 36 10 59 26 61 24 57 22 5 20 55 33 53 3 15 37 27 2 30 31 45 64 43 48 8 46 41 17 39 1 6 21 13 34 54 16 9 49 50 11 12 52 60 23 58 25 4 18 40 7 35 28 29 62 32 44 19 51 
57 49 53 42 41 17 39 64 30 28 50 62 36 34 54 63 22 5 20 4 18 40 61 60 43 58 11 31 52 29 51 27 15 37 56 35 55 33 1 6 21 19 48 24 46 23 44 59 12 32 10 9 16 38 14 13 7 8 25 47 45 2 3 26 
58 54 49 46 44 59 64 17 37 35 63 33 30 28 50 62 25 47 61 45 60 43 5 4 39 40 16 56 14 55 13 53 11 31 52 29 51 27 26 48 24 23 1 20 21 18 19 57 38 3 36 34 12 32 10 9 8 6 7 42 41 15 2 22 
59 53 27 47 45 64 43 39 36 34 54 63 10 9 49 50 26 61 24 60 23 58 20 18 40 57 15 37 56 35 55 33 2 30 31 28 29 62 48 8 46 44 6 21 42 19 41 17 16 38 14 13 11 12 52 51 25 7 22 5 4 3 32 1 
60 13 51 48 64 23 44 19 3 33 34 35 32 62 9 28 61 8 25 43 58 45 7 40 41 4 14 15 16 53 54 55 52 2 11 27 49 29 24 46 26 59 21 22 1 57 17 18 36 37 38 63 10 30 12 50 47 42 5 6 39 56 31 20 
61 14 52 64 48 24 46 21 33 3 36 37 62 32 10 30 60 43 58 8 25 47 40 7 42 5 13 53 54 15 16 56 51 27 49 2 11 31 23 44 59 26 19 57 17 22 1 20 34 35 63 38 9 28 50 12 45 41 4 39 6 55 29 18 
62 57 58 52 51 27 49 53 42 41 17 39 46 44 59 64 32 10 30 9 28 50 36 34 54 63 22 5 20 4 18 40 25 47 61 45 60 43 2 11 31 29 15 37 56 35 55 33 1 6 21 19 26 48 24 23 12 16 38 14 13 7 8 3 
63 59 57 56 55 33 53 27 47 45 64 43 42 41 17 39 38 14 36 13 34 54 10 9 49 50 26 61 24 60 23 58 22 5 20 4 18 40 3 15 37 35 2 30 31 28 29 62 48 8 46 44 1 6 21 19 16 11 12 52 51 25 7 32 
64 33 62 61 60 43 58 40 14 13 53 54 52 51 27 49 48 24 46 23 44 59 21 19 57 17 3 36 37 34 35 63 32 10 30 9 28 50 8 25 47 45 7 42 5 41 4 39 15 16 56 55 2 11 31 29 26 22 1 20 18 38 12 6 
1
0 1 

1 4 
1 
5 
7 
21 
2 8 
1 5 
1 7 
1 21 
5 7 
5 21 
6 22 
7 21 
20 42 
3 12 
1 5 7 
1 5 21 
1 6 22 
1 7 21 
1 20 42 
5 6 22 
5 7 21 
5 20 42 
6 7 22 
6 21 22 
7 20 42 
20 21 42 
4 14 
1 5 6 22 
1 5 7 21 
1 5 20 42 
1 6 7 22 
1 6 21 22 
1 7 20 42 
1 20 21 42 
5 6 7 22 
5 6 21 22 
5 7 20 42 
5 20 21 42 
6 7 21 22 
6 20 22 42 
7 20 21 42 
5 12 
1 5 6 7 22 
1 5 6 21 22 
1 5 7 20 42 
1 5 20 21 42 
1 6 7 21 22 
1 6 20 22 42 
1 7 20 21 42 
5 6 7 21 22 
5 6 20 22 42 
5 7 20 21 42 
6 7 20 22 42 
6 20 21 22 42 
6 8 
1 5 6 7 21 22 
1 5 6 20 22 42 
1 5 7 20 21 42 
1 6 7 20 22 42 
1 6 20 21 22 42 
5 6 7 20 22 42 
5 6 20 21 22 42 
6 7 20 21 22 42 
7 4 
1 5 6 7 20 22 42 
1 5 6 20 21 22 42 
1 6 7 20 21 22 42 
5 6 7 20 21 22 42 
8 1 
1 5 6 7 20 21 22 42 
2
0 1 

1 1 

2 4 
2 12 
10 31 
11 32 
30 52 
3 1 

4 6 
2 10 12 31 
2 11 12 32 
2 12 30 52 
10 11 31 32 
10 30 31 52 
11 30 32 52 
5 1 

6 4 
2 10 11 12 31 32 
2 10 12 30 31 52 
2 11 12 30 32 52 
10 11 30 31 32 52 
7 1 

8 1 
2 10 11 12 30 31 32 52 
3
0 1 

1 1 

2 4 
3 16 
14 37 
15 38 
36 56 
3 1 

4 6 
3 14 16 37 
3 15 16 38 
3 16 36 56 
14 15 37 38 
14 36 37 56 
15 36 38 56 
5 1 

6 4 
3 14 15 16 37 38 
3 14 16 36 37 56 
3 15 16 36 38 56 
14 15 36 37 38 56 
7 1 

8 1 
3 14 15 16 36 37 38 56 
4
0 1 

1 4 
4 
17 
19 
40 
2 8 
4 17 
4 19 
4 40 
17 19 
17 40 
18 41 
19 40 
39 57 
3 12 
4 17 19 
4 17 40 
4 18 41 
4 19 40 
4 39 57 
17 18 41 
17 19 40 
17 39 57 
18 19 41 
18 40 41 
19 39 57 
39 40 57 
4 14 
4 17 18 41 
4 17 19 40 
4 17 39 57 
4 18 19 41 
4 18 40 41 
4 19 39 57 
4 39 40 57 
17 18 19 41 
17 18 40 41 
17 19 39 57 
17 39 40 57 
18 19 40 41 
18 39 41 57 
19 39 40 57 
5 12 
4 17 18 19 41 
4 17 18 40 41 
4 17 19 39 57 
4 17 39 40 57 
4 18 19 40 41 
4 18 39 41 57 
4 19 39 40 57 
17 18 19 40 41 
17 18 39 41 57 
17 19 39 40 57 
18 19 39 41 57 
18 39 40 41 57 
6 8 
4 17 18 19 40 41 
4 17 18 39 41 57 
4 17 19 39 40 57 
4 18 19 39 41 57 
4 18 39 40 41 57 
17 18 19 39 41 57 
17 18 39 40 41 57 
18 19 39 40 41 57 
7 4 
4 17 18 19 39 41 57 
4 17 18 39 40 41 57 
4 18 19 39 40 41 57 
17 18 19 39 40 41 57 
8 1 
4 17 18 19 39 40 41 57 
5
0 1 

1 1 

2 4 
8 25 
24 46 
26 48 
47 61 
3 1 

4 6 
8 24 25 46 
8 25 26 48 
8 25 47 61 
24 26 46 48 
24 46 47 61 
26 47 48 61 
5 1 

6 4 
8 24 25 26 46 48 
8 24 25 46 47 61 
8 25 26 47 48 61 
24 26 46 47 48 61 
7 1 

8 1 
8 24 25 26 46 47 48 61 
6
0 1 

1 1 

2 4 
9 29 
27 50 
28 51 
49 62 
3 1 

4 6 
9 27 29 50 
9 28 29 51 
9 29 49 62 
27 28 50 51 
27 49 50 62 
28 49 51 62 
5 1 

6 4 
9 27 28 29 50 51 
9 27 29 49 50 62 
9 28 29 49 51 62 
27 28 49 50 51 62 
7 1 

8 1 
9 27 28 29 49 50 51 62 
7
0 1 

1 1 

2 4 
13 35 
33 54 
34 55 
53 63 
3 1 

4 6 
13 33 35 54 
13 34 35 55 
13 35 53 63 
33 34 54 55 
33 53 54 63 
34 53 55 63 
5 1 

6 4 
13 33 34 35 54 55 
13 33 35 53 54 63 
13 34 35 53 55 63 
33 34 53 54 55 63 
7 1 

8 1 
13 33 34 35 53 54 55 63 
8
0 1 

1 1 

2 4 
23 44 
43 58 
45 60 
59 64 
3 1 

4 6 
23 43 44 58 
23 44 45 60 
23 44 59 64 
43 45 58 60 
43 58 59 64 
45 59 60 64 
5 1 

6 4 
23 43 44 45 58 60 
23 43 44 58 59 64 
23 44 45 59 60 64 
43 45 58 59 60 64 
7 1 

8 1 
23 43 44 45 58 59 60 64 
