//Table for grp 178:
57
0 0 2 2 4 4 2 4 
0 0 2 4 4 2 4 2 
0 0 4 2 2 4 4 2 
0 0 4 4 2 2 2 4 
0 2 0 2 4 2 4 4 
0 2 0 4 4 4 2 2 
0 2 2 0 2 4 4 4 
0 2 2 2 2 2 2 6 
0 2 2 2 2 2 6 2 
0 2 2 2 2 6 2 2 
0 2 2 2 6 2 2 2 
0 2 2 4 2 0 4 4 
0 2 2 4 2 4 0 4 
0 2 2 4 2 4 4 0 
0 2 2 6 2 2 2 2 
0 2 4 0 4 4 2 2 
0 2 4 2 0 2 4 4 
0 2 4 2 4 2 0 4 
0 2 4 2 4 2 4 0 
0 2 4 4 0 4 2 2 
0 2 4 4 4 0 2 2 
0 2 6 2 2 2 2 2 
0 4 0 2 2 4 4 2 
0 4 0 4 2 2 2 4 
0 4 2 0 4 2 4 2 
0 4 2 2 0 4 2 4 
0 4 2 2 4 0 2 4 
0 4 2 2 4 4 2 0 
0 4 2 4 0 2 4 2 
0 4 2 4 4 2 0 2 
0 4 4 0 2 2 2 4 
0 4 4 2 2 0 4 2 
0 4 4 2 2 4 0 2 
0 4 4 4 2 2 2 0 
0 6 2 2 2 2 2 2 
2 0 2 2 2 2 4 4 
2 0 2 4 2 4 2 2 
2 0 4 2 4 2 2 2 
2 2 0 2 2 4 2 4 
2 2 0 4 2 2 4 2 
2 2 2 0 4 2 2 4 
2 2 2 2 0 4 4 2 
2 2 2 2 4 0 4 2 
2 2 2 2 4 4 0 2 
2 2 2 4 0 2 2 4 
2 2 2 4 4 2 2 0 
2 2 4 0 2 2 4 2 
2 2 4 2 2 0 2 4 
2 2 4 2 2 4 2 0 
2 2 4 4 2 2 0 2 
2 4 0 2 4 2 2 2 
2 4 2 0 2 4 2 2 
2 4 2 2 2 2 0 4 
2 4 2 2 2 2 4 0 
2 4 2 4 2 0 2 2 
2 4 4 2 0 2 2 2 
4 2 2 2 2 2 2 2 
1 2 3 4 5 6 7 8 9 10 11 12 13 14 15 16 17 18 19 20 21 22 23 24 25 26 27 28 29 30 31 32 33 34 35 36 37 38 39 40 41 42 43 44 45 46 47 48 49 50 51 52 53 54 55 56 57 58 59 60 61 62 63 64 
2 7 8 9 10 11 12 16 19 21 22 1 23 24 25 26 27 28 29 30 31 32 35 37 38 3 40 41 4 42 5 6 43 44 45 46 47 48 49 50 51 52 54 55 13 56 14 15 57 17 18 20 58 59 60 61 62 63 33 34 36 39 64 53 
3 24 5 13 14 15 16 12 43 26 46 47 17 7 20 21 33 34 35 36 37 38 29 31 32 2 45 58 59 48 8 61 19 39 40 22 1 42 53 54 55 56 50 51 9 52 10 11 60 23 64 25 41 4 57 6 63 62 27 28 30 44 18 49 
4 28 35 6 17 18 19 60 2 49 9 51 38 54 55 13 20 1 22 39 40 41 26 64 45 44 10 11 12 27 62 29 56 16 15 63 33 34 5 42 7 57 47 48 8 59 58 23 30 31 32 50 37 36 3 53 21 61 24 25 43 52 14 46 
5 31 14 17 7 20 21 47 50 2 52 10 33 16 36 37 19 39 40 22 1 42 59 8 61 24 9 62 27 11 12 30 35 53 54 38 3 56 41 4 57 6 23 64 43 25 26 46 28 29 49 32 55 13 63 15 18 44 45 58 48 51 34 60 
6 11 15 18 20 1 22 25 28 30 2 32 34 36 3 38 39 4 41 5 42 7 44 46 8 48 49 9 51 10 52 12 53 13 55 14 56 16 17 57 19 21 58 23 60 24 61 26 27 62 29 31 33 63 35 37 40 43 64 45 47 50 54 59 
7 12 16 19 21 22 1 26 29 31 32 2 35 37 38 3 40 41 4 42 5 6 45 47 48 8 50 51 9 52 10 11 54 55 13 56 14 15 57 17 18 20 59 60 23 61 24 25 62 27 28 30 63 33 34 36 39 64 43 44 46 49 53 58 
8 37 10 23 24 25 26 1 54 3 56 14 27 12 30 31 43 44 45 46 47 48 4 5 6 7 13 63 33 15 16 36 29 49 50 32 2 52 58 59 60 61 17 18 19 20 21 22 34 35 53 38 51 9 62 11 64 39 40 41 42 55 28 57 
9 41 45 11 27 28 29 34 7 57 19 18 48 59 60 23 30 2 32 49 50 51 3 53 13 55 21 22 1 40 39 4 61 26 25 64 43 44 10 52 12 62 14 15 16 33 63 35 42 5 6 17 47 46 8 58 31 36 37 38 54 20 24 56 
10 5 24 27 12 30 31 14 17 7 20 21 43 26 46 47 29 49 50 32 2 52 33 16 36 37 19 39 40 22 1 42 45 58 59 48 8 61 51 9 62 11 35 53 54 38 3 56 41 4 57 6 60 23 64 25 28 55 13 63 15 18 44 34 
11 22 25 28 30 2 32 38 41 42 7 6 44 46 8 48 49 9 51 10 52 12 55 56 16 15 57 19 18 21 20 1 58 23 60 24 61 26 27 62 29 31 63 35 34 37 36 3 40 39 4 5 43 64 45 47 50 54 53 13 14 17 59 33 
12 1 26 29 31 32 2 3 4 5 6 7 45 47 48 8 50 51 9 52 10 11 13 14 15 16 17 18 19 20 21 22 59 60 23 61 24 25 62 27 28 30 33 34 35 36 37 38 39 40 41 42 64 43 44 46 49 53 54 55 56 57 58 63 
13 58 40 15 33 34 35 28 24 60 43 64 42 4 57 17 36 3 38 53 54 55 2 49 9 51 26 46 47 45 44 59 6 21 20 18 19 39 14 56 16 63 10 11 12 27 62 29 48 8 61 23 1 22 5 41 37 30 31 32 50 25 7 52 
14 8 7 33 16 36 37 10 23 24 25 26 19 21 22 1 35 53 54 38 3 56 27 12 30 31 43 44 45 46 47 48 40 41 4 42 5 6 55 13 63 15 29 49 50 32 2 52 58 59 60 61 57 17 18 20 34 51 9 62 11 64 39 28 
15 46 20 34 36 3 38 32 58 48 24 61 39 22 5 42 53 13 55 14 56 16 51 52 12 11 60 43 64 26 25 47 41 17 57 7 6 21 33 63 35 37 62 29 28 31 30 2 45 44 59 8 19 18 40 1 54 50 49 9 10 23 4 27 
16 47 21 35 37 38 3 2 59 8 61 24 40 1 42 5 54 55 13 56 14 15 9 10 11 12 23 64 43 25 26 46 4 57 17 6 7 20 63 33 34 36 27 28 29 30 31 32 44 45 58 48 18 19 39 22 53 49 50 51 52 60 41 62 
17 62 54 20 19 39 40 58 31 28 50 49 56 13 63 33 22 5 42 41 4 57 24 60 43 64 2 52 10 9 51 27 15 37 36 34 35 53 7 6 21 18 26 46 47 45 44 59 11 12 30 29 3 38 14 55 1 48 8 61 23 32 16 25 
18 9 55 1 39 4 41 45 11 27 28 29 16 63 35 34 5 6 7 17 57 19 48 59 60 23 30 2 32 49 50 51 37 38 3 54 53 13 20 21 22 40 61 26 25 64 43 44 10 52 12 62 56 14 15 33 42 47 46 8 58 31 36 24 
19 51 13 22 40 41 4 44 12 62 29 28 15 33 34 35 42 7 6 57 17 18 8 58 23 60 31 32 2 50 49 9 36 3 38 53 54 55 21 20 1 39 24 25 26 43 64 45 52 10 11 27 14 56 16 63 5 46 47 48 59 30 37 61 
20 52 36 39 22 5 42 61 62 11 31 30 53 38 14 56 41 17 57 7 6 21 64 25 47 46 28 50 49 2 32 10 55 33 63 16 15 37 19 18 40 1 44 59 58 8 48 24 9 51 27 12 35 34 54 3 4 23 60 43 26 29 13 45 
21 10 37 40 1 42 5 24 27 12 30 31 54 3 56 14 4 57 17 6 7 20 43 26 46 47 29 49 50 32 2 52 13 63 33 15 16 36 18 19 39 22 45 58 59 48 8 61 51 9 62 11 34 35 53 38 41 60 23 64 25 28 55 44 
22 32 38 41 42 7 6 48 51 52 12 11 55 56 16 15 57 19 18 21 20 1 60 61 26 25 62 29 28 31 30 2 63 35 34 37 36 3 40 39 4 5 64 45 44 47 46 8 50 49 9 10 54 53 13 14 17 59 58 23 24 27 33 43 
23 63 50 25 43 44 45 41 37 34 54 53 52 9 62 27 46 8 48 58 59 60 7 57 19 18 3 56 14 13 55 33 11 31 30 28 29 49 24 61 26 64 21 22 1 40 39 4 15 16 36 35 2 32 10 51 47 42 5 6 17 38 12 20 
24 16 12 43 26 46 47 21 35 37 38 3 29 31 32 2 45 58 59 48 8 61 40 1 42 5 54 55 13 56 14 15 50 51 9 52 10 11 60 23 64 25 4 57 17 6 7 20 63 33 34 36 62 27 28 30 44 18 19 39 22 53 49 41 
25 56 30 44 46 8 48 6 63 15 37 36 49 32 10 52 58 23 60 24 61 26 18 20 1 22 34 54 53 3 38 14 51 27 62 12 11 31 43 64 45 47 39 4 41 5 42 7 13 55 33 16 29 28 50 2 59 17 57 19 21 35 9 40 
26 14 31 45 47 48 8 7 33 16 36 37 50 2 52 10 59 60 23 61 24 25 19 21 22 1 35 53 54 38 3 56 9 62 27 11 12 30 64 43 44 46 40 41 4 42 5 6 55 13 63 15 28 29 49 32 58 57 17 18 20 34 51 39 
27 39 59 30 29 49 50 63 5 41 17 57 61 23 64 43 32 10 52 51 9 62 37 34 54 53 7 20 21 19 18 40 25 47 46 44 45 58 12 11 31 28 3 56 14 13 55 33 22 1 42 4 8 48 24 60 2 15 16 36 35 6 26 38 
28 19 60 2 49 9 51 13 22 40 41 4 26 64 45 44 10 11 12 27 62 29 15 33 34 35 42 7 6 57 17 18 47 48 8 59 58 23 30 31 32 50 36 3 38 53 54 55 21 20 1 39 61 24 25 43 52 14 56 16 63 5 46 37 
29 18 23 32 50 51 9 55 1 39 4 41 25 43 44 45 52 12 11 62 27 28 16 63 35 34 5 6 7 17 57 19 46 8 48 58 59 60 31 30 2 49 37 38 3 54 53 13 20 21 22 40 24 61 26 64 10 56 14 15 33 42 47 36 
30 20 46 49 32 10 52 36 39 22 5 42 58 48 24 61 51 27 62 12 11 31 53 38 14 56 41 17 57 7 6 21 60 43 64 26 25 47 29 28 50 2 55 33 63 16 15 37 19 18 40 1 45 44 59 8 9 35 34 54 3 4 23 13 
31 21 47 50 2 52 10 37 40 1 42 5 59 8 61 24 9 62 27 11 12 30 54 3 56 14 4 57 17 6 7 20 23 64 43 25 26 46 28 29 49 32 13 63 33 15 16 36 18 19 39 22 44 45 58 48 51 34 35 53 38 41 60 55 
32 6 48 51 52 12 11 15 18 20 1 22 60 61 26 25 62 29 28 31 30 2 34 36 3 38 39 4 41 5 42 7 64 45 44 47 46 8 50 49 9 10 53 13 55 14 56 16 17 57 19 21 59 58 23 24 27 33 63 35 37 40 43 54 
33 44 4 36 35 53 54 62 8 58 23 60 6 17 18 19 38 14 56 55 13 63 31 28 50 49 24 25 26 43 64 45 20 1 22 39 40 41 16 15 37 34 2 52 10 9 51 27 46 47 48 59 5 42 7 57 3 11 12 30 29 61 21 32 
34 43 57 3 53 13 55 9 46 45 58 59 21 18 40 39 14 15 16 33 63 35 11 27 28 29 48 24 61 60 23 64 1 42 5 4 41 17 36 37 38 54 30 2 32 49 50 51 26 25 47 44 6 7 20 19 56 10 52 12 62 8 22 31 
35 64 17 38 54 55 13 51 47 44 59 58 20 19 39 40 56 16 15 63 33 34 12 62 29 28 8 61 24 23 60 43 22 5 42 41 4 57 37 36 3 53 31 32 2 50 49 9 25 26 46 45 7 6 21 18 14 52 10 11 27 48 1 30 
36 25 22 53 38 14 56 30 44 46 8 48 41 42 7 6 55 33 63 16 15 37 49 32 10 52 58 23 60 24 61 26 57 19 18 21 20 1 35 34 54 3 51 27 62 12 11 31 43 64 45 47 40 39 4 5 13 29 28 50 2 59 17 9 
37 26 1 54 3 56 14 31 45 47 48 8 4 5 6 7 13 63 33 15 16 36 50 2 52 10 59 60 23 61 24 25 17 18 19 20 21 22 34 35 53 38 9 62 27 11 12 30 64 43 44 46 39 40 41 42 55 28 29 49 32 58 57 51 
38 61 42 55 56 16 15 11 64 25 47 46 57 6 21 20 63 35 34 37 36 3 28 30 2 32 44 59 58 8 48 24 18 40 39 1 22 5 54 53 13 14 49 9 51 10 52 12 23 60 43 26 4 41 17 7 33 27 62 29 31 45 19 50 
39 50 63 5 41 17 57 43 52 9 62 27 37 34 54 53 7 20 21 19 18 40 46 45 58 59 11 31 30 28 29 49 3 56 14 13 55 33 22 1 42 4 48 24 61 60 23 64 2 32 10 51 15 16 36 35 6 26 25 47 44 12 38 8 
40 49 33 42 4 57 17 64 10 51 27 62 36 35 53 54 6 21 20 18 19 39 47 44 59 58 12 30 31 29 28 50 38 14 56 55 13 63 1 22 5 41 8 61 24 23 60 43 32 2 52 9 16 15 37 34 7 25 26 46 45 11 3 48 
41 29 34 7 57 19 18 23 32 50 51 9 3 53 13 55 21 22 1 40 39 4 25 43 44 45 52 12 11 62 27 28 14 15 16 33 63 35 42 5 6 17 46 8 48 58 59 60 31 30 2 49 36 37 38 54 20 24 61 26 64 10 56 47 
42 30 56 57 6 21 20 46 49 32 10 52 63 15 37 36 18 40 39 1 22 5 58 48 24 61 51 27 62 12 11 31 34 54 53 3 38 14 4 41 17 7 60 43 64 26 25 47 29 28 50 2 13 55 33 16 19 45 44 59 8 9 35 23 
43 55 9 46 45 58 59 39 16 63 35 34 11 27 28 29 48 24 61 60 23 64 5 41 17 57 37 38 3 54 53 13 30 2 32 49 50 51 26 25 47 44 7 20 21 19 18 40 56 14 15 33 10 52 12 62 8 22 1 42 4 36 31 6 
44 54 62 8 58 23 60 19 56 13 63 33 31 28 50 49 24 25 26 43 64 45 22 40 41 4 15 37 36 34 35 53 2 52 10 9 51 27 46 47 48 59 42 7 6 57 17 18 3 38 14 55 11 12 30 29 61 21 20 1 39 16 32 5 
45 53 27 48 59 60 23 18 14 55 33 63 30 29 49 50 61 26 25 64 43 44 1 39 4 41 16 36 37 35 34 54 32 10 52 51 9 62 47 46 8 58 5 6 7 17 57 19 38 3 56 13 12 11 31 28 24 20 21 22 40 15 2 42 
46 38 32 58 48 24 61 42 55 56 16 15 51 52 12 11 60 43 64 26 25 47 57 6 21 20 63 35 34 37 36 3 62 29 28 31 30 2 45 44 59 8 18 40 39 1 22 5 54 53 13 14 50 49 9 10 23 4 41 17 7 33 27 19 
47 3 2 59 8 61 24 5 13 14 15 16 9 10 11 12 23 64 43 25 26 46 17 7 20 21 33 34 35 36 37 38 27 28 29 30 31 32 44 45 58 48 19 39 40 22 1 42 53 54 55 56 49 50 51 52 60 41 4 57 6 63 62 18 
48 36 52 60 61 26 25 22 53 38 14 56 62 11 31 30 64 45 44 47 46 8 41 42 7 6 55 33 63 16 15 37 28 50 49 2 32 10 59 58 23 24 57 19 18 21 20 1 35 34 54 3 9 51 27 12 43 40 39 4 5 13 29 17 
49 17 64 10 51 27 62 54 20 19 39 40 47 44 59 58 12 30 31 29 28 50 56 13 63 33 22 5 42 41 4 57 8 61 24 23 60 43 32 2 52 9 15 37 36 34 35 53 7 6 21 18 25 26 46 45 11 3 38 14 55 1 48 16 
50 57 43 52 9 62 27 53 21 18 40 39 46 45 58 59 11 31 30 28 29 49 14 55 33 63 1 42 5 4 41 17 48 24 61 60 23 64 2 32 10 51 16 36 37 35 34 54 6 7 20 19 26 25 47 44 12 38 3 56 13 22 8 15 
51 4 44 12 62 29 28 35 6 17 18 19 8 58 23 60 31 32 2 50 49 9 38 54 55 13 20 1 22 39 40 41 24 25 26 43 64 45 52 10 11 27 56 16 15 63 33 34 5 42 7 57 46 47 48 59 30 37 36 3 53 21 61 14 
52 42 61 62 11 31 30 56 57 6 21 20 64 25 47 46 28 50 49 2 32 10 63 15 37 36 18 40 39 1 22 5 44 59 58 8 48 24 9 51 27 12 34 54 53 3 38 14 4 41 17 7 23 60 43 26 29 13 55 33 16 19 45 35 
53 23 18 14 55 33 63 50 25 43 44 45 1 39 4 41 16 36 37 35 34 54 52 9 62 27 46 8 48 58 59 60 5 6 7 17 57 19 38 3 56 13 11 31 30 28 29 49 24 61 26 64 20 21 22 40 15 2 32 10 51 47 42 12 
54 60 19 56 13 63 33 49 26 64 45 44 22 40 41 4 15 37 36 34 35 53 10 51 27 62 47 48 8 59 58 23 42 7 6 57 17 18 3 38 14 55 12 30 31 29 28 50 61 24 25 43 21 20 1 39 16 32 2 52 9 46 5 11 
55 59 39 16 63 35 34 29 61 23 64 43 5 41 17 57 37 38 3 54 53 13 32 50 51 9 25 47 46 44 45 58 7 20 21 19 18 40 56 14 15 33 52 12 11 62 27 28 8 48 24 60 22 1 42 4 36 31 30 2 49 26 6 10 
56 48 6 63 15 37 36 52 60 61 26 25 18 20 1 22 34 54 53 3 38 14 62 11 31 30 64 45 44 47 46 8 39 4 41 5 42 7 13 55 33 16 28 50 49 2 32 10 59 58 23 24 17 57 19 21 35 9 51 27 12 43 40 29 
57 27 53 21 18 40 39 59 30 29 49 50 14 55 33 63 1 42 5 4 41 17 61 23 64 43 32 10 52 51 9 62 16 36 37 35 34 54 6 7 20 19 25 47 46 44 45 58 12 11 31 28 38 3 56 13 22 8 48 24 60 2 15 26 
58 35 28 24 60 43 64 17 38 54 55 13 2 49 9 51 26 46 47 45 44 59 20 19 39 40 56 16 15 63 33 34 10 11 12 27 62 29 48 8 61 23 22 5 42 41 4 57 37 36 3 53 30 31 32 50 25 7 6 21 18 14 52 1 
59 34 29 61 23 64 43 57 3 53 13 55 32 50 51 9 25 47 46 44 45 58 21 18 40 39 14 15 16 33 63 35 52 12 11 62 27 28 8 48 24 60 1 42 5 4 41 17 36 37 38 54 31 30 2 49 26 6 7 20 19 56 10 22 
60 33 49 26 64 45 44 4 36 35 53 54 10 51 27 62 47 48 8 59 58 23 6 17 18 19 38 14 56 55 13 63 12 30 31 29 28 50 61 24 25 43 20 1 22 39 40 41 16 15 37 34 32 2 52 9 46 5 42 7 57 3 11 21 
61 15 11 64 25 47 46 20 34 36 3 38 28 30 2 32 44 59 58 8 48 24 39 22 5 42 53 13 55 14 56 16 49 9 51 10 52 12 23 60 43 26 41 17 57 7 6 21 33 63 35 37 27 62 29 31 45 19 18 40 1 54 50 4 
62 40 58 31 28 50 49 33 42 4 57 17 24 60 43 64 2 52 10 9 51 27 36 35 53 54 6 21 20 18 19 39 26 46 47 45 44 59 11 12 30 29 38 14 56 55 13 63 1 22 5 41 48 8 61 23 32 16 15 37 34 7 25 3 
63 45 41 37 34 54 53 27 48 59 60 23 7 57 19 18 3 56 14 13 55 33 30 29 49 50 61 26 25 64 43 44 21 22 1 40 39 4 15 16 36 35 32 10 52 51 9 62 47 46 8 58 42 5 6 17 38 12 11 31 28 24 20 2 
64 13 51 47 44 59 58 40 15 33 34 35 12 62 29 28 8 61 24 23 60 43 42 4 57 17 36 3 38 53 54 55 31 32 2 50 49 9 25 26 46 45 6 21 20 18 19 39 14 56 16 63 52 10 11 27 48 1 22 5 41 37 30 7 
1
0 1 

1 4 
1 
6 
7 
22 
2 8 
1 6 
1 7 
1 22 
5 21 
6 7 
6 22 
7 22 
20 42 
3 12 
1 5 21 
1 6 7 
1 6 22 
1 7 22 
1 20 42 
5 6 21 
5 7 21 
5 21 22 
6 7 22 
6 20 42 
7 20 42 
20 22 42 
4 14 
1 5 6 21 
1 5 7 21 
1 5 21 22 
1 6 7 22 
1 6 20 42 
1 7 20 42 
1 20 22 42 
5 6 7 21 
5 6 21 22 
5 7 21 22 
5 20 21 42 
6 7 20 42 
6 20 22 42 
7 20 22 42 
5 12 
1 5 6 7 21 
1 5 6 21 22 
1 5 7 21 22 
1 5 20 21 42 
1 6 7 20 42 
1 6 20 22 42 
1 7 20 22 42 
5 6 7 21 22 
5 6 20 21 42 
5 7 20 21 42 
5 20 21 22 42 
6 7 20 22 42 
6 8 
1 5 6 7 21 22 
1 5 6 20 21 42 
1 5 7 20 21 42 
1 5 20 21 22 42 
1 6 7 20 22 42 
5 6 7 20 21 42 
5 6 20 21 22 42 
5 7 20 21 22 42 
7 4 
1 5 6 7 20 21 42 
1 5 6 20 21 22 42 
1 5 7 20 21 22 42 
5 6 7 20 21 22 42 
8 1 
1 5 6 7 20 21 22 42 
2
0 1 

1 1 

2 4 
2 12 
10 31 
11 32 
30 52 
3 1 

4 6 
2 10 12 31 
2 11 12 32 
2 12 30 52 
10 11 31 32 
10 30 31 52 
11 30 32 52 
5 1 

6 4 
2 10 11 12 31 32 
2 10 12 30 31 52 
2 11 12 30 32 52 
10 11 30 31 32 52 
7 1 

8 1 
2 10 11 12 30 31 32 52 
3
0 1 

1 1 

2 4 
3 37 
14 16 
15 56 
36 38 
3 1 

4 6 
3 14 16 37 
3 15 37 56 
3 36 37 38 
14 15 16 56 
14 16 36 38 
15 36 38 56 
5 1 

6 4 
3 14 15 16 37 56 
3 14 16 36 37 38 
3 15 36 37 38 56 
14 15 16 36 38 56 
7 1 

8 1 
3 14 15 16 36 37 38 56 
4
0 1 

1 1 

2 4 
4 18 
17 57 
19 41 
39 40 
3 1 

4 6 
4 17 18 57 
4 18 19 41 
4 18 39 40 
17 19 41 57 
17 39 40 57 
19 39 40 41 
5 1 

6 4 
4 17 18 19 41 57 
4 17 18 39 40 57 
4 18 19 39 40 41 
17 19 39 40 41 57 
7 1 

8 1 
4 17 18 19 39 40 41 57 
5
0 1 

1 8 
8 
24 
25 
26 
46 
47 
48 
61 
2 28 
8 24 
8 25 
8 26 
8 46 
8 47 
8 48 
8 61 
24 25 
24 26 
24 46 
24 47 
24 48 
24 61 
25 26 
25 46 
25 47 
25 48 
25 61 
26 46 
26 47 
26 48 
26 61 
46 47 
46 48 
46 61 
47 48 
47 61 
48 61 
3 56 
8 24 25 
8 24 26 
8 24 46 
8 24 47 
8 24 48 
8 24 61 
8 25 26 
8 25 46 
8 25 47 
8 25 48 
8 25 61 
8 26 46 
8 26 47 
8 26 48 
8 26 61 
8 46 47 
8 46 48 
8 46 61 
8 47 48 
8 47 61 
8 48 61 
24 25 26 
24 25 46 
24 25 47 
24 25 48 
24 25 61 
24 26 46 
24 26 47 
24 26 48 
24 26 61 
24 46 47 
24 46 48 
24 46 61 
24 47 48 
24 47 61 
24 48 61 
25 26 46 
25 26 47 
25 26 48 
25 26 61 
25 46 47 
25 46 48 
25 46 61 
25 47 48 
25 47 61 
25 48 61 
26 46 47 
26 46 48 
26 46 61 
26 47 48 
26 47 61 
26 48 61 
46 47 48 
46 47 61 
46 48 61 
47 48 61 
4 70 
8 24 25 26 
8 24 25 46 
8 24 25 47 
8 24 25 48 
8 24 25 61 
8 24 26 46 
8 24 26 47 
8 24 26 48 
8 24 26 61 
8 24 46 47 
8 24 46 48 
8 24 46 61 
8 24 47 48 
8 24 47 61 
8 24 48 61 
8 25 26 46 
8 25 26 47 
8 25 26 48 
8 25 26 61 
8 25 46 47 
8 25 46 48 
8 25 46 61 
8 25 47 48 
8 25 47 61 
8 25 48 61 
8 26 46 47 
8 26 46 48 
8 26 46 61 
8 26 47 48 
8 26 47 61 
8 26 48 61 
8 46 47 48 
8 46 47 61 
8 46 48 61 
8 47 48 61 
24 25 26 46 
24 25 26 47 
24 25 26 48 
24 25 26 61 
24 25 46 47 
24 25 46 48 
24 25 46 61 
24 25 47 48 
24 25 47 61 
24 25 48 61 
24 26 46 47 
24 26 46 48 
24 26 46 61 
24 26 47 48 
24 26 47 61 
24 26 48 61 
24 46 47 48 
24 46 47 61 
24 46 48 61 
24 47 48 61 
25 26 46 47 
25 26 46 48 
25 26 46 61 
25 26 47 48 
25 26 47 61 
25 26 48 61 
25 46 47 48 
25 46 47 61 
25 46 48 61 
25 47 48 61 
26 46 47 48 
26 46 47 61 
26 46 48 61 
26 47 48 61 
46 47 48 61 
5 56 
8 24 25 26 46 
8 24 25 26 47 
8 24 25 26 48 
8 24 25 26 61 
8 24 25 46 47 
8 24 25 46 48 
8 24 25 46 61 
8 24 25 47 48 
8 24 25 47 61 
8 24 25 48 61 
8 24 26 46 47 
8 24 26 46 48 
8 24 26 46 61 
8 24 26 47 48 
8 24 26 47 61 
8 24 26 48 61 
8 24 46 47 48 
8 24 46 47 61 
8 24 46 48 61 
8 24 47 48 61 
8 25 26 46 47 
8 25 26 46 48 
8 25 26 46 61 
8 25 26 47 48 
8 25 26 47 61 
8 25 26 48 61 
8 25 46 47 48 
8 25 46 47 61 
8 25 46 48 61 
8 25 47 48 61 
8 26 46 47 48 
8 26 46 47 61 
8 26 46 48 61 
8 26 47 48 61 
8 46 47 48 61 
24 25 26 46 47 
24 25 26 46 48 
24 25 26 46 61 
24 25 26 47 48 
24 25 26 47 61 
24 25 26 48 61 
24 25 46 47 48 
24 25 46 47 61 
24 25 46 48 61 
24 25 47 48 61 
24 26 46 47 48 
24 26 46 47 61 
24 26 46 48 61 
24 26 47 48 61 
24 46 47 48 61 
25 26 46 47 48 
25 26 46 47 61 
25 26 46 48 61 
25 26 47 48 61 
25 46 47 48 61 
26 46 47 48 61 
6 28 
8 24 25 26 46 47 
8 24 25 26 46 48 
8 24 25 26 46 61 
8 24 25 26 47 48 
8 24 25 26 47 61 
8 24 25 26 48 61 
8 24 25 46 47 48 
8 24 25 46 47 61 
8 24 25 46 48 61 
8 24 25 47 48 61 
8 24 26 46 47 48 
8 24 26 46 47 61 
8 24 26 46 48 61 
8 24 26 47 48 61 
8 24 46 47 48 61 
8 25 26 46 47 48 
8 25 26 46 47 61 
8 25 26 46 48 61 
8 25 26 47 48 61 
8 25 46 47 48 61 
8 26 46 47 48 61 
24 25 26 46 47 48 
24 25 26 46 47 61 
24 25 26 46 48 61 
24 25 26 47 48 61 
24 25 46 47 48 61 
24 26 46 47 48 61 
25 26 46 47 48 61 
7 8 
8 24 25 26 46 47 48 
8 24 25 26 46 47 61 
8 24 25 26 46 48 61 
8 24 25 26 47 48 61 
8 24 25 46 47 48 61 
8 24 26 46 47 48 61 
8 25 26 46 47 48 61 
24 25 26 46 47 48 61 
8 1 
8 24 25 26 46 47 48 61 
6
0 1 

1 1 

2 4 
9 29 
27 50 
28 51 
49 62 
3 1 

4 6 
9 27 29 50 
9 28 29 51 
9 29 49 62 
27 28 50 51 
27 49 50 62 
28 49 51 62 
5 1 

6 4 
9 27 28 29 50 51 
9 27 29 49 50 62 
9 28 29 49 51 62 
27 28 49 50 51 62 
7 1 

8 1 
9 27 28 29 49 50 51 62 
7
0 1 

1 1 

2 4 
13 53 
33 34 
35 63 
54 55 
3 1 

4 6 
13 33 34 53 
13 35 53 63 
13 53 54 55 
33 34 35 63 
33 34 54 55 
35 54 55 63 
5 1 

6 4 
13 33 34 35 53 63 
13 33 34 53 54 55 
13 35 53 54 55 63 
33 34 35 54 55 63 
7 1 

8 1 
13 33 34 35 53 54 55 63 
8
0 1 

1 1 

2 4 
23 45 
43 59 
44 60 
58 64 
3 1 

4 6 
23 43 45 59 
23 44 45 60 
23 45 58 64 
43 44 59 60 
43 58 59 64 
44 58 60 64 
5 1 

6 4 
23 43 44 45 59 60 
23 43 45 58 59 64 
23 44 45 58 60 64 
43 44 58 59 60 64 
7 1 

8 1 
23 43 44 45 58 59 60 64 
