//Table for grp 103:
57
0 0 2 2 4 4 2 4 
0 0 2 4 4 2 4 2 
0 0 4 2 2 4 4 2 
0 0 4 4 2 2 2 4 
0 2 0 2 4 2 4 4 
0 2 0 4 4 4 2 2 
0 2 2 0 2 4 4 4 
0 2 2 2 2 2 2 6 
0 2 2 2 2 2 6 2 
0 2 2 2 2 6 2 2 
0 2 2 2 6 2 2 2 
0 2 2 4 2 0 4 4 
0 2 2 4 2 4 0 4 
0 2 2 4 2 4 4 0 
0 2 2 6 2 2 2 2 
0 2 4 0 4 4 2 2 
0 2 4 2 0 2 4 4 
0 2 4 2 4 2 0 4 
0 2 4 2 4 2 4 0 
0 2 4 4 0 4 2 2 
0 2 4 4 4 0 2 2 
0 2 6 2 2 2 2 2 
0 4 0 2 2 4 4 2 
0 4 0 4 2 2 2 4 
0 4 2 0 4 2 4 2 
0 4 2 2 0 4 2 4 
0 4 2 2 4 0 2 4 
0 4 2 2 4 4 2 0 
0 4 2 4 0 2 4 2 
0 4 2 4 4 2 0 2 
0 4 4 0 2 2 2 4 
0 4 4 2 2 0 4 2 
0 4 4 2 2 4 0 2 
0 4 4 4 2 2 2 0 
0 6 2 2 2 2 2 2 
2 0 2 2 2 2 4 4 
2 0 2 4 2 4 2 2 
2 0 4 2 4 2 2 2 
2 2 0 2 2 4 2 4 
2 2 0 4 2 2 4 2 
2 2 2 0 4 2 2 4 
2 2 2 2 0 4 4 2 
2 2 2 2 4 0 4 2 
2 2 2 2 4 4 0 2 
2 2 2 4 0 2 2 4 
2 2 2 4 4 2 2 0 
2 2 4 0 2 2 4 2 
2 2 4 2 2 0 2 4 
2 2 4 2 2 4 2 0 
2 2 4 4 2 2 0 2 
2 4 0 2 4 2 2 2 
2 4 2 0 2 4 2 2 
2 4 2 2 2 2 0 4 
2 4 2 2 2 2 4 0 
2 4 2 4 2 0 2 2 
2 4 4 2 0 2 2 2 
4 2 2 2 2 2 2 2 
1 2 3 4 5 6 7 8 9 10 11 12 13 14 15 16 17 18 19 20 21 22 23 24 25 26 27 28 29 30 31 32 33 34 35 36 37 38 39 40 41 42 43 44 45 46 47 48 49 50 51 52 53 54 55 56 57 58 59 60 61 62 63 64 
2 6 8 9 10 11 12 15 18 20 7 22 23 24 25 26 27 28 29 30 31 32 34 36 16 38 39 19 41 21 42 1 43 44 45 46 47 48 49 50 51 52 53 35 55 37 56 3 40 57 4 5 58 59 60 61 62 54 63 13 14 17 64 33 
3 24 5 13 14 15 16 2 43 8 46 47 17 1 20 21 33 34 35 36 37 38 9 10 11 12 23 58 59 25 26 61 4 39 40 6 7 42 53 54 55 56 27 28 29 30 31 32 44 45 64 48 18 19 57 22 63 49 50 51 52 60 41 62 
4 9 13 1 17 18 19 23 2 27 28 29 3 33 34 35 5 6 7 39 40 41 8 43 44 45 10 11 12 49 50 51 14 15 16 53 54 55 20 21 22 57 24 25 26 58 59 60 30 31 32 62 36 37 38 63 42 46 47 48 64 52 56 61 
5 10 14 17 1 20 21 24 27 2 30 31 33 3 36 37 4 39 40 6 7 42 43 8 46 47 9 49 50 11 12 52 13 53 54 15 16 56 18 19 57 22 23 58 59 25 26 61 28 29 62 32 34 35 63 38 41 44 45 64 48 51 55 60 
6 11 15 18 20 7 22 25 28 30 12 32 34 36 16 38 39 19 41 21 42 1 44 46 26 48 49 29 51 31 52 2 53 35 55 37 56 3 40 57 4 5 58 45 60 47 61 8 50 62 9 10 54 63 13 14 17 59 64 23 24 27 33 43 
7 12 16 19 21 22 1 26 29 31 32 2 35 37 38 3 40 41 4 42 5 6 45 47 48 8 50 51 9 52 10 11 54 55 13 56 14 15 57 17 18 20 59 60 23 61 24 25 62 27 28 30 63 33 34 36 39 64 43 44 46 49 53 58 
8 36 10 23 24 25 26 6 53 15 37 56 27 2 30 31 43 44 45 46 47 48 18 20 7 22 34 54 63 16 38 14 9 49 50 11 12 52 58 59 60 61 39 19 41 21 42 1 35 55 33 3 28 29 62 32 64 40 57 4 5 13 51 17 
9 18 23 2 27 28 29 34 6 39 19 41 8 43 44 45 10 11 12 49 50 51 15 53 35 55 20 7 22 40 57 4 24 25 26 58 59 60 30 31 32 62 36 16 38 54 63 13 21 42 1 17 46 47 48 64 52 37 56 3 33 5 61 14 
10 20 24 27 2 30 31 36 39 6 21 42 43 8 46 47 9 49 50 11 12 52 53 15 37 56 18 40 57 7 22 5 23 58 59 25 26 61 28 29 62 32 34 54 63 16 38 14 19 41 17 1 44 45 64 48 51 35 55 33 3 4 60 13 
11 7 25 28 30 12 32 16 19 21 22 1 44 46 26 48 49 29 51 31 52 2 35 37 38 3 40 41 4 42 5 6 58 45 60 47 61 8 50 62 9 10 54 55 13 56 14 15 57 17 18 20 59 64 23 24 27 63 33 34 36 39 43 53 
12 22 26 29 31 32 2 38 41 42 1 6 45 47 48 8 50 51 9 52 10 11 55 56 3 15 57 4 18 5 20 7 59 60 23 61 24 25 62 27 28 30 63 13 34 14 36 16 17 39 19 21 64 43 44 46 49 33 53 35 37 40 58 54 
13 43 17 3 33 34 35 9 24 23 58 59 5 4 39 40 14 15 16 53 54 55 2 27 28 29 8 46 47 44 45 64 1 20 21 18 19 57 36 37 38 63 10 11 12 49 50 51 25 26 61 60 6 7 42 41 56 30 31 32 62 48 22 52 
14 8 1 33 3 36 37 10 23 24 25 26 4 5 6 7 13 53 54 15 16 56 27 2 30 31 43 44 45 46 47 48 17 18 19 20 21 22 34 35 63 38 9 49 50 11 12 52 58 59 60 61 39 40 41 42 55 28 29 62 32 64 57 51 
15 46 20 34 36 16 38 11 58 25 47 61 39 6 21 42 53 35 55 37 56 3 28 30 12 32 44 59 64 26 48 24 18 40 57 7 22 5 54 63 13 14 49 29 51 31 52 2 45 60 43 8 19 41 17 1 33 50 62 9 10 23 4 27 
16 47 21 35 37 38 3 12 59 26 61 24 40 7 42 5 54 55 13 56 14 15 29 31 32 2 45 64 43 48 8 46 19 57 17 22 1 20 63 33 34 36 50 51 9 52 10 11 60 23 58 25 41 4 39 6 53 62 27 28 30 44 18 49 
17 27 33 5 4 39 40 43 10 9 49 50 14 13 53 54 1 20 21 18 19 57 24 23 58 59 2 30 31 28 29 62 3 36 37 34 35 63 6 7 42 41 8 46 47 44 45 64 11 12 52 51 15 16 56 55 22 25 26 61 60 32 38 48 
18 28 34 6 39 19 41 44 11 49 29 51 15 53 35 55 20 7 22 40 57 4 25 58 45 60 30 12 32 50 62 9 36 16 38 54 63 13 21 42 1 17 46 26 48 59 64 23 31 52 2 27 37 56 3 33 5 47 61 8 43 10 14 24 
19 29 35 7 40 41 4 45 12 50 51 9 16 54 55 13 21 22 1 57 17 18 26 59 60 23 31 32 2 62 27 28 37 38 3 63 33 34 42 5 6 39 47 48 8 64 43 44 52 10 11 49 56 14 15 53 20 61 24 25 58 30 36 46 
20 30 36 39 6 21 42 46 49 11 31 52 53 15 37 56 18 40 57 7 22 5 58 25 47 61 28 50 62 12 32 10 34 54 63 16 38 14 19 41 17 1 44 59 64 26 48 24 29 51 27 2 35 55 33 3 4 45 60 43 8 9 13 23 
21 31 37 40 7 42 5 47 50 12 52 10 54 16 56 14 19 57 17 22 1 20 59 26 61 24 29 62 27 32 2 30 35 63 33 38 3 36 41 4 39 6 45 64 43 48 8 46 51 9 49 11 55 13 53 15 18 60 23 58 25 28 34 44 
22 32 38 41 42 1 6 48 51 52 2 11 55 56 3 15 57 4 18 5 20 7 60 61 8 25 62 9 28 10 30 12 63 13 34 14 36 16 17 39 19 21 64 23 44 24 46 26 27 49 29 31 33 53 35 37 40 43 58 45 47 50 54 59 
23 53 27 8 43 44 45 18 36 34 54 63 10 9 49 50 24 25 26 58 59 60 6 39 19 41 15 37 56 35 55 33 2 30 31 28 29 62 46 47 48 64 20 7 22 40 57 4 16 38 14 13 11 12 52 51 61 21 42 1 17 3 32 5 
24 15 2 43 8 46 47 20 34 36 16 38 9 10 11 12 23 58 59 25 26 61 39 6 21 42 53 35 55 37 56 3 27 28 29 30 31 32 44 45 64 48 18 40 57 7 22 5 54 63 13 14 49 50 51 52 60 19 41 17 1 33 62 4 
25 37 30 44 46 26 48 7 54 16 56 14 49 11 31 52 58 45 60 47 61 8 19 21 22 1 35 63 33 38 3 36 28 50 62 12 32 10 59 64 23 24 40 41 4 42 5 6 55 13 53 15 29 51 27 2 43 57 17 18 20 34 9 39 
26 56 31 45 47 48 8 22 63 38 14 36 50 12 52 10 59 60 23 61 24 25 41 42 1 6 55 33 53 3 15 37 29 62 27 32 2 30 64 43 44 46 57 4 18 5 20 7 13 34 54 16 51 9 49 11 58 17 39 19 21 35 28 40 
27 39 43 10 9 49 50 53 20 18 40 57 24 23 58 59 2 30 31 28 29 62 36 34 54 63 6 21 42 19 41 17 8 46 47 44 45 64 11 12 52 51 15 37 56 35 55 33 7 22 5 4 25 26 61 60 32 16 38 14 13 1 48 3 
28 19 44 11 49 29 51 35 7 40 41 4 25 58 45 60 30 12 32 50 62 9 16 54 55 13 21 22 1 57 17 18 46 26 48 59 64 23 31 52 2 27 37 38 3 63 33 34 42 5 6 39 47 61 8 43 10 56 14 15 53 20 24 36 
29 41 45 12 50 51 9 55 22 57 4 18 26 59 60 23 31 32 2 62 27 28 38 63 13 34 42 1 6 17 39 19 47 48 8 64 43 44 52 10 11 49 56 3 15 33 53 35 5 20 7 40 61 24 25 58 30 14 36 16 54 21 46 37 
30 21 46 49 11 31 52 37 40 7 42 5 58 25 47 61 28 50 62 12 32 10 54 16 56 14 19 57 17 22 1 20 44 59 64 26 48 24 29 51 27 2 35 63 33 38 3 36 41 4 39 6 45 60 43 8 9 55 13 53 15 18 23 34 
31 42 47 50 12 52 10 56 57 22 5 20 59 26 61 24 29 62 27 32 2 30 63 38 14 36 41 17 39 1 6 21 45 64 43 48 8 46 51 9 49 11 55 33 53 3 15 37 4 18 40 7 60 23 58 25 28 13 34 54 16 19 44 35 
32 1 48 51 52 2 11 3 4 5 6 7 60 61 8 25 62 9 28 10 30 12 13 14 15 16 17 18 19 20 21 22 64 23 44 24 46 26 27 49 29 31 33 34 35 36 37 38 39 40 41 42 43 58 45 47 50 53 54 55 56 57 59 63 
33 23 4 14 13 53 54 27 8 43 44 45 1 17 18 19 3 36 37 34 35 63 10 9 49 50 24 25 26 58 59 60 5 6 7 39 40 41 15 16 56 55 2 30 31 28 29 62 46 47 48 64 20 21 22 57 38 11 12 52 51 61 42 32 
34 58 39 15 53 35 55 28 46 44 59 64 20 18 40 57 36 16 38 54 63 13 11 49 29 51 25 47 61 45 60 43 6 21 42 19 41 17 37 56 3 33 30 12 32 50 62 9 26 48 24 23 7 22 5 4 14 31 52 2 27 8 1 10 
35 59 40 16 54 55 13 29 47 45 64 43 21 19 57 17 37 38 3 63 33 34 12 50 51 9 26 61 24 60 23 58 7 42 5 41 4 39 56 14 15 53 31 32 2 62 27 28 48 8 46 44 22 1 20 18 36 52 10 11 49 25 6 30 
36 25 6 53 15 37 56 30 44 46 26 48 18 20 7 22 34 54 63 16 38 14 49 11 31 52 58 45 60 47 61 8 39 19 41 21 42 1 35 55 33 3 28 50 62 12 32 10 59 64 23 24 40 57 4 5 13 29 51 27 2 43 17 9 
37 26 7 54 16 56 14 31 45 47 48 8 19 21 22 1 35 63 33 38 3 36 50 12 52 10 59 60 23 61 24 25 40 41 4 42 5 6 55 13 53 15 29 62 27 32 2 30 64 43 44 46 57 17 18 20 34 51 9 49 11 58 39 28 
38 61 42 55 56 3 15 32 64 48 24 46 57 22 5 20 63 13 34 14 36 16 51 52 2 11 60 43 58 8 25 47 41 17 39 1 6 21 33 53 35 37 62 9 28 10 30 12 23 44 59 26 4 18 40 7 54 27 49 29 31 45 19 50 
39 49 53 20 18 40 57 58 30 28 50 62 36 34 54 63 6 21 42 19 41 17 46 44 59 64 11 31 52 29 51 27 15 37 56 35 55 33 7 22 5 4 25 47 61 45 60 43 12 32 10 9 16 38 14 13 1 26 48 24 23 2 3 8 
40 50 54 21 19 57 17 59 31 29 62 27 37 35 63 33 7 42 5 41 4 39 47 45 64 43 12 52 10 51 9 49 16 56 14 55 13 53 22 1 20 18 26 61 24 60 23 58 32 2 30 28 38 3 36 34 6 48 8 46 44 11 15 25 
41 51 55 22 57 4 18 60 32 62 9 28 38 63 13 34 42 1 6 17 39 19 48 64 23 44 52 2 11 27 49 29 56 3 15 33 53 35 5 20 7 40 61 8 25 43 58 45 10 30 12 50 14 36 16 54 21 24 46 26 59 31 37 47 
42 52 56 57 22 5 20 61 62 32 10 30 63 38 14 36 41 17 39 1 6 21 64 48 24 46 51 27 49 2 11 31 55 33 53 3 15 37 4 18 40 7 60 43 58 8 25 47 9 28 50 12 13 34 54 16 19 23 44 59 26 29 35 45 
43 34 9 24 23 58 59 39 15 53 35 55 2 27 28 29 8 46 47 44 45 64 20 18 40 57 36 16 38 54 63 13 10 11 12 49 50 51 25 26 61 60 6 21 42 19 41 17 37 56 3 33 30 31 32 62 48 7 22 5 4 14 52 1 
44 54 49 25 58 45 60 19 37 35 63 33 30 28 50 62 46 26 48 59 64 23 7 40 41 4 16 56 14 55 13 53 11 31 52 29 51 27 47 61 8 43 21 22 1 57 17 18 38 3 36 34 12 32 10 9 24 42 5 6 39 15 2 20 
45 63 50 26 59 60 23 41 56 55 33 53 31 29 62 27 47 48 8 64 43 44 22 57 4 18 38 14 36 13 34 54 12 52 10 51 9 49 61 24 25 58 42 1 6 17 39 19 3 15 37 35 32 2 30 28 46 5 20 7 40 16 11 21 
46 16 11 58 25 47 61 21 35 37 38 3 28 30 12 32 44 59 64 26 48 24 40 7 42 5 54 55 13 56 14 15 49 29 51 31 52 2 45 60 43 8 19 57 17 22 1 20 63 33 34 36 50 62 9 10 23 41 4 39 6 53 27 18 
47 38 12 59 26 61 24 42 55 56 3 15 29 31 32 2 45 64 43 48 8 46 57 22 5 20 63 13 34 14 36 16 50 51 9 52 10 11 60 23 58 25 41 17 39 1 6 21 33 53 35 37 62 27 28 30 44 4 18 40 7 54 49 19 
48 14 52 60 61 8 25 1 33 3 36 37 62 32 10 30 64 23 44 24 46 26 4 5 6 7 13 53 54 15 16 56 51 27 49 2 11 31 43 58 45 47 17 18 19 20 21 22 34 35 63 38 9 28 50 12 59 39 40 41 42 55 29 57 
49 40 58 30 28 50 62 54 21 19 57 17 46 44 59 64 11 31 52 29 51 27 37 35 63 33 7 42 5 41 4 39 25 47 61 45 60 43 12 32 10 9 16 56 14 55 13 53 22 1 20 18 26 48 24 23 2 38 3 36 34 6 8 15 
50 57 59 31 29 62 27 63 42 41 17 39 47 45 64 43 12 52 10 51 9 49 56 55 33 53 22 5 20 4 18 40 26 61 24 60 23 58 32 2 30 28 38 14 36 13 34 54 1 6 21 19 48 8 46 44 11 3 15 37 35 7 25 16 
51 4 60 32 62 9 28 13 1 17 18 19 48 64 23 44 52 2 11 27 49 29 3 33 34 35 5 6 7 39 40 41 61 8 25 43 58 45 10 30 12 50 14 15 16 53 54 55 20 21 22 57 24 46 26 59 31 36 37 38 63 42 47 56 
52 5 61 62 32 10 30 14 17 1 20 21 64 48 24 46 51 27 49 2 11 31 33 3 36 37 4 39 40 6 7 42 60 43 58 8 25 47 9 28 50 12 13 53 54 15 16 56 18 19 57 22 23 44 59 26 29 34 35 63 38 41 45 55 
53 44 18 36 34 54 63 49 25 58 45 60 6 39 19 41 15 37 56 35 55 33 30 28 50 62 46 26 48 59 64 23 20 7 22 40 57 4 16 38 14 13 11 31 52 29 51 27 47 61 8 43 21 42 1 17 3 12 32 10 9 24 5 2 
54 45 19 37 35 63 33 50 26 59 60 23 7 40 41 4 16 56 14 55 13 53 31 29 62 27 47 48 8 64 43 44 21 22 1 57 17 18 38 3 36 34 12 52 10 51 9 49 61 24 25 58 42 5 6 39 15 32 2 30 28 46 20 11 
55 64 57 38 63 13 34 51 61 60 43 58 42 41 17 39 56 3 15 33 53 35 32 62 9 28 48 24 46 23 44 59 22 5 20 4 18 40 14 36 16 54 52 2 11 27 49 29 8 25 47 45 1 6 21 19 37 10 30 12 50 26 7 31 
56 48 22 63 38 14 36 52 60 61 8 25 41 42 1 6 55 33 53 3 15 37 62 32 10 30 64 23 44 24 46 26 57 4 18 5 20 7 13 34 54 16 51 27 49 2 11 31 43 58 45 47 17 39 19 21 35 9 28 50 12 59 40 29 
57 62 63 42 41 17 39 64 52 51 27 49 56 55 33 53 22 5 20 4 18 40 61 60 43 58 32 10 30 9 28 50 38 14 36 13 34 54 1 6 21 19 48 24 46 23 44 59 2 11 31 29 3 15 37 35 7 8 25 47 45 12 16 26 
58 35 28 46 44 59 64 40 16 54 55 13 11 49 29 51 25 47 61 45 60 43 21 19 57 17 37 38 3 63 33 34 30 12 32 50 62 9 26 48 24 23 7 42 5 41 4 39 56 14 15 53 31 52 2 27 8 22 1 20 18 36 10 6 
59 55 29 47 45 64 43 57 38 63 13 34 12 50 51 9 26 61 24 60 23 58 42 41 17 39 56 3 15 33 53 35 31 32 2 62 27 28 48 8 46 44 22 5 20 4 18 40 14 36 16 54 52 10 11 49 25 1 6 21 19 37 30 7 
60 33 62 48 64 23 44 4 14 13 53 54 52 51 27 49 61 8 25 43 58 45 1 17 18 19 3 36 37 34 35 63 32 10 30 9 28 50 24 46 26 59 5 6 7 39 40 41 15 16 56 55 2 11 31 29 47 20 21 22 57 38 12 42 
61 3 32 64 48 24 46 5 13 14 15 16 51 52 2 11 60 43 58 8 25 47 17 1 20 21 33 34 35 36 37 38 62 9 28 10 30 12 23 44 59 26 4 39 40 6 7 42 53 54 55 56 27 49 29 31 45 18 19 57 22 63 50 41 
62 17 64 52 51 27 49 33 5 4 39 40 61 60 43 58 32 10 30 9 28 50 14 13 53 54 1 20 21 18 19 57 48 24 46 23 44 59 2 11 31 29 3 36 37 34 35 63 6 7 42 41 8 25 47 45 12 15 16 56 55 22 26 38 
63 60 41 56 55 33 53 62 48 64 23 44 22 57 4 18 38 14 36 13 34 54 52 51 27 49 61 8 25 43 58 45 42 1 6 17 39 19 3 15 37 35 32 10 30 9 28 50 24 46 26 59 5 20 7 40 16 2 11 31 29 47 21 12 
64 13 51 61 60 43 58 17 3 33 34 35 32 62 9 28 48 24 46 23 44 59 5 4 39 40 14 15 16 53 54 55 52 2 11 27 49 29 8 25 47 45 1 20 21 18 19 57 36 37 38 63 10 30 12 50 26 6 7 42 41 56 31 22 
1
0 1 

1 4 
1 
5 
7 
21 
2 8 
1 5 
1 7 
1 21 
5 7 
5 21 
6 22 
7 21 
20 42 
3 12 
1 5 7 
1 5 21 
1 6 22 
1 7 21 
1 20 42 
5 6 22 
5 7 21 
5 20 42 
6 7 22 
6 21 22 
7 20 42 
20 21 42 
4 14 
1 5 6 22 
1 5 7 21 
1 5 20 42 
1 6 7 22 
1 6 21 22 
1 7 20 42 
1 20 21 42 
5 6 7 22 
5 6 21 22 
5 7 20 42 
5 20 21 42 
6 7 21 22 
6 20 22 42 
7 20 21 42 
5 12 
1 5 6 7 22 
1 5 6 21 22 
1 5 7 20 42 
1 5 20 21 42 
1 6 7 21 22 
1 6 20 22 42 
1 7 20 21 42 
5 6 7 21 22 
5 6 20 22 42 
5 7 20 21 42 
6 7 20 22 42 
6 20 21 22 42 
6 8 
1 5 6 7 21 22 
1 5 6 20 22 42 
1 5 7 20 21 42 
1 6 7 20 22 42 
1 6 20 21 22 42 
5 6 7 20 22 42 
5 6 20 21 22 42 
6 7 20 21 22 42 
7 4 
1 5 6 7 20 22 42 
1 5 6 20 21 22 42 
1 6 7 20 21 22 42 
5 6 7 20 21 22 42 
8 1 
1 5 6 7 20 21 22 42 
2
0 1 

1 1 

2 4 
2 32 
10 52 
11 12 
30 31 
3 1 

4 6 
2 10 32 52 
2 11 12 32 
2 30 31 32 
10 11 12 52 
10 30 31 52 
11 12 30 31 
5 1 

6 4 
2 10 11 12 32 52 
2 10 30 31 32 52 
2 11 12 30 31 32 
10 11 12 30 31 52 
7 1 

8 1 
2 10 11 12 30 31 32 52 
3
0 1 

1 1 

2 4 
3 14 
15 56 
16 37 
36 38 
3 1 

4 6 
3 14 15 56 
3 14 16 37 
3 14 36 38 
15 16 37 56 
15 36 38 56 
16 36 37 38 
5 1 

6 4 
3 14 15 16 37 56 
3 14 15 36 38 56 
3 14 16 36 37 38 
15 16 36 37 38 56 
7 1 

8 1 
3 14 15 16 36 37 38 56 
4
0 1 

1 4 
4 
17 
19 
40 
2 8 
4 17 
4 19 
4 40 
17 19 
17 40 
18 41 
19 40 
39 57 
3 12 
4 17 19 
4 17 40 
4 18 41 
4 19 40 
4 39 57 
17 18 41 
17 19 40 
17 39 57 
18 19 41 
18 40 41 
19 39 57 
39 40 57 
4 14 
4 17 18 41 
4 17 19 40 
4 17 39 57 
4 18 19 41 
4 18 40 41 
4 19 39 57 
4 39 40 57 
17 18 19 41 
17 18 40 41 
17 19 39 57 
17 39 40 57 
18 19 40 41 
18 39 41 57 
19 39 40 57 
5 12 
4 17 18 19 41 
4 17 18 40 41 
4 17 19 39 57 
4 17 39 40 57 
4 18 19 40 41 
4 18 39 41 57 
4 19 39 40 57 
17 18 19 40 41 
17 18 39 41 57 
17 19 39 40 57 
18 19 39 41 57 
18 39 40 41 57 
6 8 
4 17 18 19 40 41 
4 17 18 39 41 57 
4 17 19 39 40 57 
4 18 19 39 41 57 
4 18 39 40 41 57 
17 18 19 39 41 57 
17 18 39 40 41 57 
18 19 39 40 41 57 
7 4 
4 17 18 19 39 41 57 
4 17 18 39 40 41 57 
4 18 19 39 40 41 57 
17 18 19 39 40 41 57 
8 1 
4 17 18 19 39 40 41 57 
5
0 1 

1 1 

2 4 
8 48 
24 61 
25 26 
46 47 
3 1 

4 6 
8 24 48 61 
8 25 26 48 
8 46 47 48 
24 25 26 61 
24 46 47 61 
25 26 46 47 
5 1 

6 4 
8 24 25 26 48 61 
8 24 46 47 48 61 
8 25 26 46 47 48 
24 25 26 46 47 61 
7 1 

8 1 
8 24 25 26 46 47 48 61 
6
0 1 

1 1 

2 4 
9 51 
27 62 
28 29 
49 50 
3 1 

4 6 
9 27 51 62 
9 28 29 51 
9 49 50 51 
27 28 29 62 
27 49 50 62 
28 29 49 50 
5 1 

6 4 
9 27 28 29 51 62 
9 27 49 50 51 62 
9 28 29 49 50 51 
27 28 29 49 50 62 
7 1 

8 1 
9 27 28 29 49 50 51 62 
7
0 1 

1 1 

2 4 
13 33 
34 63 
35 54 
53 55 
3 1 

4 6 
13 33 34 63 
13 33 35 54 
13 33 53 55 
34 35 54 63 
34 53 55 63 
35 53 54 55 
5 1 

6 4 
13 33 34 35 54 63 
13 33 34 53 55 63 
13 33 35 53 54 55 
34 35 53 54 55 63 
7 1 

8 1 
13 33 34 35 53 54 55 63 
8
0 1 

1 1 

2 4 
23 60 
43 64 
44 45 
58 59 
3 1 

4 6 
23 43 60 64 
23 44 45 60 
23 58 59 60 
43 44 45 64 
43 58 59 64 
44 45 58 59 
5 1 

6 4 
23 43 44 45 60 64 
23 43 58 59 60 64 
23 44 45 58 59 60 
43 44 45 58 59 64 
7 1 

8 1 
23 43 44 45 58 59 60 64 
