//Table for grp 82:
57
0 0 2 2 4 4 2 4 
0 0 2 4 4 2 4 2 
0 0 4 2 2 4 4 2 
0 0 4 4 2 2 2 4 
0 2 0 2 4 2 4 4 
0 2 0 4 4 4 2 2 
0 2 2 0 2 4 4 4 
0 2 2 2 2 2 2 6 
0 2 2 2 2 2 6 2 
0 2 2 2 2 6 2 2 
0 2 2 2 6 2 2 2 
0 2 2 4 2 0 4 4 
0 2 2 4 2 4 0 4 
0 2 2 4 2 4 4 0 
0 2 2 6 2 2 2 2 
0 2 4 0 4 4 2 2 
0 2 4 2 0 2 4 4 
0 2 4 2 4 2 0 4 
0 2 4 2 4 2 4 0 
0 2 4 4 0 4 2 2 
0 2 4 4 4 0 2 2 
0 2 6 2 2 2 2 2 
0 4 0 2 2 4 4 2 
0 4 0 4 2 2 2 4 
0 4 2 0 4 2 4 2 
0 4 2 2 0 4 2 4 
0 4 2 2 4 0 2 4 
0 4 2 2 4 4 2 0 
0 4 2 4 0 2 4 2 
0 4 2 4 4 2 0 2 
0 4 4 0 2 2 2 4 
0 4 4 2 2 0 4 2 
0 4 4 2 2 4 0 2 
0 4 4 4 2 2 2 0 
0 6 2 2 2 2 2 2 
2 0 2 2 2 2 4 4 
2 0 2 4 2 4 2 2 
2 0 4 2 4 2 2 2 
2 2 0 2 2 4 2 4 
2 2 0 4 2 2 4 2 
2 2 2 0 4 2 2 4 
2 2 2 2 0 4 4 2 
2 2 2 2 4 0 4 2 
2 2 2 2 4 4 0 2 
2 2 2 4 0 2 2 4 
2 2 2 4 4 2 2 0 
2 2 4 0 2 2 4 2 
2 2 4 2 2 0 2 4 
2 2 4 2 2 4 2 0 
2 2 4 4 2 2 0 2 
2 4 0 2 4 2 2 2 
2 4 2 0 2 4 2 2 
2 4 2 2 2 2 0 4 
2 4 2 2 2 2 4 0 
2 4 2 4 2 0 2 2 
2 4 4 2 0 2 2 2 
4 2 2 2 2 2 2 2 
1 2 3 4 5 6 7 8 9 10 11 12 13 14 15 16 17 18 19 20 21 22 23 24 25 26 27 28 29 30 31 32 33 34 35 36 37 38 39 40 41 42 43 44 45 46 47 48 49 50 51 52 53 54 55 56 57 58 59 60 61 62 63 64 
2 42 8 9 10 11 12 56 57 22 21 20 23 24 25 26 27 28 29 30 31 32 63 38 37 36 41 40 39 7 6 5 43 44 45 46 47 48 49 50 51 52 55 54 53 16 15 14 19 18 17 1 58 59 60 61 62 35 34 33 3 4 64 13 
3 24 20 13 14 15 16 11 43 8 46 47 39 6 5 42 33 34 35 36 37 38 28 30 2 32 23 58 59 25 26 61 18 17 57 1 22 21 53 54 55 56 49 9 51 10 52 12 44 45 64 48 4 41 40 7 63 27 62 29 31 60 19 50 
4 28 35 5 17 18 19 60 30 49 9 51 37 54 55 13 1 20 21 39 40 41 61 64 45 44 11 10 52 27 62 29 16 56 14 63 33 34 6 7 42 57 48 47 46 59 58 23 2 32 31 50 38 3 36 53 22 26 25 24 43 12 15 8 
5 10 14 17 1 20 21 24 27 2 30 31 33 3 36 37 4 39 40 6 7 42 43 8 46 47 9 49 50 11 12 52 13 53 54 15 16 56 18 19 57 22 23 58 59 25 26 61 28 29 62 32 34 35 63 38 41 44 45 64 48 51 55 60 
6 11 15 18 20 1 22 25 28 30 2 32 34 36 3 38 39 4 41 5 42 7 44 46 8 48 49 9 51 10 52 12 53 13 55 14 56 16 17 57 19 21 58 23 60 24 61 26 27 62 29 31 33 63 35 37 40 43 64 45 47 50 54 59 
7 12 16 19 21 22 1 26 29 31 32 2 35 37 38 3 40 41 4 42 5 6 45 47 48 8 50 51 9 52 10 11 54 55 13 56 14 15 57 17 18 20 59 60 23 61 24 25 62 27 28 30 63 33 34 36 39 64 43 44 46 49 53 58 
8 38 30 23 24 25 26 21 55 56 16 15 49 11 10 52 43 44 45 46 47 48 40 7 42 5 63 35 34 37 36 3 28 27 62 2 32 31 58 59 60 61 19 57 17 22 1 20 54 53 13 14 9 51 50 12 64 41 4 39 6 33 29 18 
9 40 45 10 27 28 29 33 7 19 57 17 47 59 60 23 2 30 31 49 50 51 3 13 53 54 21 22 1 41 4 39 26 61 24 64 43 44 11 12 52 62 14 15 16 34 35 63 42 5 6 18 48 8 46 58 32 36 37 38 55 20 25 56 
10 22 24 27 2 30 31 38 41 42 7 6 43 8 46 47 9 49 50 11 12 52 55 56 16 15 57 19 18 21 20 1 23 58 59 25 26 61 28 29 62 32 63 35 34 37 36 3 40 39 4 5 44 45 64 48 51 54 53 13 14 17 60 33 
11 21 25 28 30 2 32 37 40 7 42 5 44 46 8 48 49 9 51 10 52 12 54 16 56 14 19 57 17 22 1 20 58 23 60 24 61 26 27 62 29 31 35 63 33 38 3 36 41 4 39 6 43 64 45 47 50 55 13 53 15 18 59 34 
12 20 26 29 31 32 2 36 39 6 5 42 45 47 48 8 50 51 9 52 10 11 53 15 14 56 18 17 57 1 22 21 59 60 23 61 24 25 62 27 28 30 34 33 63 3 38 37 4 41 40 7 64 43 44 46 49 13 55 54 16 19 58 35 
13 58 57 14 33 34 35 29 25 44 43 64 22 41 40 39 3 36 37 53 54 55 31 50 51 9 46 8 48 23 60 59 42 7 6 19 18 17 15 16 56 63 12 52 10 62 27 28 24 61 26 45 21 20 1 4 38 32 2 30 49 47 5 11 
14 8 6 33 3 36 37 30 23 24 25 26 18 20 1 22 13 53 54 15 16 56 49 11 10 52 43 44 45 46 47 48 39 4 41 5 42 7 34 35 63 38 28 27 62 2 32 31 58 59 60 61 17 57 19 21 55 9 51 50 12 64 40 29 
15 46 5 34 36 3 38 2 58 25 24 61 17 1 20 21 53 13 55 14 56 16 9 10 11 12 44 43 64 8 48 47 4 39 40 6 7 42 33 63 35 37 27 28 29 30 31 32 23 60 59 26 18 19 57 22 54 49 50 51 52 45 41 62 
16 47 42 35 37 38 3 32 59 26 61 24 57 22 21 20 54 55 13 56 14 15 51 52 12 11 45 64 43 48 8 46 41 40 39 7 6 5 63 33 34 36 62 29 28 31 30 2 60 23 58 25 19 18 17 1 53 50 49 9 10 44 4 27 
17 49 54 1 4 39 40 64 11 28 27 62 16 35 63 33 5 6 7 18 19 57 48 60 59 58 30 2 32 9 51 50 37 38 3 55 13 53 20 21 22 41 61 26 25 45 44 43 10 52 12 29 56 14 15 34 42 47 46 8 23 31 36 24 
18 9 55 20 39 4 41 45 10 27 28 29 56 63 35 34 6 5 42 17 57 19 47 59 60 23 2 30 31 49 50 51 38 37 36 54 53 13 1 22 21 40 26 61 24 64 43 44 11 12 52 62 16 15 14 33 7 48 8 46 58 32 3 25 
19 51 13 21 40 41 4 44 52 62 29 28 14 33 34 35 7 42 5 57 17 18 46 58 23 60 32 31 30 50 49 9 3 36 37 53 54 55 22 1 20 39 25 24 61 43 64 45 12 11 10 27 15 16 56 63 6 8 48 47 59 2 38 26 
20 30 36 39 6 5 42 46 49 11 10 52 53 15 14 56 18 17 57 1 22 21 58 25 24 61 28 27 62 2 32 31 34 33 63 3 38 37 4 41 40 7 44 43 64 8 48 47 9 51 50 12 13 55 54 16 19 23 60 59 26 29 35 45 
21 31 37 40 7 42 5 47 50 12 52 10 54 16 56 14 19 57 17 22 1 20 59 26 61 24 29 62 27 32 2 30 35 63 33 38 3 36 41 4 39 6 45 64 43 48 8 46 51 9 49 11 55 13 53 15 18 60 23 58 25 28 34 44 
22 32 38 41 42 7 6 48 51 52 12 11 55 56 16 15 57 19 18 21 20 1 60 61 26 25 62 29 28 31 30 2 63 35 34 37 36 3 40 39 4 5 64 45 44 47 46 8 50 49 9 10 54 53 13 14 17 59 58 23 24 27 33 43 
23 35 62 24 43 44 45 39 37 54 55 13 32 51 50 49 8 46 47 58 59 60 6 18 17 57 16 56 14 63 33 34 52 12 11 29 28 27 25 26 61 64 20 1 22 4 41 40 38 3 36 53 31 30 2 9 48 5 42 7 19 15 10 21 
24 56 11 43 8 46 47 7 63 38 37 36 28 30 2 32 23 58 59 25 26 61 19 21 22 1 55 54 53 16 15 14 49 9 51 10 52 12 44 45 64 48 40 41 4 42 5 6 35 34 33 3 27 62 29 31 60 57 17 18 20 13 50 39 
25 16 10 44 46 8 48 42 35 37 38 3 27 2 30 31 58 23 60 24 61 26 57 22 21 20 54 55 13 56 14 15 9 49 50 11 12 52 43 64 45 47 41 40 39 7 6 5 63 33 34 36 28 29 62 32 59 19 18 17 1 53 51 4 
26 15 52 45 47 48 8 5 34 36 3 38 62 32 31 30 59 60 23 61 24 25 17 1 20 21 53 13 55 14 56 16 51 50 49 12 11 10 64 43 44 46 4 39 40 6 7 42 33 63 35 37 29 28 27 2 58 18 19 57 22 54 9 41 
27 19 59 2 9 49 50 13 21 40 41 4 26 45 64 43 10 11 12 28 29 62 14 33 34 35 7 42 5 57 17 18 47 48 8 60 23 58 30 31 32 51 3 36 37 53 54 55 22 1 20 39 61 24 25 44 52 15 16 56 63 6 46 38 
28 57 60 30 49 9 51 53 22 41 40 39 61 64 45 44 11 10 52 27 62 29 15 34 33 63 42 7 6 19 18 17 48 47 46 59 58 23 2 32 31 50 36 3 38 13 55 54 21 20 1 4 26 25 24 43 12 14 56 16 35 5 8 37 
29 17 23 31 50 51 9 54 1 4 39 40 24 43 44 45 12 52 10 62 27 28 16 35 63 33 5 6 7 18 19 57 8 46 47 58 59 60 32 2 30 49 37 38 3 55 13 53 20 21 22 41 25 26 61 64 11 56 14 15 34 42 48 36 
30 7 46 49 11 10 52 16 19 21 22 1 58 25 24 61 28 27 62 2 32 31 35 37 38 3 40 41 4 42 5 6 44 43 64 8 48 47 9 51 50 12 54 55 13 56 14 15 57 17 18 20 23 60 59 26 29 63 33 34 36 39 45 53 
31 6 47 50 12 52 10 15 18 20 1 22 59 26 61 24 29 62 27 32 2 30 34 36 3 38 39 4 41 5 42 7 45 64 43 48 8 46 51 9 49 11 53 13 55 14 56 16 17 57 19 21 60 23 58 25 28 33 63 35 37 40 44 54 
32 5 48 51 52 12 11 14 17 1 20 21 60 61 26 25 62 29 28 31 30 2 33 3 36 37 4 39 40 6 7 42 64 45 44 47 46 8 50 49 9 10 13 53 54 15 16 56 18 19 57 22 59 58 23 24 27 34 35 63 38 41 43 55 
33 44 41 3 13 53 54 50 46 58 23 60 42 57 19 18 14 15 16 34 35 63 12 29 62 27 25 24 61 43 64 45 22 21 20 40 39 4 36 37 38 55 31 32 2 51 9 49 8 48 47 59 7 6 5 17 56 52 10 11 28 26 1 30 
34 43 40 36 53 13 55 51 8 23 58 59 7 19 57 17 15 14 56 33 63 35 52 62 29 28 24 25 26 44 45 64 21 22 1 41 4 39 3 38 37 54 32 31 30 50 49 9 46 47 48 60 42 5 6 18 16 12 11 10 27 61 20 2 
35 64 39 37 54 55 13 9 48 60 59 58 6 18 17 57 16 56 14 63 33 34 10 27 28 29 61 26 25 45 44 43 20 1 22 4 41 40 38 3 36 53 2 30 31 49 50 51 47 46 8 23 5 42 7 19 15 11 12 52 62 24 21 32 
36 25 1 53 15 14 56 10 44 46 8 48 4 5 6 7 34 33 63 3 38 37 27 2 30 31 58 23 60 24 61 26 17 18 19 20 21 22 13 55 54 16 9 49 50 11 12 52 43 64 45 47 39 40 41 42 35 28 29 62 32 59 57 51 
37 26 22 54 16 56 14 52 45 47 48 8 41 42 7 6 35 63 33 38 3 36 62 32 31 30 59 60 23 61 24 25 57 19 18 21 20 1 55 13 53 15 51 50 49 12 11 10 64 43 44 46 40 39 4 5 34 29 28 27 2 58 17 9 
38 61 21 55 56 16 15 12 64 48 47 46 40 7 42 5 63 35 34 37 36 3 29 31 32 2 60 59 58 26 25 24 19 57 17 22 1 20 54 53 13 14 50 51 9 52 10 11 45 44 43 8 41 4 39 6 33 62 27 28 30 23 18 49 
39 27 63 6 18 17 57 59 2 9 49 50 38 55 54 53 20 1 22 4 41 40 26 45 64 43 10 11 12 28 29 62 56 16 15 35 34 33 5 42 7 19 47 48 8 60 23 58 30 31 32 51 37 36 3 13 21 61 24 25 44 52 14 46 
40 62 33 7 19 57 17 58 32 51 50 49 3 13 53 54 21 22 1 41 4 39 25 44 43 64 52 12 11 29 28 27 14 15 16 34 35 63 42 5 6 18 46 8 48 23 60 59 31 30 2 9 36 37 38 55 20 24 61 26 45 10 56 47 
41 29 34 42 57 19 18 23 31 50 51 9 36 53 13 55 22 21 20 40 39 4 24 43 44 45 12 52 10 62 27 28 15 14 56 33 63 35 7 6 5 17 8 46 47 58 59 60 32 2 30 49 3 38 37 54 1 25 26 61 64 11 16 48 
42 52 56 57 22 21 20 61 62 32 31 30 63 38 37 36 41 40 39 7 6 5 64 48 47 46 51 50 49 12 11 10 55 54 53 16 15 14 19 18 17 1 60 59 58 26 25 24 29 28 27 2 35 34 33 3 4 45 44 43 8 9 13 23 
43 54 51 8 23 58 59 18 16 35 63 33 52 62 29 28 24 25 26 44 45 64 20 39 4 41 37 38 3 55 13 53 32 31 30 50 49 9 46 47 48 60 6 5 42 17 57 19 56 14 15 34 12 11 10 27 61 1 22 21 40 36 2 7 
44 55 50 46 58 23 60 17 56 63 35 34 12 29 62 27 25 24 61 43 64 45 1 4 39 40 38 37 36 54 53 13 31 32 2 51 9 49 8 48 47 59 5 6 7 18 19 57 16 15 14 33 52 10 11 28 26 20 21 22 41 3 30 42 
45 13 49 47 59 60 23 57 14 33 34 35 11 28 27 62 26 61 24 64 43 44 22 41 40 39 3 36 37 53 54 55 30 2 32 9 51 50 48 8 46 58 42 7 6 19 18 17 15 16 56 63 10 52 12 29 25 21 20 1 4 38 31 5 
46 37 2 58 25 24 61 22 54 16 56 14 9 10 11 12 44 43 64 8 48 47 41 42 7 6 35 63 33 38 3 36 27 28 29 30 31 32 23 60 59 26 57 19 18 21 20 1 55 13 53 15 49 50 51 52 45 40 39 4 5 34 62 17 
47 36 32 59 26 61 24 1 53 15 14 56 51 52 12 11 45 64 43 48 8 46 4 5 6 7 34 33 63 3 38 37 62 29 28 31 30 2 60 23 58 25 17 18 19 20 21 22 13 55 54 16 50 49 9 10 44 39 40 41 42 35 27 57 
48 3 31 60 61 26 25 20 13 14 15 16 50 12 52 10 64 45 44 47 46 8 39 6 5 42 33 34 35 36 37 38 29 62 27 32 2 30 59 58 23 24 18 17 57 1 22 21 53 54 55 56 51 9 49 11 43 4 41 40 7 63 28 19 
49 41 64 11 28 27 62 34 42 57 19 18 48 60 59 58 30 2 32 9 51 50 36 53 13 55 22 21 20 40 39 4 61 26 25 45 44 43 10 52 12 29 15 14 56 33 63 35 7 6 5 17 47 46 8 23 31 3 38 37 54 1 24 16 
50 4 43 12 29 62 27 35 5 17 18 19 8 23 58 59 31 32 2 51 9 49 37 54 55 13 1 20 21 39 40 41 24 25 26 44 45 64 52 10 11 28 16 56 14 63 33 34 6 7 42 57 46 47 48 60 30 38 3 36 53 22 61 15 
51 39 44 52 62 29 28 63 6 18 17 57 46 58 23 60 32 31 30 50 49 9 38 55 54 53 20 1 22 4 41 40 25 24 61 43 64 45 12 11 10 27 56 16 15 35 34 33 5 42 7 19 8 48 47 59 2 37 36 3 13 21 26 14 
52 1 61 62 32 31 30 3 4 5 6 7 64 48 47 46 51 50 49 12 11 10 13 14 15 16 17 18 19 20 21 22 60 59 58 26 25 24 29 28 27 2 33 34 35 36 37 38 39 40 41 42 45 44 43 8 9 53 54 55 56 57 23 63 
53 23 19 15 34 33 63 62 24 43 44 45 21 40 41 4 36 3 38 13 55 54 32 51 50 49 8 46 47 58 59 60 7 42 5 57 17 18 14 56 16 35 52 12 11 29 28 27 25 26 61 64 22 1 20 39 37 31 30 2 9 48 6 10 
54 60 18 16 35 63 33 27 61 64 45 44 20 39 4 41 37 38 3 55 13 53 2 9 49 50 48 47 46 59 58 23 6 5 42 17 57 19 56 14 15 34 10 11 12 28 29 62 26 25 24 43 1 22 21 40 36 30 31 32 51 8 7 52 
55 59 17 56 63 35 34 28 26 45 64 43 1 4 39 40 38 37 36 54 53 13 30 49 9 51 47 48 8 60 23 58 5 6 7 18 19 57 16 15 14 33 11 10 52 27 62 29 61 24 25 44 20 21 22 41 3 2 32 31 50 46 42 12 
56 48 7 63 38 37 36 31 60 61 26 25 19 21 22 1 55 54 53 16 15 14 50 12 52 10 64 45 44 47 46 8 40 41 4 42 5 6 35 34 33 3 29 62 27 32 2 30 59 58 23 24 57 17 18 20 13 51 9 49 11 43 39 28 
57 50 53 22 41 40 39 43 12 29 62 27 15 34 33 63 42 7 6 19 18 17 8 23 58 59 31 32 2 51 9 49 36 3 38 13 55 54 21 20 1 4 24 25 26 44 45 64 52 10 11 28 14 56 16 35 5 46 47 48 60 30 37 61 
58 63 29 25 44 43 64 4 38 55 54 53 31 50 51 9 46 8 48 23 60 59 5 17 18 19 56 16 15 35 34 33 12 52 10 62 27 28 24 61 26 45 1 20 21 39 40 41 37 36 3 13 32 2 30 49 47 6 7 42 57 14 11 22 
59 33 28 26 45 64 43 41 3 13 53 54 30 49 9 51 47 48 8 60 23 58 42 57 19 18 14 15 16 34 35 63 11 10 52 27 62 29 61 24 25 44 22 21 20 40 39 4 36 37 38 55 2 32 31 50 46 7 6 5 17 56 12 1 
60 34 27 61 64 45 44 40 36 53 13 55 2 9 49 50 48 47 46 59 58 23 7 19 57 17 15 14 56 33 63 35 10 11 12 28 29 62 26 25 24 43 21 22 1 41 4 39 3 38 37 54 30 31 32 51 8 42 5 6 18 16 52 20 
61 14 12 64 48 47 46 6 33 3 36 37 29 31 32 2 60 59 58 26 25 24 18 20 1 22 13 53 54 15 16 56 50 51 9 52 10 11 45 44 43 8 39 4 41 5 42 7 34 35 63 38 62 27 28 30 23 17 57 19 21 55 49 40 
62 18 58 32 51 50 49 55 20 39 4 41 25 44 43 64 52 12 11 29 28 27 56 63 35 34 6 5 42 17 57 19 46 8 48 23 60 59 31 30 2 9 38 37 36 54 53 13 1 22 21 40 24 61 26 45 10 16 15 14 33 7 47 3 
63 45 4 38 55 54 53 49 47 59 60 23 5 17 18 19 56 16 15 35 34 33 11 28 27 62 26 61 24 64 43 44 1 20 21 39 40 41 37 36 3 13 30 2 32 9 51 50 48 8 46 58 6 7 42 57 14 10 52 12 29 25 22 31 
64 53 9 48 60 59 58 19 15 34 33 63 10 27 28 29 61 26 25 45 44 43 21 40 41 4 36 3 38 13 55 54 2 30 31 49 50 51 47 46 8 23 7 42 5 57 17 18 14 56 16 35 11 12 52 62 24 22 1 20 39 37 32 6 
1
0 1 

1 8 
1 
5 
6 
7 
20 
21 
22 
42 
2 28 
1 5 
1 6 
1 7 
1 20 
1 21 
1 22 
1 42 
5 6 
5 7 
5 20 
5 21 
5 22 
5 42 
6 7 
6 20 
6 21 
6 22 
6 42 
7 20 
7 21 
7 22 
7 42 
20 21 
20 22 
20 42 
21 22 
21 42 
22 42 
3 56 
1 5 6 
1 5 7 
1 5 20 
1 5 21 
1 5 22 
1 5 42 
1 6 7 
1 6 20 
1 6 21 
1 6 22 
1 6 42 
1 7 20 
1 7 21 
1 7 22 
1 7 42 
1 20 21 
1 20 22 
1 20 42 
1 21 22 
1 21 42 
1 22 42 
5 6 7 
5 6 20 
5 6 21 
5 6 22 
5 6 42 
5 7 20 
5 7 21 
5 7 22 
5 7 42 
5 20 21 
5 20 22 
5 20 42 
5 21 22 
5 21 42 
5 22 42 
6 7 20 
6 7 21 
6 7 22 
6 7 42 
6 20 21 
6 20 22 
6 20 42 
6 21 22 
6 21 42 
6 22 42 
7 20 21 
7 20 22 
7 20 42 
7 21 22 
7 21 42 
7 22 42 
20 21 22 
20 21 42 
20 22 42 
21 22 42 
4 70 
1 5 6 7 
1 5 6 20 
1 5 6 21 
1 5 6 22 
1 5 6 42 
1 5 7 20 
1 5 7 21 
1 5 7 22 
1 5 7 42 
1 5 20 21 
1 5 20 22 
1 5 20 42 
1 5 21 22 
1 5 21 42 
1 5 22 42 
1 6 7 20 
1 6 7 21 
1 6 7 22 
1 6 7 42 
1 6 20 21 
1 6 20 22 
1 6 20 42 
1 6 21 22 
1 6 21 42 
1 6 22 42 
1 7 20 21 
1 7 20 22 
1 7 20 42 
1 7 21 22 
1 7 21 42 
1 7 22 42 
1 20 21 22 
1 20 21 42 
1 20 22 42 
1 21 22 42 
5 6 7 20 
5 6 7 21 
5 6 7 22 
5 6 7 42 
5 6 20 21 
5 6 20 22 
5 6 20 42 
5 6 21 22 
5 6 21 42 
5 6 22 42 
5 7 20 21 
5 7 20 22 
5 7 20 42 
5 7 21 22 
5 7 21 42 
5 7 22 42 
5 20 21 22 
5 20 21 42 
5 20 22 42 
5 21 22 42 
6 7 20 21 
6 7 20 22 
6 7 20 42 
6 7 21 22 
6 7 21 42 
6 7 22 42 
6 20 21 22 
6 20 21 42 
6 20 22 42 
6 21 22 42 
7 20 21 22 
7 20 21 42 
7 20 22 42 
7 21 22 42 
20 21 22 42 
5 56 
1 5 6 7 20 
1 5 6 7 21 
1 5 6 7 22 
1 5 6 7 42 
1 5 6 20 21 
1 5 6 20 22 
1 5 6 20 42 
1 5 6 21 22 
1 5 6 21 42 
1 5 6 22 42 
1 5 7 20 21 
1 5 7 20 22 
1 5 7 20 42 
1 5 7 21 22 
1 5 7 21 42 
1 5 7 22 42 
1 5 20 21 22 
1 5 20 21 42 
1 5 20 22 42 
1 5 21 22 42 
1 6 7 20 21 
1 6 7 20 22 
1 6 7 20 42 
1 6 7 21 22 
1 6 7 21 42 
1 6 7 22 42 
1 6 20 21 22 
1 6 20 21 42 
1 6 20 22 42 
1 6 21 22 42 
1 7 20 21 22 
1 7 20 21 42 
1 7 20 22 42 
1 7 21 22 42 
1 20 21 22 42 
5 6 7 20 21 
5 6 7 20 22 
5 6 7 20 42 
5 6 7 21 22 
5 6 7 21 42 
5 6 7 22 42 
5 6 20 21 22 
5 6 20 21 42 
5 6 20 22 42 
5 6 21 22 42 
5 7 20 21 22 
5 7 20 21 42 
5 7 20 22 42 
5 7 21 22 42 
5 20 21 22 42 
6 7 20 21 22 
6 7 20 21 42 
6 7 20 22 42 
6 7 21 22 42 
6 20 21 22 42 
7 20 21 22 42 
6 28 
1 5 6 7 20 21 
1 5 6 7 20 22 
1 5 6 7 20 42 
1 5 6 7 21 22 
1 5 6 7 21 42 
1 5 6 7 22 42 
1 5 6 20 21 22 
1 5 6 20 21 42 
1 5 6 20 22 42 
1 5 6 21 22 42 
1 5 7 20 21 22 
1 5 7 20 21 42 
1 5 7 20 22 42 
1 5 7 21 22 42 
1 5 20 21 22 42 
1 6 7 20 21 22 
1 6 7 20 21 42 
1 6 7 20 22 42 
1 6 7 21 22 42 
1 6 20 21 22 42 
1 7 20 21 22 42 
5 6 7 20 21 22 
5 6 7 20 21 42 
5 6 7 20 22 42 
5 6 7 21 22 42 
5 6 20 21 22 42 
5 7 20 21 22 42 
6 7 20 21 22 42 
7 8 
1 5 6 7 20 21 22 
1 5 6 7 20 21 42 
1 5 6 7 20 22 42 
1 5 6 7 21 22 42 
1 5 6 20 21 22 42 
1 5 7 20 21 22 42 
1 6 7 20 21 22 42 
5 6 7 20 21 22 42 
8 1 
1 5 6 7 20 21 22 42 
2
0 1 

1 1 

2 4 
2 52 
10 32 
11 31 
12 30 
3 1 

4 6 
2 10 32 52 
2 11 31 52 
2 12 30 52 
10 11 31 32 
10 12 30 32 
11 12 30 31 
5 1 

6 4 
2 10 11 31 32 52 
2 10 12 30 32 52 
2 11 12 30 31 52 
10 11 12 30 31 32 
7 1 

8 1 
2 10 11 12 30 31 32 52 
3
0 1 

1 1 

2 4 
3 36 
14 15 
16 56 
37 38 
3 1 

4 6 
3 14 15 36 
3 16 36 56 
3 36 37 38 
14 15 16 56 
14 15 37 38 
16 37 38 56 
5 1 

6 4 
3 14 15 16 36 56 
3 14 15 36 37 38 
3 16 36 37 38 56 
14 15 16 37 38 56 
7 1 

8 1 
3 14 15 16 36 37 38 56 
4
0 1 

1 1 

2 4 
4 17 
18 39 
19 40 
41 57 
3 1 

4 6 
4 17 18 39 
4 17 19 40 
4 17 41 57 
18 19 39 40 
18 39 41 57 
19 40 41 57 
5 1 

6 4 
4 17 18 19 39 40 
4 17 18 39 41 57 
4 17 19 40 41 57 
18 19 39 40 41 57 
7 1 

8 1 
4 17 18 19 39 40 41 57 
5
0 1 

1 1 

2 4 
8 47 
24 26 
25 61 
46 48 
3 1 

4 6 
8 24 26 47 
8 25 47 61 
8 46 47 48 
24 25 26 61 
24 26 46 48 
25 46 48 61 
5 1 

6 4 
8 24 25 26 47 61 
8 24 26 46 47 48 
8 25 46 47 48 61 
24 25 26 46 48 61 
7 1 

8 1 
8 24 25 26 46 47 48 61 
6
0 1 

1 1 

2 4 
9 29 
27 50 
28 51 
49 62 
3 1 

4 6 
9 27 29 50 
9 28 29 51 
9 29 49 62 
27 28 50 51 
27 49 50 62 
28 49 51 62 
5 1 

6 4 
9 27 28 29 50 51 
9 27 29 49 50 62 
9 28 29 49 51 62 
27 28 49 50 51 62 
7 1 

8 1 
9 27 28 29 49 50 51 62 
7
0 1 

1 1 

2 4 
13 55 
33 63 
34 35 
53 54 
3 1 

4 6 
13 33 55 63 
13 34 35 55 
13 53 54 55 
33 34 35 63 
33 53 54 63 
34 35 53 54 
5 1 

6 4 
13 33 34 35 55 63 
13 33 53 54 55 63 
13 34 35 53 54 55 
33 34 35 53 54 63 
7 1 

8 1 
13 33 34 35 53 54 55 63 
8
0 1 

1 1 

2 4 
23 44 
43 58 
45 60 
59 64 
3 1 

4 6 
23 43 44 58 
23 44 45 60 
23 44 59 64 
43 45 58 60 
43 58 59 64 
45 59 60 64 
5 1 

6 4 
23 43 44 45 58 60 
23 43 44 58 59 64 
23 44 45 59 60 64 
43 45 58 59 60 64 
7 1 

8 1 
23 43 44 45 58 59 60 64 
