//Table for grp 166:
57
0 0 2 2 4 4 2 4 
0 0 2 4 4 2 4 2 
0 0 4 2 2 4 4 2 
0 0 4 4 2 2 2 4 
0 2 0 2 4 2 4 4 
0 2 0 4 4 4 2 2 
0 2 2 0 2 4 4 4 
0 2 2 2 2 2 2 6 
0 2 2 2 2 2 6 2 
0 2 2 2 2 6 2 2 
0 2 2 2 6 2 2 2 
0 2 2 4 2 0 4 4 
0 2 2 4 2 4 0 4 
0 2 2 4 2 4 4 0 
0 2 2 6 2 2 2 2 
0 2 4 0 4 4 2 2 
0 2 4 2 0 2 4 4 
0 2 4 2 4 2 0 4 
0 2 4 2 4 2 4 0 
0 2 4 4 0 4 2 2 
0 2 4 4 4 0 2 2 
0 2 6 2 2 2 2 2 
0 4 0 2 2 4 4 2 
0 4 0 4 2 2 2 4 
0 4 2 0 4 2 4 2 
0 4 2 2 0 4 2 4 
0 4 2 2 4 0 2 4 
0 4 2 2 4 4 2 0 
0 4 2 4 0 2 4 2 
0 4 2 4 4 2 0 2 
0 4 4 0 2 2 2 4 
0 4 4 2 2 0 4 2 
0 4 4 2 2 4 0 2 
0 4 4 4 2 2 2 0 
0 6 2 2 2 2 2 2 
2 0 2 2 2 2 4 4 
2 0 2 4 2 4 2 2 
2 0 4 2 4 2 2 2 
2 2 0 2 2 4 2 4 
2 2 0 4 2 2 4 2 
2 2 2 0 4 2 2 4 
2 2 2 2 0 4 4 2 
2 2 2 2 4 0 4 2 
2 2 2 2 4 4 0 2 
2 2 2 4 0 2 2 4 
2 2 2 4 4 2 2 0 
2 2 4 0 2 2 4 2 
2 2 4 2 2 0 2 4 
2 2 4 2 2 4 2 0 
2 2 4 4 2 2 0 2 
2 4 0 2 4 2 2 2 
2 4 2 0 2 4 2 2 
2 4 2 2 2 2 0 4 
2 4 2 2 2 2 4 0 
2 4 2 4 2 0 2 2 
2 4 4 2 0 2 2 2 
4 2 2 2 2 2 2 2 
1 2 3 4 5 6 7 8 9 10 11 12 13 14 15 16 17 18 19 20 21 22 23 24 25 26 27 28 29 30 31 32 33 34 35 36 37 38 39 40 41 42 43 44 45 46 47 48 49 50 51 52 53 54 55 56 57 58 59 60 61 62 63 64 
2 7 8 9 10 11 12 16 19 21 22 1 23 24 25 26 27 28 29 30 31 32 35 37 38 3 40 41 4 42 5 6 43 44 45 46 47 48 49 50 51 52 54 55 13 56 14 15 57 17 18 20 58 59 60 61 62 63 33 34 36 39 64 53 
3 24 7 13 14 15 16 31 43 8 46 47 19 21 22 1 33 34 35 36 37 38 50 12 52 10 23 58 59 25 26 61 40 41 4 42 5 6 53 54 55 56 29 62 27 32 2 30 44 45 64 48 57 17 18 20 63 51 9 49 11 60 39 28 
4 28 13 5 17 18 19 44 52 49 29 51 14 33 34 35 1 20 21 39 40 41 61 58 45 60 32 10 30 50 62 9 3 36 37 53 54 55 6 7 42 57 48 24 46 59 64 23 2 11 31 27 15 16 56 63 22 8 25 47 43 12 38 26 
5 10 14 17 1 20 21 24 27 2 30 31 33 3 36 37 4 39 40 6 7 42 43 8 46 47 9 49 50 11 12 52 13 53 54 15 16 56 18 19 57 22 23 58 59 25 26 61 28 29 62 32 34 35 63 38 41 44 45 64 48 51 55 60 
6 32 15 41 20 7 22 48 28 52 2 11 55 36 16 38 57 4 18 21 42 1 44 61 8 25 49 29 51 10 30 12 63 13 34 37 56 3 17 39 19 5 58 45 60 24 46 26 50 62 9 31 33 53 35 14 40 59 64 23 47 27 54 43 
7 12 16 19 21 22 1 26 29 31 32 2 35 37 38 3 40 41 4 42 5 6 45 47 48 8 50 51 9 52 10 11 54 55 13 56 14 15 57 17 18 20 59 60 23 61 24 25 62 27 28 30 63 33 34 36 39 64 43 44 46 49 53 58 
8 37 12 23 24 25 26 5 54 16 56 14 29 31 32 2 43 44 45 46 47 48 17 1 20 21 35 63 33 38 3 36 50 51 9 52 10 11 58 59 60 61 4 39 40 6 7 42 55 13 53 15 62 27 28 30 64 18 19 57 22 34 49 41 
9 41 23 10 27 28 29 55 20 57 4 18 24 43 44 45 2 30 31 49 50 51 36 63 13 34 6 21 42 17 39 19 8 46 47 58 59 60 11 12 52 62 15 37 56 33 53 35 7 22 5 40 25 26 61 64 32 16 38 14 54 1 48 3 
10 21 24 27 2 30 31 37 40 7 42 5 43 8 46 47 9 49 50 11 12 52 54 16 56 14 19 57 17 22 1 20 23 58 59 25 26 61 28 29 62 32 35 63 33 38 3 36 41 4 39 6 44 45 64 48 51 55 13 53 15 18 60 34 
11 6 25 51 30 12 32 15 41 20 7 22 60 46 26 48 62 9 28 31 52 2 55 36 16 38 57 4 18 21 42 1 64 23 44 47 61 8 27 49 29 10 63 13 34 37 56 3 17 39 19 5 43 58 45 24 50 33 53 35 14 40 59 54 
12 1 26 29 31 32 2 3 4 5 6 7 45 47 48 8 50 51 9 52 10 11 13 14 15 16 17 18 19 20 21 22 59 60 23 61 24 25 62 27 28 30 33 34 35 36 37 38 39 40 41 42 64 43 44 46 49 53 54 55 56 57 58 63 
13 58 19 14 33 34 35 62 48 44 59 64 21 40 41 4 3 36 37 53 54 55 11 51 27 49 61 8 25 45 60 43 7 42 5 57 17 18 15 16 56 63 30 12 32 9 28 50 24 46 26 23 22 1 20 39 38 31 52 2 29 47 6 10 
14 8 21 33 3 36 37 12 23 24 25 26 40 7 42 5 13 53 54 15 16 56 29 31 32 2 43 44 45 46 47 48 19 57 17 22 1 20 34 35 63 38 50 51 9 52 10 11 58 59 60 61 41 4 39 6 55 62 27 28 30 64 18 49 
15 61 22 55 36 16 38 30 58 48 24 46 18 42 1 6 63 13 34 37 56 3 62 11 31 52 44 59 64 8 25 47 39 19 41 5 20 7 33 53 35 14 51 27 49 12 32 10 45 60 43 26 40 57 4 21 54 9 28 50 2 23 17 29 
16 47 1 35 37 38 3 10 59 26 61 24 4 5 6 7 54 55 13 56 14 15 27 2 30 31 45 64 43 48 8 46 17 18 19 20 21 22 63 33 34 36 9 49 50 11 12 52 60 23 58 25 39 40 41 42 53 28 29 62 32 44 57 51 
17 49 33 1 4 39 40 58 32 28 50 62 3 13 53 54 5 6 7 18 19 57 48 44 59 64 52 2 11 29 51 27 14 15 16 34 35 63 20 21 22 41 61 8 25 45 60 43 10 30 12 9 36 37 38 55 42 24 46 26 23 31 56 47 
18 9 34 42 39 19 41 23 10 27 28 29 56 53 35 55 22 5 20 40 57 4 24 43 44 45 2 30 31 49 50 51 38 14 36 54 63 13 1 6 21 17 8 46 47 58 59 60 11 12 52 62 3 15 37 33 7 25 26 61 64 32 16 48 
19 51 35 21 40 41 4 60 30 62 9 28 37 54 55 13 7 42 5 57 17 18 46 64 23 44 11 31 52 27 49 29 16 56 14 63 33 34 22 1 20 39 25 47 61 43 58 45 12 32 10 50 38 3 36 53 6 26 48 24 59 2 15 8 
20 52 36 57 6 21 42 61 49 32 10 30 63 15 37 56 41 17 39 7 22 5 58 48 24 46 28 50 62 2 11 31 55 33 53 16 38 14 4 18 40 1 44 59 64 8 25 47 29 51 27 12 13 34 54 3 19 45 60 43 26 9 35 23 
21 31 37 40 7 42 5 47 50 12 52 10 54 16 56 14 19 57 17 22 1 20 59 26 61 24 29 62 27 32 2 30 35 63 33 38 3 36 41 4 39 6 45 64 43 48 8 46 51 9 49 11 55 13 53 15 18 60 23 58 25 28 34 44 
22 11 38 18 42 1 6 25 51 30 12 32 34 56 3 15 39 19 41 5 20 7 60 46 26 48 62 9 28 31 52 2 53 35 55 14 36 16 40 57 4 21 64 23 44 47 61 8 27 49 29 10 54 63 13 37 17 43 58 45 24 50 33 59 
23 63 29 24 43 44 45 39 15 55 33 53 31 50 51 9 8 46 47 58 59 60 22 18 40 57 36 16 38 13 34 54 12 52 10 62 27 28 25 26 61 64 42 1 6 19 41 17 37 56 3 35 32 2 30 49 48 5 20 7 4 14 11 21 
24 16 31 43 8 46 47 1 35 37 38 3 50 12 52 10 23 58 59 25 26 61 4 5 6 7 54 55 13 56 14 15 29 62 27 32 2 30 44 45 64 48 17 18 19 20 21 22 63 33 34 36 51 9 49 11 60 39 40 41 42 53 28 57 
25 36 32 60 46 26 48 42 63 15 37 56 28 52 2 11 64 23 44 47 61 8 39 22 5 20 55 33 53 16 38 14 49 29 51 10 30 12 43 58 45 24 18 40 57 1 6 21 13 34 54 3 50 62 9 31 59 19 41 17 7 35 27 4 
26 14 2 45 47 48 8 21 33 3 36 37 9 10 11 12 59 60 23 61 24 25 40 7 42 5 13 53 54 15 16 56 27 28 29 30 31 32 64 43 44 46 19 57 17 22 1 20 34 35 63 38 49 50 51 52 58 41 4 39 6 55 62 18 
27 57 43 2 9 49 50 63 6 41 17 39 8 23 58 59 10 11 12 28 29 62 15 55 33 53 20 7 22 4 18 40 24 25 26 44 45 64 30 31 32 51 36 16 38 13 34 54 21 42 1 19 46 47 48 60 52 37 56 3 35 5 61 14 
28 19 44 52 49 29 51 35 21 40 41 4 61 58 45 60 32 10 30 50 62 9 37 54 55 13 7 42 5 57 17 18 48 24 46 59 64 23 2 11 31 27 16 56 14 63 33 34 22 1 20 39 8 25 47 43 12 38 3 36 53 6 26 15 
29 18 45 31 50 51 9 34 42 39 19 41 47 59 60 23 12 52 10 62 27 28 56 53 35 55 22 5 20 40 57 4 26 61 24 64 43 44 32 2 30 49 38 14 36 54 63 13 1 6 21 17 48 8 46 58 11 3 15 37 33 7 25 16 
30 20 46 62 11 31 52 36 57 6 21 42 64 25 47 61 51 27 49 12 32 10 63 15 37 56 41 17 39 7 22 5 60 43 58 26 48 24 9 28 50 2 55 33 53 16 38 14 4 18 40 1 23 44 59 8 29 13 34 54 3 19 45 35 
31 5 47 50 12 52 10 14 17 1 20 21 59 26 61 24 29 62 27 32 2 30 33 3 36 37 4 39 40 6 7 42 45 64 43 48 8 46 51 9 49 11 13 53 54 15 16 56 18 19 57 22 60 23 58 25 28 34 35 63 38 41 44 55 
32 22 48 28 52 2 11 38 18 42 1 6 44 61 8 25 49 29 51 10 30 12 34 56 3 15 39 19 41 5 20 7 58 45 60 24 46 26 50 62 9 31 53 35 55 14 36 16 40 57 4 21 59 64 23 47 27 54 63 13 37 17 43 33 
33 44 40 3 13 53 54 51 61 58 45 60 7 19 57 17 14 15 16 34 35 63 30 62 9 28 48 24 46 59 64 23 21 22 1 41 4 39 36 37 38 55 11 31 52 27 49 29 8 25 47 43 42 5 6 18 56 12 32 10 50 26 20 2 
34 43 41 56 53 35 55 50 8 23 58 59 20 57 4 18 38 14 36 54 63 13 12 29 62 27 24 25 26 44 45 64 6 21 42 17 39 19 3 15 37 33 31 32 2 51 9 49 46 47 48 60 7 22 5 40 16 52 10 11 28 61 1 30 
35 64 4 37 54 55 13 49 25 60 43 58 5 17 18 19 16 56 14 63 33 34 32 28 50 62 46 26 48 23 44 59 1 20 21 39 40 41 38 3 36 53 52 2 11 29 51 27 47 61 8 45 6 7 42 57 15 10 30 12 9 24 22 31 
36 48 42 63 15 37 56 11 44 61 8 25 39 22 5 20 55 33 53 16 38 14 51 30 12 32 58 45 60 24 46 26 18 40 57 1 6 21 13 34 54 3 62 9 28 31 52 2 59 64 23 47 19 41 17 7 35 27 49 29 10 43 4 50 
37 26 5 54 16 56 14 2 45 47 48 8 17 1 20 21 35 63 33 38 3 36 9 10 11 12 59 60 23 61 24 25 4 39 40 6 7 42 55 13 53 15 27 28 29 30 31 32 64 43 44 46 18 19 57 22 34 49 50 51 52 58 41 62 
38 46 6 34 56 3 15 52 64 25 47 61 41 20 7 22 53 35 55 14 36 16 49 32 10 30 60 43 58 26 48 24 57 4 18 21 42 1 54 63 13 37 28 50 62 2 11 31 23 44 59 8 17 39 19 5 33 29 51 27 12 45 40 9 
39 27 53 22 18 40 57 43 2 9 49 50 38 34 54 63 42 1 6 19 41 17 8 23 58 59 10 11 12 28 29 62 56 3 15 35 55 33 5 20 7 4 24 25 26 44 45 64 30 31 32 51 14 36 16 13 21 46 47 48 60 52 37 61 
40 62 54 7 19 57 17 64 11 51 27 49 16 35 63 33 21 22 1 41 4 39 25 60 43 58 30 12 32 9 28 50 37 38 3 55 13 53 42 5 6 18 46 26 48 23 44 59 31 52 2 29 56 14 15 34 20 47 61 8 45 10 36 24 
41 29 55 20 57 4 18 45 31 50 51 9 36 63 13 34 6 21 42 17 39 19 47 59 60 23 12 52 10 62 27 28 15 37 56 33 53 35 7 22 5 40 26 61 24 64 43 44 32 2 30 49 16 38 14 54 1 48 8 46 58 11 3 25 
42 30 56 39 22 5 20 46 62 11 31 52 53 38 14 36 18 40 57 1 6 21 64 25 47 61 51 27 49 12 32 10 34 54 63 3 15 37 19 41 17 7 60 43 58 26 48 24 9 28 50 2 35 55 33 16 4 23 44 59 8 29 13 45 
43 55 50 8 23 58 59 18 36 63 13 34 12 29 62 27 24 25 26 44 45 64 42 39 19 41 15 37 56 33 53 35 31 32 2 51 9 49 46 47 48 60 22 5 20 40 57 4 16 38 14 54 52 10 11 28 61 1 6 21 17 3 30 7 
44 54 51 61 58 45 60 17 16 35 63 33 30 62 9 28 48 24 46 59 64 23 1 4 39 40 37 38 3 55 13 53 11 31 52 27 49 29 8 25 47 43 5 6 7 18 19 57 56 14 15 34 12 32 10 50 26 20 21 22 41 36 2 42 
45 53 9 47 59 60 23 57 38 34 54 63 10 27 28 29 26 61 24 64 43 44 6 41 17 39 56 3 15 35 55 33 2 30 31 49 50 51 48 8 46 58 20 7 22 4 18 40 14 36 16 13 11 12 52 62 25 21 42 1 19 37 32 5 
46 15 52 64 25 47 61 22 55 36 16 38 49 32 10 30 60 43 58 26 48 24 18 42 1 6 63 13 34 37 56 3 28 50 62 2 11 31 23 44 59 8 39 19 41 5 20 7 33 53 35 14 29 51 27 12 45 40 57 4 21 54 9 17 
47 3 10 59 26 61 24 7 13 14 15 16 27 2 30 31 45 64 43 48 8 46 19 21 22 1 33 34 35 36 37 38 9 49 50 11 12 52 60 23 58 25 40 41 4 42 5 6 53 54 55 56 28 29 62 32 44 57 17 18 20 63 51 39 
48 56 11 44 61 8 25 20 53 38 14 36 51 30 12 32 58 45 60 24 46 26 57 6 21 42 34 54 63 3 15 37 62 9 28 31 52 2 59 64 23 47 41 17 39 7 22 5 35 55 33 16 27 49 29 10 43 4 18 40 1 13 50 19 
49 40 58 32 28 50 62 54 7 19 57 17 48 44 59 64 52 2 11 29 51 27 16 35 63 33 21 22 1 41 4 39 61 8 25 45 60 43 10 30 12 9 37 38 3 55 13 53 42 5 6 18 24 46 26 23 31 56 14 15 34 20 47 36 
50 39 59 12 29 62 27 53 22 18 40 57 26 45 64 43 31 32 2 51 9 49 38 34 54 63 42 1 6 19 41 17 47 48 8 60 23 58 52 10 11 28 56 3 15 35 55 33 5 20 7 4 61 24 25 44 30 14 36 16 13 21 46 37 
51 4 60 30 62 9 28 13 5 17 18 19 46 64 23 44 11 31 52 27 49 29 14 33 34 35 1 20 21 39 40 41 25 47 61 43 58 45 12 32 10 50 3 36 37 53 54 55 6 7 42 57 26 48 24 59 2 15 16 56 63 22 8 38 
52 42 61 49 32 10 30 56 39 22 5 20 58 48 24 46 28 50 62 2 11 31 53 38 14 36 18 40 57 1 6 21 44 59 64 8 25 47 29 51 27 12 34 54 63 3 15 37 19 41 17 7 45 60 43 26 9 35 55 33 16 4 23 13 
53 23 57 38 34 54 63 29 24 43 44 45 6 41 17 39 56 3 15 35 55 33 31 50 51 9 8 46 47 58 59 60 20 7 22 4 18 40 14 36 16 13 12 52 10 62 27 28 25 26 61 64 21 42 1 19 37 32 2 30 49 48 5 11 
54 60 17 16 35 63 33 28 46 64 23 44 1 4 39 40 37 38 3 55 13 53 52 49 29 51 25 47 61 43 58 45 5 6 7 18 19 57 56 14 15 34 32 10 30 50 62 9 26 48 24 59 20 21 22 41 36 2 11 31 27 8 42 12 
55 59 18 36 63 13 34 27 26 45 64 43 42 39 19 41 15 37 56 33 53 35 2 9 49 50 47 48 8 60 23 58 22 5 20 40 57 4 16 38 14 54 10 11 12 28 29 62 61 24 25 44 1 6 21 17 3 30 31 32 51 46 7 52 
56 25 20 53 38 14 36 32 60 46 26 48 57 6 21 42 34 54 63 3 15 37 28 52 2 11 64 23 44 47 61 8 41 17 39 7 22 5 35 55 33 16 49 29 51 10 30 12 43 58 45 24 4 18 40 1 13 50 62 9 31 59 19 27 
57 50 63 6 41 17 39 59 12 29 62 27 15 55 33 53 20 7 22 4 18 40 26 45 64 43 31 32 2 51 9 49 36 16 38 13 34 54 21 42 1 19 47 48 8 60 23 58 52 10 11 28 37 56 3 35 5 61 24 25 44 30 14 46 
58 35 62 48 44 59 64 4 37 54 55 13 11 51 27 49 61 8 25 45 60 43 5 17 18 19 16 56 14 63 33 34 30 12 32 9 28 50 24 46 26 23 1 20 21 39 40 41 38 3 36 53 31 52 2 29 47 6 7 42 57 15 10 22 
59 34 27 26 45 64 43 41 56 53 35 55 2 9 49 50 47 48 8 60 23 58 20 57 4 18 38 14 36 54 63 13 10 11 12 28 29 62 61 24 25 44 6 21 42 17 39 19 3 15 37 33 30 31 32 51 46 7 22 5 40 16 52 1 
60 33 28 46 64 23 44 40 3 13 53 54 52 49 29 51 25 47 61 43 58 45 7 19 57 17 14 15 16 34 35 63 32 10 30 50 62 9 26 48 24 59 21 22 1 41 4 39 36 37 38 55 2 11 31 27 8 42 5 6 18 56 12 20 
61 38 30 58 48 24 46 6 34 56 3 15 62 11 31 52 44 59 64 8 25 47 41 20 7 22 53 35 55 14 36 16 51 27 49 12 32 10 45 60 43 26 57 4 18 21 42 1 54 63 13 37 9 28 50 2 23 17 39 19 5 33 29 40 
62 17 64 11 51 27 49 33 1 4 39 40 25 60 43 58 30 12 32 9 28 50 3 13 53 54 5 6 7 18 19 57 46 26 48 23 44 59 31 52 2 29 14 15 16 34 35 63 20 21 22 41 47 61 8 45 10 36 37 38 55 42 24 56 
63 45 39 15 55 33 53 9 47 59 60 23 22 18 40 57 36 16 38 13 34 54 10 27 28 29 26 61 24 64 43 44 42 1 6 19 41 17 37 56 3 35 2 30 31 49 50 51 48 8 46 58 5 20 7 4 14 11 12 52 62 25 21 32 
64 13 49 25 60 43 58 19 14 33 34 35 32 28 50 62 46 26 48 23 44 59 21 40 41 4 3 36 37 53 54 55 52 2 11 29 51 27 47 61 8 45 7 42 5 57 17 18 15 16 56 63 10 30 12 9 24 22 1 20 39 38 31 6 
1
0 1 

1 4 
1 
5 
7 
21 
2 8 
1 5 
1 7 
1 21 
5 7 
5 21 
6 22 
7 21 
20 42 
3 12 
1 5 7 
1 5 21 
1 6 22 
1 7 21 
1 20 42 
5 6 22 
5 7 21 
5 20 42 
6 7 22 
6 21 22 
7 20 42 
20 21 42 
4 14 
1 5 6 22 
1 5 7 21 
1 5 20 42 
1 6 7 22 
1 6 21 22 
1 7 20 42 
1 20 21 42 
5 6 7 22 
5 6 21 22 
5 7 20 42 
5 20 21 42 
6 7 21 22 
6 20 22 42 
7 20 21 42 
5 12 
1 5 6 7 22 
1 5 6 21 22 
1 5 7 20 42 
1 5 20 21 42 
1 6 7 21 22 
1 6 20 22 42 
1 7 20 21 42 
5 6 7 21 22 
5 6 20 22 42 
5 7 20 21 42 
6 7 20 22 42 
6 20 21 22 42 
6 8 
1 5 6 7 21 22 
1 5 6 20 22 42 
1 5 7 20 21 42 
1 6 7 20 22 42 
1 6 20 21 22 42 
5 6 7 20 22 42 
5 6 20 21 22 42 
6 7 20 21 22 42 
7 4 
1 5 6 7 20 22 42 
1 5 6 20 21 22 42 
1 6 7 20 21 22 42 
5 6 7 20 21 22 42 
8 1 
1 5 6 7 20 21 22 42 
2
0 1 

1 1 

2 4 
2 12 
10 31 
11 32 
30 52 
3 1 

4 6 
2 10 12 31 
2 11 12 32 
2 12 30 52 
10 11 31 32 
10 30 31 52 
11 30 32 52 
5 1 

6 4 
2 10 11 12 31 32 
2 10 12 30 31 52 
2 11 12 30 32 52 
10 11 30 31 32 52 
7 1 

8 1 
2 10 11 12 30 31 32 52 
3
0 1 

1 4 
15 
36 
38 
56 
2 8 
3 16 
14 37 
15 36 
15 38 
15 56 
36 38 
36 56 
38 56 
3 12 
3 15 16 
3 16 36 
3 16 38 
3 16 56 
14 15 37 
14 36 37 
14 37 38 
14 37 56 
15 36 38 
15 36 56 
15 38 56 
36 38 56 
4 14 
3 14 16 37 
3 15 16 36 
3 15 16 38 
3 15 16 56 
3 16 36 38 
3 16 36 56 
3 16 38 56 
14 15 36 37 
14 15 37 38 
14 15 37 56 
14 36 37 38 
14 36 37 56 
14 37 38 56 
15 36 38 56 
5 12 
3 14 15 16 37 
3 14 16 36 37 
3 14 16 37 38 
3 14 16 37 56 
3 15 16 36 38 
3 15 16 36 56 
3 15 16 38 56 
3 16 36 38 56 
14 15 36 37 38 
14 15 36 37 56 
14 15 37 38 56 
14 36 37 38 56 
6 8 
3 14 15 16 36 37 
3 14 15 16 37 38 
3 14 15 16 37 56 
3 14 16 36 37 38 
3 14 16 36 37 56 
3 14 16 37 38 56 
3 15 16 36 38 56 
14 15 36 37 38 56 
7 4 
3 14 15 16 36 37 38 
3 14 15 16 36 37 56 
3 14 15 16 37 38 56 
3 14 16 36 37 38 56 
8 1 
3 14 15 16 36 37 38 56 
4
0 1 

1 1 

2 4 
4 17 
18 39 
19 40 
41 57 
3 1 

4 6 
4 17 18 39 
4 17 19 40 
4 17 41 57 
18 19 39 40 
18 39 41 57 
19 40 41 57 
5 1 

6 4 
4 17 18 19 39 40 
4 17 18 39 41 57 
4 17 19 40 41 57 
18 19 39 40 41 57 
7 1 

8 1 
4 17 18 19 39 40 41 57 
5
0 1 

1 1 

2 4 
8 24 
25 46 
26 47 
48 61 
3 1 

4 6 
8 24 25 46 
8 24 26 47 
8 24 48 61 
25 26 46 47 
25 46 48 61 
26 47 48 61 
5 1 

6 4 
8 24 25 26 46 47 
8 24 25 46 48 61 
8 24 26 47 48 61 
25 26 46 47 48 61 
7 1 

8 1 
8 24 25 26 46 47 48 61 
6
0 1 

1 1 

2 4 
9 62 
27 51 
28 50 
29 49 
3 1 

4 6 
9 27 51 62 
9 28 50 62 
9 29 49 62 
27 28 50 51 
27 29 49 51 
28 29 49 50 
5 1 

6 4 
9 27 28 50 51 62 
9 27 29 49 51 62 
9 28 29 49 50 62 
27 28 29 49 50 51 
7 1 

8 1 
9 27 28 29 49 50 51 62 
7
0 1 

1 1 

2 4 
13 54 
33 35 
34 63 
53 55 
3 1 

4 6 
13 33 35 54 
13 34 54 63 
13 53 54 55 
33 34 35 63 
33 35 53 55 
34 53 55 63 
5 1 

6 4 
13 33 34 35 54 63 
13 33 35 53 54 55 
13 34 53 54 55 63 
33 34 35 53 55 63 
7 1 

8 1 
13 33 34 35 53 54 55 63 
8
0 1 

1 1 

2 4 
23 44 
43 58 
45 60 
59 64 
3 1 

4 6 
23 43 44 58 
23 44 45 60 
23 44 59 64 
43 45 58 60 
43 58 59 64 
45 59 60 64 
5 1 

6 4 
23 43 44 45 58 60 
23 43 44 58 59 64 
23 44 45 59 60 64 
43 45 58 59 60 64 
7 1 

8 1 
23 43 44 45 58 59 60 64 
