//Table for grp 92:
57
0 0 2 2 4 4 2 4 
0 0 2 4 4 2 4 2 
0 0 4 2 2 4 4 2 
0 0 4 4 2 2 2 4 
0 2 0 2 4 2 4 4 
0 2 0 4 4 4 2 2 
0 2 2 0 2 4 4 4 
0 2 2 2 2 2 2 6 
0 2 2 2 2 2 6 2 
0 2 2 2 2 6 2 2 
0 2 2 2 6 2 2 2 
0 2 2 4 2 0 4 4 
0 2 2 4 2 4 0 4 
0 2 2 4 2 4 4 0 
0 2 2 6 2 2 2 2 
0 2 4 0 4 4 2 2 
0 2 4 2 0 2 4 4 
0 2 4 2 4 2 0 4 
0 2 4 2 4 2 4 0 
0 2 4 4 0 4 2 2 
0 2 4 4 4 0 2 2 
0 2 6 2 2 2 2 2 
0 4 0 2 2 4 4 2 
0 4 0 4 2 2 2 4 
0 4 2 0 4 2 4 2 
0 4 2 2 0 4 2 4 
0 4 2 2 4 0 2 4 
0 4 2 2 4 4 2 0 
0 4 2 4 0 2 4 2 
0 4 2 4 4 2 0 2 
0 4 4 0 2 2 2 4 
0 4 4 2 2 0 4 2 
0 4 4 2 2 4 0 2 
0 4 4 4 2 2 2 0 
0 6 2 2 2 2 2 2 
2 0 2 2 2 2 4 4 
2 0 2 4 2 4 2 2 
2 0 4 2 4 2 2 2 
2 2 0 2 2 4 2 4 
2 2 0 4 2 2 4 2 
2 2 2 0 4 2 2 4 
2 2 2 2 0 4 4 2 
2 2 2 2 4 0 4 2 
2 2 2 2 4 4 0 2 
2 2 2 4 0 2 2 4 
2 2 2 4 4 2 2 0 
2 2 4 0 2 2 4 2 
2 2 4 2 2 0 2 4 
2 2 4 2 2 4 2 0 
2 2 4 4 2 2 0 2 
2 4 0 2 4 2 2 2 
2 4 2 0 2 4 2 2 
2 4 2 2 2 2 0 4 
2 4 2 2 2 2 4 0 
2 4 2 4 2 0 2 2 
2 4 4 2 0 2 2 2 
4 2 2 2 2 2 2 2 
1 2 3 4 5 6 7 8 9 10 11 12 13 14 15 16 17 18 19 20 21 22 23 24 25 26 27 28 29 30 31 32 33 34 35 36 37 38 39 40 41 42 43 44 45 46 47 48 49 50 51 52 53 54 55 56 57 58 59 60 61 62 63 64 
2 6 8 9 10 11 12 38 18 20 7 22 23 24 25 26 27 28 29 30 31 32 55 56 3 15 39 19 41 21 42 1 43 44 45 46 47 48 49 50 51 52 63 13 34 14 36 16 40 57 4 5 58 59 60 61 62 33 53 35 37 17 64 54 
3 24 1 13 14 15 16 10 43 8 46 47 4 5 6 7 33 34 35 36 37 38 27 2 30 31 23 58 59 25 26 61 17 18 19 20 21 22 53 54 55 56 9 49 50 11 12 52 44 45 64 48 39 40 41 42 63 28 29 62 32 60 57 51 
4 9 13 1 17 18 19 23 2 27 28 29 3 33 34 35 5 6 7 39 40 41 8 43 44 45 10 11 12 49 50 51 14 15 16 53 54 55 20 21 22 57 24 25 26 58 59 60 30 31 32 62 36 37 38 63 42 46 47 48 64 52 56 61 
5 31 14 17 1 20 21 47 50 12 52 10 33 3 36 37 4 39 40 6 7 42 59 26 61 24 29 62 27 32 2 30 13 53 54 15 16 56 18 19 57 22 45 64 43 48 8 46 51 9 49 11 34 35 63 38 41 60 23 58 25 28 55 44 
6 11 38 18 20 7 22 48 28 30 12 32 55 56 3 15 39 19 41 21 42 1 60 61 8 25 49 29 51 31 52 2 63 13 34 14 36 16 40 57 4 5 64 23 44 24 46 26 50 62 9 10 33 53 35 37 17 43 58 45 47 27 54 59 
7 12 16 19 21 22 1 26 29 31 32 2 35 37 38 3 40 41 4 42 5 6 45 47 48 8 50 51 9 52 10 11 54 55 13 56 14 15 57 17 18 20 59 60 23 61 24 25 62 27 28 30 63 33 34 36 39 64 43 44 46 49 53 58 
8 56 2 23 24 25 26 20 63 38 14 36 9 10 11 12 43 44 45 46 47 48 39 6 21 42 55 33 53 3 15 37 27 28 29 30 31 32 58 59 60 61 18 40 57 7 22 5 13 34 54 16 49 50 51 52 64 19 41 17 1 35 62 4 
9 18 23 2 27 28 29 55 6 39 19 41 8 43 44 45 10 11 12 49 50 51 38 63 13 34 20 7 22 40 57 4 24 25 26 58 59 60 30 31 32 62 56 3 15 33 53 35 21 42 1 17 46 47 48 64 52 14 36 16 54 5 61 37 
10 42 24 27 2 30 31 36 57 22 5 20 43 8 46 47 9 49 50 11 12 52 53 15 37 56 41 17 39 1 6 21 23 58 59 25 26 61 28 29 62 32 34 54 63 16 38 14 4 18 40 7 44 45 64 48 51 35 55 33 3 19 60 13 
11 7 48 28 30 12 32 16 19 21 22 1 60 61 8 25 49 29 51 31 52 2 35 37 38 3 40 41 4 42 5 6 64 23 44 24 46 26 50 62 9 10 54 55 13 56 14 15 57 17 18 20 43 58 45 47 27 63 33 34 36 39 59 53 
12 22 26 29 31 32 2 15 41 42 1 6 45 47 48 8 50 51 9 52 10 11 34 36 16 38 57 4 18 5 20 7 59 60 23 61 24 25 62 27 28 30 53 35 55 37 56 3 17 39 19 21 64 43 44 46 49 54 63 13 14 40 58 33 
13 43 4 3 33 34 35 27 24 23 58 59 1 17 18 19 14 15 16 53 54 55 10 9 49 50 8 46 47 44 45 64 5 6 7 39 40 41 36 37 38 63 2 30 31 28 29 62 25 26 61 60 20 21 22 57 56 11 12 52 51 48 42 32 
14 26 5 33 3 36 37 12 45 47 48 8 17 1 20 21 13 53 54 15 16 56 29 31 32 2 59 60 23 61 24 25 4 39 40 6 7 42 34 35 63 38 50 51 9 52 10 11 64 43 44 46 18 19 57 22 55 62 27 28 30 58 41 49 
15 46 22 34 36 16 38 52 58 25 47 61 41 42 1 6 53 35 55 37 56 3 62 32 10 30 44 59 64 26 48 24 57 4 18 5 20 7 54 63 13 14 51 27 49 2 11 31 45 60 43 8 17 39 19 21 33 9 28 50 12 23 40 29 
16 47 7 35 37 38 3 31 59 26 61 24 19 21 22 1 54 55 13 56 14 15 50 12 52 10 45 64 43 48 8 46 40 41 4 42 5 6 63 33 34 36 29 62 27 32 2 30 60 23 58 25 57 17 18 20 53 51 9 49 11 44 39 28 
17 50 33 5 4 39 40 59 31 29 62 27 14 13 53 54 1 20 21 18 19 57 47 45 64 43 12 52 10 51 9 49 3 36 37 34 35 63 6 7 42 41 26 61 24 60 23 58 32 2 30 28 15 16 56 55 22 48 8 46 44 11 38 25 
18 28 55 6 39 19 41 60 11 49 29 51 38 63 13 34 20 7 22 40 57 4 48 64 23 44 30 12 32 50 62 9 56 3 15 33 53 35 21 42 1 17 61 8 25 43 58 45 31 52 2 27 14 36 16 54 5 24 46 26 59 10 37 47 
19 29 35 7 40 41 4 45 12 50 51 9 16 54 55 13 21 22 1 57 17 18 26 59 60 23 31 32 2 62 27 28 37 38 3 63 33 34 42 5 6 39 47 48 8 64 43 44 52 10 11 49 56 14 15 53 20 61 24 25 58 30 36 46 
20 52 56 39 6 21 42 46 62 32 10 30 63 38 14 36 18 40 57 7 22 5 58 25 47 61 51 27 49 2 11 31 55 33 53 3 15 37 19 41 17 1 44 59 64 26 48 24 9 28 50 12 13 34 54 16 4 45 60 43 8 29 35 23 
21 10 37 40 7 42 5 24 27 2 30 31 54 16 56 14 19 57 17 22 1 20 43 8 46 47 9 49 50 11 12 52 35 63 33 38 3 36 41 4 39 6 23 58 59 25 26 61 28 29 62 32 55 13 53 15 18 44 45 64 48 51 34 60 
22 32 15 41 42 1 6 25 51 52 2 11 34 36 16 38 57 4 18 5 20 7 44 46 26 48 62 9 28 10 30 12 53 35 55 37 56 3 17 39 19 21 58 45 60 47 61 8 27 49 29 31 54 63 13 14 40 59 64 23 24 50 33 43 
23 63 9 8 43 44 45 39 56 55 33 53 2 27 28 29 24 25 26 58 59 60 20 18 40 57 38 14 36 13 34 54 10 11 12 49 50 51 46 47 48 64 6 21 42 19 41 17 3 15 37 35 30 31 32 62 61 7 22 5 4 16 52 1 
24 15 10 43 8 46 47 22 34 36 16 38 27 2 30 31 23 58 59 25 26 61 41 42 1 6 53 35 55 37 56 3 9 49 50 11 12 52 44 45 64 48 57 4 18 5 20 7 54 63 13 14 28 29 62 32 60 17 39 19 21 33 51 40 
25 14 32 44 46 26 48 5 33 3 36 37 51 52 2 11 58 45 60 47 61 8 17 1 20 21 13 53 54 15 16 56 62 9 28 10 30 12 59 64 23 24 4 39 40 6 7 42 34 35 63 38 27 49 29 31 43 18 19 57 22 55 50 41 
26 36 12 45 47 48 8 42 53 15 37 56 29 31 32 2 59 60 23 61 24 25 57 22 5 20 34 54 63 16 38 14 50 51 9 52 10 11 64 43 44 46 41 17 39 1 6 21 35 55 33 3 62 27 28 30 58 4 18 40 7 13 49 19 
27 57 43 10 9 49 50 53 42 41 17 39 24 23 58 59 2 30 31 28 29 62 36 34 54 63 22 5 20 4 18 40 8 46 47 44 45 64 11 12 52 51 15 37 56 35 55 33 1 6 21 19 25 26 61 60 32 16 38 14 13 7 48 3 
28 19 60 11 49 29 51 35 7 40 41 4 48 64 23 44 30 12 32 50 62 9 16 54 55 13 21 22 1 57 17 18 61 8 25 43 58 45 31 52 2 27 37 38 3 63 33 34 42 5 6 39 24 46 26 59 10 56 14 15 53 20 47 36 
29 41 45 12 50 51 9 34 22 57 4 18 26 59 60 23 31 32 2 62 27 28 15 53 35 55 42 1 6 17 39 19 47 48 8 64 43 44 52 10 11 49 36 16 38 54 63 13 5 20 7 40 61 24 25 58 30 37 56 3 33 21 46 14 
30 5 61 49 11 31 52 14 17 1 20 21 64 48 24 46 28 50 62 12 32 10 33 3 36 37 4 39 40 6 7 42 60 43 58 8 25 47 29 51 27 2 13 53 54 15 16 56 18 19 57 22 23 44 59 26 9 34 35 63 38 41 45 55 
31 20 47 50 12 52 10 56 39 6 21 42 59 26 61 24 29 62 27 32 2 30 63 38 14 36 18 40 57 7 22 5 45 64 43 48 8 46 51 9 49 11 55 33 53 3 15 37 19 41 17 1 60 23 58 25 28 13 34 54 16 4 44 35 
32 1 25 51 52 2 11 3 4 5 6 7 44 46 26 48 62 9 28 10 30 12 13 14 15 16 17 18 19 20 21 22 58 45 60 47 61 8 27 49 29 31 33 34 35 36 37 38 39 40 41 42 59 64 23 24 50 53 54 55 56 57 43 63 
33 45 17 14 13 53 54 29 26 59 60 23 5 4 39 40 3 36 37 34 35 63 12 50 51 9 47 48 8 64 43 44 1 20 21 18 19 57 15 16 56 55 31 32 2 62 27 28 61 24 25 58 6 7 42 41 38 52 10 11 49 46 22 30 
34 58 41 15 53 35 55 62 46 44 59 64 22 57 4 18 36 16 38 54 63 13 52 51 27 49 25 47 61 45 60 43 42 1 6 17 39 19 37 56 3 33 32 10 30 9 28 50 26 48 24 23 5 20 7 40 14 2 11 31 29 8 21 12 
35 59 19 16 54 55 13 50 47 45 64 43 7 40 41 4 37 38 3 63 33 34 31 29 62 27 26 61 24 60 23 58 21 22 1 57 17 18 56 14 15 53 12 52 10 51 9 49 48 8 46 44 42 5 6 39 36 32 2 30 28 25 20 11 
36 48 42 53 15 37 56 11 60 61 8 25 57 22 5 20 34 54 63 16 38 14 28 30 12 32 64 23 44 24 46 26 41 17 39 1 6 21 35 55 33 3 49 29 51 31 52 2 43 58 45 47 4 18 40 7 13 50 62 9 10 59 19 27 
37 8 21 54 16 56 14 2 23 24 25 26 40 7 42 5 35 63 33 38 3 36 9 10 11 12 43 44 45 46 47 48 19 57 17 22 1 20 55 13 53 15 27 28 29 30 31 32 58 59 60 61 41 4 39 6 34 49 50 51 52 64 18 62 
38 61 6 55 56 3 15 30 64 48 24 46 18 20 7 22 63 13 34 14 36 16 49 11 31 52 60 43 58 8 25 47 39 19 41 21 42 1 33 53 35 37 28 50 62 12 32 10 23 44 59 26 40 57 4 5 54 29 51 27 2 45 17 9 
39 62 63 20 18 40 57 58 52 51 27 49 56 55 33 53 6 21 42 19 41 17 46 44 59 64 32 10 30 9 28 50 38 14 36 13 34 54 7 22 5 4 25 47 61 45 60 43 2 11 31 29 3 15 37 35 1 26 48 24 23 12 16 8 
40 27 54 21 19 57 17 43 10 9 49 50 37 35 63 33 7 42 5 41 4 39 24 23 58 59 2 30 31 28 29 62 16 56 14 55 13 53 22 1 20 18 8 46 47 44 45 64 11 12 52 51 38 3 36 34 6 25 26 61 60 32 15 48 
41 51 34 22 57 4 18 44 32 62 9 28 15 53 35 55 42 1 6 17 39 19 25 58 45 60 52 2 11 27 49 29 36 16 38 54 63 13 5 20 7 40 46 26 48 59 64 23 10 30 12 50 37 56 3 33 21 47 61 8 43 31 14 24 
42 30 36 57 22 5 20 61 49 11 31 52 53 15 37 56 41 17 39 1 6 21 64 48 24 46 28 50 62 12 32 10 34 54 63 16 38 14 4 18 40 7 60 43 58 8 25 47 29 51 27 2 35 55 33 3 19 23 44 59 26 9 13 45 
43 34 27 24 23 58 59 41 15 53 35 55 10 9 49 50 8 46 47 44 45 64 22 57 4 18 36 16 38 54 63 13 2 30 31 28 29 62 25 26 61 60 42 1 6 17 39 19 37 56 3 33 11 12 52 51 48 5 20 7 40 14 32 21 
44 33 51 25 58 45 60 17 14 13 53 54 32 62 9 28 46 26 48 59 64 23 5 4 39 40 3 36 37 34 35 63 52 2 11 27 49 29 47 61 8 43 1 20 21 18 19 57 15 16 56 55 10 30 12 50 24 6 7 42 41 38 31 22 
45 53 29 26 59 60 23 57 36 34 54 63 12 50 51 9 47 48 8 64 43 44 42 41 17 39 15 37 56 35 55 33 31 32 2 62 27 28 61 24 25 58 22 5 20 4 18 40 16 38 14 13 52 10 11 49 46 1 6 21 19 3 30 7 
46 16 52 58 25 47 61 7 35 37 38 3 62 32 10 30 44 59 64 26 48 24 19 21 22 1 54 55 13 56 14 15 51 27 49 2 11 31 45 60 43 8 40 41 4 42 5 6 63 33 34 36 9 28 50 12 23 57 17 18 20 53 29 39 
47 38 31 59 26 61 24 6 55 56 3 15 50 12 52 10 45 64 43 48 8 46 18 20 7 22 63 13 34 14 36 16 29 62 27 32 2 30 60 23 58 25 39 19 41 21 42 1 33 53 35 37 51 9 49 11 44 40 57 4 5 54 28 17 
48 37 11 60 61 8 25 21 54 16 56 14 28 30 12 32 64 23 44 24 46 26 40 7 42 5 35 63 33 38 3 36 49 29 51 31 52 2 43 58 45 47 19 57 17 22 1 20 55 13 53 15 50 62 9 10 59 41 4 39 6 34 27 18 
49 17 64 30 28 50 62 33 5 4 39 40 61 60 43 58 11 31 52 29 51 27 14 13 53 54 1 20 21 18 19 57 48 24 46 23 44 59 12 32 10 9 3 36 37 34 35 63 6 7 42 41 8 25 47 45 2 15 16 56 55 22 26 38 
50 39 59 31 29 62 27 63 20 18 40 57 47 45 64 43 12 52 10 51 9 49 56 55 33 53 6 21 42 19 41 17 26 61 24 60 23 58 32 2 30 28 38 14 36 13 34 54 7 22 5 4 48 8 46 44 11 3 15 37 35 1 25 16 
51 4 44 32 62 9 28 13 1 17 18 19 25 58 45 60 52 2 11 27 49 29 3 33 34 35 5 6 7 39 40 41 46 26 48 59 64 23 10 30 12 50 14 15 16 53 54 55 20 21 22 57 47 61 8 43 31 36 37 38 63 42 24 56 
52 21 46 62 32 10 30 37 40 7 42 5 58 25 47 61 51 27 49 2 11 31 54 16 56 14 19 57 17 22 1 20 44 59 64 26 48 24 9 28 50 12 35 63 33 38 3 36 41 4 39 6 45 60 43 8 29 55 13 53 15 18 23 34 
53 60 57 36 34 54 63 28 48 64 23 44 42 41 17 39 15 37 56 35 55 33 11 49 29 51 61 8 25 43 58 45 22 5 20 4 18 40 16 38 14 13 30 12 32 50 62 9 24 46 26 59 1 6 21 19 3 31 52 2 27 47 7 10 
54 23 40 37 35 63 33 9 8 43 44 45 21 19 57 17 16 56 14 55 13 53 2 27 28 29 24 25 26 58 59 60 7 42 5 41 4 39 38 3 36 34 10 11 12 49 50 51 46 47 48 64 22 1 20 18 15 30 31 32 62 61 6 52 
55 64 18 38 63 13 34 49 61 60 43 58 6 39 19 41 56 3 15 33 53 35 30 28 50 62 48 24 46 23 44 59 20 7 22 40 57 4 14 36 16 54 11 31 52 29 51 27 8 25 47 45 21 42 1 17 37 12 32 10 9 26 5 2 
56 25 20 63 38 14 36 32 44 46 26 48 39 6 21 42 55 33 53 3 15 37 51 52 2 11 58 45 60 47 61 8 18 40 57 7 22 5 13 34 54 16 62 9 28 10 30 12 59 64 23 24 19 41 17 1 35 27 49 29 31 43 4 50 
57 49 53 42 41 17 39 64 30 28 50 62 36 34 54 63 22 5 20 4 18 40 61 60 43 58 11 31 52 29 51 27 15 37 56 35 55 33 1 6 21 19 48 24 46 23 44 59 12 32 10 9 16 38 14 13 7 8 25 47 45 2 3 26 
58 35 62 46 44 59 64 19 16 54 55 13 52 51 27 49 25 47 61 45 60 43 7 40 41 4 37 38 3 63 33 34 32 10 30 9 28 50 26 48 24 23 21 22 1 57 17 18 56 14 15 53 2 11 31 29 8 42 5 6 39 36 12 20 
59 55 50 47 45 64 43 18 38 63 13 34 31 29 62 27 26 61 24 60 23 58 6 39 19 41 56 3 15 33 53 35 12 52 10 51 9 49 48 8 46 44 20 7 22 40 57 4 14 36 16 54 32 2 30 28 25 21 42 1 17 37 11 5 
60 54 28 48 64 23 44 40 37 35 63 33 11 49 29 51 61 8 25 43 58 45 21 19 57 17 16 56 14 55 13 53 30 12 32 50 62 9 24 46 26 59 7 42 5 41 4 39 38 3 36 34 31 52 2 27 47 22 1 20 18 15 10 6 
61 3 30 64 48 24 46 1 13 14 15 16 49 11 31 52 60 43 58 8 25 47 4 5 6 7 33 34 35 36 37 38 28 50 62 12 32 10 23 44 59 26 17 18 19 20 21 22 53 54 55 56 29 51 27 2 45 39 40 41 42 63 9 57 
62 40 58 52 51 27 49 54 21 19 57 17 46 44 59 64 32 10 30 9 28 50 37 35 63 33 7 42 5 41 4 39 25 47 61 45 60 43 2 11 31 29 16 56 14 55 13 53 22 1 20 18 26 48 24 23 12 38 3 36 34 6 8 15 
63 44 39 56 55 33 53 51 25 58 45 60 20 18 40 57 38 14 36 13 34 54 32 62 9 28 46 26 48 59 64 23 6 21 42 19 41 17 3 15 37 35 52 2 11 27 49 29 47 61 8 43 7 22 5 4 16 10 30 12 50 24 1 31 
64 13 49 61 60 43 58 4 3 33 34 35 30 28 50 62 48 24 46 23 44 59 1 17 18 19 14 15 16 53 54 55 11 31 52 29 51 27 8 25 47 45 5 6 7 39 40 41 36 37 38 63 12 32 10 9 26 20 21 22 57 56 2 42 
1
0 1 

1 4 
1 
5 
7 
21 
2 8 
1 5 
1 7 
1 21 
5 7 
5 21 
6 22 
7 21 
20 42 
3 12 
1 5 7 
1 5 21 
1 6 22 
1 7 21 
1 20 42 
5 6 22 
5 7 21 
5 20 42 
6 7 22 
6 21 22 
7 20 42 
20 21 42 
4 14 
1 5 6 22 
1 5 7 21 
1 5 20 42 
1 6 7 22 
1 6 21 22 
1 7 20 42 
1 20 21 42 
5 6 7 22 
5 6 21 22 
5 7 20 42 
5 20 21 42 
6 7 21 22 
6 20 22 42 
7 20 21 42 
5 12 
1 5 6 7 22 
1 5 6 21 22 
1 5 7 20 42 
1 5 20 21 42 
1 6 7 21 22 
1 6 20 22 42 
1 7 20 21 42 
5 6 7 21 22 
5 6 20 22 42 
5 7 20 21 42 
6 7 20 22 42 
6 20 21 22 42 
6 8 
1 5 6 7 21 22 
1 5 6 20 22 42 
1 5 7 20 21 42 
1 6 7 20 22 42 
1 6 20 21 22 42 
5 6 7 20 22 42 
5 6 20 21 22 42 
6 7 20 21 22 42 
7 4 
1 5 6 7 20 22 42 
1 5 6 20 21 22 42 
1 6 7 20 21 22 42 
5 6 7 20 21 22 42 
8 1 
1 5 6 7 20 21 22 42 
2
0 1 

1 1 

2 4 
2 32 
10 30 
11 12 
31 52 
3 1 

4 6 
2 10 30 32 
2 11 12 32 
2 31 32 52 
10 11 12 30 
10 30 31 52 
11 12 31 52 
5 1 

6 4 
2 10 11 12 30 32 
2 10 30 31 32 52 
2 11 12 31 32 52 
10 11 12 30 31 52 
7 1 

8 1 
2 10 11 12 30 31 32 52 
3
0 1 

1 8 
3 
14 
15 
16 
36 
37 
38 
56 
2 28 
3 14 
3 15 
3 16 
3 36 
3 37 
3 38 
3 56 
14 15 
14 16 
14 36 
14 37 
14 38 
14 56 
15 16 
15 36 
15 37 
15 38 
15 56 
16 36 
16 37 
16 38 
16 56 
36 37 
36 38 
36 56 
37 38 
37 56 
38 56 
3 56 
3 14 15 
3 14 16 
3 14 36 
3 14 37 
3 14 38 
3 14 56 
3 15 16 
3 15 36 
3 15 37 
3 15 38 
3 15 56 
3 16 36 
3 16 37 
3 16 38 
3 16 56 
3 36 37 
3 36 38 
3 36 56 
3 37 38 
3 37 56 
3 38 56 
14 15 16 
14 15 36 
14 15 37 
14 15 38 
14 15 56 
14 16 36 
14 16 37 
14 16 38 
14 16 56 
14 36 37 
14 36 38 
14 36 56 
14 37 38 
14 37 56 
14 38 56 
15 16 36 
15 16 37 
15 16 38 
15 16 56 
15 36 37 
15 36 38 
15 36 56 
15 37 38 
15 37 56 
15 38 56 
16 36 37 
16 36 38 
16 36 56 
16 37 38 
16 37 56 
16 38 56 
36 37 38 
36 37 56 
36 38 56 
37 38 56 
4 70 
3 14 15 16 
3 14 15 36 
3 14 15 37 
3 14 15 38 
3 14 15 56 
3 14 16 36 
3 14 16 37 
3 14 16 38 
3 14 16 56 
3 14 36 37 
3 14 36 38 
3 14 36 56 
3 14 37 38 
3 14 37 56 
3 14 38 56 
3 15 16 36 
3 15 16 37 
3 15 16 38 
3 15 16 56 
3 15 36 37 
3 15 36 38 
3 15 36 56 
3 15 37 38 
3 15 37 56 
3 15 38 56 
3 16 36 37 
3 16 36 38 
3 16 36 56 
3 16 37 38 
3 16 37 56 
3 16 38 56 
3 36 37 38 
3 36 37 56 
3 36 38 56 
3 37 38 56 
14 15 16 36 
14 15 16 37 
14 15 16 38 
14 15 16 56 
14 15 36 37 
14 15 36 38 
14 15 36 56 
14 15 37 38 
14 15 37 56 
14 15 38 56 
14 16 36 37 
14 16 36 38 
14 16 36 56 
14 16 37 38 
14 16 37 56 
14 16 38 56 
14 36 37 38 
14 36 37 56 
14 36 38 56 
14 37 38 56 
15 16 36 37 
15 16 36 38 
15 16 36 56 
15 16 37 38 
15 16 37 56 
15 16 38 56 
15 36 37 38 
15 36 37 56 
15 36 38 56 
15 37 38 56 
16 36 37 38 
16 36 37 56 
16 36 38 56 
16 37 38 56 
36 37 38 56 
5 56 
3 14 15 16 36 
3 14 15 16 37 
3 14 15 16 38 
3 14 15 16 56 
3 14 15 36 37 
3 14 15 36 38 
3 14 15 36 56 
3 14 15 37 38 
3 14 15 37 56 
3 14 15 38 56 
3 14 16 36 37 
3 14 16 36 38 
3 14 16 36 56 
3 14 16 37 38 
3 14 16 37 56 
3 14 16 38 56 
3 14 36 37 38 
3 14 36 37 56 
3 14 36 38 56 
3 14 37 38 56 
3 15 16 36 37 
3 15 16 36 38 
3 15 16 36 56 
3 15 16 37 38 
3 15 16 37 56 
3 15 16 38 56 
3 15 36 37 38 
3 15 36 37 56 
3 15 36 38 56 
3 15 37 38 56 
3 16 36 37 38 
3 16 36 37 56 
3 16 36 38 56 
3 16 37 38 56 
3 36 37 38 56 
14 15 16 36 37 
14 15 16 36 38 
14 15 16 36 56 
14 15 16 37 38 
14 15 16 37 56 
14 15 16 38 56 
14 15 36 37 38 
14 15 36 37 56 
14 15 36 38 56 
14 15 37 38 56 
14 16 36 37 38 
14 16 36 37 56 
14 16 36 38 56 
14 16 37 38 56 
14 36 37 38 56 
15 16 36 37 38 
15 16 36 37 56 
15 16 36 38 56 
15 16 37 38 56 
15 36 37 38 56 
16 36 37 38 56 
6 28 
3 14 15 16 36 37 
3 14 15 16 36 38 
3 14 15 16 36 56 
3 14 15 16 37 38 
3 14 15 16 37 56 
3 14 15 16 38 56 
3 14 15 36 37 38 
3 14 15 36 37 56 
3 14 15 36 38 56 
3 14 15 37 38 56 
3 14 16 36 37 38 
3 14 16 36 37 56 
3 14 16 36 38 56 
3 14 16 37 38 56 
3 14 36 37 38 56 
3 15 16 36 37 38 
3 15 16 36 37 56 
3 15 16 36 38 56 
3 15 16 37 38 56 
3 15 36 37 38 56 
3 16 36 37 38 56 
14 15 16 36 37 38 
14 15 16 36 37 56 
14 15 16 36 38 56 
14 15 16 37 38 56 
14 15 36 37 38 56 
14 16 36 37 38 56 
15 16 36 37 38 56 
7 8 
3 14 15 16 36 37 38 
3 14 15 16 36 37 56 
3 14 15 16 36 38 56 
3 14 15 16 37 38 56 
3 14 15 36 37 38 56 
3 14 16 36 37 38 56 
3 15 16 36 37 38 56 
14 15 16 36 37 38 56 
8 1 
3 14 15 16 36 37 38 56 
4
0 1 

1 4 
4 
17 
19 
40 
2 8 
4 17 
4 19 
4 40 
17 19 
17 40 
18 41 
19 40 
39 57 
3 12 
4 17 19 
4 17 40 
4 18 41 
4 19 40 
4 39 57 
17 18 41 
17 19 40 
17 39 57 
18 19 41 
18 40 41 
19 39 57 
39 40 57 
4 14 
4 17 18 41 
4 17 19 40 
4 17 39 57 
4 18 19 41 
4 18 40 41 
4 19 39 57 
4 39 40 57 
17 18 19 41 
17 18 40 41 
17 19 39 57 
17 39 40 57 
18 19 40 41 
18 39 41 57 
19 39 40 57 
5 12 
4 17 18 19 41 
4 17 18 40 41 
4 17 19 39 57 
4 17 39 40 57 
4 18 19 40 41 
4 18 39 41 57 
4 19 39 40 57 
17 18 19 40 41 
17 18 39 41 57 
17 19 39 40 57 
18 19 39 41 57 
18 39 40 41 57 
6 8 
4 17 18 19 40 41 
4 17 18 39 41 57 
4 17 19 39 40 57 
4 18 19 39 41 57 
4 18 39 40 41 57 
17 18 19 39 41 57 
17 18 39 40 41 57 
18 19 39 40 41 57 
7 4 
4 17 18 19 39 41 57 
4 17 18 39 40 41 57 
4 18 19 39 40 41 57 
17 18 19 39 40 41 57 
8 1 
4 17 18 19 39 40 41 57 
5
0 1 

1 1 

2 4 
8 61 
24 25 
26 46 
47 48 
3 1 

4 6 
8 24 25 61 
8 26 46 61 
8 47 48 61 
24 25 26 46 
24 25 47 48 
26 46 47 48 
5 1 

6 4 
8 24 25 26 46 61 
8 24 25 47 48 61 
8 26 46 47 48 61 
24 25 26 46 47 48 
7 1 

8 1 
8 24 25 26 46 47 48 61 
6
0 1 

1 1 

2 4 
9 51 
27 49 
28 29 
50 62 
3 1 

4 6 
9 27 49 51 
9 28 29 51 
9 50 51 62 
27 28 29 49 
27 49 50 62 
28 29 50 62 
5 1 

6 4 
9 27 28 29 49 51 
9 27 49 50 51 62 
9 28 29 50 51 62 
27 28 29 49 50 62 
7 1 

8 1 
9 27 28 29 49 50 51 62 
7
0 1 

1 8 
13 
33 
34 
35 
53 
54 
55 
63 
2 28 
13 33 
13 34 
13 35 
13 53 
13 54 
13 55 
13 63 
33 34 
33 35 
33 53 
33 54 
33 55 
33 63 
34 35 
34 53 
34 54 
34 55 
34 63 
35 53 
35 54 
35 55 
35 63 
53 54 
53 55 
53 63 
54 55 
54 63 
55 63 
3 56 
13 33 34 
13 33 35 
13 33 53 
13 33 54 
13 33 55 
13 33 63 
13 34 35 
13 34 53 
13 34 54 
13 34 55 
13 34 63 
13 35 53 
13 35 54 
13 35 55 
13 35 63 
13 53 54 
13 53 55 
13 53 63 
13 54 55 
13 54 63 
13 55 63 
33 34 35 
33 34 53 
33 34 54 
33 34 55 
33 34 63 
33 35 53 
33 35 54 
33 35 55 
33 35 63 
33 53 54 
33 53 55 
33 53 63 
33 54 55 
33 54 63 
33 55 63 
34 35 53 
34 35 54 
34 35 55 
34 35 63 
34 53 54 
34 53 55 
34 53 63 
34 54 55 
34 54 63 
34 55 63 
35 53 54 
35 53 55 
35 53 63 
35 54 55 
35 54 63 
35 55 63 
53 54 55 
53 54 63 
53 55 63 
54 55 63 
4 70 
13 33 34 35 
13 33 34 53 
13 33 34 54 
13 33 34 55 
13 33 34 63 
13 33 35 53 
13 33 35 54 
13 33 35 55 
13 33 35 63 
13 33 53 54 
13 33 53 55 
13 33 53 63 
13 33 54 55 
13 33 54 63 
13 33 55 63 
13 34 35 53 
13 34 35 54 
13 34 35 55 
13 34 35 63 
13 34 53 54 
13 34 53 55 
13 34 53 63 
13 34 54 55 
13 34 54 63 
13 34 55 63 
13 35 53 54 
13 35 53 55 
13 35 53 63 
13 35 54 55 
13 35 54 63 
13 35 55 63 
13 53 54 55 
13 53 54 63 
13 53 55 63 
13 54 55 63 
33 34 35 53 
33 34 35 54 
33 34 35 55 
33 34 35 63 
33 34 53 54 
33 34 53 55 
33 34 53 63 
33 34 54 55 
33 34 54 63 
33 34 55 63 
33 35 53 54 
33 35 53 55 
33 35 53 63 
33 35 54 55 
33 35 54 63 
33 35 55 63 
33 53 54 55 
33 53 54 63 
33 53 55 63 
33 54 55 63 
34 35 53 54 
34 35 53 55 
34 35 53 63 
34 35 54 55 
34 35 54 63 
34 35 55 63 
34 53 54 55 
34 53 54 63 
34 53 55 63 
34 54 55 63 
35 53 54 55 
35 53 54 63 
35 53 55 63 
35 54 55 63 
53 54 55 63 
5 56 
13 33 34 35 53 
13 33 34 35 54 
13 33 34 35 55 
13 33 34 35 63 
13 33 34 53 54 
13 33 34 53 55 
13 33 34 53 63 
13 33 34 54 55 
13 33 34 54 63 
13 33 34 55 63 
13 33 35 53 54 
13 33 35 53 55 
13 33 35 53 63 
13 33 35 54 55 
13 33 35 54 63 
13 33 35 55 63 
13 33 53 54 55 
13 33 53 54 63 
13 33 53 55 63 
13 33 54 55 63 
13 34 35 53 54 
13 34 35 53 55 
13 34 35 53 63 
13 34 35 54 55 
13 34 35 54 63 
13 34 35 55 63 
13 34 53 54 55 
13 34 53 54 63 
13 34 53 55 63 
13 34 54 55 63 
13 35 53 54 55 
13 35 53 54 63 
13 35 53 55 63 
13 35 54 55 63 
13 53 54 55 63 
33 34 35 53 54 
33 34 35 53 55 
33 34 35 53 63 
33 34 35 54 55 
33 34 35 54 63 
33 34 35 55 63 
33 34 53 54 55 
33 34 53 54 63 
33 34 53 55 63 
33 34 54 55 63 
33 35 53 54 55 
33 35 53 54 63 
33 35 53 55 63 
33 35 54 55 63 
33 53 54 55 63 
34 35 53 54 55 
34 35 53 54 63 
34 35 53 55 63 
34 35 54 55 63 
34 53 54 55 63 
35 53 54 55 63 
6 28 
13 33 34 35 53 54 
13 33 34 35 53 55 
13 33 34 35 53 63 
13 33 34 35 54 55 
13 33 34 35 54 63 
13 33 34 35 55 63 
13 33 34 53 54 55 
13 33 34 53 54 63 
13 33 34 53 55 63 
13 33 34 54 55 63 
13 33 35 53 54 55 
13 33 35 53 54 63 
13 33 35 53 55 63 
13 33 35 54 55 63 
13 33 53 54 55 63 
13 34 35 53 54 55 
13 34 35 53 54 63 
13 34 35 53 55 63 
13 34 35 54 55 63 
13 34 53 54 55 63 
13 35 53 54 55 63 
33 34 35 53 54 55 
33 34 35 53 54 63 
33 34 35 53 55 63 
33 34 35 54 55 63 
33 34 53 54 55 63 
33 35 53 54 55 63 
34 35 53 54 55 63 
7 8 
13 33 34 35 53 54 55 
13 33 34 35 53 54 63 
13 33 34 35 53 55 63 
13 33 34 35 54 55 63 
13 33 34 53 54 55 63 
13 33 35 53 54 55 63 
13 34 35 53 54 55 63 
33 34 35 53 54 55 63 
8 1 
13 33 34 35 53 54 55 63 
8
0 1 

1 1 

2 4 
23 64 
43 44 
45 58 
59 60 
3 1 

4 6 
23 43 44 64 
23 45 58 64 
23 59 60 64 
43 44 45 58 
43 44 59 60 
45 58 59 60 
5 1 

6 4 
23 43 44 45 58 64 
23 43 44 59 60 64 
23 45 58 59 60 64 
43 44 45 58 59 60 
7 1 

8 1 
23 43 44 45 58 59 60 64 
