//Table for grp 93:
57
0 0 2 2 4 4 2 4 
0 0 2 4 4 2 4 2 
0 0 4 2 2 4 4 2 
0 0 4 4 2 2 2 4 
0 2 0 2 4 2 4 4 
0 2 0 4 4 4 2 2 
0 2 2 0 2 4 4 4 
0 2 2 2 2 2 2 6 
0 2 2 2 2 2 6 2 
0 2 2 2 2 6 2 2 
0 2 2 2 6 2 2 2 
0 2 2 4 2 0 4 4 
0 2 2 4 2 4 0 4 
0 2 2 4 2 4 4 0 
0 2 2 6 2 2 2 2 
0 2 4 0 4 4 2 2 
0 2 4 2 0 2 4 4 
0 2 4 2 4 2 0 4 
0 2 4 2 4 2 4 0 
0 2 4 4 0 4 2 2 
0 2 4 4 4 0 2 2 
0 2 6 2 2 2 2 2 
0 4 0 2 2 4 4 2 
0 4 0 4 2 2 2 4 
0 4 2 0 4 2 4 2 
0 4 2 2 0 4 2 4 
0 4 2 2 4 0 2 4 
0 4 2 2 4 4 2 0 
0 4 2 4 0 2 4 2 
0 4 2 4 4 2 0 2 
0 4 4 0 2 2 2 4 
0 4 4 2 2 0 4 2 
0 4 4 2 2 4 0 2 
0 4 4 4 2 2 2 0 
0 6 2 2 2 2 2 2 
2 0 2 2 2 2 4 4 
2 0 2 4 2 4 2 2 
2 0 4 2 4 2 2 2 
2 2 0 2 2 4 2 4 
2 2 0 4 2 2 4 2 
2 2 2 0 4 2 2 4 
2 2 2 2 0 4 4 2 
2 2 2 2 4 0 4 2 
2 2 2 2 4 4 0 2 
2 2 2 4 0 2 2 4 
2 2 2 4 4 2 2 0 
2 2 4 0 2 2 4 2 
2 2 4 2 2 0 2 4 
2 2 4 2 2 4 2 0 
2 2 4 4 2 2 0 2 
2 4 0 2 4 2 2 2 
2 4 2 0 2 4 2 2 
2 4 2 2 2 2 0 4 
2 4 2 2 2 2 4 0 
2 4 2 4 2 0 2 2 
2 4 4 2 0 2 2 2 
4 2 2 2 2 2 2 2 
1 2 3 4 5 6 7 8 9 10 11 12 13 14 15 16 17 18 19 20 21 22 23 24 25 26 27 28 29 30 31 32 33 34 35 36 37 38 39 40 41 42 43 44 45 46 47 48 49 50 51 52 53 54 55 56 57 58 59 60 61 62 63 64 
2 6 8 9 10 11 12 38 18 20 7 22 23 24 25 26 27 28 29 30 31 32 55 56 3 15 39 19 41 21 42 1 43 44 45 46 47 48 49 50 51 52 63 13 34 14 36 16 40 57 4 5 58 59 60 61 62 33 53 35 37 17 64 54 
3 24 7 13 14 15 16 31 43 8 46 47 19 21 22 1 33 34 35 36 37 38 50 12 52 10 23 58 59 25 26 61 40 41 4 42 5 6 53 54 55 56 29 62 27 32 2 30 44 45 64 48 57 17 18 20 63 51 9 49 11 60 39 28 
4 9 13 1 17 18 19 23 2 27 28 29 3 33 34 35 5 6 7 39 40 41 8 43 44 45 10 11 12 49 50 51 14 15 16 53 54 55 20 21 22 57 24 25 26 58 59 60 30 31 32 62 36 37 38 63 42 46 47 48 64 52 56 61 
5 31 14 17 1 20 21 47 50 12 52 10 33 3 36 37 4 39 40 6 7 42 59 26 61 24 29 62 27 32 2 30 13 53 54 15 16 56 18 19 57 22 45 64 43 48 8 46 51 9 49 11 34 35 63 38 41 60 23 58 25 28 55 44 
6 11 38 18 20 7 22 48 28 30 12 32 55 56 3 15 39 19 41 21 42 1 60 61 8 25 49 29 51 31 52 2 63 13 34 14 36 16 40 57 4 5 64 23 44 24 46 26 50 62 9 10 33 53 35 37 17 43 58 45 47 27 54 59 
7 12 16 19 21 22 1 26 29 31 32 2 35 37 38 3 40 41 4 42 5 6 45 47 48 8 50 51 9 52 10 11 54 55 13 56 14 15 57 17 18 20 59 60 23 61 24 25 62 27 28 30 63 33 34 36 39 64 43 44 46 49 53 58 
8 56 12 23 24 25 26 42 63 38 14 36 29 31 32 2 43 44 45 46 47 48 57 22 5 20 55 33 53 3 15 37 50 51 9 52 10 11 58 59 60 61 41 17 39 1 6 21 13 34 54 16 62 27 28 30 64 4 18 40 7 35 49 19 
9 18 23 2 27 28 29 55 6 39 19 41 8 43 44 45 10 11 12 49 50 51 38 63 13 34 20 7 22 40 57 4 24 25 26 58 59 60 30 31 32 62 56 3 15 33 53 35 21 42 1 17 46 47 48 64 52 14 36 16 54 5 61 37 
10 42 24 27 2 30 31 36 57 22 5 20 43 8 46 47 9 49 50 11 12 52 53 15 37 56 41 17 39 1 6 21 23 58 59 25 26 61 28 29 62 32 34 54 63 16 38 14 4 18 40 7 44 45 64 48 51 35 55 33 3 19 60 13 
11 7 48 28 30 12 32 16 19 21 22 1 60 61 8 25 49 29 51 31 52 2 35 37 38 3 40 41 4 42 5 6 64 23 44 24 46 26 50 62 9 10 54 55 13 56 14 15 57 17 18 20 43 58 45 47 27 63 33 34 36 39 59 53 
12 22 26 29 31 32 2 15 41 42 1 6 45 47 48 8 50 51 9 52 10 11 34 36 16 38 57 4 18 5 20 7 59 60 23 61 24 25 62 27 28 30 53 35 55 37 56 3 17 39 19 21 64 43 44 46 49 54 63 13 14 40 58 33 
13 43 19 3 33 34 35 50 24 23 58 59 7 40 41 4 14 15 16 53 54 55 31 29 62 27 8 46 47 44 45 64 21 22 1 57 17 18 36 37 38 63 12 52 10 51 9 49 25 26 61 60 42 5 6 39 56 32 2 30 28 48 20 11 
14 26 21 33 3 36 37 2 45 47 48 8 40 7 42 5 13 53 54 15 16 56 9 10 11 12 59 60 23 61 24 25 19 57 17 22 1 20 34 35 63 38 27 28 29 30 31 32 64 43 44 46 41 4 39 6 55 49 50 51 52 58 18 62 
15 46 6 34 36 16 38 30 58 25 47 61 18 20 7 22 53 35 55 37 56 3 49 11 31 52 44 59 64 26 48 24 39 19 41 21 42 1 54 63 13 14 28 50 62 12 32 10 45 60 43 8 40 57 4 5 33 29 51 27 2 23 17 9 
16 47 1 35 37 38 3 10 59 26 61 24 4 5 6 7 54 55 13 56 14 15 27 2 30 31 45 64 43 48 8 46 17 18 19 20 21 22 63 33 34 36 9 49 50 11 12 52 60 23 58 25 39 40 41 42 53 28 29 62 32 44 57 51 
17 50 33 5 4 39 40 59 31 29 62 27 14 13 53 54 1 20 21 18 19 57 47 45 64 43 12 52 10 51 9 49 3 36 37 34 35 63 6 7 42 41 26 61 24 60 23 58 32 2 30 28 15 16 56 55 22 48 8 46 44 11 38 25 
18 28 55 6 39 19 41 60 11 49 29 51 38 63 13 34 20 7 22 40 57 4 48 64 23 44 30 12 32 50 62 9 56 3 15 33 53 35 21 42 1 17 61 8 25 43 58 45 31 52 2 27 14 36 16 54 5 24 46 26 59 10 37 47 
19 29 35 7 40 41 4 45 12 50 51 9 16 54 55 13 21 22 1 57 17 18 26 59 60 23 31 32 2 62 27 28 37 38 3 63 33 34 42 5 6 39 47 48 8 64 43 44 52 10 11 49 56 14 15 53 20 61 24 25 58 30 36 46 
20 52 56 39 6 21 42 46 62 32 10 30 63 38 14 36 18 40 57 7 22 5 58 25 47 61 51 27 49 2 11 31 55 33 53 3 15 37 19 41 17 1 44 59 64 26 48 24 9 28 50 12 13 34 54 16 4 45 60 43 8 29 35 23 
21 10 37 40 7 42 5 24 27 2 30 31 54 16 56 14 19 57 17 22 1 20 43 8 46 47 9 49 50 11 12 52 35 63 33 38 3 36 41 4 39 6 23 58 59 25 26 61 28 29 62 32 55 13 53 15 18 44 45 64 48 51 34 60 
22 32 15 41 42 1 6 25 51 52 2 11 34 36 16 38 57 4 18 5 20 7 44 46 26 48 62 9 28 10 30 12 53 35 55 37 56 3 17 39 19 21 58 45 60 47 61 8 27 49 29 31 54 63 13 14 40 59 64 23 24 50 33 43 
23 63 29 8 43 44 45 57 56 55 33 53 12 50 51 9 24 25 26 58 59 60 42 41 17 39 38 14 36 13 34 54 31 32 2 62 27 28 46 47 48 64 22 5 20 4 18 40 3 15 37 35 52 10 11 49 61 1 6 21 19 16 30 7 
24 15 31 43 8 46 47 6 34 36 16 38 50 12 52 10 23 58 59 25 26 61 18 20 7 22 53 35 55 37 56 3 29 62 27 32 2 30 44 45 64 48 39 19 41 21 42 1 54 63 13 14 51 9 49 11 60 40 57 4 5 33 28 17 
25 14 11 44 46 26 48 21 33 3 36 37 28 30 12 32 58 45 60 47 61 8 40 7 42 5 13 53 54 15 16 56 49 29 51 31 52 2 59 64 23 24 19 57 17 22 1 20 34 35 63 38 50 62 9 10 43 41 4 39 6 55 27 18 
26 36 2 45 47 48 8 20 53 15 37 56 9 10 11 12 59 60 23 61 24 25 39 6 21 42 34 54 63 16 38 14 27 28 29 30 31 32 64 43 44 46 18 40 57 7 22 5 35 55 33 3 49 50 51 52 58 19 41 17 1 13 62 4 
27 57 43 10 9 49 50 53 42 41 17 39 24 23 58 59 2 30 31 28 29 62 36 34 54 63 22 5 20 4 18 40 8 46 47 44 45 64 11 12 52 51 15 37 56 35 55 33 1 6 21 19 25 26 61 60 32 16 38 14 13 7 48 3 
28 19 60 11 49 29 51 35 7 40 41 4 48 64 23 44 30 12 32 50 62 9 16 54 55 13 21 22 1 57 17 18 61 8 25 43 58 45 31 52 2 27 37 38 3 63 33 34 42 5 6 39 24 46 26 59 10 56 14 15 53 20 47 36 
29 41 45 12 50 51 9 34 22 57 4 18 26 59 60 23 31 32 2 62 27 28 15 53 35 55 42 1 6 17 39 19 47 48 8 64 43 44 52 10 11 49 36 16 38 54 63 13 5 20 7 40 61 24 25 58 30 37 56 3 33 21 46 14 
30 5 61 49 11 31 52 14 17 1 20 21 64 48 24 46 28 50 62 12 32 10 33 3 36 37 4 39 40 6 7 42 60 43 58 8 25 47 29 51 27 2 13 53 54 15 16 56 18 19 57 22 23 44 59 26 9 34 35 63 38 41 45 55 
31 20 47 50 12 52 10 56 39 6 21 42 59 26 61 24 29 62 27 32 2 30 63 38 14 36 18 40 57 7 22 5 45 64 43 48 8 46 51 9 49 11 55 33 53 3 15 37 19 41 17 1 60 23 58 25 28 13 34 54 16 4 44 35 
32 1 25 51 52 2 11 3 4 5 6 7 44 46 26 48 62 9 28 10 30 12 13 14 15 16 17 18 19 20 21 22 58 45 60 47 61 8 27 49 29 31 33 34 35 36 37 38 39 40 41 42 59 64 23 24 50 53 54 55 56 57 43 63 
33 45 40 14 13 53 54 9 26 59 60 23 21 19 57 17 3 36 37 34 35 63 2 27 28 29 47 48 8 64 43 44 7 42 5 41 4 39 15 16 56 55 10 11 12 49 50 51 61 24 25 58 22 1 20 18 38 30 31 32 62 46 6 52 
34 58 18 15 53 35 55 49 46 44 59 64 6 39 19 41 36 16 38 54 63 13 30 28 50 62 25 47 61 45 60 43 20 7 22 40 57 4 37 56 3 33 11 31 52 29 51 27 26 48 24 23 21 42 1 17 14 12 32 10 9 8 5 2 
35 59 4 16 54 55 13 27 47 45 64 43 1 17 18 19 37 38 3 63 33 34 10 9 49 50 26 61 24 60 23 58 5 6 7 39 40 41 56 14 15 53 2 30 31 28 29 62 48 8 46 44 20 21 22 57 36 11 12 52 51 25 42 32 
36 48 20 53 15 37 56 32 60 61 8 25 39 6 21 42 34 54 63 16 38 14 51 52 2 11 64 23 44 24 46 26 18 40 57 7 22 5 35 55 33 3 62 9 28 10 30 12 43 58 45 47 19 41 17 1 13 27 49 29 31 59 4 50 
37 8 5 54 16 56 14 12 23 24 25 26 17 1 20 21 35 63 33 38 3 36 29 31 32 2 43 44 45 46 47 48 4 39 40 6 7 42 55 13 53 15 50 51 9 52 10 11 58 59 60 61 18 19 57 22 34 62 27 28 30 64 41 49 
38 61 22 55 56 3 15 52 64 48 24 46 41 42 1 6 63 13 34 14 36 16 62 32 10 30 60 43 58 8 25 47 57 4 18 5 20 7 33 53 35 37 51 27 49 2 11 31 23 44 59 26 17 39 19 21 54 9 28 50 12 45 40 29 
39 62 63 20 18 40 57 58 52 51 27 49 56 55 33 53 6 21 42 19 41 17 46 44 59 64 32 10 30 9 28 50 38 14 36 13 34 54 7 22 5 4 25 47 61 45 60 43 2 11 31 29 3 15 37 35 1 26 48 24 23 12 16 8 
40 27 54 21 19 57 17 43 10 9 49 50 37 35 63 33 7 42 5 41 4 39 24 23 58 59 2 30 31 28 29 62 16 56 14 55 13 53 22 1 20 18 8 46 47 44 45 64 11 12 52 51 38 3 36 34 6 25 26 61 60 32 15 48 
41 51 34 22 57 4 18 44 32 62 9 28 15 53 35 55 42 1 6 17 39 19 25 58 45 60 52 2 11 27 49 29 36 16 38 54 63 13 5 20 7 40 46 26 48 59 64 23 10 30 12 50 37 56 3 33 21 47 61 8 43 31 14 24 
42 30 36 57 22 5 20 61 49 11 31 52 53 15 37 56 41 17 39 1 6 21 64 48 24 46 28 50 62 12 32 10 34 54 63 16 38 14 4 18 40 7 60 43 58 8 25 47 29 51 27 2 35 55 33 3 19 23 44 59 26 9 13 45 
43 34 50 24 23 58 59 18 15 53 35 55 31 29 62 27 8 46 47 44 45 64 6 39 19 41 36 16 38 54 63 13 12 52 10 51 9 49 25 26 61 60 20 7 22 40 57 4 37 56 3 33 32 2 30 28 48 21 42 1 17 14 11 5 
44 33 28 25 58 45 60 40 14 13 53 54 11 49 29 51 46 26 48 59 64 23 21 19 57 17 3 36 37 34 35 63 30 12 32 50 62 9 47 61 8 43 7 42 5 41 4 39 15 16 56 55 31 52 2 27 24 22 1 20 18 38 10 6 
45 53 9 26 59 60 23 39 36 34 54 63 2 27 28 29 47 48 8 64 43 44 20 18 40 57 15 37 56 35 55 33 10 11 12 49 50 51 61 24 25 58 6 21 42 19 41 17 16 38 14 13 30 31 32 62 46 7 22 5 4 3 52 1 
46 16 30 58 25 47 61 1 35 37 38 3 49 11 31 52 44 59 64 26 48 24 4 5 6 7 54 55 13 56 14 15 28 50 62 12 32 10 45 60 43 8 17 18 19 20 21 22 63 33 34 36 29 51 27 2 23 39 40 41 42 53 9 57 
47 38 10 59 26 61 24 22 55 56 3 15 27 2 30 31 45 64 43 48 8 46 41 42 1 6 63 13 34 14 36 16 9 49 50 11 12 52 60 23 58 25 57 4 18 5 20 7 33 53 35 37 28 29 62 32 44 17 39 19 21 54 51 40 
48 37 32 60 61 8 25 5 54 16 56 14 51 52 2 11 64 23 44 24 46 26 17 1 20 21 35 63 33 38 3 36 62 9 28 10 30 12 43 58 45 47 4 39 40 6 7 42 55 13 53 15 27 49 29 31 59 18 19 57 22 34 50 41 
49 17 64 30 28 50 62 33 5 4 39 40 61 60 43 58 11 31 52 29 51 27 14 13 53 54 1 20 21 18 19 57 48 24 46 23 44 59 12 32 10 9 3 36 37 34 35 63 6 7 42 41 8 25 47 45 2 15 16 56 55 22 26 38 
50 39 59 31 29 62 27 63 20 18 40 57 47 45 64 43 12 52 10 51 9 49 56 55 33 53 6 21 42 19 41 17 26 61 24 60 23 58 32 2 30 28 38 14 36 13 34 54 7 22 5 4 48 8 46 44 11 3 15 37 35 1 25 16 
51 4 44 32 62 9 28 13 1 17 18 19 25 58 45 60 52 2 11 27 49 29 3 33 34 35 5 6 7 39 40 41 46 26 48 59 64 23 10 30 12 50 14 15 16 53 54 55 20 21 22 57 47 61 8 43 31 36 37 38 63 42 24 56 
52 21 46 62 32 10 30 37 40 7 42 5 58 25 47 61 51 27 49 2 11 31 54 16 56 14 19 57 17 22 1 20 44 59 64 26 48 24 9 28 50 12 35 63 33 38 3 36 41 4 39 6 45 60 43 8 29 55 13 53 15 18 23 34 
53 60 39 36 34 54 63 51 48 64 23 44 20 18 40 57 15 37 56 35 55 33 32 62 9 28 61 8 25 43 58 45 6 21 42 19 41 17 16 38 14 13 52 2 11 27 49 29 24 46 26 59 7 22 5 4 3 10 30 12 50 47 1 31 
54 23 17 37 35 63 33 29 8 43 44 45 5 4 39 40 16 56 14 55 13 53 12 50 51 9 24 25 26 58 59 60 1 20 21 18 19 57 38 3 36 34 31 32 2 62 27 28 46 47 48 64 6 7 42 41 15 52 10 11 49 61 22 30 
55 64 41 38 63 13 34 62 61 60 43 58 22 57 4 18 56 3 15 33 53 35 52 51 27 49 48 24 46 23 44 59 42 1 6 17 39 19 14 36 16 54 32 10 30 9 28 50 8 25 47 45 5 20 7 40 37 2 11 31 29 26 21 12 
56 25 42 63 38 14 36 11 44 46 26 48 57 22 5 20 55 33 53 3 15 37 28 30 12 32 58 45 60 47 61 8 41 17 39 1 6 21 13 34 54 16 49 29 51 31 52 2 59 64 23 24 4 18 40 7 35 50 62 9 10 43 19 27 
57 49 53 42 41 17 39 64 30 28 50 62 36 34 54 63 22 5 20 4 18 40 61 60 43 58 11 31 52 29 51 27 15 37 56 35 55 33 1 6 21 19 48 24 46 23 44 59 12 32 10 9 16 38 14 13 7 8 25 47 45 2 3 26 
58 35 49 46 44 59 64 4 16 54 55 13 30 28 50 62 25 47 61 45 60 43 1 17 18 19 37 38 3 63 33 34 11 31 52 29 51 27 26 48 24 23 5 6 7 39 40 41 56 14 15 53 12 32 10 9 8 20 21 22 57 36 2 42 
59 55 27 47 45 64 43 41 38 63 13 34 10 9 49 50 26 61 24 60 23 58 22 57 4 18 56 3 15 33 53 35 2 30 31 28 29 62 48 8 46 44 42 1 6 17 39 19 14 36 16 54 11 12 52 51 25 5 20 7 40 37 32 21 
60 54 51 48 64 23 44 17 37 35 63 33 32 62 9 28 61 8 25 43 58 45 5 4 39 40 16 56 14 55 13 53 52 2 11 27 49 29 24 46 26 59 1 20 21 18 19 57 38 3 36 34 10 30 12 50 47 6 7 42 41 15 31 22 
61 3 52 64 48 24 46 7 13 14 15 16 62 32 10 30 60 43 58 8 25 47 19 21 22 1 33 34 35 36 37 38 51 27 49 2 11 31 23 44 59 26 40 41 4 42 5 6 53 54 55 56 9 28 50 12 45 57 17 18 20 63 29 39 
62 40 58 52 51 27 49 54 21 19 57 17 46 44 59 64 32 10 30 9 28 50 37 35 63 33 7 42 5 41 4 39 25 47 61 45 60 43 2 11 31 29 16 56 14 55 13 53 22 1 20 18 26 48 24 23 12 38 3 36 34 6 8 15 
63 44 57 56 55 33 53 28 25 58 45 60 42 41 17 39 38 14 36 13 34 54 11 49 29 51 46 26 48 59 64 23 22 5 20 4 18 40 3 15 37 35 30 12 32 50 62 9 47 61 8 43 1 6 21 19 16 31 52 2 27 24 7 10 
64 13 62 61 60 43 58 19 3 33 34 35 52 51 27 49 48 24 46 23 44 59 7 40 41 4 14 15 16 53 54 55 32 10 30 9 28 50 8 25 47 45 21 22 1 57 17 18 36 37 38 63 2 11 31 29 26 42 5 6 39 56 12 20 
1
0 1 

1 4 
1 
5 
7 
21 
2 8 
1 5 
1 7 
1 21 
5 7 
5 21 
6 22 
7 21 
20 42 
3 12 
1 5 7 
1 5 21 
1 6 22 
1 7 21 
1 20 42 
5 6 22 
5 7 21 
5 20 42 
6 7 22 
6 21 22 
7 20 42 
20 21 42 
4 14 
1 5 6 22 
1 5 7 21 
1 5 20 42 
1 6 7 22 
1 6 21 22 
1 7 20 42 
1 20 21 42 
5 6 7 22 
5 6 21 22 
5 7 20 42 
5 20 21 42 
6 7 21 22 
6 20 22 42 
7 20 21 42 
5 12 
1 5 6 7 22 
1 5 6 21 22 
1 5 7 20 42 
1 5 20 21 42 
1 6 7 21 22 
1 6 20 22 42 
1 7 20 21 42 
5 6 7 21 22 
5 6 20 22 42 
5 7 20 21 42 
6 7 20 22 42 
6 20 21 22 42 
6 8 
1 5 6 7 21 22 
1 5 6 20 22 42 
1 5 7 20 21 42 
1 6 7 20 22 42 
1 6 20 21 22 42 
5 6 7 20 22 42 
5 6 20 21 22 42 
6 7 20 21 22 42 
7 4 
1 5 6 7 20 22 42 
1 5 6 20 21 22 42 
1 6 7 20 21 22 42 
5 6 7 20 21 22 42 
8 1 
1 5 6 7 20 21 22 42 
2
0 1 

1 1 

2 4 
2 32 
10 30 
11 12 
31 52 
3 1 

4 6 
2 10 30 32 
2 11 12 32 
2 31 32 52 
10 11 12 30 
10 30 31 52 
11 12 31 52 
5 1 

6 4 
2 10 11 12 30 32 
2 10 30 31 32 52 
2 11 12 31 32 52 
10 11 12 30 31 52 
7 1 

8 1 
2 10 11 12 30 31 32 52 
3
0 1 

1 1 

2 4 
3 16 
14 37 
15 38 
36 56 
3 1 

4 6 
3 14 16 37 
3 15 16 38 
3 16 36 56 
14 15 37 38 
14 36 37 56 
15 36 38 56 
5 1 

6 4 
3 14 15 16 37 38 
3 14 16 36 37 56 
3 15 16 36 38 56 
14 15 36 37 38 56 
7 1 

8 1 
3 14 15 16 36 37 38 56 
4
0 1 

1 4 
4 
17 
19 
40 
2 8 
4 17 
4 19 
4 40 
17 19 
17 40 
18 41 
19 40 
39 57 
3 12 
4 17 19 
4 17 40 
4 18 41 
4 19 40 
4 39 57 
17 18 41 
17 19 40 
17 39 57 
18 19 41 
18 40 41 
19 39 57 
39 40 57 
4 14 
4 17 18 41 
4 17 19 40 
4 17 39 57 
4 18 19 41 
4 18 40 41 
4 19 39 57 
4 39 40 57 
17 18 19 41 
17 18 40 41 
17 19 39 57 
17 39 40 57 
18 19 40 41 
18 39 41 57 
19 39 40 57 
5 12 
4 17 18 19 41 
4 17 18 40 41 
4 17 19 39 57 
4 17 39 40 57 
4 18 19 40 41 
4 18 39 41 57 
4 19 39 40 57 
17 18 19 40 41 
17 18 39 41 57 
17 19 39 40 57 
18 19 39 41 57 
18 39 40 41 57 
6 8 
4 17 18 19 40 41 
4 17 18 39 41 57 
4 17 19 39 40 57 
4 18 19 39 41 57 
4 18 39 40 41 57 
17 18 19 39 41 57 
17 18 39 40 41 57 
18 19 39 40 41 57 
7 4 
4 17 18 19 39 41 57 
4 17 18 39 40 41 57 
4 18 19 39 40 41 57 
17 18 19 39 40 41 57 
8 1 
4 17 18 19 39 40 41 57 
5
0 1 

1 1 

2 4 
8 46 
24 48 
25 47 
26 61 
3 1 

4 6 
8 24 46 48 
8 25 46 47 
8 26 46 61 
24 25 47 48 
24 26 48 61 
25 26 47 61 
5 1 

6 4 
8 24 25 46 47 48 
8 24 26 46 48 61 
8 25 26 46 47 61 
24 25 26 47 48 61 
7 1 

8 1 
8 24 25 26 46 47 48 61 
6
0 1 

1 1 

2 4 
9 51 
27 49 
28 29 
50 62 
3 1 

4 6 
9 27 49 51 
9 28 29 51 
9 50 51 62 
27 28 29 49 
27 49 50 62 
28 29 50 62 
5 1 

6 4 
9 27 28 29 49 51 
9 27 49 50 51 62 
9 28 29 50 51 62 
27 28 29 49 50 62 
7 1 

8 1 
9 27 28 29 49 50 51 62 
7
0 1 

1 1 

2 4 
13 35 
33 54 
34 55 
53 63 
3 1 

4 6 
13 33 35 54 
13 34 35 55 
13 35 53 63 
33 34 54 55 
33 53 54 63 
34 53 55 63 
5 1 

6 4 
13 33 34 35 54 55 
13 33 35 53 54 63 
13 34 35 53 55 63 
33 34 53 54 55 63 
7 1 

8 1 
13 33 34 35 53 54 55 63 
8
0 1 

1 1 

2 4 
23 58 
43 60 
44 59 
45 64 
3 1 

4 6 
23 43 58 60 
23 44 58 59 
23 45 58 64 
43 44 59 60 
43 45 60 64 
44 45 59 64 
5 1 

6 4 
23 43 44 58 59 60 
23 43 45 58 60 64 
23 44 45 58 59 64 
43 44 45 59 60 64 
7 1 

8 1 
23 43 44 45 58 59 60 64 
