//Table for grp 264:
57
0 0 2 2 4 4 2 4 
0 0 2 4 4 2 4 2 
0 0 4 2 2 4 4 2 
0 0 4 4 2 2 2 4 
0 2 0 2 4 2 4 4 
0 2 0 4 4 4 2 2 
0 2 2 0 2 4 4 4 
0 2 2 2 2 2 2 6 
0 2 2 2 2 2 6 2 
0 2 2 2 2 6 2 2 
0 2 2 2 6 2 2 2 
0 2 2 4 2 0 4 4 
0 2 2 4 2 4 0 4 
0 2 2 4 2 4 4 0 
0 2 2 6 2 2 2 2 
0 2 4 0 4 4 2 2 
0 2 4 2 0 2 4 4 
0 2 4 2 4 2 0 4 
0 2 4 2 4 2 4 0 
0 2 4 4 0 4 2 2 
0 2 4 4 4 0 2 2 
0 2 6 2 2 2 2 2 
0 4 0 2 2 4 4 2 
0 4 0 4 2 2 2 4 
0 4 2 0 4 2 4 2 
0 4 2 2 0 4 2 4 
0 4 2 2 4 0 2 4 
0 4 2 2 4 4 2 0 
0 4 2 4 0 2 4 2 
0 4 2 4 4 2 0 2 
0 4 4 0 2 2 2 4 
0 4 4 2 2 0 4 2 
0 4 4 2 2 4 0 2 
0 4 4 4 2 2 2 0 
0 6 2 2 2 2 2 2 
2 0 2 2 2 2 4 4 
2 0 2 4 2 4 2 2 
2 0 4 2 4 2 2 2 
2 2 0 2 2 4 2 4 
2 2 0 4 2 2 4 2 
2 2 2 0 4 2 2 4 
2 2 2 2 0 4 4 2 
2 2 2 2 4 0 4 2 
2 2 2 2 4 4 0 2 
2 2 2 4 0 2 2 4 
2 2 2 4 4 2 2 0 
2 2 4 0 2 2 4 2 
2 2 4 2 2 0 2 4 
2 2 4 2 2 4 2 0 
2 2 4 4 2 2 0 2 
2 4 0 2 4 2 2 2 
2 4 2 0 2 4 2 2 
2 4 2 2 2 2 0 4 
2 4 2 2 2 2 4 0 
2 4 2 4 2 0 2 2 
2 4 4 2 0 2 2 2 
4 2 2 2 2 2 2 2 
1 2 3 4 5 6 7 8 9 10 11 12 13 14 15 16 17 18 19 20 21 22 23 24 25 26 27 28 29 30 31 32 33 34 35 36 37 38 39 40 41 42 43 44 45 46 47 48 49 50 51 52 53 54 55 56 57 58 59 60 61 62 63 64 
2 1 8 9 10 11 12 3 4 5 6 7 23 24 25 26 27 28 29 30 31 32 13 14 15 16 17 18 19 20 21 22 43 44 45 46 47 48 49 50 51 52 33 34 35 36 37 38 39 40 41 42 58 59 60 61 62 53 54 55 56 57 64 63 
3 26 1 13 14 15 16 12 45 47 48 8 4 5 6 7 33 34 35 36 37 38 29 31 32 2 59 60 23 61 24 25 17 18 19 20 21 22 53 54 55 56 50 51 9 52 10 11 64 43 44 46 39 40 41 42 63 62 27 28 30 58 57 49 
4 9 35 1 17 18 19 45 2 27 28 29 16 54 55 13 5 6 7 39 40 41 26 59 60 23 10 11 12 49 50 51 37 38 3 63 33 34 20 21 22 57 47 48 8 64 43 44 30 31 32 62 56 14 15 53 42 61 24 25 58 52 36 46 
5 31 14 17 1 20 21 47 50 12 52 10 33 3 36 37 4 39 40 6 7 42 59 26 61 24 29 62 27 32 2 30 13 53 54 15 16 56 18 19 57 22 45 64 43 48 8 46 51 9 49 11 34 35 63 38 41 60 23 58 25 28 55 44 
6 11 15 18 20 1 22 25 28 30 2 32 34 36 3 38 39 4 41 5 42 7 44 46 8 48 49 9 51 10 52 12 53 13 55 14 56 16 17 57 19 21 58 23 60 24 61 26 27 62 29 31 33 63 35 37 40 43 64 45 47 50 54 59 
7 12 16 19 21 22 1 26 29 31 32 2 35 37 38 3 40 41 4 42 5 6 45 47 48 8 50 51 9 52 10 11 54 55 13 56 14 15 57 17 18 20 59 60 23 61 24 25 62 27 28 30 63 33 34 36 39 64 43 44 46 49 53 58 
8 16 2 23 24 25 26 7 35 37 38 3 9 10 11 12 43 44 45 46 47 48 19 21 22 1 54 55 13 56 14 15 27 28 29 30 31 32 58 59 60 61 40 41 4 42 5 6 63 33 34 36 49 50 51 52 64 57 17 18 20 53 62 39 
9 4 45 2 27 28 29 35 1 17 18 19 26 59 60 23 10 11 12 49 50 51 16 54 55 13 5 6 7 39 40 41 47 48 8 64 43 44 30 31 32 62 37 38 3 63 33 34 20 21 22 57 61 24 25 58 52 56 14 15 53 42 46 36 
10 21 24 27 2 30 31 37 40 7 42 5 43 8 46 47 9 49 50 11 12 52 54 16 56 14 19 57 17 22 1 20 23 58 59 25 26 61 28 29 62 32 35 63 33 38 3 36 41 4 39 6 44 45 64 48 51 55 13 53 15 18 60 34 
11 6 25 28 30 2 32 15 18 20 1 22 44 46 8 48 49 9 51 10 52 12 34 36 3 38 39 4 41 5 42 7 58 23 60 24 61 26 27 62 29 31 53 13 55 14 56 16 17 57 19 21 43 64 45 47 50 33 63 35 37 40 59 54 
12 7 26 29 31 32 2 16 19 21 22 1 45 47 48 8 50 51 9 52 10 11 35 37 38 3 40 41 4 42 5 6 59 60 23 61 24 25 62 27 28 30 54 55 13 56 14 15 57 17 18 20 64 43 44 46 49 63 33 34 36 39 58 53 
13 45 19 3 33 34 35 9 26 59 60 23 7 40 41 4 14 15 16 53 54 55 2 27 28 29 47 48 8 64 43 44 21 22 1 57 17 18 36 37 38 63 10 11 12 49 50 51 61 24 25 58 42 5 6 39 56 30 31 32 62 46 20 52 
14 24 5 33 3 36 37 10 43 8 46 47 17 1 20 21 13 53 54 15 16 56 27 2 30 31 23 58 59 25 26 61 4 39 40 6 7 42 34 35 63 38 9 49 50 11 12 52 44 45 64 48 18 19 57 22 55 28 29 62 32 60 41 51 
15 48 6 34 36 3 38 32 60 61 26 25 18 20 1 22 53 13 55 14 56 16 51 52 12 11 64 45 44 47 46 8 39 4 41 5 42 7 33 63 35 37 62 29 28 31 30 2 59 58 23 24 17 57 19 21 54 50 49 9 10 43 40 27 
16 8 7 35 37 38 3 2 23 24 25 26 19 21 22 1 54 55 13 56 14 15 9 10 11 12 43 44 45 46 47 48 40 41 4 42 5 6 63 33 34 36 27 28 29 30 31 32 58 59 60 61 57 17 18 20 53 49 50 51 52 64 39 62 
17 50 54 5 4 39 40 43 31 29 62 27 37 35 63 33 1 20 21 18 19 57 24 23 58 59 12 52 10 51 9 49 16 56 14 55 13 53 6 7 42 41 8 46 47 44 45 64 32 2 30 28 38 3 36 34 22 25 26 61 60 11 15 48 
18 28 55 6 39 4 41 60 11 49 9 51 38 63 35 34 20 1 22 17 57 19 48 64 45 44 30 2 32 27 62 29 56 16 15 54 53 13 5 42 7 40 61 26 25 59 58 23 10 52 12 50 37 36 3 33 21 47 46 8 43 31 14 24 
19 29 13 7 40 41 4 23 12 50 51 9 3 33 34 35 21 22 1 57 17 18 8 43 44 45 31 32 2 62 27 28 14 15 16 53 54 55 42 5 6 39 24 25 26 58 59 60 52 10 11 49 36 37 38 63 20 46 47 48 64 30 56 61 
20 52 36 39 6 5 42 61 62 32 31 30 53 15 14 56 18 17 57 1 22 21 64 48 47 46 51 50 49 12 11 10 34 33 63 3 38 37 4 41 40 7 60 59 58 26 25 24 29 28 27 2 13 55 54 16 19 45 44 43 8 9 35 23 
21 10 37 40 7 42 5 24 27 2 30 31 54 16 56 14 19 57 17 22 1 20 43 8 46 47 9 49 50 11 12 52 35 63 33 38 3 36 41 4 39 6 23 58 59 25 26 61 28 29 62 32 55 13 53 15 18 44 45 64 48 51 34 60 
22 32 38 41 42 7 6 48 51 52 12 11 55 56 16 15 57 19 18 21 20 1 60 61 26 25 62 29 28 31 30 2 63 35 34 37 36 3 40 39 4 5 64 45 44 47 46 8 50 49 9 10 54 53 13 14 17 59 58 23 24 27 33 43 
23 35 29 8 43 44 45 4 16 54 55 13 12 50 51 9 24 25 26 58 59 60 1 17 18 19 37 38 3 63 33 34 31 32 2 62 27 28 46 47 48 64 5 6 7 39 40 41 56 14 15 53 52 10 11 49 61 20 21 22 57 36 30 42 
24 14 10 43 8 46 47 5 33 3 36 37 27 2 30 31 23 58 59 25 26 61 17 1 20 21 13 53 54 15 16 56 9 49 50 11 12 52 44 45 64 48 4 39 40 6 7 42 34 35 63 38 28 29 62 32 60 18 19 57 22 55 51 41 
25 38 11 44 46 8 48 22 55 56 16 15 28 30 2 32 58 23 60 24 61 26 41 42 7 6 63 35 34 37 36 3 49 9 51 10 52 12 43 64 45 47 57 19 18 21 20 1 54 53 13 14 27 62 29 31 59 40 39 4 5 33 50 17 
26 3 12 45 47 48 8 1 13 14 15 16 29 31 32 2 59 60 23 61 24 25 4 5 6 7 33 34 35 36 37 38 50 51 9 52 10 11 64 43 44 46 17 18 19 20 21 22 53 54 55 56 62 27 28 30 58 39 40 41 42 63 49 57 
27 40 59 10 9 49 50 33 21 19 57 17 47 45 64 43 2 30 31 28 29 62 14 13 53 54 7 42 5 41 4 39 26 61 24 60 23 58 11 12 52 51 3 36 37 34 35 63 22 1 20 18 48 8 46 44 32 15 16 56 55 6 25 38 
28 18 60 11 49 9 51 55 6 39 4 41 48 64 45 44 30 2 32 27 62 29 38 63 35 34 20 1 22 17 57 19 61 26 25 59 58 23 10 52 12 50 56 16 15 54 53 13 5 42 7 40 47 46 8 43 31 37 36 3 33 21 24 14 
29 19 23 12 50 51 9 13 7 40 41 4 8 43 44 45 31 32 2 62 27 28 3 33 34 35 21 22 1 57 17 18 24 25 26 58 59 60 52 10 11 49 14 15 16 53 54 55 42 5 6 39 46 47 48 64 30 36 37 38 63 20 61 56 
30 42 46 49 11 10 52 56 57 22 21 20 58 25 24 61 28 27 62 2 32 31 63 38 37 36 41 40 39 7 6 5 44 43 64 8 48 47 9 51 50 12 55 54 53 16 15 14 19 18 17 1 23 60 59 26 29 35 34 33 3 4 45 13 
31 5 47 50 12 52 10 14 17 1 20 21 59 26 61 24 29 62 27 32 2 30 33 3 36 37 4 39 40 6 7 42 45 64 43 48 8 46 51 9 49 11 13 53 54 15 16 56 18 19 57 22 60 23 58 25 28 34 35 63 38 41 44 55 
32 22 48 51 52 12 11 38 41 42 7 6 60 61 26 25 62 29 28 31 30 2 55 56 16 15 57 19 18 21 20 1 64 45 44 47 46 8 50 49 9 10 63 35 34 37 36 3 40 39 4 5 59 58 23 24 27 54 53 13 14 17 43 33 
33 43 40 14 13 53 54 50 24 23 58 59 21 19 57 17 3 36 37 34 35 63 31 29 62 27 8 46 47 44 45 64 7 42 5 41 4 39 15 16 56 55 12 52 10 51 9 49 25 26 61 60 22 1 20 18 38 32 2 30 28 48 6 11 
34 60 41 15 53 13 55 28 48 64 45 44 22 57 19 18 36 3 38 33 63 35 11 49 9 51 61 26 25 59 58 23 42 7 6 40 39 4 14 56 16 54 30 2 32 27 62 29 47 46 8 43 21 20 1 17 37 10 52 12 50 24 5 31 
35 23 4 16 54 55 13 29 8 43 44 45 1 17 18 19 37 38 3 63 33 34 12 50 51 9 24 25 26 58 59 60 5 6 7 39 40 41 56 14 15 53 31 32 2 62 27 28 46 47 48 64 20 21 22 57 36 52 10 11 49 61 42 30 
36 46 20 53 15 14 56 30 58 25 24 61 39 6 5 42 34 33 63 3 38 37 49 11 10 52 44 43 64 8 48 47 18 17 57 1 22 21 13 55 54 16 28 27 62 2 32 31 23 60 59 26 4 41 40 7 35 9 51 50 12 45 19 29 
37 47 21 54 16 56 14 31 59 26 61 24 40 7 42 5 35 63 33 38 3 36 50 12 52 10 45 64 43 48 8 46 19 57 17 22 1 20 55 13 53 15 29 62 27 32 2 30 60 23 58 25 41 4 39 6 34 51 9 49 11 44 18 28 
38 25 22 55 56 16 15 11 44 46 8 48 41 42 7 6 63 35 34 37 36 3 28 30 2 32 58 23 60 24 61 26 57 19 18 21 20 1 54 53 13 14 49 9 51 10 52 12 43 64 45 47 40 39 4 5 33 27 62 29 31 59 17 50 
39 62 63 20 18 17 57 58 52 51 50 49 56 55 54 53 6 5 42 4 41 40 46 44 43 64 32 31 30 29 28 27 38 37 36 35 34 33 1 22 21 19 25 24 61 23 60 59 12 11 10 9 16 15 14 13 7 8 48 47 45 2 3 26 
40 27 33 21 19 57 17 59 10 9 49 50 14 13 53 54 7 42 5 41 4 39 47 45 64 43 2 30 31 28 29 62 3 36 37 34 35 63 22 1 20 18 26 61 24 60 23 58 11 12 52 51 15 16 56 55 6 48 8 46 44 32 38 25 
41 51 34 22 57 19 18 44 32 62 29 28 15 53 13 55 42 7 6 40 39 4 25 58 23 60 52 12 11 50 49 9 36 3 38 33 63 35 21 20 1 17 46 8 48 43 64 45 31 30 2 27 14 56 16 54 5 24 61 26 59 10 37 47 
42 30 56 57 22 21 20 46 49 11 10 52 63 38 37 36 41 40 39 7 6 5 58 25 24 61 28 27 62 2 32 31 55 54 53 16 15 14 19 18 17 1 44 43 64 8 48 47 9 51 50 12 35 34 33 3 4 23 60 59 26 29 13 45 
43 33 50 24 23 58 59 40 14 13 53 54 31 29 62 27 8 46 47 44 45 64 21 19 57 17 3 36 37 34 35 63 12 52 10 51 9 49 25 26 61 60 7 42 5 41 4 39 15 16 56 55 32 2 30 28 48 22 1 20 18 38 11 6 
44 55 51 25 58 23 60 18 38 63 35 34 32 62 29 28 46 8 48 43 64 45 6 39 4 41 56 16 15 54 53 13 52 12 11 50 49 9 24 61 26 59 20 1 22 17 57 19 37 36 3 33 31 30 2 27 47 5 42 7 40 14 10 21 
45 13 9 26 59 60 23 19 3 33 34 35 2 27 28 29 47 48 8 64 43 44 7 40 41 4 14 15 16 53 54 55 10 11 12 49 50 51 61 24 25 58 21 22 1 57 17 18 36 37 38 63 30 31 32 62 46 42 5 6 39 56 52 20 
46 36 30 58 25 24 61 20 53 15 14 56 49 11 10 52 44 43 64 8 48 47 39 6 5 42 34 33 63 3 38 37 28 27 62 2 32 31 23 60 59 26 18 17 57 1 22 21 13 55 54 16 9 51 50 12 45 4 41 40 7 35 29 19 
47 37 31 59 26 61 24 21 54 16 56 14 50 12 52 10 45 64 43 48 8 46 40 7 42 5 35 63 33 38 3 36 29 62 27 32 2 30 60 23 58 25 19 57 17 22 1 20 55 13 53 15 51 9 49 11 44 41 4 39 6 34 28 18 
48 15 32 60 61 26 25 6 34 36 3 38 51 52 12 11 64 45 44 47 46 8 18 20 1 22 53 13 55 14 56 16 62 29 28 31 30 2 59 58 23 24 39 4 41 5 42 7 33 63 35 37 50 49 9 10 43 17 57 19 21 54 27 40 
49 57 64 30 28 27 62 53 42 41 40 39 61 60 59 58 11 10 52 9 51 50 36 34 33 63 22 21 20 19 18 17 48 47 46 45 44 43 2 32 31 29 15 14 56 13 55 54 7 6 5 4 26 25 24 23 12 3 38 37 35 1 8 16 
50 17 43 31 29 62 27 54 5 4 39 40 24 23 58 59 12 52 10 51 9 49 37 35 63 33 1 20 21 18 19 57 8 46 47 44 45 64 32 2 30 28 16 56 14 55 13 53 6 7 42 41 25 26 61 60 11 38 3 36 34 22 48 15 
51 41 44 32 62 29 28 34 22 57 19 18 25 58 23 60 52 12 11 50 49 9 15 53 13 55 42 7 6 40 39 4 46 8 48 43 64 45 31 30 2 27 36 3 38 33 63 35 21 20 1 17 24 61 26 59 10 14 56 16 54 5 47 37 
52 20 61 62 32 31 30 36 39 6 5 42 64 48 47 46 51 50 49 12 11 10 53 15 14 56 18 17 57 1 22 21 60 59 58 26 25 24 29 28 27 2 34 33 63 3 38 37 4 41 40 7 45 44 43 8 9 13 55 54 16 19 23 35 
53 58 57 36 34 33 63 62 46 44 43 64 42 41 40 39 15 14 56 13 55 54 52 51 50 49 25 24 61 23 60 59 22 21 20 19 18 17 3 38 37 35 32 31 30 29 28 27 8 48 47 45 7 6 5 4 16 12 11 10 9 26 1 2 
54 59 17 37 35 63 33 27 47 45 64 43 5 4 39 40 16 56 14 55 13 53 10 9 49 50 26 61 24 60 23 58 1 20 21 18 19 57 38 3 36 34 2 30 31 28 29 62 48 8 46 44 6 7 42 41 15 11 12 52 51 25 22 32 
55 44 18 38 63 35 34 51 25 58 23 60 6 39 4 41 56 16 15 54 53 13 32 62 29 28 46 8 48 43 64 45 20 1 22 17 57 19 37 36 3 33 52 12 11 50 49 9 24 61 26 59 5 42 7 40 14 31 30 2 27 47 21 10 
56 61 42 63 38 37 36 52 64 48 47 46 57 22 21 20 55 54 53 16 15 14 62 32 31 30 60 59 58 26 25 24 41 40 39 7 6 5 35 34 33 3 51 50 49 12 11 10 45 44 43 8 19 18 17 1 13 29 28 27 2 23 4 9 
57 49 53 42 41 40 39 64 30 28 27 62 36 34 33 63 22 21 20 19 18 17 61 60 59 58 11 10 52 9 51 50 15 14 56 13 55 54 7 6 5 4 48 47 46 45 44 43 2 32 31 29 3 38 37 35 1 26 25 24 23 12 16 8 
58 53 62 46 44 43 64 57 36 34 33 63 52 51 50 49 25 24 61 23 60 59 42 41 40 39 15 14 56 13 55 54 32 31 30 29 28 27 8 48 47 45 22 21 20 19 18 17 3 38 37 35 12 11 10 9 26 7 6 5 4 16 2 1 
59 54 27 47 45 64 43 17 37 35 63 33 10 9 49 50 26 61 24 60 23 58 5 4 39 40 16 56 14 55 13 53 2 30 31 28 29 62 48 8 46 44 1 20 21 18 19 57 38 3 36 34 11 12 52 51 25 6 7 42 41 15 32 22 
60 34 28 48 64 45 44 41 15 53 13 55 11 49 9 51 61 26 25 59 58 23 22 57 19 18 36 3 38 33 63 35 30 2 32 27 62 29 47 46 8 43 42 7 6 40 39 4 14 56 16 54 10 52 12 50 24 21 20 1 17 37 31 5 
61 56 52 64 48 47 46 42 63 38 37 36 62 32 31 30 60 59 58 26 25 24 57 22 21 20 55 54 53 16 15 14 51 50 49 12 11 10 45 44 43 8 41 40 39 7 6 5 35 34 33 3 29 28 27 2 23 19 18 17 1 13 9 4 
62 39 58 52 51 50 49 63 20 18 17 57 46 44 43 64 32 31 30 29 28 27 56 55 54 53 6 5 42 4 41 40 25 24 61 23 60 59 12 11 10 9 38 37 36 35 34 33 1 22 21 19 8 48 47 45 2 16 15 14 13 7 26 3 
63 64 39 56 55 54 53 49 61 60 59 58 20 18 17 57 38 37 36 35 34 33 30 28 27 62 48 47 46 45 44 43 6 5 42 4 41 40 16 15 14 13 11 10 52 9 51 50 26 25 24 23 1 22 21 19 3 2 32 31 29 8 7 12 
64 63 49 61 60 59 58 39 56 55 54 53 30 28 27 62 48 47 46 45 44 43 20 18 17 57 38 37 36 35 34 33 11 10 52 9 51 50 26 25 24 23 6 5 42 4 41 40 16 15 14 13 2 32 31 29 8 1 22 21 19 3 12 7 
1
0 1 

1 8 
1 
2 
6 
7 
11 
12 
22 
32 
2 28 
1 2 
1 6 
1 7 
1 11 
1 12 
1 22 
1 32 
2 6 
2 7 
2 11 
2 12 
2 22 
2 32 
6 7 
6 11 
6 12 
6 22 
6 32 
7 11 
7 12 
7 22 
7 32 
11 12 
11 22 
11 32 
12 22 
12 32 
22 32 
3 56 
1 2 6 
1 2 7 
1 2 11 
1 2 12 
1 2 22 
1 2 32 
1 6 7 
1 6 11 
1 6 12 
1 6 22 
1 6 32 
1 7 11 
1 7 12 
1 7 22 
1 7 32 
1 11 12 
1 11 22 
1 11 32 
1 12 22 
1 12 32 
1 22 32 
2 6 7 
2 6 11 
2 6 12 
2 6 22 
2 6 32 
2 7 11 
2 7 12 
2 7 22 
2 7 32 
2 11 12 
2 11 22 
2 11 32 
2 12 22 
2 12 32 
2 22 32 
6 7 11 
6 7 12 
6 7 22 
6 7 32 
6 11 12 
6 11 22 
6 11 32 
6 12 22 
6 12 32 
6 22 32 
7 11 12 
7 11 22 
7 11 32 
7 12 22 
7 12 32 
7 22 32 
11 12 22 
11 12 32 
11 22 32 
12 22 32 
4 70 
1 2 6 7 
1 2 6 11 
1 2 6 12 
1 2 6 22 
1 2 6 32 
1 2 7 11 
1 2 7 12 
1 2 7 22 
1 2 7 32 
1 2 11 12 
1 2 11 22 
1 2 11 32 
1 2 12 22 
1 2 12 32 
1 2 22 32 
1 6 7 11 
1 6 7 12 
1 6 7 22 
1 6 7 32 
1 6 11 12 
1 6 11 22 
1 6 11 32 
1 6 12 22 
1 6 12 32 
1 6 22 32 
1 7 11 12 
1 7 11 22 
1 7 11 32 
1 7 12 22 
1 7 12 32 
1 7 22 32 
1 11 12 22 
1 11 12 32 
1 11 22 32 
1 12 22 32 
2 6 7 11 
2 6 7 12 
2 6 7 22 
2 6 7 32 
2 6 11 12 
2 6 11 22 
2 6 11 32 
2 6 12 22 
2 6 12 32 
2 6 22 32 
2 7 11 12 
2 7 11 22 
2 7 11 32 
2 7 12 22 
2 7 12 32 
2 7 22 32 
2 11 12 22 
2 11 12 32 
2 11 22 32 
2 12 22 32 
6 7 11 12 
6 7 11 22 
6 7 11 32 
6 7 12 22 
6 7 12 32 
6 7 22 32 
6 11 12 22 
6 11 12 32 
6 11 22 32 
6 12 22 32 
7 11 12 22 
7 11 12 32 
7 11 22 32 
7 12 22 32 
11 12 22 32 
5 56 
1 2 6 7 11 
1 2 6 7 12 
1 2 6 7 22 
1 2 6 7 32 
1 2 6 11 12 
1 2 6 11 22 
1 2 6 11 32 
1 2 6 12 22 
1 2 6 12 32 
1 2 6 22 32 
1 2 7 11 12 
1 2 7 11 22 
1 2 7 11 32 
1 2 7 12 22 
1 2 7 12 32 
1 2 7 22 32 
1 2 11 12 22 
1 2 11 12 32 
1 2 11 22 32 
1 2 12 22 32 
1 6 7 11 12 
1 6 7 11 22 
1 6 7 11 32 
1 6 7 12 22 
1 6 7 12 32 
1 6 7 22 32 
1 6 11 12 22 
1 6 11 12 32 
1 6 11 22 32 
1 6 12 22 32 
1 7 11 12 22 
1 7 11 12 32 
1 7 11 22 32 
1 7 12 22 32 
1 11 12 22 32 
2 6 7 11 12 
2 6 7 11 22 
2 6 7 11 32 
2 6 7 12 22 
2 6 7 12 32 
2 6 7 22 32 
2 6 11 12 22 
2 6 11 12 32 
2 6 11 22 32 
2 6 12 22 32 
2 7 11 12 22 
2 7 11 12 32 
2 7 11 22 32 
2 7 12 22 32 
2 11 12 22 32 
6 7 11 12 22 
6 7 11 12 32 
6 7 11 22 32 
6 7 12 22 32 
6 11 12 22 32 
7 11 12 22 32 
6 28 
1 2 6 7 11 12 
1 2 6 7 11 22 
1 2 6 7 11 32 
1 2 6 7 12 22 
1 2 6 7 12 32 
1 2 6 7 22 32 
1 2 6 11 12 22 
1 2 6 11 12 32 
1 2 6 11 22 32 
1 2 6 12 22 32 
1 2 7 11 12 22 
1 2 7 11 12 32 
1 2 7 11 22 32 
1 2 7 12 22 32 
1 2 11 12 22 32 
1 6 7 11 12 22 
1 6 7 11 12 32 
1 6 7 11 22 32 
1 6 7 12 22 32 
1 6 11 12 22 32 
1 7 11 12 22 32 
2 6 7 11 12 22 
2 6 7 11 12 32 
2 6 7 11 22 32 
2 6 7 12 22 32 
2 6 11 12 22 32 
2 7 11 12 22 32 
6 7 11 12 22 32 
7 8 
1 2 6 7 11 12 22 
1 2 6 7 11 12 32 
1 2 6 7 11 22 32 
1 2 6 7 12 22 32 
1 2 6 11 12 22 32 
1 2 7 11 12 22 32 
1 6 7 11 12 22 32 
2 6 7 11 12 22 32 
8 1 
1 2 6 7 11 12 22 32 
2
0 1 

1 4 
3 
15 
16 
38 
2 8 
3 15 
3 16 
3 38 
8 26 
15 16 
15 38 
16 38 
25 48 
3 12 
3 8 26 
3 15 16 
3 15 38 
3 16 38 
3 25 48 
8 15 26 
8 16 26 
8 26 38 
15 16 38 
15 25 48 
16 25 48 
25 38 48 
4 14 
3 8 15 26 
3 8 16 26 
3 8 26 38 
3 15 16 38 
3 15 25 48 
3 16 25 48 
3 25 38 48 
8 15 16 26 
8 15 26 38 
8 16 26 38 
8 25 26 48 
15 16 25 48 
15 25 38 48 
16 25 38 48 
5 12 
3 8 15 16 26 
3 8 15 26 38 
3 8 16 26 38 
3 8 25 26 48 
3 15 16 25 48 
3 15 25 38 48 
3 16 25 38 48 
8 15 16 26 38 
8 15 25 26 48 
8 16 25 26 48 
8 25 26 38 48 
15 16 25 38 48 
6 8 
3 8 15 16 26 38 
3 8 15 25 26 48 
3 8 16 25 26 48 
3 8 25 26 38 48 
3 15 16 25 38 48 
8 15 16 25 26 48 
8 15 25 26 38 48 
8 16 25 26 38 48 
7 4 
3 8 15 16 25 26 48 
3 8 15 25 26 38 48 
3 8 16 25 26 38 48 
8 15 16 25 26 38 48 
8 1 
3 8 15 16 25 26 38 48 
3
0 1 

1 8 
4 
9 
18 
19 
28 
29 
41 
51 
2 28 
4 9 
4 18 
4 19 
4 28 
4 29 
4 41 
4 51 
9 18 
9 19 
9 28 
9 29 
9 41 
9 51 
18 19 
18 28 
18 29 
18 41 
18 51 
19 28 
19 29 
19 41 
19 51 
28 29 
28 41 
28 51 
29 41 
29 51 
41 51 
3 56 
4 9 18 
4 9 19 
4 9 28 
4 9 29 
4 9 41 
4 9 51 
4 18 19 
4 18 28 
4 18 29 
4 18 41 
4 18 51 
4 19 28 
4 19 29 
4 19 41 
4 19 51 
4 28 29 
4 28 41 
4 28 51 
4 29 41 
4 29 51 
4 41 51 
9 18 19 
9 18 28 
9 18 29 
9 18 41 
9 18 51 
9 19 28 
9 19 29 
9 19 41 
9 19 51 
9 28 29 
9 28 41 
9 28 51 
9 29 41 
9 29 51 
9 41 51 
18 19 28 
18 19 29 
18 19 41 
18 19 51 
18 28 29 
18 28 41 
18 28 51 
18 29 41 
18 29 51 
18 41 51 
19 28 29 
19 28 41 
19 28 51 
19 29 41 
19 29 51 
19 41 51 
28 29 41 
28 29 51 
28 41 51 
29 41 51 
4 70 
4 9 18 19 
4 9 18 28 
4 9 18 29 
4 9 18 41 
4 9 18 51 
4 9 19 28 
4 9 19 29 
4 9 19 41 
4 9 19 51 
4 9 28 29 
4 9 28 41 
4 9 28 51 
4 9 29 41 
4 9 29 51 
4 9 41 51 
4 18 19 28 
4 18 19 29 
4 18 19 41 
4 18 19 51 
4 18 28 29 
4 18 28 41 
4 18 28 51 
4 18 29 41 
4 18 29 51 
4 18 41 51 
4 19 28 29 
4 19 28 41 
4 19 28 51 
4 19 29 41 
4 19 29 51 
4 19 41 51 
4 28 29 41 
4 28 29 51 
4 28 41 51 
4 29 41 51 
9 18 19 28 
9 18 19 29 
9 18 19 41 
9 18 19 51 
9 18 28 29 
9 18 28 41 
9 18 28 51 
9 18 29 41 
9 18 29 51 
9 18 41 51 
9 19 28 29 
9 19 28 41 
9 19 28 51 
9 19 29 41 
9 19 29 51 
9 19 41 51 
9 28 29 41 
9 28 29 51 
9 28 41 51 
9 29 41 51 
18 19 28 29 
18 19 28 41 
18 19 28 51 
18 19 29 41 
18 19 29 51 
18 19 41 51 
18 28 29 41 
18 28 29 51 
18 28 41 51 
18 29 41 51 
19 28 29 41 
19 28 29 51 
19 28 41 51 
19 29 41 51 
28 29 41 51 
5 56 
4 9 18 19 28 
4 9 18 19 29 
4 9 18 19 41 
4 9 18 19 51 
4 9 18 28 29 
4 9 18 28 41 
4 9 18 28 51 
4 9 18 29 41 
4 9 18 29 51 
4 9 18 41 51 
4 9 19 28 29 
4 9 19 28 41 
4 9 19 28 51 
4 9 19 29 41 
4 9 19 29 51 
4 9 19 41 51 
4 9 28 29 41 
4 9 28 29 51 
4 9 28 41 51 
4 9 29 41 51 
4 18 19 28 29 
4 18 19 28 41 
4 18 19 28 51 
4 18 19 29 41 
4 18 19 29 51 
4 18 19 41 51 
4 18 28 29 41 
4 18 28 29 51 
4 18 28 41 51 
4 18 29 41 51 
4 19 28 29 41 
4 19 28 29 51 
4 19 28 41 51 
4 19 29 41 51 
4 28 29 41 51 
9 18 19 28 29 
9 18 19 28 41 
9 18 19 28 51 
9 18 19 29 41 
9 18 19 29 51 
9 18 19 41 51 
9 18 28 29 41 
9 18 28 29 51 
9 18 28 41 51 
9 18 29 41 51 
9 19 28 29 41 
9 19 28 29 51 
9 19 28 41 51 
9 19 29 41 51 
9 28 29 41 51 
18 19 28 29 41 
18 19 28 29 51 
18 19 28 41 51 
18 19 29 41 51 
18 28 29 41 51 
19 28 29 41 51 
6 28 
4 9 18 19 28 29 
4 9 18 19 28 41 
4 9 18 19 28 51 
4 9 18 19 29 41 
4 9 18 19 29 51 
4 9 18 19 41 51 
4 9 18 28 29 41 
4 9 18 28 29 51 
4 9 18 28 41 51 
4 9 18 29 41 51 
4 9 19 28 29 41 
4 9 19 28 29 51 
4 9 19 28 41 51 
4 9 19 29 41 51 
4 9 28 29 41 51 
4 18 19 28 29 41 
4 18 19 28 29 51 
4 18 19 28 41 51 
4 18 19 29 41 51 
4 18 28 29 41 51 
4 19 28 29 41 51 
9 18 19 28 29 41 
9 18 19 28 29 51 
9 18 19 28 41 51 
9 18 19 29 41 51 
9 18 28 29 41 51 
9 19 28 29 41 51 
18 19 28 29 41 51 
7 8 
4 9 18 19 28 29 41 
4 9 18 19 28 29 51 
4 9 18 19 28 41 51 
4 9 18 19 29 41 51 
4 9 18 28 29 41 51 
4 9 19 28 29 41 51 
4 18 19 28 29 41 51 
9 18 19 28 29 41 51 
8 1 
4 9 18 19 28 29 41 51 
4
0 1 

1 4 
5 
20 
21 
42 
2 8 
5 20 
5 21 
5 42 
10 31 
20 21 
20 42 
21 42 
30 52 
3 12 
5 10 31 
5 20 21 
5 20 42 
5 21 42 
5 30 52 
10 20 31 
10 21 31 
10 31 42 
20 21 42 
20 30 52 
21 30 52 
30 42 52 
4 14 
5 10 20 31 
5 10 21 31 
5 10 31 42 
5 20 21 42 
5 20 30 52 
5 21 30 52 
5 30 42 52 
10 20 21 31 
10 20 31 42 
10 21 31 42 
10 30 31 52 
20 21 30 52 
20 30 42 52 
21 30 42 52 
5 12 
5 10 20 21 31 
5 10 20 31 42 
5 10 21 31 42 
5 10 30 31 52 
5 20 21 30 52 
5 20 30 42 52 
5 21 30 42 52 
10 20 21 31 42 
10 20 30 31 52 
10 21 30 31 52 
10 30 31 42 52 
20 21 30 42 52 
6 8 
5 10 20 21 31 42 
5 10 20 30 31 52 
5 10 21 30 31 52 
5 10 30 31 42 52 
5 20 21 30 42 52 
10 20 21 30 31 52 
10 20 30 31 42 52 
10 21 30 31 42 52 
7 4 
5 10 20 21 30 31 52 
5 10 20 30 31 42 52 
5 10 21 30 31 42 52 
10 20 21 30 31 42 52 
8 1 
5 10 20 21 30 31 42 52 
5
0 1 

1 4 
23 
44 
45 
60 
2 8 
13 35 
23 44 
23 45 
23 60 
34 55 
44 45 
44 60 
45 60 
3 12 
13 23 35 
13 35 44 
13 35 45 
13 35 60 
23 34 55 
23 44 45 
23 44 60 
23 45 60 
34 44 55 
34 45 55 
34 55 60 
44 45 60 
4 14 
13 23 35 44 
13 23 35 45 
13 23 35 60 
13 34 35 55 
13 35 44 45 
13 35 44 60 
13 35 45 60 
23 34 44 55 
23 34 45 55 
23 34 55 60 
23 44 45 60 
34 44 45 55 
34 44 55 60 
34 45 55 60 
5 12 
13 23 34 35 55 
13 23 35 44 45 
13 23 35 44 60 
13 23 35 45 60 
13 34 35 44 55 
13 34 35 45 55 
13 34 35 55 60 
13 35 44 45 60 
23 34 44 45 55 
23 34 44 55 60 
23 34 45 55 60 
34 44 45 55 60 
6 8 
13 23 34 35 44 55 
13 23 34 35 45 55 
13 23 34 35 55 60 
13 23 35 44 45 60 
13 34 35 44 45 55 
13 34 35 44 55 60 
13 34 35 45 55 60 
23 34 44 45 55 60 
7 4 
13 23 34 35 44 45 55 
13 23 34 35 44 55 60 
13 23 34 35 45 55 60 
13 34 35 44 45 55 60 
8 1 
13 23 34 35 44 45 55 60 
6
0 1 

1 8 
14 
24 
36 
37 
46 
47 
56 
61 
2 28 
14 24 
14 36 
14 37 
14 46 
14 47 
14 56 
14 61 
24 36 
24 37 
24 46 
24 47 
24 56 
24 61 
36 37 
36 46 
36 47 
36 56 
36 61 
37 46 
37 47 
37 56 
37 61 
46 47 
46 56 
46 61 
47 56 
47 61 
56 61 
3 56 
14 24 36 
14 24 37 
14 24 46 
14 24 47 
14 24 56 
14 24 61 
14 36 37 
14 36 46 
14 36 47 
14 36 56 
14 36 61 
14 37 46 
14 37 47 
14 37 56 
14 37 61 
14 46 47 
14 46 56 
14 46 61 
14 47 56 
14 47 61 
14 56 61 
24 36 37 
24 36 46 
24 36 47 
24 36 56 
24 36 61 
24 37 46 
24 37 47 
24 37 56 
24 37 61 
24 46 47 
24 46 56 
24 46 61 
24 47 56 
24 47 61 
24 56 61 
36 37 46 
36 37 47 
36 37 56 
36 37 61 
36 46 47 
36 46 56 
36 46 61 
36 47 56 
36 47 61 
36 56 61 
37 46 47 
37 46 56 
37 46 61 
37 47 56 
37 47 61 
37 56 61 
46 47 56 
46 47 61 
46 56 61 
47 56 61 
4 70 
14 24 36 37 
14 24 36 46 
14 24 36 47 
14 24 36 56 
14 24 36 61 
14 24 37 46 
14 24 37 47 
14 24 37 56 
14 24 37 61 
14 24 46 47 
14 24 46 56 
14 24 46 61 
14 24 47 56 
14 24 47 61 
14 24 56 61 
14 36 37 46 
14 36 37 47 
14 36 37 56 
14 36 37 61 
14 36 46 47 
14 36 46 56 
14 36 46 61 
14 36 47 56 
14 36 47 61 
14 36 56 61 
14 37 46 47 
14 37 46 56 
14 37 46 61 
14 37 47 56 
14 37 47 61 
14 37 56 61 
14 46 47 56 
14 46 47 61 
14 46 56 61 
14 47 56 61 
24 36 37 46 
24 36 37 47 
24 36 37 56 
24 36 37 61 
24 36 46 47 
24 36 46 56 
24 36 46 61 
24 36 47 56 
24 36 47 61 
24 36 56 61 
24 37 46 47 
24 37 46 56 
24 37 46 61 
24 37 47 56 
24 37 47 61 
24 37 56 61 
24 46 47 56 
24 46 47 61 
24 46 56 61 
24 47 56 61 
36 37 46 47 
36 37 46 56 
36 37 46 61 
36 37 47 56 
36 37 47 61 
36 37 56 61 
36 46 47 56 
36 46 47 61 
36 46 56 61 
36 47 56 61 
37 46 47 56 
37 46 47 61 
37 46 56 61 
37 47 56 61 
46 47 56 61 
5 56 
14 24 36 37 46 
14 24 36 37 47 
14 24 36 37 56 
14 24 36 37 61 
14 24 36 46 47 
14 24 36 46 56 
14 24 36 46 61 
14 24 36 47 56 
14 24 36 47 61 
14 24 36 56 61 
14 24 37 46 47 
14 24 37 46 56 
14 24 37 46 61 
14 24 37 47 56 
14 24 37 47 61 
14 24 37 56 61 
14 24 46 47 56 
14 24 46 47 61 
14 24 46 56 61 
14 24 47 56 61 
14 36 37 46 47 
14 36 37 46 56 
14 36 37 46 61 
14 36 37 47 56 
14 36 37 47 61 
14 36 37 56 61 
14 36 46 47 56 
14 36 46 47 61 
14 36 46 56 61 
14 36 47 56 61 
14 37 46 47 56 
14 37 46 47 61 
14 37 46 56 61 
14 37 47 56 61 
14 46 47 56 61 
24 36 37 46 47 
24 36 37 46 56 
24 36 37 46 61 
24 36 37 47 56 
24 36 37 47 61 
24 36 37 56 61 
24 36 46 47 56 
24 36 46 47 61 
24 36 46 56 61 
24 36 47 56 61 
24 37 46 47 56 
24 37 46 47 61 
24 37 46 56 61 
24 37 47 56 61 
24 46 47 56 61 
36 37 46 47 56 
36 37 46 47 61 
36 37 46 56 61 
36 37 47 56 61 
36 46 47 56 61 
37 46 47 56 61 
6 28 
14 24 36 37 46 47 
14 24 36 37 46 56 
14 24 36 37 46 61 
14 24 36 37 47 56 
14 24 36 37 47 61 
14 24 36 37 56 61 
14 24 36 46 47 56 
14 24 36 46 47 61 
14 24 36 46 56 61 
14 24 36 47 56 61 
14 24 37 46 47 56 
14 24 37 46 47 61 
14 24 37 46 56 61 
14 24 37 47 56 61 
14 24 46 47 56 61 
14 36 37 46 47 56 
14 36 37 46 47 61 
14 36 37 46 56 61 
14 36 37 47 56 61 
14 36 46 47 56 61 
14 37 46 47 56 61 
24 36 37 46 47 56 
24 36 37 46 47 61 
24 36 37 46 56 61 
24 36 37 47 56 61 
24 36 46 47 56 61 
24 37 46 47 56 61 
36 37 46 47 56 61 
7 8 
14 24 36 37 46 47 56 
14 24 36 37 46 47 61 
14 24 36 37 46 56 61 
14 24 36 37 47 56 61 
14 24 36 46 47 56 61 
14 24 37 46 47 56 61 
14 36 37 46 47 56 61 
24 36 37 46 47 56 61 
8 1 
14 24 36 37 46 47 56 61 
7
0 1 

1 4 
17 
39 
40 
57 
2 8 
17 39 
17 40 
17 57 
27 50 
39 40 
39 57 
40 57 
49 62 
3 12 
17 27 50 
17 39 40 
17 39 57 
17 40 57 
17 49 62 
27 39 50 
27 40 50 
27 50 57 
39 40 57 
39 49 62 
40 49 62 
49 57 62 
4 14 
17 27 39 50 
17 27 40 50 
17 27 50 57 
17 39 40 57 
17 39 49 62 
17 40 49 62 
17 49 57 62 
27 39 40 50 
27 39 50 57 
27 40 50 57 
27 49 50 62 
39 40 49 62 
39 49 57 62 
40 49 57 62 
5 12 
17 27 39 40 50 
17 27 39 50 57 
17 27 40 50 57 
17 27 49 50 62 
17 39 40 49 62 
17 39 49 57 62 
17 40 49 57 62 
27 39 40 50 57 
27 39 49 50 62 
27 40 49 50 62 
27 49 50 57 62 
39 40 49 57 62 
6 8 
17 27 39 40 50 57 
17 27 39 49 50 62 
17 27 40 49 50 62 
17 27 49 50 57 62 
17 39 40 49 57 62 
27 39 40 49 50 62 
27 39 49 50 57 62 
27 40 49 50 57 62 
7 4 
17 27 39 40 49 50 62 
17 27 39 49 50 57 62 
17 27 40 49 50 57 62 
27 39 40 49 50 57 62 
8 1 
17 27 39 40 49 50 57 62 
8
0 1 

1 1 

2 4 
33 54 
43 59 
53 63 
58 64 
3 1 

4 6 
33 43 54 59 
33 53 54 63 
33 54 58 64 
43 53 59 63 
43 58 59 64 
53 58 63 64 
5 1 

6 4 
33 43 53 54 59 63 
33 43 54 58 59 64 
33 53 54 58 63 64 
43 53 58 59 63 64 
7 1 

8 1 
33 43 53 54 58 59 63 64 
