//Table for grp 72:
57
0 0 2 2 4 4 2 4 
0 0 2 4 4 2 4 2 
0 0 4 2 2 4 4 2 
0 0 4 4 2 2 2 4 
0 2 0 2 4 2 4 4 
0 2 0 4 4 4 2 2 
0 2 2 0 2 4 4 4 
0 2 2 2 2 2 2 6 
0 2 2 2 2 2 6 2 
0 2 2 2 2 6 2 2 
0 2 2 2 6 2 2 2 
0 2 2 4 2 0 4 4 
0 2 2 4 2 4 0 4 
0 2 2 4 2 4 4 0 
0 2 2 6 2 2 2 2 
0 2 4 0 4 4 2 2 
0 2 4 2 0 2 4 4 
0 2 4 2 4 2 0 4 
0 2 4 2 4 2 4 0 
0 2 4 4 0 4 2 2 
0 2 4 4 4 0 2 2 
0 2 6 2 2 2 2 2 
0 4 0 2 2 4 4 2 
0 4 0 4 2 2 2 4 
0 4 2 0 4 2 4 2 
0 4 2 2 0 4 2 4 
0 4 2 2 4 0 2 4 
0 4 2 2 4 4 2 0 
0 4 2 4 0 2 4 2 
0 4 2 4 4 2 0 2 
0 4 4 0 2 2 2 4 
0 4 4 2 2 0 4 2 
0 4 4 2 2 4 0 2 
0 4 4 4 2 2 2 0 
0 6 2 2 2 2 2 2 
2 0 2 2 2 2 4 4 
2 0 2 4 2 4 2 2 
2 0 4 2 4 2 2 2 
2 2 0 2 2 4 2 4 
2 2 0 4 2 2 4 2 
2 2 2 0 4 2 2 4 
2 2 2 2 0 4 4 2 
2 2 2 2 4 0 4 2 
2 2 2 2 4 4 0 2 
2 2 2 4 0 2 2 4 
2 2 2 4 4 2 2 0 
2 2 4 0 2 2 4 2 
2 2 4 2 2 0 2 4 
2 2 4 2 2 4 2 0 
2 2 4 4 2 2 0 2 
2 4 0 2 4 2 2 2 
2 4 2 0 2 4 2 2 
2 4 2 2 2 2 0 4 
2 4 2 2 2 2 4 0 
2 4 2 4 2 0 2 2 
2 4 4 2 0 2 2 2 
4 2 2 2 2 2 2 2 
1 2 3 4 5 6 7 8 9 10 11 12 13 14 15 16 17 18 19 20 21 22 23 24 25 26 27 28 29 30 31 32 33 34 35 36 37 38 39 40 41 42 43 44 45 46 47 48 49 50 51 52 53 54 55 56 57 58 59 60 61 62 63 64 
2 7 8 9 10 11 12 16 19 21 22 1 23 24 25 26 27 28 29 30 31 32 35 37 38 3 40 41 4 42 5 6 43 44 45 46 47 48 49 50 51 52 54 55 13 56 14 15 57 17 18 20 58 59 60 61 62 63 33 34 36 39 64 53 
3 24 42 13 14 15 16 32 43 8 46 47 57 22 21 20 33 34 35 36 37 38 51 52 12 11 23 58 59 25 26 61 41 40 39 7 6 5 53 54 55 56 62 29 28 31 30 2 44 45 64 48 19 18 17 1 63 50 49 9 10 60 4 27 
4 28 13 6 17 18 19 44 2 49 9 51 15 33 34 35 20 1 22 39 40 41 8 58 23 60 10 11 12 27 62 29 36 3 38 53 54 55 5 42 7 57 24 25 26 43 64 45 30 31 32 50 14 56 16 63 21 46 47 48 59 52 37 61 
5 10 14 17 1 20 21 24 27 2 30 31 33 3 36 37 4 39 40 6 7 42 43 8 46 47 9 49 50 11 12 52 13 53 54 15 16 56 18 19 57 22 23 58 59 25 26 61 28 29 62 32 34 35 63 38 41 44 45 64 48 51 55 60 
6 11 15 18 20 1 22 25 28 30 2 32 34 36 3 38 39 4 41 5 42 7 44 46 8 48 49 9 51 10 52 12 53 13 55 14 56 16 17 57 19 21 58 23 60 24 61 26 27 62 29 31 33 63 35 37 40 43 64 45 47 50 54 59 
7 12 16 19 21 22 1 26 29 31 32 2 35 37 38 3 40 41 4 42 5 6 45 47 48 8 50 51 9 52 10 11 54 55 13 56 14 15 57 17 18 20 59 60 23 61 24 25 62 27 28 30 63 33 34 36 39 64 43 44 46 49 53 58 
8 37 52 23 24 25 26 6 54 16 56 14 62 32 31 30 43 44 45 46 47 48 18 20 1 22 35 63 33 38 3 36 51 50 49 12 11 10 58 59 60 61 39 4 41 5 42 7 55 13 53 15 29 28 27 2 64 17 57 19 21 34 9 40 
9 41 23 11 27 28 29 55 7 57 19 18 25 43 44 45 30 2 32 49 50 51 16 63 35 34 21 22 1 40 39 4 46 8 48 58 59 60 10 52 12 62 37 38 3 54 53 13 42 5 6 17 24 61 26 64 31 56 14 15 33 20 47 36 
10 21 24 27 2 30 31 37 40 7 42 5 43 8 46 47 9 49 50 11 12 52 54 16 56 14 19 57 17 22 1 20 23 58 59 25 26 61 28 29 62 32 35 63 33 38 3 36 41 4 39 6 44 45 64 48 51 55 13 53 15 18 60 34 
11 22 25 28 30 2 32 38 41 42 7 6 44 46 8 48 49 9 51 10 52 12 55 56 16 15 57 19 18 21 20 1 58 23 60 24 61 26 27 62 29 31 63 35 34 37 36 3 40 39 4 5 43 64 45 47 50 54 53 13 14 17 59 33 
12 1 26 29 31 32 2 3 4 5 6 7 45 47 48 8 50 51 9 52 10 11 13 14 15 16 17 18 19 20 21 22 59 60 23 61 24 25 62 27 28 30 33 34 35 36 37 38 39 40 41 42 64 43 44 46 49 53 54 55 56 57 58 63 
13 58 57 15 33 34 35 29 24 44 43 64 21 41 40 39 36 3 38 53 54 55 32 50 51 9 8 46 47 23 60 59 7 42 5 19 18 17 14 56 16 63 52 12 11 62 27 28 25 26 61 45 22 1 20 4 37 31 30 2 49 48 6 10 
14 8 22 33 3 36 37 52 23 24 25 26 41 42 7 6 13 53 54 15 16 56 62 32 31 30 43 44 45 46 47 48 57 19 18 21 20 1 34 35 63 38 51 50 49 12 11 10 58 59 60 61 40 39 4 5 55 29 28 27 2 64 17 9 
15 46 21 34 36 3 38 12 58 25 24 61 40 7 42 5 53 13 55 14 56 16 29 31 32 2 44 43 64 8 48 47 19 57 17 22 1 20 33 63 35 37 50 51 9 52 10 11 23 60 59 26 41 4 39 6 54 62 27 28 30 45 18 49 
16 47 20 35 37 38 3 11 59 26 61 24 39 6 5 42 54 55 13 56 14 15 28 30 2 32 45 64 43 48 8 46 18 17 57 1 22 21 63 33 34 36 49 9 51 10 52 12 60 23 58 25 4 41 40 7 53 27 62 29 31 44 19 50 
17 49 33 20 4 39 40 58 10 28 27 62 36 13 53 54 6 5 42 18 19 57 24 44 43 64 2 30 31 9 51 50 15 14 56 34 35 63 1 22 21 41 8 46 47 23 60 59 11 12 52 29 3 38 37 55 7 25 26 61 45 32 16 48 
18 9 34 1 39 4 41 23 11 27 28 29 3 53 13 55 5 6 7 17 57 19 25 43 44 45 30 2 32 49 50 51 14 15 16 33 63 35 20 21 22 40 46 8 48 58 59 60 10 52 12 62 36 37 38 54 42 24 61 26 64 31 56 47 
19 51 35 22 40 41 4 60 12 62 29 28 38 54 55 13 42 7 6 57 17 18 26 64 45 44 31 32 2 50 49 9 56 16 15 63 33 34 21 20 1 39 47 48 8 59 58 23 52 10 11 27 37 36 3 53 5 61 24 25 43 30 14 46 
20 30 36 39 6 5 42 46 49 11 10 52 53 15 14 56 18 17 57 1 22 21 58 25 24 61 28 27 62 2 32 31 34 33 63 3 38 37 4 41 40 7 44 43 64 8 48 47 9 51 50 12 13 55 54 16 19 23 60 59 26 29 35 45 
21 31 37 40 7 42 5 47 50 12 52 10 54 16 56 14 19 57 17 22 1 20 59 26 61 24 29 62 27 32 2 30 35 63 33 38 3 36 41 4 39 6 45 64 43 48 8 46 51 9 49 11 55 13 53 15 18 60 23 58 25 28 34 44 
22 32 38 41 42 7 6 48 51 52 12 11 55 56 16 15 57 19 18 21 20 1 60 61 26 25 62 29 28 31 30 2 63 35 34 37 36 3 40 39 4 5 64 45 44 47 46 8 50 49 9 10 54 53 13 14 17 59 58 23 24 27 33 43 
23 63 62 25 43 44 45 4 37 55 54 53 31 51 50 49 46 8 48 58 59 60 6 17 18 19 16 56 14 35 34 33 12 52 10 29 28 27 24 61 26 64 20 1 22 39 40 41 38 3 36 13 32 2 30 9 47 5 42 7 57 15 11 21 
24 16 32 43 8 46 47 20 35 37 38 3 51 52 12 11 23 58 59 25 26 61 39 6 5 42 54 55 13 56 14 15 62 29 28 31 30 2 44 45 64 48 18 17 57 1 22 21 63 33 34 36 50 49 9 10 60 4 41 40 7 53 27 19 
25 56 31 44 46 8 48 1 63 38 37 36 50 12 52 10 58 23 60 24 61 26 4 5 6 7 55 54 53 16 15 14 29 62 27 32 2 30 43 64 45 47 17 18 19 20 21 22 35 34 33 3 51 9 49 11 59 39 40 41 42 13 28 57 
26 14 30 45 47 48 8 22 33 3 36 37 49 11 10 52 59 60 23 61 24 25 41 42 7 6 13 53 54 15 16 56 28 27 62 2 32 31 64 43 44 46 57 19 18 21 20 1 34 35 63 38 9 51 50 12 58 40 39 4 5 55 29 17 
27 57 43 30 9 49 50 63 21 41 40 39 46 23 58 59 11 10 52 28 29 62 37 55 54 53 7 42 5 19 18 17 25 24 61 44 45 64 2 32 31 51 16 56 14 35 34 33 22 1 20 4 8 48 47 60 12 38 3 36 13 6 26 15 
28 19 44 2 49 9 51 35 22 40 41 4 8 58 23 60 10 11 12 27 62 29 38 54 55 13 42 7 6 57 17 18 24 25 26 43 64 45 30 31 32 50 56 16 15 63 33 34 21 20 1 39 46 47 48 59 52 37 36 3 53 5 61 14 
29 18 45 32 50 51 9 34 1 39 4 41 48 59 60 23 52 12 11 62 27 28 3 53 13 55 5 6 7 17 57 19 61 26 25 64 43 44 31 30 2 49 14 15 16 33 63 35 20 21 22 40 47 46 8 58 10 36 37 38 54 42 24 56 
30 42 46 49 11 10 52 56 57 22 21 20 58 25 24 61 28 27 62 2 32 31 63 38 37 36 41 40 39 7 6 5 44 43 64 8 48 47 9 51 50 12 55 54 53 16 15 14 19 18 17 1 23 60 59 26 29 35 34 33 3 4 45 13 
31 5 47 50 12 52 10 14 17 1 20 21 59 26 61 24 29 62 27 32 2 30 33 3 36 37 4 39 40 6 7 42 45 64 43 48 8 46 51 9 49 11 13 53 54 15 16 56 18 19 57 22 60 23 58 25 28 34 35 63 38 41 44 55 
32 6 48 51 52 12 11 15 18 20 1 22 60 61 26 25 62 29 28 31 30 2 34 36 3 38 39 4 41 5 42 7 64 45 44 47 46 8 50 49 9 10 53 13 55 14 56 16 17 57 19 21 59 58 23 24 27 33 63 35 37 40 43 54 
33 44 41 36 13 53 54 50 8 58 23 60 7 57 19 18 15 14 56 34 35 63 52 29 62 27 24 25 26 43 64 45 21 22 1 40 39 4 3 38 37 55 32 31 30 51 9 49 46 47 48 59 42 5 6 17 16 12 11 10 28 61 20 2 
34 43 40 3 53 13 55 51 46 23 58 59 42 19 57 17 14 15 16 33 63 35 12 62 29 28 25 24 61 44 45 64 22 21 20 41 4 39 36 37 38 54 31 32 2 50 49 9 8 48 47 60 7 6 5 18 56 52 10 11 27 26 1 30 
35 64 39 38 54 55 13 9 47 60 59 58 5 18 17 57 56 16 15 63 33 34 11 27 28 29 26 61 24 45 44 43 1 20 21 4 41 40 37 36 3 53 30 2 32 49 50 51 48 8 46 23 6 7 42 19 14 10 52 12 62 25 22 31 
36 25 7 53 15 14 56 31 44 46 8 48 19 21 22 1 34 33 63 3 38 37 50 12 52 10 58 23 60 24 61 26 40 41 4 42 5 6 13 55 54 16 29 62 27 32 2 30 43 64 45 47 57 17 18 20 35 51 9 49 11 59 39 28 
37 26 6 54 16 56 14 30 45 47 48 8 18 20 1 22 35 63 33 38 3 36 49 11 10 52 59 60 23 61 24 25 39 4 41 5 42 7 55 13 53 15 28 27 62 2 32 31 64 43 44 46 17 57 19 21 34 9 51 50 12 58 40 29 
38 61 5 55 56 16 15 2 64 48 47 46 17 1 20 21 63 35 34 37 36 3 9 10 11 12 60 59 58 26 25 24 4 39 40 6 7 42 54 53 13 14 27 28 29 30 31 32 45 44 43 8 18 19 57 22 33 49 50 51 52 23 41 62 
39 27 53 5 18 17 57 43 30 9 49 50 14 34 33 63 1 20 21 4 41 40 46 23 58 59 11 10 52 28 29 62 3 36 37 13 55 54 6 7 42 19 25 24 61 44 45 64 2 32 31 51 15 16 56 35 22 8 48 47 60 12 38 26 
40 62 54 42 19 57 17 64 31 51 50 49 56 35 63 33 22 21 20 41 4 39 47 60 59 58 12 52 10 29 28 27 38 37 36 55 13 53 7 6 5 18 26 61 24 45 44 43 32 2 30 9 16 15 14 34 1 48 8 46 23 11 3 25 
41 29 55 7 57 19 18 45 32 50 51 9 16 63 35 34 21 22 1 40 39 4 48 59 60 23 52 12 11 62 27 28 37 38 3 54 53 13 42 5 6 17 61 26 25 64 43 44 31 30 2 49 56 14 15 33 20 47 46 8 58 10 36 24 
42 52 56 57 22 21 20 61 62 32 31 30 63 38 37 36 41 40 39 7 6 5 64 48 47 46 51 50 49 12 11 10 55 54 53 16 15 14 19 18 17 1 60 59 58 26 25 24 29 28 27 2 35 34 33 3 4 45 44 43 8 9 13 23 
43 55 51 46 23 58 59 17 16 63 35 34 12 62 29 28 25 24 61 44 45 64 20 4 39 40 37 38 3 54 53 13 31 32 2 50 49 9 8 48 47 60 6 5 42 18 19 57 56 14 15 33 52 10 11 27 26 1 22 21 41 36 30 7 
44 54 50 8 58 23 60 18 56 35 63 33 52 29 62 27 24 25 26 43 64 45 1 39 4 41 38 37 36 55 13 53 32 31 30 51 9 49 46 47 48 59 5 6 7 17 57 19 16 15 14 34 12 11 10 28 61 20 21 22 40 3 2 42 
45 53 49 48 59 60 23 19 14 34 33 63 10 28 27 62 61 26 25 64 43 44 22 40 41 4 3 36 37 13 55 54 2 30 31 9 51 50 47 46 8 58 42 7 6 57 17 18 15 16 56 35 11 12 52 29 24 21 20 1 39 38 32 5 
46 38 12 58 25 24 61 5 55 56 16 15 29 31 32 2 44 43 64 8 48 47 17 1 20 21 63 35 34 37 36 3 50 51 9 52 10 11 23 60 59 26 4 39 40 6 7 42 54 53 13 14 62 27 28 30 45 18 19 57 22 33 49 41 
47 3 11 59 26 61 24 42 13 14 15 16 28 30 2 32 45 64 43 48 8 46 57 22 21 20 33 34 35 36 37 38 49 9 51 10 52 12 60 23 58 25 41 40 39 7 6 5 53 54 55 56 27 62 29 31 44 19 18 17 1 63 50 4 
48 36 10 60 61 26 25 7 53 15 14 56 27 2 30 31 64 45 44 47 46 8 19 21 22 1 34 33 63 3 38 37 9 49 50 11 12 52 59 58 23 24 40 41 4 42 5 6 13 55 54 16 28 29 62 32 43 57 17 18 20 35 51 39 
49 40 58 10 28 27 62 54 42 19 57 17 24 44 43 64 2 30 31 9 51 50 56 35 63 33 22 21 20 41 4 39 8 46 47 23 60 59 11 12 52 29 38 37 36 55 13 53 7 6 5 18 25 26 61 45 32 16 15 14 34 1 48 3 
50 39 59 52 29 62 27 53 5 18 17 57 61 45 64 43 32 31 30 51 9 49 14 34 33 63 1 20 21 4 41 40 48 47 46 60 23 58 12 11 10 28 3 36 37 13 55 54 6 7 42 19 26 25 24 44 2 15 16 56 35 22 8 38 
51 4 60 12 62 29 28 13 6 17 18 19 26 64 45 44 31 32 2 50 49 9 15 33 34 35 20 1 22 39 40 41 47 48 8 59 58 23 52 10 11 27 36 3 38 53 54 55 5 42 7 57 61 24 25 43 30 14 56 16 63 21 46 37 
52 20 61 62 32 31 30 36 39 6 5 42 64 48 47 46 51 50 49 12 11 10 53 15 14 56 18 17 57 1 22 21 60 59 58 26 25 24 29 28 27 2 34 33 63 3 38 37 4 41 40 7 45 44 43 8 9 13 55 54 16 19 23 35 
53 23 19 14 34 33 63 62 25 43 44 45 22 40 41 4 3 36 37 13 55 54 31 51 50 49 46 8 48 58 59 60 42 7 6 57 17 18 15 16 56 35 12 52 10 29 28 27 24 61 26 64 21 20 1 39 38 32 2 30 9 47 5 11 
54 60 18 56 35 63 33 27 26 64 45 44 1 39 4 41 38 37 36 55 13 53 30 9 49 50 47 48 8 59 58 23 5 6 7 17 57 19 16 15 14 34 11 10 52 28 29 62 61 24 25 43 20 21 22 40 3 2 32 31 51 46 42 12 
55 59 17 16 63 35 34 28 61 45 64 43 20 4 39 40 37 38 3 54 53 13 2 49 9 51 48 47 46 60 23 58 6 5 42 18 19 57 56 14 15 33 10 11 12 27 62 29 26 25 24 44 1 22 21 41 36 30 31 32 50 8 7 52 
56 48 1 63 38 37 36 10 60 61 26 25 4 5 6 7 55 54 53 16 15 14 27 2 30 31 64 45 44 47 46 8 17 18 19 20 21 22 35 34 33 3 9 49 50 11 12 52 59 58 23 24 39 40 41 42 13 28 29 62 32 43 57 51 
57 50 63 21 41 40 39 59 52 29 62 27 37 55 54 53 7 42 5 19 18 17 61 45 64 43 32 31 30 51 9 49 16 56 14 35 34 33 22 1 20 4 48 47 46 60 23 58 12 11 10 28 38 3 36 13 6 26 25 24 44 2 15 8 
58 35 29 24 44 43 64 39 38 54 55 13 32 50 51 9 8 46 47 23 60 59 5 18 17 57 56 16 15 63 33 34 52 12 11 62 27 28 25 26 61 45 1 20 21 4 41 40 37 36 3 53 31 30 2 49 48 6 7 42 19 14 10 22 
59 34 28 61 45 64 43 40 3 53 13 55 2 49 9 51 48 47 46 60 23 58 42 19 57 17 14 15 16 33 63 35 10 11 12 27 62 29 26 25 24 44 22 21 20 41 4 39 36 37 38 54 30 31 32 50 8 7 6 5 18 56 52 1 
60 33 27 26 64 45 44 41 36 13 53 54 30 9 49 50 47 48 8 59 58 23 7 57 19 18 15 14 56 34 35 63 11 10 52 28 29 62 61 24 25 43 21 22 1 40 39 4 3 38 37 55 2 32 31 51 46 42 5 6 17 16 12 20 
61 15 2 64 48 47 46 21 34 36 3 38 9 10 11 12 60 59 58 26 25 24 40 7 42 5 53 13 55 14 56 16 27 28 29 30 31 32 45 44 43 8 19 57 17 22 1 20 33 63 35 37 49 50 51 52 23 41 4 39 6 54 62 18 
62 17 64 31 51 50 49 33 20 4 39 40 47 60 59 58 12 52 10 29 28 27 36 13 53 54 6 5 42 18 19 57 26 61 24 45 44 43 32 2 30 9 15 14 56 34 35 63 1 22 21 41 48 8 46 23 11 3 38 37 55 7 25 16 
63 45 4 37 55 54 53 49 48 59 60 23 6 17 18 19 16 56 14 35 34 33 10 28 27 62 61 26 25 64 43 44 20 1 22 39 40 41 38 3 36 13 2 30 31 9 51 50 47 46 8 58 5 42 7 57 15 11 12 52 29 24 21 32 
64 13 9 47 60 59 58 57 15 33 34 35 11 27 28 29 26 61 24 45 44 43 21 41 40 39 36 3 38 53 54 55 30 2 32 49 50 51 48 8 46 23 7 42 5 19 18 17 14 56 16 63 10 52 12 62 25 22 1 20 4 37 31 6 
1
0 1 

1 8 
1 
5 
6 
7 
20 
21 
22 
42 
2 28 
1 5 
1 6 
1 7 
1 20 
1 21 
1 22 
1 42 
5 6 
5 7 
5 20 
5 21 
5 22 
5 42 
6 7 
6 20 
6 21 
6 22 
6 42 
7 20 
7 21 
7 22 
7 42 
20 21 
20 22 
20 42 
21 22 
21 42 
22 42 
3 56 
1 5 6 
1 5 7 
1 5 20 
1 5 21 
1 5 22 
1 5 42 
1 6 7 
1 6 20 
1 6 21 
1 6 22 
1 6 42 
1 7 20 
1 7 21 
1 7 22 
1 7 42 
1 20 21 
1 20 22 
1 20 42 
1 21 22 
1 21 42 
1 22 42 
5 6 7 
5 6 20 
5 6 21 
5 6 22 
5 6 42 
5 7 20 
5 7 21 
5 7 22 
5 7 42 
5 20 21 
5 20 22 
5 20 42 
5 21 22 
5 21 42 
5 22 42 
6 7 20 
6 7 21 
6 7 22 
6 7 42 
6 20 21 
6 20 22 
6 20 42 
6 21 22 
6 21 42 
6 22 42 
7 20 21 
7 20 22 
7 20 42 
7 21 22 
7 21 42 
7 22 42 
20 21 22 
20 21 42 
20 22 42 
21 22 42 
4 70 
1 5 6 7 
1 5 6 20 
1 5 6 21 
1 5 6 22 
1 5 6 42 
1 5 7 20 
1 5 7 21 
1 5 7 22 
1 5 7 42 
1 5 20 21 
1 5 20 22 
1 5 20 42 
1 5 21 22 
1 5 21 42 
1 5 22 42 
1 6 7 20 
1 6 7 21 
1 6 7 22 
1 6 7 42 
1 6 20 21 
1 6 20 22 
1 6 20 42 
1 6 21 22 
1 6 21 42 
1 6 22 42 
1 7 20 21 
1 7 20 22 
1 7 20 42 
1 7 21 22 
1 7 21 42 
1 7 22 42 
1 20 21 22 
1 20 21 42 
1 20 22 42 
1 21 22 42 
5 6 7 20 
5 6 7 21 
5 6 7 22 
5 6 7 42 
5 6 20 21 
5 6 20 22 
5 6 20 42 
5 6 21 22 
5 6 21 42 
5 6 22 42 
5 7 20 21 
5 7 20 22 
5 7 20 42 
5 7 21 22 
5 7 21 42 
5 7 22 42 
5 20 21 22 
5 20 21 42 
5 20 22 42 
5 21 22 42 
6 7 20 21 
6 7 20 22 
6 7 20 42 
6 7 21 22 
6 7 21 42 
6 7 22 42 
6 20 21 22 
6 20 21 42 
6 20 22 42 
6 21 22 42 
7 20 21 22 
7 20 21 42 
7 20 22 42 
7 21 22 42 
20 21 22 42 
5 56 
1 5 6 7 20 
1 5 6 7 21 
1 5 6 7 22 
1 5 6 7 42 
1 5 6 20 21 
1 5 6 20 22 
1 5 6 20 42 
1 5 6 21 22 
1 5 6 21 42 
1 5 6 22 42 
1 5 7 20 21 
1 5 7 20 22 
1 5 7 20 42 
1 5 7 21 22 
1 5 7 21 42 
1 5 7 22 42 
1 5 20 21 22 
1 5 20 21 42 
1 5 20 22 42 
1 5 21 22 42 
1 6 7 20 21 
1 6 7 20 22 
1 6 7 20 42 
1 6 7 21 22 
1 6 7 21 42 
1 6 7 22 42 
1 6 20 21 22 
1 6 20 21 42 
1 6 20 22 42 
1 6 21 22 42 
1 7 20 21 22 
1 7 20 21 42 
1 7 20 22 42 
1 7 21 22 42 
1 20 21 22 42 
5 6 7 20 21 
5 6 7 20 22 
5 6 7 20 42 
5 6 7 21 22 
5 6 7 21 42 
5 6 7 22 42 
5 6 20 21 22 
5 6 20 21 42 
5 6 20 22 42 
5 6 21 22 42 
5 7 20 21 22 
5 7 20 21 42 
5 7 20 22 42 
5 7 21 22 42 
5 20 21 22 42 
6 7 20 21 22 
6 7 20 21 42 
6 7 20 22 42 
6 7 21 22 42 
6 20 21 22 42 
7 20 21 22 42 
6 28 
1 5 6 7 20 21 
1 5 6 7 20 22 
1 5 6 7 20 42 
1 5 6 7 21 22 
1 5 6 7 21 42 
1 5 6 7 22 42 
1 5 6 20 21 22 
1 5 6 20 21 42 
1 5 6 20 22 42 
1 5 6 21 22 42 
1 5 7 20 21 22 
1 5 7 20 21 42 
1 5 7 20 22 42 
1 5 7 21 22 42 
1 5 20 21 22 42 
1 6 7 20 21 22 
1 6 7 20 21 42 
1 6 7 20 22 42 
1 6 7 21 22 42 
1 6 20 21 22 42 
1 7 20 21 22 42 
5 6 7 20 21 22 
5 6 7 20 21 42 
5 6 7 20 22 42 
5 6 7 21 22 42 
5 6 20 21 22 42 
5 7 20 21 22 42 
6 7 20 21 22 42 
7 8 
1 5 6 7 20 21 22 
1 5 6 7 20 21 42 
1 5 6 7 20 22 42 
1 5 6 7 21 22 42 
1 5 6 20 21 22 42 
1 5 7 20 21 22 42 
1 6 7 20 21 22 42 
5 6 7 20 21 22 42 
8 1 
1 5 6 7 20 21 22 42 
2
0 1 

1 1 

2 4 
2 12 
10 31 
11 32 
30 52 
3 1 

4 6 
2 10 12 31 
2 11 12 32 
2 12 30 52 
10 11 31 32 
10 30 31 52 
11 30 32 52 
5 1 

6 4 
2 10 11 12 31 32 
2 10 12 30 31 52 
2 11 12 30 32 52 
10 11 30 31 32 52 
7 1 

8 1 
2 10 11 12 30 31 32 52 
3
0 1 

1 1 

2 4 
3 56 
14 38 
15 37 
16 36 
3 1 

4 6 
3 14 38 56 
3 15 37 56 
3 16 36 56 
14 15 37 38 
14 16 36 38 
15 16 36 37 
5 1 

6 4 
3 14 15 37 38 56 
3 14 16 36 38 56 
3 15 16 36 37 56 
14 15 16 36 37 38 
7 1 

8 1 
3 14 15 16 36 37 38 56 
4
0 1 

1 1 

2 4 
4 18 
17 39 
19 41 
40 57 
3 1 

4 6 
4 17 18 39 
4 18 19 41 
4 18 40 57 
17 19 39 41 
17 39 40 57 
19 40 41 57 
5 1 

6 4 
4 17 18 19 39 41 
4 17 18 39 40 57 
4 18 19 40 41 57 
17 19 39 40 41 57 
7 1 

8 1 
4 17 18 19 39 40 41 57 
5
0 1 

1 1 

2 4 
8 25 
24 46 
26 48 
47 61 
3 1 

4 6 
8 24 25 46 
8 25 26 48 
8 25 47 61 
24 26 46 48 
24 46 47 61 
26 47 48 61 
5 1 

6 4 
8 24 25 26 46 48 
8 24 25 46 47 61 
8 25 26 47 48 61 
24 26 46 47 48 61 
7 1 

8 1 
8 24 25 26 46 47 48 61 
6
0 1 

1 1 

2 4 
9 29 
27 50 
28 51 
49 62 
3 1 

4 6 
9 27 29 50 
9 28 29 51 
9 29 49 62 
27 28 50 51 
27 49 50 62 
28 49 51 62 
5 1 

6 4 
9 27 28 29 50 51 
9 27 29 49 50 62 
9 28 29 49 51 62 
27 28 49 50 51 62 
7 1 

8 1 
9 27 28 29 49 50 51 62 
7
0 1 

1 1 

2 4 
13 54 
33 35 
34 63 
53 55 
3 1 

4 6 
13 33 35 54 
13 34 54 63 
13 53 54 55 
33 34 35 63 
33 35 53 55 
34 53 55 63 
5 1 

6 4 
13 33 34 35 54 63 
13 33 35 53 54 55 
13 34 53 54 55 63 
33 34 35 53 55 63 
7 1 

8 1 
13 33 34 35 53 54 55 63 
8
0 1 

1 1 

2 4 
23 44 
43 58 
45 60 
59 64 
3 1 

4 6 
23 43 44 58 
23 44 45 60 
23 44 59 64 
43 45 58 60 
43 58 59 64 
45 59 60 64 
5 1 

6 4 
23 43 44 45 58 60 
23 43 44 58 59 64 
23 44 45 59 60 64 
43 45 58 59 60 64 
7 1 

8 1 
23 43 44 45 58 59 60 64 
