//Table for grp 96:
57
0 0 2 2 4 4 2 4 
0 0 2 4 4 2 4 2 
0 0 4 2 2 4 4 2 
0 0 4 4 2 2 2 4 
0 2 0 2 4 2 4 4 
0 2 0 4 4 4 2 2 
0 2 2 0 2 4 4 4 
0 2 2 2 2 2 2 6 
0 2 2 2 2 2 6 2 
0 2 2 2 2 6 2 2 
0 2 2 2 6 2 2 2 
0 2 2 4 2 0 4 4 
0 2 2 4 2 4 0 4 
0 2 2 4 2 4 4 0 
0 2 2 6 2 2 2 2 
0 2 4 0 4 4 2 2 
0 2 4 2 0 2 4 4 
0 2 4 2 4 2 0 4 
0 2 4 2 4 2 4 0 
0 2 4 4 0 4 2 2 
0 2 4 4 4 0 2 2 
0 2 6 2 2 2 2 2 
0 4 0 2 2 4 4 2 
0 4 0 4 2 2 2 4 
0 4 2 0 4 2 4 2 
0 4 2 2 0 4 2 4 
0 4 2 2 4 0 2 4 
0 4 2 2 4 4 2 0 
0 4 2 4 0 2 4 2 
0 4 2 4 4 2 0 2 
0 4 4 0 2 2 2 4 
0 4 4 2 2 0 4 2 
0 4 4 2 2 4 0 2 
0 4 4 4 2 2 2 0 
0 6 2 2 2 2 2 2 
2 0 2 2 2 2 4 4 
2 0 2 4 2 4 2 2 
2 0 4 2 4 2 2 2 
2 2 0 2 2 4 2 4 
2 2 0 4 2 2 4 2 
2 2 2 0 4 2 2 4 
2 2 2 2 0 4 4 2 
2 2 2 2 4 0 4 2 
2 2 2 2 4 4 0 2 
2 2 2 4 0 2 2 4 
2 2 2 4 4 2 2 0 
2 2 4 0 2 2 4 2 
2 2 4 2 2 0 2 4 
2 2 4 2 2 4 2 0 
2 2 4 4 2 2 0 2 
2 4 0 2 4 2 2 2 
2 4 2 0 2 4 2 2 
2 4 2 2 2 2 0 4 
2 4 2 2 2 2 4 0 
2 4 2 4 2 0 2 2 
2 4 4 2 0 2 2 2 
4 2 2 2 2 2 2 2 
1 2 3 4 5 6 7 8 9 10 11 12 13 14 15 16 17 18 19 20 21 22 23 24 25 26 27 28 29 30 31 32 33 34 35 36 37 38 39 40 41 42 43 44 45 46 47 48 49 50 51 52 53 54 55 56 57 58 59 60 61 62 63 64 
2 6 8 9 10 11 12 15 18 20 1 22 23 24 25 26 27 28 29 30 31 32 34 36 3 38 39 4 41 5 42 7 43 44 45 46 47 48 49 50 51 52 53 13 55 14 56 16 17 57 19 21 58 59 60 61 62 33 63 35 37 40 64 54 
3 24 7 13 14 15 16 10 43 26 46 47 19 21 22 1 33 34 35 36 37 38 27 12 30 31 45 58 59 48 8 61 40 41 4 42 5 6 53 54 55 56 29 49 50 32 2 52 60 23 64 25 57 17 18 20 63 51 9 62 11 44 39 28 
4 9 13 1 17 18 19 23 2 27 28 29 3 33 34 35 5 6 7 39 40 41 8 43 44 45 10 11 12 49 50 51 14 15 16 53 54 55 20 21 22 57 24 25 26 58 59 60 30 31 32 62 36 37 38 63 42 46 47 48 64 52 56 61 
5 31 37 17 7 20 21 24 50 2 52 10 54 3 56 14 19 39 40 22 1 42 43 26 46 47 9 62 27 11 12 30 13 63 33 15 16 36 41 4 57 6 45 58 59 48 8 61 28 29 49 32 34 35 53 38 18 60 23 64 25 51 55 44 
6 11 15 18 20 1 22 25 28 30 2 32 34 36 3 38 39 4 41 5 42 7 44 46 8 48 49 9 51 10 52 12 53 13 55 14 56 16 17 57 19 21 58 23 60 24 61 26 27 62 29 31 33 63 35 37 40 43 64 45 47 50 54 59 
7 12 16 19 21 22 1 26 29 31 32 2 35 37 38 3 40 41 4 42 5 6 45 47 48 8 50 51 9 52 10 11 54 55 13 56 14 15 57 17 18 20 59 60 23 61 24 25 62 27 28 30 63 33 34 36 39 64 43 44 46 49 53 58 
8 36 12 23 24 25 26 20 53 38 14 56 29 31 32 2 43 44 45 46 47 48 39 22 5 42 55 33 63 16 15 37 50 51 9 52 10 11 58 59 60 61 41 17 57 7 6 21 35 34 54 3 62 27 28 30 64 19 18 40 1 13 49 4 
9 18 23 2 27 28 29 34 6 39 4 41 8 43 44 45 10 11 12 49 50 51 15 53 13 55 20 1 22 17 57 19 24 25 26 58 59 60 30 31 32 62 36 3 38 33 63 35 5 42 7 40 46 47 48 64 52 14 56 16 54 21 61 37 
10 42 47 27 12 30 31 36 57 6 21 20 59 8 61 24 29 49 50 32 2 52 53 38 14 56 18 40 39 1 22 5 23 64 43 25 26 46 51 9 62 11 55 33 63 16 15 37 4 41 17 7 44 45 58 48 28 35 34 54 3 19 60 13 
11 1 25 28 30 2 32 3 4 5 6 7 44 46 8 48 49 9 51 10 52 12 13 14 15 16 17 18 19 20 21 22 58 23 60 24 61 26 27 62 29 31 33 34 35 36 37 38 39 40 41 42 43 64 45 47 50 53 54 55 56 57 59 63 
12 22 26 29 31 32 2 38 41 42 7 6 45 47 48 8 50 51 9 52 10 11 55 56 16 15 57 19 18 21 20 1 59 60 23 61 24 25 62 27 28 30 63 35 34 37 36 3 40 39 4 5 64 43 44 46 49 54 53 13 14 17 58 33 
13 43 19 3 33 34 35 27 24 45 58 59 7 40 41 4 14 15 16 53 54 55 10 29 49 50 26 46 47 60 23 64 21 22 1 57 17 18 36 37 38 63 12 30 31 51 9 62 48 8 61 44 42 5 6 39 56 32 2 52 28 25 20 11 
14 8 5 33 16 36 37 12 23 24 25 26 17 7 20 21 35 53 54 38 3 56 29 31 32 2 43 44 45 46 47 48 19 39 40 22 1 42 55 13 63 15 50 51 9 52 10 11 58 59 60 61 41 4 57 6 34 62 27 28 30 64 18 49 
15 46 22 34 36 3 38 30 58 48 24 61 41 42 7 6 53 13 55 14 56 16 49 32 10 52 60 43 64 26 25 47 57 19 18 21 20 1 33 63 35 37 51 27 62 12 11 31 45 44 59 8 40 39 4 5 54 29 28 50 2 23 17 9 
16 47 1 35 37 38 3 31 59 8 61 24 4 5 6 7 54 55 13 56 14 15 50 2 52 10 23 64 43 25 26 46 17 18 19 20 21 22 63 33 34 36 9 62 27 11 12 30 44 45 58 48 39 40 41 42 53 28 29 49 32 60 57 51 
17 50 54 5 19 39 40 43 31 9 62 27 37 13 63 33 7 20 21 41 4 57 24 45 58 59 2 52 10 28 29 49 3 56 14 34 35 53 22 1 42 18 26 46 47 60 23 64 11 12 30 51 15 16 36 55 6 48 8 61 44 32 38 25 
18 28 34 6 39 4 41 44 11 49 9 51 15 53 13 55 20 1 22 17 57 19 25 58 23 60 30 2 32 27 62 29 36 3 38 33 63 35 5 42 7 40 46 8 48 43 64 45 10 52 12 50 14 56 16 54 21 24 61 26 59 31 37 47 
19 29 35 7 40 41 4 45 12 50 51 9 16 54 55 13 21 22 1 57 17 18 26 59 60 23 31 32 2 62 27 28 37 38 3 63 33 34 42 5 6 39 47 48 8 64 43 44 52 10 11 49 56 14 15 53 20 61 24 25 58 30 36 46 
20 52 56 39 22 5 42 46 62 11 31 30 63 15 37 36 41 17 57 7 6 21 58 48 24 61 28 50 49 2 32 10 34 54 53 3 38 14 19 18 40 1 60 43 64 26 25 47 9 51 27 12 13 55 33 16 4 45 44 59 8 29 35 23 
21 10 14 40 1 42 5 47 27 12 30 31 33 16 36 37 4 57 17 6 7 20 59 8 61 24 29 49 50 32 2 52 35 53 54 38 3 56 18 19 39 22 23 64 43 25 26 46 51 9 62 11 55 13 63 15 41 44 45 58 48 28 34 60 
22 32 38 41 42 7 6 48 51 52 12 11 55 56 16 15 57 19 18 21 20 1 60 61 26 25 62 29 28 31 30 2 63 35 34 37 36 3 40 39 4 5 64 45 44 47 46 8 50 49 9 10 54 53 13 14 17 59 58 23 24 27 33 43 
23 53 29 8 43 44 45 39 36 55 33 63 12 50 51 9 24 25 26 58 59 60 20 41 17 57 38 14 56 35 34 54 31 32 2 62 27 28 46 47 48 64 22 5 42 19 18 40 16 15 37 13 52 10 11 49 61 7 6 21 4 3 30 1 
24 15 10 43 26 46 47 22 34 36 3 38 27 12 30 31 45 58 59 48 8 61 41 42 7 6 53 13 55 14 56 16 29 49 50 32 2 52 60 23 64 25 57 19 18 21 20 1 33 63 35 37 51 9 62 11 44 40 39 4 5 54 28 17 
25 14 32 44 46 8 48 5 33 16 36 37 51 52 12 11 58 23 60 24 61 26 17 7 20 21 35 53 54 38 3 56 62 29 28 31 30 2 43 64 45 47 19 39 40 22 1 42 55 13 63 15 50 49 9 10 59 41 4 57 6 34 27 18 
26 56 2 45 47 48 8 42 63 15 37 36 9 10 11 12 59 60 23 61 24 25 57 6 21 20 34 54 53 3 38 14 27 28 29 30 31 32 64 43 44 46 18 40 39 1 22 5 13 55 33 16 49 50 51 52 58 4 41 17 7 35 62 19 
27 57 59 10 29 49 50 53 42 18 40 39 47 23 64 43 12 30 31 51 9 62 36 55 33 63 6 21 20 4 41 17 8 61 24 44 45 58 32 2 52 28 38 14 56 35 34 54 1 22 5 19 25 26 46 60 11 16 15 37 13 7 48 3 
28 4 44 11 49 9 51 13 1 17 18 19 25 58 23 60 30 2 32 27 62 29 3 33 34 35 5 6 7 39 40 41 46 8 48 43 64 45 10 52 12 50 14 15 16 53 54 55 20 21 22 57 24 61 26 59 31 36 37 38 63 42 47 56 
29 41 45 12 50 51 9 55 22 57 19 18 26 59 60 23 31 32 2 62 27 28 38 63 35 34 42 7 6 40 39 4 47 48 8 64 43 44 52 10 11 49 56 16 15 54 53 13 21 20 1 17 61 24 25 58 30 37 36 3 33 5 46 14 
30 21 61 49 32 10 52 14 40 1 42 5 64 25 47 46 51 27 62 12 11 31 33 16 36 37 4 57 17 6 7 20 44 59 58 8 48 24 29 28 50 2 35 53 54 38 3 56 18 19 39 22 23 60 43 26 9 55 13 63 15 41 45 34 
31 20 24 50 2 52 10 56 39 22 5 42 43 26 46 47 9 62 27 11 12 30 63 15 37 36 41 17 57 7 6 21 45 58 59 48 8 61 28 29 49 32 34 54 53 3 38 14 19 18 40 1 60 23 64 25 51 13 55 33 16 4 44 35 
32 7 48 51 52 12 11 16 19 21 22 1 60 61 26 25 62 29 28 31 30 2 35 37 38 3 40 41 4 42 5 6 64 45 44 47 46 8 50 49 9 10 54 55 13 56 14 15 57 17 18 20 59 58 23 24 27 63 33 34 36 39 43 53 
33 23 17 14 35 53 54 29 8 43 44 45 5 19 39 40 16 36 37 55 13 63 12 50 51 9 24 25 26 58 59 60 7 20 21 41 4 57 38 3 56 34 31 32 2 62 27 28 46 47 48 64 22 1 42 18 15 52 10 11 49 61 6 30 
34 58 41 15 53 13 55 49 46 60 43 64 22 57 19 18 36 3 38 33 63 35 30 51 27 62 48 24 61 45 44 59 42 7 6 40 39 4 14 56 16 54 32 10 52 29 28 50 26 25 47 23 21 20 1 17 37 12 11 31 9 8 5 2 
35 59 4 16 54 55 13 50 47 23 64 43 1 17 18 19 37 38 3 63 33 34 31 9 62 27 8 61 24 44 45 58 5 6 7 39 40 41 56 14 15 53 2 52 10 28 29 49 25 26 46 60 20 21 22 57 36 11 12 30 51 48 42 32 
36 25 20 53 38 14 56 32 44 46 8 48 39 22 5 42 55 33 63 16 15 37 51 52 12 11 58 23 60 24 61 26 41 17 57 7 6 21 35 34 54 3 62 29 28 31 30 2 43 64 45 47 19 18 40 1 13 50 49 9 10 59 4 27 
37 26 21 54 3 56 14 2 45 47 48 8 40 1 42 5 13 63 33 15 16 36 9 10 11 12 59 60 23 61 24 25 4 57 17 6 7 20 34 35 53 38 27 28 29 30 31 32 64 43 44 46 18 19 39 22 55 49 50 51 52 58 41 62 
38 61 6 55 56 16 15 52 64 25 47 46 18 20 1 22 63 35 34 37 36 3 62 11 31 30 44 59 58 8 48 24 39 4 41 5 42 7 54 53 13 14 28 50 49 2 32 10 23 60 43 26 17 57 19 21 33 9 51 27 12 45 40 29 
39 62 63 20 41 17 57 58 52 28 50 49 56 34 54 53 22 5 42 19 18 40 46 60 43 64 11 31 30 9 51 27 15 37 36 13 55 33 7 6 21 4 48 24 61 45 44 59 2 32 10 29 3 38 14 35 1 26 25 47 23 12 16 8 
40 27 33 21 4 57 17 59 10 29 49 50 14 35 53 54 1 42 5 18 19 39 47 23 64 43 12 30 31 51 9 62 16 36 37 55 13 63 6 7 20 41 8 61 24 44 45 58 32 2 52 28 38 3 56 34 22 25 26 46 60 11 15 48 
41 51 55 22 57 19 18 60 32 62 29 28 38 63 35 34 42 7 6 40 39 4 48 64 45 44 52 12 11 50 49 9 56 16 15 54 53 13 21 20 1 17 61 26 25 59 58 23 31 30 2 27 37 36 3 33 5 47 46 8 43 10 14 24 
42 30 36 57 6 21 20 61 49 32 10 52 53 38 14 56 18 40 39 1 22 5 64 25 47 46 51 27 62 12 11 31 55 33 63 16 15 37 4 41 17 7 44 59 58 8 48 24 29 28 50 2 35 34 54 3 19 23 60 43 26 9 13 45 
43 34 27 24 45 58 59 41 15 53 13 55 10 29 49 50 26 46 47 60 23 64 22 57 19 18 36 3 38 33 63 35 12 30 31 51 9 62 48 8 61 44 42 7 6 40 39 4 14 56 16 54 32 2 52 28 25 21 20 1 17 37 11 5 
44 33 51 25 58 23 60 17 14 35 53 54 32 62 29 28 46 8 48 43 64 45 5 19 39 40 16 36 37 55 13 63 52 12 11 50 49 9 24 61 26 59 7 20 21 41 4 57 38 3 56 34 31 30 2 27 47 22 1 42 18 15 10 6 
45 63 9 26 59 60 23 57 56 34 54 53 2 27 28 29 47 48 8 64 43 44 42 18 40 39 15 37 36 13 55 33 10 11 12 49 50 51 61 24 25 58 6 21 20 4 41 17 3 38 14 35 30 31 32 62 46 1 22 5 19 16 52 7 
46 3 30 58 48 24 61 7 13 14 15 16 49 32 10 52 60 43 64 26 25 47 19 21 22 1 33 34 35 36 37 38 51 27 62 12 11 31 45 44 59 8 40 41 4 42 5 6 53 54 55 56 29 28 50 2 23 57 17 18 20 63 9 39 
47 38 31 59 8 61 24 6 55 56 16 15 50 2 52 10 23 64 43 25 26 46 18 20 1 22 63 35 34 37 36 3 9 62 27 11 12 30 44 45 58 48 39 4 41 5 42 7 54 53 13 14 28 29 49 32 60 17 57 19 21 33 51 40 
48 37 11 60 61 26 25 21 54 3 56 14 28 30 2 32 64 45 44 47 46 8 40 1 42 5 13 63 33 15 16 36 49 9 51 10 52 12 59 58 23 24 4 57 17 6 7 20 34 35 53 38 27 62 29 31 43 18 19 39 22 55 50 41 
49 40 64 30 51 27 62 33 21 4 57 17 61 44 59 58 32 10 52 29 28 50 14 35 53 54 1 42 5 18 19 39 25 47 46 23 60 43 12 11 31 9 16 36 37 55 13 63 6 7 20 41 8 48 24 45 2 38 3 56 34 22 26 15 
50 39 43 31 9 62 27 63 20 41 17 57 24 45 58 59 2 52 10 28 29 49 56 34 54 53 22 5 42 19 18 40 26 46 47 60 23 64 11 12 30 51 15 37 36 13 55 33 7 6 21 4 48 8 61 44 32 3 38 14 35 1 25 16 
51 19 60 32 62 29 28 35 7 40 41 4 48 64 45 44 52 12 11 50 49 9 16 54 55 13 21 22 1 57 17 18 61 26 25 59 58 23 31 30 2 27 37 38 3 63 33 34 42 5 6 39 47 46 8 43 10 56 14 15 53 20 24 36 
52 5 46 62 11 31 30 37 17 7 20 21 58 48 24 61 28 50 49 2 32 10 54 3 56 14 19 39 40 22 1 42 60 43 64 26 25 47 9 51 27 12 13 63 33 15 16 36 41 4 57 6 45 44 59 8 29 34 35 53 38 18 23 55 
53 44 39 36 55 33 63 51 25 58 23 60 20 41 17 57 38 14 56 35 34 54 32 62 29 28 46 8 48 43 64 45 22 5 42 19 18 40 16 15 37 13 52 12 11 50 49 9 24 61 26 59 7 6 21 4 3 31 30 2 27 47 1 10 
54 45 40 37 13 63 33 9 26 59 60 23 21 4 57 17 3 56 14 34 35 53 2 27 28 29 47 48 8 64 43 44 1 42 5 18 19 39 15 16 36 55 10 11 12 49 50 51 61 24 25 58 6 7 20 41 38 30 31 32 62 46 22 52 
55 64 18 38 63 35 34 62 61 44 59 58 6 39 4 41 56 16 15 54 53 13 52 28 50 49 25 47 46 23 60 43 20 1 22 17 57 19 37 36 3 33 11 31 30 9 51 27 8 48 24 45 5 42 7 40 14 2 32 10 29 26 21 12 
56 48 42 63 15 37 36 11 60 61 26 25 57 6 21 20 34 54 53 3 38 14 28 30 2 32 64 45 44 47 46 8 18 40 39 1 22 5 13 55 33 16 49 9 51 10 52 12 59 58 23 24 4 41 17 7 35 27 62 29 31 43 19 50 
57 49 53 42 18 40 39 64 30 51 27 62 36 55 33 63 6 21 20 4 41 17 61 44 59 58 32 10 52 29 28 50 38 14 56 35 34 54 1 22 5 19 25 47 46 23 60 43 12 11 31 9 16 15 37 13 7 8 48 24 45 2 3 26 
58 13 49 46 60 43 64 19 3 33 34 35 30 51 27 62 48 24 61 45 44 59 7 40 41 4 14 15 16 53 54 55 32 10 52 29 28 50 26 25 47 23 21 22 1 57 17 18 36 37 38 63 12 11 31 9 8 42 5 6 39 56 2 20 
59 55 50 47 23 64 43 18 38 63 35 34 31 9 62 27 8 61 24 44 45 58 6 39 4 41 56 16 15 54 53 13 2 52 10 28 29 49 25 26 46 60 20 1 22 17 57 19 37 36 3 33 11 12 30 51 48 5 42 7 40 14 32 21 
60 54 28 48 64 45 44 40 37 13 63 33 11 49 9 51 61 26 25 59 58 23 21 4 57 17 3 56 14 34 35 53 30 2 32 27 62 29 47 46 8 43 1 42 5 18 19 39 15 16 36 55 10 52 12 50 24 6 7 20 41 38 31 22 
61 16 52 64 25 47 46 1 35 37 38 3 62 11 31 30 44 59 58 8 48 24 4 5 6 7 54 55 13 56 14 15 28 50 49 2 32 10 23 60 43 26 17 18 19 20 21 22 63 33 34 36 9 51 27 12 45 39 40 41 42 53 29 57 
62 17 58 52 28 50 49 54 5 19 39 40 46 60 43 64 11 31 30 9 51 27 37 13 63 33 7 20 21 41 4 57 48 24 61 45 44 59 2 32 10 29 3 56 14 34 35 53 22 1 42 18 26 25 47 23 12 15 16 36 55 6 8 38 
63 60 57 56 34 54 53 28 48 64 45 44 42 18 40 39 15 37 36 13 55 33 11 49 9 51 61 26 25 59 58 23 6 21 20 4 41 17 3 38 14 35 30 2 32 27 62 29 47 46 8 43 1 22 5 19 16 10 52 12 50 24 7 31 
64 35 62 61 44 59 58 4 16 54 55 13 52 28 50 49 25 47 46 23 60 43 1 17 18 19 37 38 3 63 33 34 11 31 30 9 51 27 8 48 24 45 5 6 7 39 40 41 56 14 15 53 2 32 10 29 26 20 21 22 57 36 12 42 
1
0 1 

1 4 
1 
6 
7 
22 
2 8 
1 6 
1 7 
1 22 
5 21 
6 7 
6 22 
7 22 
20 42 
3 12 
1 5 21 
1 6 7 
1 6 22 
1 7 22 
1 20 42 
5 6 21 
5 7 21 
5 21 22 
6 7 22 
6 20 42 
7 20 42 
20 22 42 
4 14 
1 5 6 21 
1 5 7 21 
1 5 21 22 
1 6 7 22 
1 6 20 42 
1 7 20 42 
1 20 22 42 
5 6 7 21 
5 6 21 22 
5 7 21 22 
5 20 21 42 
6 7 20 42 
6 20 22 42 
7 20 22 42 
5 12 
1 5 6 7 21 
1 5 6 21 22 
1 5 7 21 22 
1 5 20 21 42 
1 6 7 20 42 
1 6 20 22 42 
1 7 20 22 42 
5 6 7 21 22 
5 6 20 21 42 
5 7 20 21 42 
5 20 21 22 42 
6 7 20 22 42 
6 8 
1 5 6 7 21 22 
1 5 6 20 21 42 
1 5 7 20 21 42 
1 5 20 21 22 42 
1 6 7 20 22 42 
5 6 7 20 21 42 
5 6 20 21 22 42 
5 7 20 21 22 42 
7 4 
1 5 6 7 20 21 42 
1 5 6 20 21 22 42 
1 5 7 20 21 22 42 
5 6 7 20 21 22 42 
8 1 
1 5 6 7 20 21 22 42 
2
0 1 

1 1 

2 4 
2 11 
10 30 
12 32 
31 52 
3 1 

4 6 
2 10 11 30 
2 11 12 32 
2 11 31 52 
10 12 30 32 
10 30 31 52 
12 31 32 52 
5 1 

6 4 
2 10 11 12 30 32 
2 10 11 30 31 52 
2 11 12 31 32 52 
10 12 30 31 32 52 
7 1 

8 1 
2 10 11 12 30 31 32 52 
3
0 1 

1 1 

2 4 
3 16 
14 37 
15 38 
36 56 
3 1 

4 6 
3 14 16 37 
3 15 16 38 
3 16 36 56 
14 15 37 38 
14 36 37 56 
15 36 38 56 
5 1 

6 4 
3 14 15 16 37 38 
3 14 16 36 37 56 
3 15 16 36 38 56 
14 15 36 37 38 56 
7 1 

8 1 
3 14 15 16 36 37 38 56 
4
0 1 

1 4 
4 
18 
19 
41 
2 8 
4 18 
4 19 
4 41 
17 40 
18 19 
18 41 
19 41 
39 57 
3 12 
4 17 40 
4 18 19 
4 18 41 
4 19 41 
4 39 57 
17 18 40 
17 19 40 
17 40 41 
18 19 41 
18 39 57 
19 39 57 
39 41 57 
4 14 
4 17 18 40 
4 17 19 40 
4 17 40 41 
4 18 19 41 
4 18 39 57 
4 19 39 57 
4 39 41 57 
17 18 19 40 
17 18 40 41 
17 19 40 41 
17 39 40 57 
18 19 39 57 
18 39 41 57 
19 39 41 57 
5 12 
4 17 18 19 40 
4 17 18 40 41 
4 17 19 40 41 
4 17 39 40 57 
4 18 19 39 57 
4 18 39 41 57 
4 19 39 41 57 
17 18 19 40 41 
17 18 39 40 57 
17 19 39 40 57 
17 39 40 41 57 
18 19 39 41 57 
6 8 
4 17 18 19 40 41 
4 17 18 39 40 57 
4 17 19 39 40 57 
4 17 39 40 41 57 
4 18 19 39 41 57 
17 18 19 39 40 57 
17 18 39 40 41 57 
17 19 39 40 41 57 
7 4 
4 17 18 19 39 40 57 
4 17 18 39 40 41 57 
4 17 19 39 40 41 57 
17 18 19 39 40 41 57 
8 1 
4 17 18 19 39 40 41 57 
5
0 1 

1 1 

2 4 
8 61 
24 48 
25 47 
26 46 
3 1 

4 6 
8 24 48 61 
8 25 47 61 
8 26 46 61 
24 25 47 48 
24 26 46 48 
25 26 46 47 
5 1 

6 4 
8 24 25 47 48 61 
8 24 26 46 48 61 
8 25 26 46 47 61 
24 25 26 46 47 48 
7 1 

8 1 
8 24 25 26 46 47 48 61 
6
0 1 

1 1 

2 4 
9 28 
27 49 
29 51 
50 62 
3 1 

4 6 
9 27 28 49 
9 28 29 51 
9 28 50 62 
27 29 49 51 
27 49 50 62 
29 50 51 62 
5 1 

6 4 
9 27 28 29 49 51 
9 27 28 49 50 62 
9 28 29 50 51 62 
27 29 49 50 51 62 
7 1 

8 1 
9 27 28 29 49 50 51 62 
7
0 1 

1 1 

2 4 
13 35 
33 54 
34 55 
53 63 
3 1 

4 6 
13 33 35 54 
13 34 35 55 
13 35 53 63 
33 34 54 55 
33 53 54 63 
34 53 55 63 
5 1 

6 4 
13 33 34 35 54 55 
13 33 35 53 54 63 
13 34 35 53 55 63 
33 34 53 54 55 63 
7 1 

8 1 
13 33 34 35 53 54 55 63 
8
0 1 

1 1 

2 4 
23 64 
43 60 
44 59 
45 58 
3 1 

4 6 
23 43 60 64 
23 44 59 64 
23 45 58 64 
43 44 59 60 
43 45 58 60 
44 45 58 59 
5 1 

6 4 
23 43 44 59 60 64 
23 43 45 58 60 64 
23 44 45 58 59 64 
43 44 45 58 59 60 
7 1 

8 1 
23 43 44 45 58 59 60 64 
