//Table for grp 247:
57
0 0 2 2 4 4 2 4 
0 0 2 4 4 2 4 2 
0 0 4 2 2 4 4 2 
0 0 4 4 2 2 2 4 
0 2 0 2 4 2 4 4 
0 2 0 4 4 4 2 2 
0 2 2 0 2 4 4 4 
0 2 2 2 2 2 2 6 
0 2 2 2 2 2 6 2 
0 2 2 2 2 6 2 2 
0 2 2 2 6 2 2 2 
0 2 2 4 2 0 4 4 
0 2 2 4 2 4 0 4 
0 2 2 4 2 4 4 0 
0 2 2 6 2 2 2 2 
0 2 4 0 4 4 2 2 
0 2 4 2 0 2 4 4 
0 2 4 2 4 2 0 4 
0 2 4 2 4 2 4 0 
0 2 4 4 0 4 2 2 
0 2 4 4 4 0 2 2 
0 2 6 2 2 2 2 2 
0 4 0 2 2 4 4 2 
0 4 0 4 2 2 2 4 
0 4 2 0 4 2 4 2 
0 4 2 2 0 4 2 4 
0 4 2 2 4 0 2 4 
0 4 2 2 4 4 2 0 
0 4 2 4 0 2 4 2 
0 4 2 4 4 2 0 2 
0 4 4 0 2 2 2 4 
0 4 4 2 2 0 4 2 
0 4 4 2 2 4 0 2 
0 4 4 4 2 2 2 0 
0 6 2 2 2 2 2 2 
2 0 2 2 2 2 4 4 
2 0 2 4 2 4 2 2 
2 0 4 2 4 2 2 2 
2 2 0 2 2 4 2 4 
2 2 0 4 2 2 4 2 
2 2 2 0 4 2 2 4 
2 2 2 2 0 4 4 2 
2 2 2 2 4 0 4 2 
2 2 2 2 4 4 0 2 
2 2 2 4 0 2 2 4 
2 2 2 4 4 2 2 0 
2 2 4 0 2 2 4 2 
2 2 4 2 2 0 2 4 
2 2 4 2 2 4 2 0 
2 2 4 4 2 2 0 2 
2 4 0 2 4 2 2 2 
2 4 2 0 2 4 2 2 
2 4 2 2 2 2 0 4 
2 4 2 2 2 2 4 0 
2 4 2 4 2 0 2 2 
2 4 4 2 0 2 2 2 
4 2 2 2 2 2 2 2 
1 2 3 4 5 6 7 8 9 10 11 12 13 14 15 16 17 18 19 20 21 22 23 24 25 26 27 28 29 30 31 32 33 34 35 36 37 38 39 40 41 42 43 44 45 46 47 48 49 50 51 52 53 54 55 56 57 58 59 60 61 62 63 64 
2 6 8 9 10 11 12 15 18 20 7 22 23 24 25 26 27 28 29 30 31 32 34 36 16 38 39 19 41 21 42 1 43 44 45 46 47 48 49 50 51 52 53 35 55 37 56 3 40 57 4 5 58 59 60 61 62 54 63 13 14 17 64 33 
3 26 1 13 14 15 16 12 45 47 48 8 4 5 6 7 33 34 35 36 37 38 29 31 32 2 59 60 23 61 24 25 17 18 19 20 21 22 53 54 55 56 50 51 9 52 10 11 64 43 44 46 39 40 41 42 63 62 27 28 30 58 57 49 
4 9 13 1 17 18 19 23 2 27 28 29 3 33 34 35 5 6 7 39 40 41 8 43 44 45 10 11 12 49 50 51 14 15 16 53 54 55 20 21 22 57 24 25 26 58 59 60 30 31 32 62 36 37 38 63 42 46 47 48 64 52 56 61 
5 10 14 17 1 20 21 24 27 2 30 31 33 3 36 37 4 39 40 6 7 42 43 8 46 47 9 49 50 11 12 52 13 53 54 15 16 56 18 19 57 22 23 58 59 25 26 61 28 29 62 32 34 35 63 38 41 44 45 64 48 51 55 60 
6 11 15 18 20 7 22 25 28 30 12 32 34 36 16 38 39 19 41 21 42 1 44 46 26 48 49 29 51 31 52 2 53 35 55 37 56 3 40 57 4 5 58 45 60 47 61 8 50 62 9 10 54 63 13 14 17 59 64 23 24 27 33 43 
7 12 16 19 21 22 1 26 29 31 32 2 35 37 38 3 40 41 4 42 5 6 45 47 48 8 50 51 9 52 10 11 54 55 13 56 14 15 57 17 18 20 59 60 23 61 24 25 62 27 28 30 63 33 34 36 39 64 43 44 46 49 53 58 
8 38 2 23 24 25 26 22 55 56 3 15 9 10 11 12 43 44 45 46 47 48 41 42 1 6 63 13 34 14 36 16 27 28 29 30 31 32 58 59 60 61 57 4 18 5 20 7 33 53 35 37 49 50 51 52 64 17 39 19 21 54 62 40 
9 18 23 2 27 28 29 34 6 39 19 41 8 43 44 45 10 11 12 49 50 51 15 53 35 55 20 7 22 40 57 4 24 25 26 58 59 60 30 31 32 62 36 16 38 54 63 13 21 42 1 17 46 47 48 64 52 37 56 3 33 5 61 14 
10 20 24 27 2 30 31 36 39 6 21 42 43 8 46 47 9 49 50 11 12 52 53 15 37 56 18 40 57 7 22 5 23 58 59 25 26 61 28 29 62 32 34 54 63 16 38 14 19 41 17 1 44 45 64 48 51 35 55 33 3 4 60 13 
11 7 25 28 30 12 32 16 19 21 22 1 44 46 26 48 49 29 51 31 52 2 35 37 38 3 40 41 4 42 5 6 58 45 60 47 61 8 50 62 9 10 54 55 13 56 14 15 57 17 18 20 59 64 23 24 27 63 33 34 36 39 43 53 
12 22 26 29 31 32 2 38 41 42 1 6 45 47 48 8 50 51 9 52 10 11 55 56 3 15 57 4 18 5 20 7 59 60 23 61 24 25 62 27 28 30 63 13 34 14 36 16 17 39 19 21 64 43 44 46 49 33 53 35 37 40 58 54 
13 45 4 3 33 34 35 29 26 59 60 23 1 17 18 19 14 15 16 53 54 55 12 50 51 9 47 48 8 64 43 44 5 6 7 39 40 41 36 37 38 63 31 32 2 62 27 28 61 24 25 58 20 21 22 57 56 52 10 11 49 46 42 30 
14 47 5 33 3 36 37 31 59 26 61 24 17 1 20 21 13 53 54 15 16 56 50 12 52 10 45 64 43 48 8 46 4 39 40 6 7 42 34 35 63 38 29 62 27 32 2 30 60 23 58 25 18 19 57 22 55 51 9 49 11 44 41 28 
15 48 6 34 36 16 38 32 60 61 8 25 18 20 7 22 53 35 55 37 56 3 51 52 2 11 64 23 44 24 46 26 39 19 41 21 42 1 54 63 13 14 62 9 28 10 30 12 43 58 45 47 40 57 4 5 33 27 49 29 31 59 17 50 
16 8 7 35 37 38 3 2 23 24 25 26 19 21 22 1 54 55 13 56 14 15 9 10 11 12 43 44 45 46 47 48 40 41 4 42 5 6 63 33 34 36 27 28 29 30 31 32 58 59 60 61 57 17 18 20 53 49 50 51 52 64 39 62 
17 27 33 5 4 39 40 43 10 9 49 50 14 13 53 54 1 20 21 18 19 57 24 23 58 59 2 30 31 28 29 62 3 36 37 34 35 63 6 7 42 41 8 46 47 44 45 64 11 12 52 51 15 16 56 55 22 25 26 61 60 32 38 48 
18 28 34 6 39 19 41 44 11 49 29 51 15 53 35 55 20 7 22 40 57 4 25 58 45 60 30 12 32 50 62 9 36 16 38 54 63 13 21 42 1 17 46 26 48 59 64 23 31 52 2 27 37 56 3 33 5 47 61 8 43 10 14 24 
19 29 35 7 40 41 4 45 12 50 51 9 16 54 55 13 21 22 1 57 17 18 26 59 60 23 31 32 2 62 27 28 37 38 3 63 33 34 42 5 6 39 47 48 8 64 43 44 52 10 11 49 56 14 15 53 20 61 24 25 58 30 36 46 
20 30 36 39 6 21 42 46 49 11 31 52 53 15 37 56 18 40 57 7 22 5 58 25 47 61 28 50 62 12 32 10 34 54 63 16 38 14 19 41 17 1 44 59 64 26 48 24 29 51 27 2 35 55 33 3 4 45 60 43 8 9 13 23 
21 31 37 40 7 42 5 47 50 12 52 10 54 16 56 14 19 57 17 22 1 20 59 26 61 24 29 62 27 32 2 30 35 63 33 38 3 36 41 4 39 6 45 64 43 48 8 46 51 9 49 11 55 13 53 15 18 60 23 58 25 28 34 44 
22 32 38 41 42 1 6 48 51 52 2 11 55 56 3 15 57 4 18 5 20 7 60 61 8 25 62 9 28 10 30 12 63 13 34 14 36 16 17 39 19 21 64 23 44 24 46 26 27 49 29 31 33 53 35 37 40 43 58 45 47 50 54 59 
23 55 9 8 43 44 45 41 38 63 13 34 2 27 28 29 24 25 26 58 59 60 22 57 4 18 56 3 15 33 53 35 10 11 12 49 50 51 46 47 48 64 42 1 6 17 39 19 14 36 16 54 30 31 32 62 61 5 20 7 40 37 52 21 
24 56 10 43 8 46 47 42 63 38 14 36 27 2 30 31 23 58 59 25 26 61 57 22 5 20 55 33 53 3 15 37 9 49 50 11 12 52 44 45 64 48 41 17 39 1 6 21 13 34 54 16 28 29 62 32 60 4 18 40 7 35 51 19 
25 3 11 44 46 26 48 1 13 14 15 16 28 30 12 32 58 45 60 47 61 8 4 5 6 7 33 34 35 36 37 38 49 29 51 31 52 2 59 64 23 24 17 18 19 20 21 22 53 54 55 56 50 62 9 10 43 39 40 41 42 63 27 57 
26 15 12 45 47 48 8 6 34 36 16 38 29 31 32 2 59 60 23 61 24 25 18 20 7 22 53 35 55 37 56 3 50 51 9 52 10 11 64 43 44 46 39 19 41 21 42 1 54 63 13 14 62 27 28 30 58 40 57 4 5 33 49 17 
27 39 43 10 9 49 50 53 20 18 40 57 24 23 58 59 2 30 31 28 29 62 36 34 54 63 6 21 42 19 41 17 8 46 47 44 45 64 11 12 52 51 15 37 56 35 55 33 7 22 5 4 25 26 61 60 32 16 38 14 13 1 48 3 
28 19 44 11 49 29 51 35 7 40 41 4 25 58 45 60 30 12 32 50 62 9 16 54 55 13 21 22 1 57 17 18 46 26 48 59 64 23 31 52 2 27 37 38 3 63 33 34 42 5 6 39 47 61 8 43 10 56 14 15 53 20 24 36 
29 41 45 12 50 51 9 55 22 57 4 18 26 59 60 23 31 32 2 62 27 28 38 63 13 34 42 1 6 17 39 19 47 48 8 64 43 44 52 10 11 49 56 3 15 33 53 35 5 20 7 40 61 24 25 58 30 14 36 16 54 21 46 37 
30 21 46 49 11 31 52 37 40 7 42 5 58 25 47 61 28 50 62 12 32 10 54 16 56 14 19 57 17 22 1 20 44 59 64 26 48 24 29 51 27 2 35 63 33 38 3 36 41 4 39 6 45 60 43 8 9 55 13 53 15 18 23 34 
31 42 47 50 12 52 10 56 57 22 5 20 59 26 61 24 29 62 27 32 2 30 63 38 14 36 41 17 39 1 6 21 45 64 43 48 8 46 51 9 49 11 55 33 53 3 15 37 4 18 40 7 60 23 58 25 28 13 34 54 16 19 44 35 
32 1 48 51 52 2 11 3 4 5 6 7 60 61 8 25 62 9 28 10 30 12 13 14 15 16 17 18 19 20 21 22 64 23 44 24 46 26 27 49 29 31 33 34 35 36 37 38 39 40 41 42 43 58 45 47 50 53 54 55 56 57 59 63 
33 59 17 14 13 53 54 50 47 45 64 43 5 4 39 40 3 36 37 34 35 63 31 29 62 27 26 61 24 60 23 58 1 20 21 18 19 57 15 16 56 55 12 52 10 51 9 49 48 8 46 44 6 7 42 41 38 32 2 30 28 25 22 11 
34 60 18 15 53 35 55 51 48 64 23 44 6 39 19 41 36 16 38 54 63 13 32 62 9 28 61 8 25 43 58 45 20 7 22 40 57 4 37 56 3 33 52 2 11 27 49 29 24 46 26 59 21 42 1 17 14 10 30 12 50 47 5 31 
35 23 19 16 54 55 13 9 8 43 44 45 7 40 41 4 37 38 3 63 33 34 2 27 28 29 24 25 26 58 59 60 21 22 1 57 17 18 56 14 15 53 10 11 12 49 50 51 46 47 48 64 42 5 6 39 36 30 31 32 62 61 20 52 
36 61 20 53 15 37 56 52 64 48 24 46 39 6 21 42 34 54 63 16 38 14 62 32 10 30 60 43 58 8 25 47 18 40 57 7 22 5 35 55 33 3 51 27 49 2 11 31 23 44 59 26 19 41 17 1 13 9 28 50 12 45 4 29 
37 24 21 54 16 56 14 10 43 8 46 47 40 7 42 5 35 63 33 38 3 36 27 2 30 31 23 58 59 25 26 61 19 57 17 22 1 20 55 13 53 15 9 49 50 11 12 52 44 45 64 48 41 4 39 6 34 28 29 62 32 60 18 51 
38 25 22 55 56 3 15 11 44 46 26 48 41 42 1 6 63 13 34 14 36 16 28 30 12 32 58 45 60 47 61 8 57 4 18 5 20 7 33 53 35 37 49 29 51 31 52 2 59 64 23 24 17 39 19 21 54 50 62 9 10 43 40 27 
39 49 53 20 18 40 57 58 30 28 50 62 36 34 54 63 6 21 42 19 41 17 46 44 59 64 11 31 52 29 51 27 15 37 56 35 55 33 7 22 5 4 25 47 61 45 60 43 12 32 10 9 16 38 14 13 1 26 48 24 23 2 3 8 
40 50 54 21 19 57 17 59 31 29 62 27 37 35 63 33 7 42 5 41 4 39 47 45 64 43 12 52 10 51 9 49 16 56 14 55 13 53 22 1 20 18 26 61 24 60 23 58 32 2 30 28 38 3 36 34 6 48 8 46 44 11 15 25 
41 51 55 22 57 4 18 60 32 62 9 28 38 63 13 34 42 1 6 17 39 19 48 64 23 44 52 2 11 27 49 29 56 3 15 33 53 35 5 20 7 40 61 8 25 43 58 45 10 30 12 50 14 36 16 54 21 24 46 26 59 31 37 47 
42 52 56 57 22 5 20 61 62 32 10 30 63 38 14 36 41 17 39 1 6 21 64 48 24 46 51 27 49 2 11 31 55 33 53 3 15 37 4 18 40 7 60 43 58 8 25 47 9 28 50 12 13 34 54 16 19 23 44 59 26 29 35 45 
43 63 27 24 23 58 59 57 56 55 33 53 10 9 49 50 8 46 47 44 45 64 42 41 17 39 38 14 36 13 34 54 2 30 31 28 29 62 25 26 61 60 22 5 20 4 18 40 3 15 37 35 11 12 52 51 48 1 6 21 19 16 32 7 
44 13 28 25 58 45 60 4 3 33 34 35 11 49 29 51 46 26 48 59 64 23 1 17 18 19 14 15 16 53 54 55 30 12 32 50 62 9 47 61 8 43 5 6 7 39 40 41 36 37 38 63 31 52 2 27 24 20 21 22 57 56 10 42 
45 34 29 26 59 60 23 18 15 53 35 55 12 50 51 9 47 48 8 64 43 44 6 39 19 41 36 16 38 54 63 13 31 32 2 62 27 28 61 24 25 58 20 7 22 40 57 4 37 56 3 33 52 10 11 49 46 21 42 1 17 14 30 5 
46 14 30 58 25 47 61 5 33 3 36 37 49 11 31 52 44 59 64 26 48 24 17 1 20 21 13 53 54 15 16 56 28 50 62 12 32 10 45 60 43 8 4 39 40 6 7 42 34 35 63 38 29 51 27 2 23 18 19 57 22 55 9 41 
47 36 31 59 26 61 24 20 53 15 37 56 50 12 52 10 45 64 43 48 8 46 39 6 21 42 34 54 63 16 38 14 29 62 27 32 2 30 60 23 58 25 18 40 57 7 22 5 35 55 33 3 51 9 49 11 44 19 41 17 1 13 28 4 
48 16 32 60 61 8 25 7 35 37 38 3 51 52 2 11 64 23 44 24 46 26 19 21 22 1 54 55 13 56 14 15 62 9 28 10 30 12 43 58 45 47 40 41 4 42 5 6 63 33 34 36 27 49 29 31 59 57 17 18 20 53 50 39 
49 40 58 30 28 50 62 54 21 19 57 17 46 44 59 64 11 31 52 29 51 27 37 35 63 33 7 42 5 41 4 39 25 47 61 45 60 43 12 32 10 9 16 56 14 55 13 53 22 1 20 18 26 48 24 23 2 38 3 36 34 6 8 15 
50 57 59 31 29 62 27 63 42 41 17 39 47 45 64 43 12 52 10 51 9 49 56 55 33 53 22 5 20 4 18 40 26 61 24 60 23 58 32 2 30 28 38 14 36 13 34 54 1 6 21 19 48 8 46 44 11 3 15 37 35 7 25 16 
51 4 60 32 62 9 28 13 1 17 18 19 48 64 23 44 52 2 11 27 49 29 3 33 34 35 5 6 7 39 40 41 61 8 25 43 58 45 10 30 12 50 14 15 16 53 54 55 20 21 22 57 24 46 26 59 31 36 37 38 63 42 47 56 
52 5 61 62 32 10 30 14 17 1 20 21 64 48 24 46 51 27 49 2 11 31 33 3 36 37 4 39 40 6 7 42 60 43 58 8 25 47 9 28 50 12 13 53 54 15 16 56 18 19 57 22 23 44 59 26 29 34 35 63 38 41 45 55 
53 64 39 36 34 54 63 62 61 60 43 58 20 18 40 57 15 37 56 35 55 33 52 51 27 49 48 24 46 23 44 59 6 21 42 19 41 17 16 38 14 13 32 10 30 9 28 50 8 25 47 45 7 22 5 4 3 2 11 31 29 26 1 12 
54 43 40 37 35 63 33 27 24 23 58 59 21 19 57 17 16 56 14 55 13 53 10 9 49 50 8 46 47 44 45 64 7 42 5 41 4 39 38 3 36 34 2 30 31 28 29 62 25 26 61 60 22 1 20 18 15 11 12 52 51 48 6 32 
55 44 41 38 63 13 34 28 25 58 45 60 22 57 4 18 56 3 15 33 53 35 11 49 29 51 46 26 48 59 64 23 42 1 6 17 39 19 14 36 16 54 30 12 32 50 62 9 47 61 8 43 5 20 7 40 37 31 52 2 27 24 21 10 
56 46 42 63 38 14 36 30 58 25 47 61 57 22 5 20 55 33 53 3 15 37 49 11 31 52 44 59 64 26 48 24 41 17 39 1 6 21 13 34 54 16 28 50 62 12 32 10 45 60 43 8 4 18 40 7 35 29 51 27 2 23 19 9 
57 62 63 42 41 17 39 64 52 51 27 49 56 55 33 53 22 5 20 4 18 40 61 60 43 58 32 10 30 9 28 50 38 14 36 13 34 54 1 6 21 19 48 24 46 23 44 59 2 11 31 29 3 15 37 35 7 8 25 47 45 12 16 26 
58 33 49 46 44 59 64 17 14 13 53 54 30 28 50 62 25 47 61 45 60 43 5 4 39 40 3 36 37 34 35 63 11 31 52 29 51 27 26 48 24 23 1 20 21 18 19 57 15 16 56 55 12 32 10 9 8 6 7 42 41 38 2 22 
59 53 50 47 45 64 43 39 36 34 54 63 31 29 62 27 26 61 24 60 23 58 20 18 40 57 15 37 56 35 55 33 12 52 10 51 9 49 48 8 46 44 6 21 42 19 41 17 16 38 14 13 32 2 30 28 25 7 22 5 4 3 11 1 
60 35 51 48 64 23 44 19 16 54 55 13 32 62 9 28 61 8 25 43 58 45 7 40 41 4 37 38 3 63 33 34 52 2 11 27 49 29 24 46 26 59 21 22 1 57 17 18 56 14 15 53 10 30 12 50 47 42 5 6 39 36 31 20 
61 37 52 64 48 24 46 21 54 16 56 14 62 32 10 30 60 43 58 8 25 47 40 7 42 5 35 63 33 38 3 36 51 27 49 2 11 31 23 44 59 26 19 57 17 22 1 20 55 13 53 15 9 28 50 12 45 41 4 39 6 34 29 18 
62 17 64 52 51 27 49 33 5 4 39 40 61 60 43 58 32 10 30 9 28 50 14 13 53 54 1 20 21 18 19 57 48 24 46 23 44 59 2 11 31 29 3 36 37 34 35 63 6 7 42 41 8 25 47 45 12 15 16 56 55 22 26 38 
63 58 57 56 55 33 53 49 46 44 59 64 42 41 17 39 38 14 36 13 34 54 30 28 50 62 25 47 61 45 60 43 22 5 20 4 18 40 3 15 37 35 11 31 52 29 51 27 26 48 24 23 1 6 21 19 16 12 32 10 9 8 7 2 
64 54 62 61 60 43 58 40 37 35 63 33 52 51 27 49 48 24 46 23 44 59 21 19 57 17 16 56 14 55 13 53 32 10 30 9 28 50 8 25 47 45 7 42 5 41 4 39 38 3 36 34 2 11 31 29 26 22 1 20 18 15 12 6 
1
0 1 

1 4 
1 
5 
7 
21 
2 8 
1 5 
1 7 
1 21 
5 7 
5 21 
6 22 
7 21 
20 42 
3 12 
1 5 7 
1 5 21 
1 6 22 
1 7 21 
1 20 42 
5 6 22 
5 7 21 
5 20 42 
6 7 22 
6 21 22 
7 20 42 
20 21 42 
4 14 
1 5 6 22 
1 5 7 21 
1 5 20 42 
1 6 7 22 
1 6 21 22 
1 7 20 42 
1 20 21 42 
5 6 7 22 
5 6 21 22 
5 7 20 42 
5 20 21 42 
6 7 21 22 
6 20 22 42 
7 20 21 42 
5 12 
1 5 6 7 22 
1 5 6 21 22 
1 5 7 20 42 
1 5 20 21 42 
1 6 7 21 22 
1 6 20 22 42 
1 7 20 21 42 
5 6 7 21 22 
5 6 20 22 42 
5 7 20 21 42 
6 7 20 22 42 
6 20 21 22 42 
6 8 
1 5 6 7 21 22 
1 5 6 20 22 42 
1 5 7 20 21 42 
1 6 7 20 22 42 
1 6 20 21 22 42 
5 6 7 20 22 42 
5 6 20 21 22 42 
6 7 20 21 22 42 
7 4 
1 5 6 7 20 22 42 
1 5 6 20 21 22 42 
1 6 7 20 21 22 42 
5 6 7 20 21 22 42 
8 1 
1 5 6 7 20 21 22 42 
2
0 1 

1 1 

2 4 
2 32 
10 52 
11 12 
30 31 
3 1 

4 6 
2 10 32 52 
2 11 12 32 
2 30 31 32 
10 11 12 52 
10 30 31 52 
11 12 30 31 
5 1 

6 4 
2 10 11 12 32 52 
2 10 30 31 32 52 
2 11 12 30 31 32 
10 11 12 30 31 52 
7 1 

8 1 
2 10 11 12 30 31 32 52 
3
0 1 

1 4 
3 
14 
16 
37 
2 8 
3 14 
3 16 
3 37 
14 16 
14 37 
15 38 
16 37 
36 56 
3 12 
3 14 16 
3 14 37 
3 15 38 
3 16 37 
3 36 56 
14 15 38 
14 16 37 
14 36 56 
15 16 38 
15 37 38 
16 36 56 
36 37 56 
4 14 
3 14 15 38 
3 14 16 37 
3 14 36 56 
3 15 16 38 
3 15 37 38 
3 16 36 56 
3 36 37 56 
14 15 16 38 
14 15 37 38 
14 16 36 56 
14 36 37 56 
15 16 37 38 
15 36 38 56 
16 36 37 56 
5 12 
3 14 15 16 38 
3 14 15 37 38 
3 14 16 36 56 
3 14 36 37 56 
3 15 16 37 38 
3 15 36 38 56 
3 16 36 37 56 
14 15 16 37 38 
14 15 36 38 56 
14 16 36 37 56 
15 16 36 38 56 
15 36 37 38 56 
6 8 
3 14 15 16 37 38 
3 14 15 36 38 56 
3 14 16 36 37 56 
3 15 16 36 38 56 
3 15 36 37 38 56 
14 15 16 36 38 56 
14 15 36 37 38 56 
15 16 36 37 38 56 
7 4 
3 14 15 16 36 38 56 
3 14 15 36 37 38 56 
3 15 16 36 37 38 56 
14 15 16 36 37 38 56 
8 1 
3 14 15 16 36 37 38 56 
4
0 1 

1 4 
4 
17 
19 
40 
2 8 
4 17 
4 19 
4 40 
17 19 
17 40 
18 41 
19 40 
39 57 
3 12 
4 17 19 
4 17 40 
4 18 41 
4 19 40 
4 39 57 
17 18 41 
17 19 40 
17 39 57 
18 19 41 
18 40 41 
19 39 57 
39 40 57 
4 14 
4 17 18 41 
4 17 19 40 
4 17 39 57 
4 18 19 41 
4 18 40 41 
4 19 39 57 
4 39 40 57 
17 18 19 41 
17 18 40 41 
17 19 39 57 
17 39 40 57 
18 19 40 41 
18 39 41 57 
19 39 40 57 
5 12 
4 17 18 19 41 
4 17 18 40 41 
4 17 19 39 57 
4 17 39 40 57 
4 18 19 40 41 
4 18 39 41 57 
4 19 39 40 57 
17 18 19 40 41 
17 18 39 41 57 
17 19 39 40 57 
18 19 39 41 57 
18 39 40 41 57 
6 8 
4 17 18 19 40 41 
4 17 18 39 41 57 
4 17 19 39 40 57 
4 18 19 39 41 57 
4 18 39 40 41 57 
17 18 19 39 41 57 
17 18 39 40 41 57 
18 19 39 40 41 57 
7 4 
4 17 18 19 39 41 57 
4 17 18 39 40 41 57 
4 18 19 39 40 41 57 
17 18 19 39 40 41 57 
8 1 
4 17 18 19 39 40 41 57 
5
0 1 

1 1 

2 4 
8 25 
24 46 
26 48 
47 61 
3 1 

4 6 
8 24 25 46 
8 25 26 48 
8 25 47 61 
24 26 46 48 
24 46 47 61 
26 47 48 61 
5 1 

6 4 
8 24 25 26 46 48 
8 24 25 46 47 61 
8 25 26 47 48 61 
24 26 46 47 48 61 
7 1 

8 1 
8 24 25 26 46 47 48 61 
6
0 1 

1 1 

2 4 
9 51 
27 62 
28 29 
49 50 
3 1 

4 6 
9 27 51 62 
9 28 29 51 
9 49 50 51 
27 28 29 62 
27 49 50 62 
28 29 49 50 
5 1 

6 4 
9 27 28 29 51 62 
9 27 49 50 51 62 
9 28 29 49 50 51 
27 28 29 49 50 62 
7 1 

8 1 
9 27 28 29 49 50 51 62 
7
0 1 

1 4 
13 
33 
35 
54 
2 8 
13 33 
13 35 
13 54 
33 35 
33 54 
34 55 
35 54 
53 63 
3 12 
13 33 35 
13 33 54 
13 34 55 
13 35 54 
13 53 63 
33 34 55 
33 35 54 
33 53 63 
34 35 55 
34 54 55 
35 53 63 
53 54 63 
4 14 
13 33 34 55 
13 33 35 54 
13 33 53 63 
13 34 35 55 
13 34 54 55 
13 35 53 63 
13 53 54 63 
33 34 35 55 
33 34 54 55 
33 35 53 63 
33 53 54 63 
34 35 54 55 
34 53 55 63 
35 53 54 63 
5 12 
13 33 34 35 55 
13 33 34 54 55 
13 33 35 53 63 
13 33 53 54 63 
13 34 35 54 55 
13 34 53 55 63 
13 35 53 54 63 
33 34 35 54 55 
33 34 53 55 63 
33 35 53 54 63 
34 35 53 55 63 
34 53 54 55 63 
6 8 
13 33 34 35 54 55 
13 33 34 53 55 63 
13 33 35 53 54 63 
13 34 35 53 55 63 
13 34 53 54 55 63 
33 34 35 53 55 63 
33 34 53 54 55 63 
34 35 53 54 55 63 
7 4 
13 33 34 35 53 55 63 
13 33 34 53 54 55 63 
13 34 35 53 54 55 63 
33 34 35 53 54 55 63 
8 1 
13 33 34 35 53 54 55 63 
8
0 1 

1 1 

2 4 
23 44 
43 58 
45 60 
59 64 
3 1 

4 6 
23 43 44 58 
23 44 45 60 
23 44 59 64 
43 45 58 60 
43 58 59 64 
45 59 60 64 
5 1 

6 4 
23 43 44 45 58 60 
23 43 44 58 59 64 
23 44 45 59 60 64 
43 45 58 59 60 64 
7 1 

8 1 
23 43 44 45 58 59 60 64 
