//Table for grp 179:
57
0 0 2 2 4 4 2 4 
0 0 2 4 4 2 4 2 
0 0 4 2 2 4 4 2 
0 0 4 4 2 2 2 4 
0 2 0 2 4 2 4 4 
0 2 0 4 4 4 2 2 
0 2 2 0 2 4 4 4 
0 2 2 2 2 2 2 6 
0 2 2 2 2 2 6 2 
0 2 2 2 2 6 2 2 
0 2 2 2 6 2 2 2 
0 2 2 4 2 0 4 4 
0 2 2 4 2 4 0 4 
0 2 2 4 2 4 4 0 
0 2 2 6 2 2 2 2 
0 2 4 0 4 4 2 2 
0 2 4 2 0 2 4 4 
0 2 4 2 4 2 0 4 
0 2 4 2 4 2 4 0 
0 2 4 4 0 4 2 2 
0 2 4 4 4 0 2 2 
0 2 6 2 2 2 2 2 
0 4 0 2 2 4 4 2 
0 4 0 4 2 2 2 4 
0 4 2 0 4 2 4 2 
0 4 2 2 0 4 2 4 
0 4 2 2 4 0 2 4 
0 4 2 2 4 4 2 0 
0 4 2 4 0 2 4 2 
0 4 2 4 4 2 0 2 
0 4 4 0 2 2 2 4 
0 4 4 2 2 0 4 2 
0 4 4 2 2 4 0 2 
0 4 4 4 2 2 2 0 
0 6 2 2 2 2 2 2 
2 0 2 2 2 2 4 4 
2 0 2 4 2 4 2 2 
2 0 4 2 4 2 2 2 
2 2 0 2 2 4 2 4 
2 2 0 4 2 2 4 2 
2 2 2 0 4 2 2 4 
2 2 2 2 0 4 4 2 
2 2 2 2 4 0 4 2 
2 2 2 2 4 4 0 2 
2 2 2 4 0 2 2 4 
2 2 2 4 4 2 2 0 
2 2 4 0 2 2 4 2 
2 2 4 2 2 0 2 4 
2 2 4 2 2 4 2 0 
2 2 4 4 2 2 0 2 
2 4 0 2 4 2 2 2 
2 4 2 0 2 4 2 2 
2 4 2 2 2 2 0 4 
2 4 2 2 2 2 4 0 
2 4 2 4 2 0 2 2 
2 4 4 2 0 2 2 2 
4 2 2 2 2 2 2 2 
1 2 3 4 5 6 7 8 9 10 11 12 13 14 15 16 17 18 19 20 21 22 23 24 25 26 27 28 29 30 31 32 33 34 35 36 37 38 39 40 41 42 43 44 45 46 47 48 49 50 51 52 53 54 55 56 57 58 59 60 61 62 63 64 
2 5 8 9 10 11 12 14 17 1 20 21 23 24 25 26 27 28 29 30 31 32 33 3 36 37 4 39 40 6 7 42 43 44 45 46 47 48 49 50 51 52 13 53 54 15 16 56 18 19 57 22 58 59 60 61 62 34 35 63 38 41 64 55 
3 24 5 13 14 15 16 2 43 8 46 47 17 1 20 21 33 34 35 36 37 38 9 10 11 12 23 58 59 25 26 61 4 39 40 6 7 42 53 54 55 56 27 28 29 30 31 32 44 45 64 48 18 19 57 22 63 49 50 51 52 60 41 62 
4 28 13 6 17 18 19 44 12 49 29 51 15 33 34 35 20 7 22 39 40 41 26 58 45 60 31 32 2 50 62 9 36 16 38 53 54 55 21 42 1 57 47 48 8 59 64 23 52 10 11 27 37 56 3 63 5 61 24 25 43 30 14 46 
5 10 14 17 1 20 21 24 27 2 30 31 33 3 36 37 4 39 40 6 7 42 43 8 46 47 9 49 50 11 12 52 13 53 54 15 16 56 18 19 57 22 23 58 59 25 26 61 28 29 62 32 34 35 63 38 41 44 45 64 48 51 55 60 
6 32 15 18 20 7 22 48 51 52 2 11 34 36 16 38 39 19 41 21 42 1 60 61 8 25 62 9 28 10 30 12 53 35 55 37 56 3 40 57 4 5 64 23 44 24 46 26 27 49 29 31 54 63 13 14 17 43 58 45 47 50 33 59 
7 12 16 19 21 22 1 26 29 31 32 2 35 37 38 3 40 41 4 42 5 6 45 47 48 8 50 51 9 52 10 11 54 55 13 56 14 15 57 17 18 20 59 60 23 61 24 25 62 27 28 30 63 33 34 36 39 64 43 44 46 49 53 58 
8 3 10 23 24 25 26 5 13 14 15 16 27 2 30 31 43 44 45 46 47 48 17 1 20 21 33 34 35 36 37 38 9 49 50 11 12 52 58 59 60 61 4 39 40 6 7 42 53 54 55 56 28 29 62 32 64 18 19 57 22 63 51 41 
9 39 23 11 27 28 29 53 21 18 40 57 25 43 44 45 30 12 32 49 50 51 37 34 54 63 7 42 5 19 41 17 46 26 48 58 59 60 31 52 2 62 16 56 14 35 55 33 22 1 20 4 47 61 8 64 10 38 3 36 13 6 24 15 
10 1 24 27 2 30 31 3 4 5 6 7 43 8 46 47 9 49 50 11 12 52 13 14 15 16 17 18 19 20 21 22 23 58 59 25 26 61 28 29 62 32 33 34 35 36 37 38 39 40 41 42 44 45 64 48 51 53 54 55 56 57 60 63 
11 42 25 28 30 12 32 56 57 22 5 20 44 46 26 48 49 29 51 31 52 2 63 38 14 36 41 17 39 1 6 21 58 45 60 47 61 8 50 62 9 10 55 33 53 3 15 37 4 18 40 7 59 64 23 24 27 13 34 54 16 19 43 35 
12 21 26 29 31 32 2 37 40 7 42 5 45 47 48 8 50 51 9 52 10 11 54 16 56 14 19 57 17 22 1 20 59 60 23 61 24 25 62 27 28 30 35 63 33 38 3 36 41 4 39 6 64 43 44 46 49 55 13 53 15 18 58 34 
13 58 17 15 33 34 35 28 47 44 59 64 20 4 39 40 36 16 38 53 54 55 12 49 29 51 26 61 24 45 60 43 6 21 42 18 19 57 37 56 3 63 31 32 2 50 62 9 48 8 46 23 7 22 5 41 14 52 10 11 27 25 1 30 
14 8 1 33 3 36 37 10 23 24 25 26 4 5 6 7 13 53 54 15 16 56 27 2 30 31 43 44 45 46 47 48 17 18 19 20 21 22 34 35 63 38 9 49 50 11 12 52 58 59 60 61 39 40 41 42 55 28 29 62 32 64 57 51 
15 61 20 34 36 16 38 32 64 48 24 46 39 6 21 42 53 35 55 37 56 3 51 52 2 11 60 43 58 8 25 47 18 40 57 7 22 5 54 63 13 14 62 9 28 10 30 12 23 44 59 26 19 41 17 1 33 27 49 29 31 45 4 50 
16 47 21 35 37 38 3 12 59 26 61 24 40 7 42 5 54 55 13 56 14 15 29 31 32 2 45 64 43 48 8 46 19 57 17 22 1 20 63 33 34 36 50 51 9 52 10 11 60 23 58 25 41 4 39 6 53 62 27 28 30 44 18 49 
17 49 33 20 4 39 40 58 31 28 50 62 36 13 53 54 6 21 42 18 19 57 47 44 59 64 12 52 10 29 51 27 15 37 56 34 35 63 7 22 5 41 26 61 24 45 60 43 32 2 30 9 16 38 14 55 1 48 8 46 23 11 3 25 
18 9 34 7 39 19 41 23 11 27 28 29 16 53 35 55 21 22 1 40 57 4 25 43 44 45 30 12 32 49 50 51 37 38 3 54 63 13 42 5 6 17 46 26 48 58 59 60 31 52 2 62 56 14 15 33 20 47 61 8 64 10 36 24 
19 51 35 22 40 41 4 60 2 62 9 28 38 54 55 13 42 1 6 57 17 18 8 64 23 44 10 11 12 27 49 29 56 3 15 63 33 34 5 20 7 39 24 25 26 43 58 45 30 31 32 50 14 36 16 53 21 46 47 48 59 52 37 61 
20 52 36 39 6 21 42 61 62 32 10 30 53 15 37 56 18 40 57 7 22 5 64 48 24 46 51 27 49 2 11 31 34 54 63 16 38 14 19 41 17 1 60 43 58 8 25 47 9 28 50 12 35 55 33 3 4 23 44 59 26 29 13 45 
21 31 37 40 7 42 5 47 50 12 52 10 54 16 56 14 19 57 17 22 1 20 59 26 61 24 29 62 27 32 2 30 35 63 33 38 3 36 41 4 39 6 45 64 43 48 8 46 51 9 49 11 55 13 53 15 18 60 23 58 25 28 34 44 
22 11 38 41 42 1 6 25 28 30 12 32 55 56 3 15 57 4 18 5 20 7 44 46 26 48 49 29 51 31 52 2 63 13 34 14 36 16 17 39 19 21 58 45 60 47 61 8 50 62 9 10 33 53 35 37 40 59 64 23 24 27 54 43 
23 34 27 25 43 44 45 39 16 53 35 55 30 9 49 50 46 26 48 58 59 60 21 18 40 57 37 38 3 54 63 13 11 31 52 28 29 62 47 61 8 64 7 42 5 19 41 17 56 14 15 33 12 32 10 51 24 22 1 20 4 36 2 6 
24 14 2 43 8 46 47 1 33 3 36 37 9 10 11 12 23 58 59 25 26 61 4 5 6 7 13 53 54 15 16 56 27 28 29 30 31 32 44 45 64 48 17 18 19 20 21 22 34 35 63 38 49 50 51 52 60 39 40 41 42 55 62 57 
25 38 30 44 46 26 48 42 55 56 3 15 49 11 31 52 58 45 60 47 61 8 57 22 5 20 63 13 34 14 36 16 28 50 62 12 32 10 59 64 23 24 41 17 39 1 6 21 33 53 35 37 29 51 27 2 43 4 18 40 7 54 9 19 
26 16 31 45 47 48 8 21 35 37 38 3 50 12 52 10 59 60 23 61 24 25 40 7 42 5 54 55 13 56 14 15 29 62 27 32 2 30 64 43 44 46 19 57 17 22 1 20 63 33 34 36 51 9 49 11 58 41 4 39 6 53 28 18 
27 18 43 30 9 49 50 34 7 39 19 41 46 23 58 59 11 31 52 28 29 62 16 53 35 55 21 22 1 40 57 4 25 47 61 44 45 64 12 32 10 51 37 38 3 54 63 13 42 5 6 17 26 48 24 60 2 56 14 15 33 20 8 36 
28 17 44 12 49 29 51 33 20 4 39 40 26 58 45 60 31 32 2 50 62 9 36 13 53 54 6 21 42 18 19 57 47 48 8 59 64 23 52 10 11 27 15 37 56 34 35 63 7 22 5 41 61 24 25 43 30 16 38 14 55 1 46 3 
29 57 45 32 50 51 9 63 5 41 17 39 48 59 60 23 52 2 11 62 27 28 14 55 33 53 1 20 21 4 18 40 61 8 25 64 43 44 10 30 12 49 3 36 37 13 34 54 6 7 42 19 24 46 26 58 31 15 16 56 35 22 47 38 
30 22 46 49 11 31 52 38 41 42 1 6 58 25 47 61 28 50 62 12 32 10 55 56 3 15 57 4 18 5 20 7 44 59 64 26 48 24 29 51 27 2 63 13 34 14 36 16 17 39 19 21 45 60 43 8 9 33 53 35 37 40 23 54 
31 7 47 50 12 52 10 16 19 21 22 1 59 26 61 24 29 62 27 32 2 30 35 37 38 3 40 41 4 42 5 6 45 64 43 48 8 46 51 9 49 11 54 55 13 56 14 15 57 17 18 20 60 23 58 25 28 63 33 34 36 39 44 53 
32 20 48 51 52 2 11 36 39 6 21 42 60 61 8 25 62 9 28 10 30 12 53 15 37 56 18 40 57 7 22 5 64 23 44 24 46 26 27 49 29 31 34 54 63 16 38 14 19 41 17 1 43 58 45 47 50 35 55 33 3 4 59 13 
33 44 4 36 13 53 54 49 26 58 45 60 6 17 18 19 15 37 56 34 35 63 31 28 50 62 47 48 8 59 64 23 20 7 22 39 40 41 16 38 14 55 12 52 10 29 51 27 61 24 25 43 21 42 1 57 3 32 2 30 9 46 5 11 
34 43 39 16 53 35 55 9 46 23 58 59 21 18 40 57 37 38 3 54 63 13 11 27 28 29 25 47 61 44 45 64 7 42 5 19 41 17 56 14 15 33 30 12 32 49 50 51 26 48 24 60 22 1 20 4 36 31 52 2 62 8 6 10 
35 64 40 38 54 55 13 51 24 60 43 58 42 19 57 17 56 3 15 63 33 34 2 62 9 28 8 46 47 23 44 59 22 5 20 41 4 39 14 36 16 53 10 11 12 27 49 29 25 26 61 45 1 6 21 18 37 30 31 32 50 48 7 52 
36 48 6 53 15 37 56 52 60 61 8 25 18 20 7 22 34 54 63 16 38 14 62 32 10 30 64 23 44 24 46 26 39 19 41 21 42 1 35 55 33 3 51 27 49 2 11 31 43 58 45 47 40 57 4 5 13 9 28 50 12 59 17 29 
37 26 7 54 16 56 14 31 45 47 48 8 19 21 22 1 35 63 33 38 3 36 50 12 52 10 59 60 23 61 24 25 40 41 4 42 5 6 55 13 53 15 29 62 27 32 2 30 64 43 44 46 57 17 18 20 34 51 9 49 11 58 39 28 
38 46 42 55 56 3 15 11 58 25 47 61 57 22 5 20 63 13 34 14 36 16 28 30 12 32 44 59 64 26 48 24 41 17 39 1 6 21 33 53 35 37 49 29 51 31 52 2 45 60 43 8 4 18 40 7 54 50 62 9 10 23 19 27 
39 27 53 21 18 40 57 43 30 9 49 50 37 34 54 63 7 42 5 19 41 17 46 23 58 59 11 31 52 28 29 62 16 56 14 35 55 33 22 1 20 4 25 47 61 44 45 64 12 32 10 51 38 3 36 13 6 26 48 24 60 2 15 8 
40 62 54 42 19 57 17 64 10 51 27 49 56 35 63 33 22 5 20 41 4 39 24 60 43 58 2 30 31 9 28 50 38 14 36 55 13 53 1 6 21 18 8 46 47 23 44 59 11 12 52 29 3 15 37 34 7 25 26 61 45 32 16 48 
41 29 55 1 57 4 18 45 32 50 51 9 3 63 13 34 5 6 7 17 39 19 48 59 60 23 52 2 11 62 27 28 14 15 16 33 53 35 20 21 22 40 61 8 25 64 43 44 10 30 12 49 36 37 38 54 42 24 46 26 58 31 56 47 
42 30 56 57 22 5 20 46 49 11 31 52 63 38 14 36 41 17 39 1 6 21 58 25 47 61 28 50 62 12 32 10 55 33 53 3 15 37 4 18 40 7 44 59 64 26 48 24 29 51 27 2 13 34 54 16 19 45 60 43 8 9 35 23 
43 53 9 46 23 58 59 18 37 34 54 63 11 27 28 29 25 47 61 44 45 64 7 39 19 41 16 56 14 35 55 33 30 12 32 49 50 51 26 48 24 60 21 22 1 40 57 4 38 3 36 13 31 52 2 62 8 42 5 6 17 15 10 20 
44 13 49 26 58 45 60 17 15 33 34 35 31 28 50 62 47 48 8 59 64 23 20 4 39 40 36 16 38 53 54 55 12 52 10 29 51 27 61 24 25 43 6 21 42 18 19 57 37 56 3 63 32 2 30 9 46 7 22 5 41 14 11 1 
45 55 50 48 59 60 23 57 3 63 13 34 52 29 62 27 61 8 25 64 43 44 5 41 17 39 14 15 16 33 53 35 32 10 30 51 9 49 24 46 26 58 1 20 21 4 18 40 36 37 38 54 2 11 31 28 47 6 7 42 19 56 12 22 
46 56 11 58 25 47 61 22 63 38 14 36 28 30 12 32 44 59 64 26 48 24 41 42 1 6 55 33 53 3 15 37 49 29 51 31 52 2 45 60 43 8 57 4 18 5 20 7 13 34 54 16 50 62 9 10 23 17 39 19 21 35 27 40 
47 37 12 59 26 61 24 7 54 16 56 14 29 31 32 2 45 64 43 48 8 46 19 21 22 1 35 63 33 38 3 36 50 51 9 52 10 11 60 23 58 25 40 41 4 42 5 6 55 13 53 15 62 27 28 30 44 57 17 18 20 34 49 39 
48 15 52 60 61 8 25 20 34 36 16 38 62 32 10 30 64 23 44 24 46 26 39 6 21 42 53 35 55 37 56 3 51 27 49 2 11 31 43 58 45 47 18 40 57 7 22 5 54 63 13 14 9 28 50 12 59 19 41 17 1 33 29 4 
49 4 58 31 28 50 62 13 6 17 18 19 47 44 59 64 12 52 10 29 51 27 15 33 34 35 20 7 22 39 40 41 26 61 24 45 60 43 32 2 30 9 36 16 38 53 54 55 21 42 1 57 48 8 46 23 11 37 56 3 63 5 25 14 
50 41 59 52 29 62 27 55 1 57 4 18 61 45 64 43 32 10 30 51 9 49 3 63 13 34 5 6 7 17 39 19 48 24 46 60 23 58 2 11 31 28 14 15 16 33 53 35 20 21 22 40 8 25 47 44 12 36 37 38 54 42 26 56 
51 40 60 2 62 9 28 54 42 19 57 17 8 64 23 44 10 11 12 27 49 29 56 35 63 33 22 5 20 41 4 39 24 25 26 43 58 45 30 31 32 50 38 14 36 55 13 53 1 6 21 18 46 47 48 59 52 3 15 37 34 7 61 16 
52 6 61 62 32 10 30 15 18 20 7 22 64 48 24 46 51 27 49 2 11 31 34 36 16 38 39 19 41 21 42 1 60 43 58 8 25 47 9 28 50 12 53 35 55 37 56 3 40 57 4 5 23 44 59 26 29 54 63 13 14 17 45 33 
53 23 18 37 34 54 63 27 25 43 44 45 7 39 19 41 16 56 14 35 55 33 30 9 49 50 46 26 48 58 59 60 21 22 1 40 57 4 38 3 36 13 11 31 52 28 29 62 47 61 8 64 42 5 6 17 15 12 32 10 51 24 20 2 
54 60 19 56 35 63 33 62 8 64 23 44 22 40 41 4 38 14 36 55 13 53 10 51 27 49 24 25 26 43 58 45 42 1 6 57 17 18 3 15 37 34 2 30 31 9 28 50 46 47 48 59 5 20 7 39 16 11 12 52 29 61 21 32 
55 59 57 3 63 13 34 29 61 45 64 43 5 41 17 39 14 15 16 33 53 35 32 50 51 9 48 24 46 60 23 58 1 20 21 4 18 40 36 37 38 54 52 2 11 62 27 28 8 25 47 44 6 7 42 19 56 10 30 12 49 26 22 31 
56 25 22 63 38 14 36 30 44 46 26 48 41 42 1 6 55 33 53 3 15 37 49 11 31 52 58 45 60 47 61 8 57 4 18 5 20 7 13 34 54 16 28 50 62 12 32 10 59 64 23 24 17 39 19 21 35 29 51 27 2 43 40 9 
57 50 63 5 41 17 39 59 52 29 62 27 14 55 33 53 1 20 21 4 18 40 61 45 64 43 32 10 30 51 9 49 3 36 37 13 34 54 6 7 42 19 48 24 46 60 23 58 2 11 31 28 15 16 56 35 22 8 25 47 44 12 38 26 
58 33 28 47 44 59 64 4 36 13 53 54 12 49 29 51 26 61 24 45 60 43 6 17 18 19 15 37 56 34 35 63 31 32 2 50 62 9 48 8 46 23 20 7 22 39 40 41 16 38 14 55 52 10 11 27 25 21 42 1 57 3 30 5 
59 63 29 61 45 64 43 41 14 55 33 53 32 50 51 9 48 24 46 60 23 58 1 57 4 18 3 36 37 13 34 54 52 2 11 62 27 28 8 25 47 44 5 6 7 17 39 19 15 16 56 35 10 30 12 49 26 20 21 22 40 38 31 42 
60 35 62 8 64 23 44 40 38 54 55 13 10 51 27 49 24 25 26 43 58 45 42 19 57 17 56 3 15 63 33 34 2 30 31 9 28 50 46 47 48 59 22 5 20 41 4 39 14 36 16 53 11 12 52 29 61 1 6 21 18 37 32 7 
61 36 32 64 48 24 46 6 53 15 37 56 51 52 2 11 60 43 58 8 25 47 18 20 7 22 34 54 63 16 38 14 62 9 28 10 30 12 23 44 59 26 39 19 41 21 42 1 35 55 33 3 27 49 29 31 45 40 57 4 5 13 50 17 
62 19 64 10 51 27 49 35 22 40 41 4 24 60 43 58 2 30 31 9 28 50 38 54 55 13 42 1 6 57 17 18 8 46 47 23 44 59 11 12 52 29 56 3 15 63 33 34 5 20 7 39 25 26 61 45 32 14 36 16 53 21 48 37 
63 45 41 14 55 33 53 50 48 59 60 23 1 57 4 18 3 36 37 13 34 54 52 29 62 27 61 8 25 64 43 44 5 6 7 17 39 19 15 16 56 35 32 10 30 51 9 49 24 46 26 58 20 21 22 40 38 2 11 31 28 47 42 12 
64 54 51 24 60 43 58 19 56 35 63 33 2 62 9 28 8 46 47 23 44 59 22 40 41 4 38 14 36 55 13 53 10 11 12 27 49 29 25 26 61 45 42 1 6 57 17 18 3 15 37 34 30 31 32 50 48 5 20 7 39 16 52 21 
1
0 1 

1 4 
1 
5 
7 
21 
2 8 
1 5 
1 7 
1 21 
5 7 
5 21 
6 22 
7 21 
20 42 
3 12 
1 5 7 
1 5 21 
1 6 22 
1 7 21 
1 20 42 
5 6 22 
5 7 21 
5 20 42 
6 7 22 
6 21 22 
7 20 42 
20 21 42 
4 14 
1 5 6 22 
1 5 7 21 
1 5 20 42 
1 6 7 22 
1 6 21 22 
1 7 20 42 
1 20 21 42 
5 6 7 22 
5 6 21 22 
5 7 20 42 
5 20 21 42 
6 7 21 22 
6 20 22 42 
7 20 21 42 
5 12 
1 5 6 7 22 
1 5 6 21 22 
1 5 7 20 42 
1 5 20 21 42 
1 6 7 21 22 
1 6 20 22 42 
1 7 20 21 42 
5 6 7 21 22 
5 6 20 22 42 
5 7 20 21 42 
6 7 20 22 42 
6 20 21 22 42 
6 8 
1 5 6 7 21 22 
1 5 6 20 22 42 
1 5 7 20 21 42 
1 6 7 20 22 42 
1 6 20 21 22 42 
5 6 7 20 22 42 
5 6 20 21 22 42 
6 7 20 21 22 42 
7 4 
1 5 6 7 20 22 42 
1 5 6 20 21 22 42 
1 6 7 20 21 22 42 
5 6 7 20 21 22 42 
8 1 
1 5 6 7 20 21 22 42 
2
0 1 

1 1 

2 4 
2 10 
11 30 
12 31 
32 52 
3 1 

4 6 
2 10 11 30 
2 10 12 31 
2 10 32 52 
11 12 30 31 
11 30 32 52 
12 31 32 52 
5 1 

6 4 
2 10 11 12 30 31 
2 10 11 30 32 52 
2 10 12 31 32 52 
11 12 30 31 32 52 
7 1 

8 1 
2 10 11 12 30 31 32 52 
3
0 1 

1 1 

2 4 
3 14 
15 56 
16 37 
36 38 
3 1 

4 6 
3 14 15 56 
3 14 16 37 
3 14 36 38 
15 16 37 56 
15 36 38 56 
16 36 37 38 
5 1 

6 4 
3 14 15 16 37 56 
3 14 15 36 38 56 
3 14 16 36 37 38 
15 16 36 37 38 56 
7 1 

8 1 
3 14 15 16 36 37 38 56 
4
0 1 

1 1 

2 4 
4 41 
17 57 
18 19 
39 40 
3 1 

4 6 
4 17 41 57 
4 18 19 41 
4 39 40 41 
17 18 19 57 
17 39 40 57 
18 19 39 40 
5 1 

6 4 
4 17 18 19 41 57 
4 17 39 40 41 57 
4 18 19 39 40 41 
17 18 19 39 40 57 
7 1 

8 1 
4 17 18 19 39 40 41 57 
5
0 1 

1 1 

2 4 
8 24 
25 46 
26 47 
48 61 
3 1 

4 6 
8 24 25 46 
8 24 26 47 
8 24 48 61 
25 26 46 47 
25 46 48 61 
26 47 48 61 
5 1 

6 4 
8 24 25 26 46 47 
8 24 25 46 48 61 
8 24 26 47 48 61 
25 26 46 47 48 61 
7 1 

8 1 
8 24 25 26 46 47 48 61 
6
0 1 

1 1 

2 4 
9 50 
27 29 
28 62 
49 51 
3 1 

4 6 
9 27 29 50 
9 28 50 62 
9 49 50 51 
27 28 29 62 
27 29 49 51 
28 49 51 62 
5 1 

6 4 
9 27 28 29 50 62 
9 27 29 49 50 51 
9 28 49 50 51 62 
27 28 29 49 51 62 
7 1 

8 1 
9 27 28 29 49 50 51 62 
7
0 1 

1 1 

2 4 
13 63 
33 55 
34 54 
35 53 
3 1 

4 6 
13 33 55 63 
13 34 54 63 
13 35 53 63 
33 34 54 55 
33 35 53 55 
34 35 53 54 
5 1 

6 4 
13 33 34 54 55 63 
13 33 35 53 55 63 
13 34 35 53 54 63 
33 34 35 53 54 55 
7 1 

8 1 
13 33 34 35 53 54 55 63 
8
0 1 

1 1 

2 4 
23 59 
43 45 
44 64 
58 60 
3 1 

4 6 
23 43 45 59 
23 44 59 64 
23 58 59 60 
43 44 45 64 
43 45 58 60 
44 58 60 64 
5 1 

6 4 
23 43 44 45 59 64 
23 43 45 58 59 60 
23 44 58 59 60 64 
43 44 45 58 60 64 
7 1 

8 1 
23 43 44 45 58 59 60 64 
