//Table for grp 147:
57
0 0 2 2 4 4 2 4 
0 0 2 4 4 2 4 2 
0 0 4 2 2 4 4 2 
0 0 4 4 2 2 2 4 
0 2 0 2 4 2 4 4 
0 2 0 4 4 4 2 2 
0 2 2 0 2 4 4 4 
0 2 2 2 2 2 2 6 
0 2 2 2 2 2 6 2 
0 2 2 2 2 6 2 2 
0 2 2 2 6 2 2 2 
0 2 2 4 2 0 4 4 
0 2 2 4 2 4 0 4 
0 2 2 4 2 4 4 0 
0 2 2 6 2 2 2 2 
0 2 4 0 4 4 2 2 
0 2 4 2 0 2 4 4 
0 2 4 2 4 2 0 4 
0 2 4 2 4 2 4 0 
0 2 4 4 0 4 2 2 
0 2 4 4 4 0 2 2 
0 2 6 2 2 2 2 2 
0 4 0 2 2 4 4 2 
0 4 0 4 2 2 2 4 
0 4 2 0 4 2 4 2 
0 4 2 2 0 4 2 4 
0 4 2 2 4 0 2 4 
0 4 2 2 4 4 2 0 
0 4 2 4 0 2 4 2 
0 4 2 4 4 2 0 2 
0 4 4 0 2 2 2 4 
0 4 4 2 2 0 4 2 
0 4 4 2 2 4 0 2 
0 4 4 4 2 2 2 0 
0 6 2 2 2 2 2 2 
2 0 2 2 2 2 4 4 
2 0 2 4 2 4 2 2 
2 0 4 2 4 2 2 2 
2 2 0 2 2 4 2 4 
2 2 0 4 2 2 4 2 
2 2 2 0 4 2 2 4 
2 2 2 2 0 4 4 2 
2 2 2 2 4 0 4 2 
2 2 2 2 4 4 0 2 
2 2 2 4 0 2 2 4 
2 2 2 4 4 2 2 0 
2 2 4 0 2 2 4 2 
2 2 4 2 2 0 2 4 
2 2 4 2 2 4 2 0 
2 2 4 4 2 2 0 2 
2 4 0 2 4 2 2 2 
2 4 2 0 2 4 2 2 
2 4 2 2 2 2 0 4 
2 4 2 2 2 2 4 0 
2 4 2 4 2 0 2 2 
2 4 4 2 0 2 2 2 
4 2 2 2 2 2 2 2 
1 2 3 4 5 6 7 8 9 10 11 12 13 14 15 16 17 18 19 20 21 22 23 24 25 26 27 28 29 30 31 32 33 34 35 36 37 38 39 40 41 42 43 44 45 46 47 48 49 50 51 52 53 54 55 56 57 58 59 60 61 62 63 64 
2 1 8 9 10 11 12 3 4 5 6 7 23 24 25 26 27 28 29 30 31 32 13 14 15 16 17 18 19 20 21 22 43 44 45 46 47 48 49 50 51 52 33 34 35 36 37 38 39 40 41 42 58 59 60 61 62 53 54 55 56 57 64 63 
3 24 21 13 14 15 16 2 43 26 46 47 40 1 42 5 33 34 35 36 37 38 9 10 11 12 45 58 59 48 8 61 4 57 17 6 7 20 53 54 55 56 27 28 29 30 31 32 60 23 64 25 18 19 39 22 63 49 50 51 52 44 41 62 
4 28 13 1 17 18 19 44 11 49 9 51 3 33 34 35 5 6 7 39 40 41 25 58 23 60 30 2 32 27 62 29 14 15 16 53 54 55 20 21 22 57 46 8 48 43 64 45 10 52 12 50 36 37 38 63 42 24 61 26 59 31 56 47 
5 31 14 17 7 20 21 47 50 2 52 10 33 16 36 37 19 39 40 22 1 42 59 8 61 24 9 62 27 11 12 30 35 53 54 38 3 56 41 4 57 6 23 64 43 25 26 46 28 29 49 32 55 13 63 15 18 44 45 58 48 51 34 60 
6 11 15 18 20 1 22 25 28 30 2 32 34 36 3 38 39 4 41 5 42 7 44 46 8 48 49 9 51 10 52 12 53 13 55 14 56 16 17 57 19 21 58 23 60 24 61 26 27 62 29 31 33 63 35 37 40 43 64 45 47 50 54 59 
7 12 16 19 21 22 1 26 29 31 32 2 35 37 38 3 40 41 4 42 5 6 45 47 48 8 50 51 9 52 10 11 54 55 13 56 14 15 57 17 18 20 59 60 23 61 24 25 62 27 28 30 63 33 34 36 39 64 43 44 46 49 53 58 
8 14 31 23 24 25 26 1 33 16 36 37 50 2 52 10 43 44 45 46 47 48 4 5 6 7 35 53 54 38 3 56 9 62 27 11 12 30 58 59 60 61 17 18 19 20 21 22 55 13 63 15 28 29 49 32 64 39 40 41 42 34 51 57 
9 18 23 2 27 28 29 34 6 39 4 41 8 43 44 45 10 11 12 49 50 51 15 53 13 55 20 1 22 17 57 19 24 25 26 58 59 60 30 31 32 62 36 3 38 33 63 35 5 42 7 40 46 47 48 64 52 14 56 16 54 21 61 37 
10 21 24 27 12 30 31 37 40 1 42 5 43 26 46 47 29 49 50 32 2 52 54 3 56 14 4 57 17 6 7 20 45 58 59 48 8 61 51 9 62 11 13 63 33 15 16 36 18 19 39 22 60 23 64 25 28 34 35 53 38 41 44 55 
11 6 25 28 30 2 32 15 18 20 1 22 44 46 8 48 49 9 51 10 52 12 34 36 3 38 39 4 41 5 42 7 58 23 60 24 61 26 27 62 29 31 53 13 55 14 56 16 17 57 19 21 43 64 45 47 50 33 63 35 37 40 59 54 
12 7 26 29 31 32 2 16 19 21 22 1 45 47 48 8 50 51 9 52 10 11 35 37 38 3 40 41 4 42 5 6 59 60 23 61 24 25 62 27 28 30 54 55 13 56 14 15 57 17 18 20 64 43 44 46 49 63 33 34 36 39 58 53 
13 58 40 3 33 34 35 28 46 60 43 64 21 4 57 17 14 15 16 53 54 55 11 49 9 51 48 24 61 45 44 59 1 42 5 18 19 39 36 37 38 63 30 2 32 27 62 29 26 25 47 23 6 7 20 41 56 10 52 12 50 8 22 31 
14 8 1 33 16 36 37 31 23 24 25 26 4 5 6 7 35 53 54 38 3 56 50 2 52 10 43 44 45 46 47 48 17 18 19 20 21 22 55 13 63 15 9 62 27 11 12 30 58 59 60 61 39 40 41 42 34 28 29 49 32 64 57 51 
15 46 42 34 36 3 38 11 58 48 24 61 57 6 21 20 53 13 55 14 56 16 28 30 2 32 60 43 64 26 25 47 18 40 39 1 22 5 33 63 35 37 49 9 51 10 52 12 45 44 59 8 4 41 17 7 54 27 62 29 31 23 19 50 
16 47 5 35 37 38 3 12 59 8 61 24 17 7 20 21 54 55 13 56 14 15 29 31 32 2 23 64 43 25 26 46 19 39 40 22 1 42 63 33 34 36 50 51 9 52 10 11 44 45 58 48 41 4 57 6 53 62 27 28 30 60 18 49 
17 62 33 5 19 39 40 64 52 28 50 49 14 35 53 54 7 20 21 41 4 57 61 44 59 58 11 31 30 9 51 27 16 36 37 55 13 63 22 1 42 18 25 47 46 23 60 43 2 32 10 29 38 3 56 34 6 8 48 24 45 12 15 26 
18 9 34 6 39 4 41 23 2 27 28 29 15 53 13 55 20 1 22 17 57 19 8 43 44 45 10 11 12 49 50 51 36 3 38 33 63 35 5 42 7 40 24 25 26 58 59 60 30 31 32 62 14 56 16 54 21 46 47 48 64 52 37 61 
19 51 35 7 40 41 4 60 32 62 29 28 16 54 55 13 21 22 1 57 17 18 48 64 45 44 52 12 11 50 49 9 37 38 3 63 33 34 42 5 6 39 61 26 25 59 58 23 31 30 2 27 56 14 15 53 20 47 46 8 43 10 36 24 
20 52 36 39 22 5 42 61 62 11 31 30 53 38 14 56 41 17 57 7 6 21 64 25 47 46 28 50 49 2 32 10 55 33 63 16 15 37 19 18 40 1 44 59 58 8 48 24 9 51 27 12 35 34 54 3 4 23 60 43 26 29 13 45 
21 10 37 40 1 42 5 24 27 12 30 31 54 3 56 14 4 57 17 6 7 20 43 26 46 47 29 49 50 32 2 52 13 63 33 15 16 36 18 19 39 22 45 58 59 48 8 61 51 9 62 11 34 35 53 38 41 60 23 64 25 28 55 44 
22 32 38 41 42 7 6 48 51 52 12 11 55 56 16 15 57 19 18 21 20 1 60 61 26 25 62 29 28 31 30 2 63 35 34 37 36 3 40 39 4 5 64 45 44 47 46 8 50 49 9 10 54 53 13 14 17 59 58 23 24 27 33 43 
23 53 50 8 43 44 45 18 36 55 33 63 31 9 62 27 24 25 26 58 59 60 6 39 4 41 38 14 56 35 34 54 2 52 10 28 29 49 46 47 48 64 20 1 22 17 57 19 16 15 37 13 11 12 30 51 61 5 42 7 40 3 32 21 
24 3 2 43 26 46 47 21 13 14 15 16 9 10 11 12 45 58 59 48 8 61 40 1 42 5 33 34 35 36 37 38 27 28 29 30 31 32 60 23 64 25 4 57 17 6 7 20 53 54 55 56 49 50 51 52 44 18 19 39 22 63 62 41 
25 36 52 44 46 8 48 6 53 38 14 56 62 11 31 30 58 23 60 24 61 26 18 20 1 22 55 33 63 16 15 37 28 50 49 2 32 10 43 64 45 47 39 4 41 5 42 7 35 34 54 3 9 51 27 12 59 17 57 19 21 13 29 40 
26 37 10 45 47 48 8 7 54 3 56 14 27 12 30 31 59 60 23 61 24 25 19 21 22 1 13 63 33 15 16 36 29 49 50 32 2 52 64 43 44 46 40 41 4 42 5 6 34 35 53 38 51 9 62 11 58 57 17 18 20 55 28 39 
27 57 43 10 29 49 50 63 42 18 40 39 24 45 58 59 12 30 31 51 9 62 56 34 54 53 6 21 20 4 41 17 26 46 47 60 23 64 32 2 52 28 15 37 36 13 55 33 1 22 5 19 48 8 61 44 11 3 38 14 35 7 25 16 
28 4 44 11 49 9 51 13 1 17 18 19 25 58 23 60 30 2 32 27 62 29 3 33 34 35 5 6 7 39 40 41 46 8 48 43 64 45 10 52 12 50 14 15 16 53 54 55 20 21 22 57 24 61 26 59 31 36 37 38 63 42 47 56 
29 41 45 12 50 51 9 55 22 57 19 18 26 59 60 23 31 32 2 62 27 28 38 63 35 34 42 7 6 40 39 4 47 48 8 64 43 44 52 10 11 49 56 16 15 54 53 13 21 20 1 17 61 24 25 58 30 37 36 3 33 5 46 14 
30 42 46 49 32 10 52 56 57 6 21 20 58 48 24 61 51 27 62 12 11 31 63 15 37 36 18 40 39 1 22 5 60 43 64 26 25 47 29 28 50 2 34 54 53 3 38 14 4 41 17 7 45 44 59 8 9 13 55 33 16 19 23 35 
31 5 47 50 2 52 10 14 17 7 20 21 59 8 61 24 9 62 27 11 12 30 33 16 36 37 19 39 40 22 1 42 23 64 43 25 26 46 28 29 49 32 35 53 54 38 3 56 41 4 57 6 44 45 58 48 51 55 13 63 15 18 60 34 
32 22 48 51 52 12 11 38 41 42 7 6 60 61 26 25 62 29 28 31 30 2 55 56 16 15 57 19 18 21 20 1 64 45 44 47 46 8 50 49 9 10 63 35 34 37 36 3 40 39 4 5 59 58 23 24 27 54 53 13 14 17 43 33 
33 44 4 14 35 53 54 62 25 58 23 60 1 17 18 19 16 36 37 55 13 63 52 28 50 49 46 8 48 43 64 45 5 6 7 39 40 41 38 3 56 34 11 31 30 9 51 27 24 61 26 59 20 21 22 57 15 2 32 10 29 47 42 12 
34 43 57 15 53 13 55 9 24 45 58 59 42 18 40 39 36 3 38 33 63 35 2 27 28 29 26 46 47 60 23 64 6 21 20 4 41 17 14 56 16 54 10 11 12 49 50 51 48 8 61 44 1 22 5 19 37 30 31 32 62 25 7 52 
35 64 17 16 54 55 13 51 61 44 59 58 5 19 39 40 37 38 3 63 33 34 32 62 29 28 25 47 46 23 60 43 7 20 21 41 4 57 56 14 15 53 52 12 11 50 49 9 8 48 24 45 22 1 42 18 36 31 30 2 27 26 6 10 
36 25 6 53 38 14 56 52 44 46 8 48 18 20 1 22 55 33 63 16 15 37 62 11 31 30 58 23 60 24 61 26 39 4 41 5 42 7 35 34 54 3 28 50 49 2 32 10 43 64 45 47 17 57 19 21 13 9 51 27 12 59 40 29 
37 26 7 54 3 56 14 10 45 47 48 8 19 21 22 1 13 63 33 15 16 36 27 12 30 31 59 60 23 61 24 25 40 41 4 42 5 6 34 35 53 38 29 49 50 32 2 52 64 43 44 46 57 17 18 20 55 51 9 62 11 58 39 28 
38 61 20 55 56 16 15 32 64 25 47 46 39 22 5 42 63 35 34 37 36 3 51 52 12 11 44 59 58 8 48 24 41 17 57 7 6 21 54 53 13 14 62 29 28 31 30 2 23 60 43 26 19 18 40 1 33 50 49 9 10 45 4 27 
39 50 53 20 41 17 57 59 31 9 62 27 36 55 33 63 22 5 42 19 18 40 47 23 64 43 2 52 10 28 29 49 38 14 56 35 34 54 7 6 21 4 8 61 24 44 45 58 11 12 30 51 16 15 37 13 1 25 26 46 60 32 3 48 
40 49 54 21 4 57 17 58 30 51 27 62 37 13 63 33 1 42 5 18 19 39 46 60 43 64 32 10 52 29 28 50 3 56 14 34 35 53 6 7 20 41 48 24 61 45 44 59 12 11 31 9 15 16 36 55 22 26 25 47 23 2 38 8 
41 29 55 22 57 19 18 45 12 50 51 9 38 63 35 34 42 7 6 40 39 4 26 59 60 23 31 32 2 62 27 28 56 16 15 54 53 13 21 20 1 17 47 48 8 64 43 44 52 10 11 49 37 36 3 33 5 61 24 25 58 30 14 46 
42 30 56 57 6 21 20 46 49 32 10 52 63 15 37 36 18 40 39 1 22 5 58 48 24 61 51 27 62 12 11 31 34 54 53 3 38 14 4 41 17 7 60 43 64 26 25 47 29 28 50 2 13 55 33 16 19 45 44 59 8 9 35 23 
43 34 9 24 45 58 59 57 15 53 13 55 2 27 28 29 26 46 47 60 23 64 42 18 40 39 36 3 38 33 63 35 10 11 12 49 50 51 48 8 61 44 6 21 20 4 41 17 14 56 16 54 30 31 32 62 25 1 22 5 19 37 52 7 
44 33 62 25 58 23 60 4 14 35 53 54 52 28 50 49 46 8 48 43 64 45 1 17 18 19 16 36 37 55 13 63 11 31 30 9 51 27 24 61 26 59 5 6 7 39 40 41 38 3 56 34 2 32 10 29 47 20 21 22 57 15 12 42 
45 63 27 26 59 60 23 41 56 34 54 53 10 29 49 50 47 48 8 64 43 44 22 57 19 18 15 37 36 13 55 33 12 30 31 51 9 62 61 24 25 58 42 7 6 40 39 4 3 38 14 35 32 2 52 28 46 21 20 1 17 16 11 5 
46 15 11 58 48 24 61 42 34 36 3 38 28 30 2 32 60 43 64 26 25 47 57 6 21 20 53 13 55 14 56 16 49 9 51 10 52 12 45 44 59 8 18 40 39 1 22 5 33 63 35 37 27 62 29 31 23 4 41 17 7 54 50 19 
47 16 12 59 8 61 24 5 35 37 38 3 29 31 32 2 23 64 43 25 26 46 17 7 20 21 54 55 13 56 14 15 50 51 9 52 10 11 44 45 58 48 19 39 40 22 1 42 63 33 34 36 62 27 28 30 60 41 4 57 6 53 49 18 
48 56 30 60 61 26 25 22 63 15 37 36 49 32 10 52 64 45 44 47 46 8 41 42 7 6 34 54 53 3 38 14 51 27 62 12 11 31 59 58 23 24 57 19 18 21 20 1 13 55 33 16 29 28 50 2 43 40 39 4 5 35 9 17 
49 40 58 30 51 27 62 54 21 4 57 17 46 60 43 64 32 10 52 29 28 50 37 13 63 33 1 42 5 18 19 39 48 24 61 45 44 59 12 11 31 9 3 56 14 34 35 53 6 7 20 41 26 25 47 23 2 15 16 36 55 22 8 38 
50 39 59 31 9 62 27 53 20 41 17 57 47 23 64 43 2 52 10 28 29 49 36 55 33 63 22 5 42 19 18 40 8 61 24 44 45 58 11 12 30 51 38 14 56 35 34 54 7 6 21 4 25 26 46 60 32 16 15 37 13 1 48 3 
51 19 60 32 62 29 28 35 7 40 41 4 48 64 45 44 52 12 11 50 49 9 16 54 55 13 21 22 1 57 17 18 61 26 25 59 58 23 31 30 2 27 37 38 3 63 33 34 42 5 6 39 47 46 8 43 10 56 14 15 53 20 24 36 
52 20 61 62 11 31 30 36 39 22 5 42 64 25 47 46 28 50 49 2 32 10 53 38 14 56 41 17 57 7 6 21 44 59 58 8 48 24 9 51 27 12 55 33 63 16 15 37 19 18 40 1 23 60 43 26 29 35 34 54 3 4 45 13 
53 23 18 36 55 33 63 50 8 43 44 45 6 39 4 41 38 14 56 35 34 54 31 9 62 27 24 25 26 58 59 60 20 1 22 17 57 19 16 15 37 13 2 52 10 28 29 49 46 47 48 64 5 42 7 40 3 11 12 30 51 61 21 32 
54 60 19 37 13 63 33 49 48 64 45 44 7 40 41 4 3 56 14 34 35 53 30 51 27 62 61 26 25 59 58 23 21 22 1 57 17 18 15 16 36 55 32 10 52 29 28 50 47 46 8 43 42 5 6 39 38 12 11 31 9 24 20 2 
55 59 39 38 63 35 34 29 47 23 64 43 20 41 17 57 56 16 15 54 53 13 12 50 51 9 8 61 24 44 45 58 22 5 42 19 18 40 37 36 3 33 31 32 2 62 27 28 25 26 46 60 7 6 21 4 14 52 10 11 49 48 1 30 
56 48 22 63 15 37 36 30 60 61 26 25 41 42 7 6 34 54 53 3 38 14 49 32 10 52 64 45 44 47 46 8 57 19 18 21 20 1 13 55 33 16 51 27 62 12 11 31 59 58 23 24 40 39 4 5 35 29 28 50 2 43 17 9 
57 27 63 42 18 40 39 43 10 29 49 50 56 34 54 53 6 21 20 4 41 17 24 45 58 59 12 30 31 51 9 62 15 37 36 13 55 33 1 22 5 19 26 46 47 60 23 64 32 2 52 28 3 38 14 35 7 48 8 61 44 11 16 25 
58 13 28 46 60 43 64 40 3 33 34 35 11 49 9 51 48 24 61 45 44 59 21 4 57 17 14 15 16 53 54 55 30 2 32 27 62 29 26 25 47 23 1 42 5 18 19 39 36 37 38 63 10 52 12 50 8 6 7 20 41 56 31 22 
59 55 29 47 23 64 43 39 38 63 35 34 12 50 51 9 8 61 24 44 45 58 20 41 17 57 56 16 15 54 53 13 31 32 2 62 27 28 25 26 46 60 22 5 42 19 18 40 37 36 3 33 52 10 11 49 48 7 6 21 4 14 30 1 
60 54 49 48 64 45 44 19 37 13 63 33 30 51 27 62 61 26 25 59 58 23 7 40 41 4 3 56 14 34 35 53 32 10 52 29 28 50 47 46 8 43 21 22 1 57 17 18 15 16 36 55 12 11 31 9 24 42 5 6 39 38 2 20 
61 38 32 64 25 47 46 20 55 56 16 15 51 52 12 11 44 59 58 8 48 24 39 22 5 42 63 35 34 37 36 3 62 29 28 31 30 2 23 60 43 26 41 17 57 7 6 21 54 53 13 14 50 49 9 10 45 19 18 40 1 33 27 4 
62 17 64 52 28 50 49 33 5 19 39 40 61 44 59 58 11 31 30 9 51 27 14 35 53 54 7 20 21 41 4 57 25 47 46 23 60 43 2 32 10 29 16 36 37 55 13 63 22 1 42 18 8 48 24 45 12 38 3 56 34 6 26 15 
63 45 41 56 34 54 53 27 26 59 60 23 22 57 19 18 15 37 36 13 55 33 10 29 49 50 47 48 8 64 43 44 42 7 6 40 39 4 3 38 14 35 12 30 31 51 9 62 61 24 25 58 21 20 1 17 16 32 2 52 28 46 5 11 
64 35 51 61 44 59 58 17 16 54 55 13 32 62 29 28 25 47 46 23 60 43 5 19 39 40 37 38 3 63 33 34 52 12 11 50 49 9 8 48 24 45 7 20 21 41 4 57 56 14 15 53 31 30 2 27 26 22 1 42 18 36 10 6 
1
0 1 

1 4 
1 
6 
7 
22 
2 8 
1 6 
1 7 
1 22 
5 21 
6 7 
6 22 
7 22 
20 42 
3 12 
1 5 21 
1 6 7 
1 6 22 
1 7 22 
1 20 42 
5 6 21 
5 7 21 
5 21 22 
6 7 22 
6 20 42 
7 20 42 
20 22 42 
4 14 
1 5 6 21 
1 5 7 21 
1 5 21 22 
1 6 7 22 
1 6 20 42 
1 7 20 42 
1 20 22 42 
5 6 7 21 
5 6 21 22 
5 7 21 22 
5 20 21 42 
6 7 20 42 
6 20 22 42 
7 20 22 42 
5 12 
1 5 6 7 21 
1 5 6 21 22 
1 5 7 21 22 
1 5 20 21 42 
1 6 7 20 42 
1 6 20 22 42 
1 7 20 22 42 
5 6 7 21 22 
5 6 20 21 42 
5 7 20 21 42 
5 20 21 22 42 
6 7 20 22 42 
6 8 
1 5 6 7 21 22 
1 5 6 20 21 42 
1 5 7 20 21 42 
1 5 20 21 22 42 
1 6 7 20 22 42 
5 6 7 20 21 42 
5 6 20 21 22 42 
5 7 20 21 22 42 
7 4 
1 5 6 7 20 21 42 
1 5 6 20 21 22 42 
1 5 7 20 21 22 42 
5 6 7 20 21 22 42 
8 1 
1 5 6 7 20 21 22 42 
2
0 1 

1 8 
2 
10 
11 
12 
30 
31 
32 
52 
2 28 
2 10 
2 11 
2 12 
2 30 
2 31 
2 32 
2 52 
10 11 
10 12 
10 30 
10 31 
10 32 
10 52 
11 12 
11 30 
11 31 
11 32 
11 52 
12 30 
12 31 
12 32 
12 52 
30 31 
30 32 
30 52 
31 32 
31 52 
32 52 
3 56 
2 10 11 
2 10 12 
2 10 30 
2 10 31 
2 10 32 
2 10 52 
2 11 12 
2 11 30 
2 11 31 
2 11 32 
2 11 52 
2 12 30 
2 12 31 
2 12 32 
2 12 52 
2 30 31 
2 30 32 
2 30 52 
2 31 32 
2 31 52 
2 32 52 
10 11 12 
10 11 30 
10 11 31 
10 11 32 
10 11 52 
10 12 30 
10 12 31 
10 12 32 
10 12 52 
10 30 31 
10 30 32 
10 30 52 
10 31 32 
10 31 52 
10 32 52 
11 12 30 
11 12 31 
11 12 32 
11 12 52 
11 30 31 
11 30 32 
11 30 52 
11 31 32 
11 31 52 
11 32 52 
12 30 31 
12 30 32 
12 30 52 
12 31 32 
12 31 52 
12 32 52 
30 31 32 
30 31 52 
30 32 52 
31 32 52 
4 70 
2 10 11 12 
2 10 11 30 
2 10 11 31 
2 10 11 32 
2 10 11 52 
2 10 12 30 
2 10 12 31 
2 10 12 32 
2 10 12 52 
2 10 30 31 
2 10 30 32 
2 10 30 52 
2 10 31 32 
2 10 31 52 
2 10 32 52 
2 11 12 30 
2 11 12 31 
2 11 12 32 
2 11 12 52 
2 11 30 31 
2 11 30 32 
2 11 30 52 
2 11 31 32 
2 11 31 52 
2 11 32 52 
2 12 30 31 
2 12 30 32 
2 12 30 52 
2 12 31 32 
2 12 31 52 
2 12 32 52 
2 30 31 32 
2 30 31 52 
2 30 32 52 
2 31 32 52 
10 11 12 30 
10 11 12 31 
10 11 12 32 
10 11 12 52 
10 11 30 31 
10 11 30 32 
10 11 30 52 
10 11 31 32 
10 11 31 52 
10 11 32 52 
10 12 30 31 
10 12 30 32 
10 12 30 52 
10 12 31 32 
10 12 31 52 
10 12 32 52 
10 30 31 32 
10 30 31 52 
10 30 32 52 
10 31 32 52 
11 12 30 31 
11 12 30 32 
11 12 30 52 
11 12 31 32 
11 12 31 52 
11 12 32 52 
11 30 31 32 
11 30 31 52 
11 30 32 52 
11 31 32 52 
12 30 31 32 
12 30 31 52 
12 30 32 52 
12 31 32 52 
30 31 32 52 
5 56 
2 10 11 12 30 
2 10 11 12 31 
2 10 11 12 32 
2 10 11 12 52 
2 10 11 30 31 
2 10 11 30 32 
2 10 11 30 52 
2 10 11 31 32 
2 10 11 31 52 
2 10 11 32 52 
2 10 12 30 31 
2 10 12 30 32 
2 10 12 30 52 
2 10 12 31 32 
2 10 12 31 52 
2 10 12 32 52 
2 10 30 31 32 
2 10 30 31 52 
2 10 30 32 52 
2 10 31 32 52 
2 11 12 30 31 
2 11 12 30 32 
2 11 12 30 52 
2 11 12 31 32 
2 11 12 31 52 
2 11 12 32 52 
2 11 30 31 32 
2 11 30 31 52 
2 11 30 32 52 
2 11 31 32 52 
2 12 30 31 32 
2 12 30 31 52 
2 12 30 32 52 
2 12 31 32 52 
2 30 31 32 52 
10 11 12 30 31 
10 11 12 30 32 
10 11 12 30 52 
10 11 12 31 32 
10 11 12 31 52 
10 11 12 32 52 
10 11 30 31 32 
10 11 30 31 52 
10 11 30 32 52 
10 11 31 32 52 
10 12 30 31 32 
10 12 30 31 52 
10 12 30 32 52 
10 12 31 32 52 
10 30 31 32 52 
11 12 30 31 32 
11 12 30 31 52 
11 12 30 32 52 
11 12 31 32 52 
11 30 31 32 52 
12 30 31 32 52 
6 28 
2 10 11 12 30 31 
2 10 11 12 30 32 
2 10 11 12 30 52 
2 10 11 12 31 32 
2 10 11 12 31 52 
2 10 11 12 32 52 
2 10 11 30 31 32 
2 10 11 30 31 52 
2 10 11 30 32 52 
2 10 11 31 32 52 
2 10 12 30 31 32 
2 10 12 30 31 52 
2 10 12 30 32 52 
2 10 12 31 32 52 
2 10 30 31 32 52 
2 11 12 30 31 32 
2 11 12 30 31 52 
2 11 12 30 32 52 
2 11 12 31 32 52 
2 11 30 31 32 52 
2 12 30 31 32 52 
10 11 12 30 31 32 
10 11 12 30 31 52 
10 11 12 30 32 52 
10 11 12 31 32 52 
10 11 30 31 32 52 
10 12 30 31 32 52 
11 12 30 31 32 52 
7 8 
2 10 11 12 30 31 32 
2 10 11 12 30 31 52 
2 10 11 12 30 32 52 
2 10 11 12 31 32 52 
2 10 11 30 31 32 52 
2 10 12 30 31 32 52 
2 11 12 30 31 32 52 
10 11 12 30 31 32 52 
8 1 
2 10 11 12 30 31 32 52 
3
0 1 

1 1 

2 4 
3 14 
15 36 
16 37 
38 56 
3 1 

4 6 
3 14 15 36 
3 14 16 37 
3 14 38 56 
15 16 36 37 
15 36 38 56 
16 37 38 56 
5 1 

6 4 
3 14 15 16 36 37 
3 14 15 36 38 56 
3 14 16 37 38 56 
15 16 36 37 38 56 
7 1 

8 1 
3 14 15 16 36 37 38 56 
4
0 1 

1 4 
4 
18 
19 
41 
2 8 
4 18 
4 19 
4 41 
17 40 
18 19 
18 41 
19 41 
39 57 
3 12 
4 17 40 
4 18 19 
4 18 41 
4 19 41 
4 39 57 
17 18 40 
17 19 40 
17 40 41 
18 19 41 
18 39 57 
19 39 57 
39 41 57 
4 14 
4 17 18 40 
4 17 19 40 
4 17 40 41 
4 18 19 41 
4 18 39 57 
4 19 39 57 
4 39 41 57 
17 18 19 40 
17 18 40 41 
17 19 40 41 
17 39 40 57 
18 19 39 57 
18 39 41 57 
19 39 41 57 
5 12 
4 17 18 19 40 
4 17 18 40 41 
4 17 19 40 41 
4 17 39 40 57 
4 18 19 39 57 
4 18 39 41 57 
4 19 39 41 57 
17 18 19 40 41 
17 18 39 40 57 
17 19 39 40 57 
17 39 40 41 57 
18 19 39 41 57 
6 8 
4 17 18 19 40 41 
4 17 18 39 40 57 
4 17 19 39 40 57 
4 17 39 40 41 57 
4 18 19 39 41 57 
17 18 19 39 40 57 
17 18 39 40 41 57 
17 19 39 40 41 57 
7 4 
4 17 18 19 39 40 57 
4 17 18 39 40 41 57 
4 17 19 39 40 41 57 
17 18 19 39 40 41 57 
8 1 
4 17 18 19 39 40 41 57 
5
0 1 

1 8 
8 
24 
25 
26 
46 
47 
48 
61 
2 28 
8 24 
8 25 
8 26 
8 46 
8 47 
8 48 
8 61 
24 25 
24 26 
24 46 
24 47 
24 48 
24 61 
25 26 
25 46 
25 47 
25 48 
25 61 
26 46 
26 47 
26 48 
26 61 
46 47 
46 48 
46 61 
47 48 
47 61 
48 61 
3 56 
8 24 25 
8 24 26 
8 24 46 
8 24 47 
8 24 48 
8 24 61 
8 25 26 
8 25 46 
8 25 47 
8 25 48 
8 25 61 
8 26 46 
8 26 47 
8 26 48 
8 26 61 
8 46 47 
8 46 48 
8 46 61 
8 47 48 
8 47 61 
8 48 61 
24 25 26 
24 25 46 
24 25 47 
24 25 48 
24 25 61 
24 26 46 
24 26 47 
24 26 48 
24 26 61 
24 46 47 
24 46 48 
24 46 61 
24 47 48 
24 47 61 
24 48 61 
25 26 46 
25 26 47 
25 26 48 
25 26 61 
25 46 47 
25 46 48 
25 46 61 
25 47 48 
25 47 61 
25 48 61 
26 46 47 
26 46 48 
26 46 61 
26 47 48 
26 47 61 
26 48 61 
46 47 48 
46 47 61 
46 48 61 
47 48 61 
4 70 
8 24 25 26 
8 24 25 46 
8 24 25 47 
8 24 25 48 
8 24 25 61 
8 24 26 46 
8 24 26 47 
8 24 26 48 
8 24 26 61 
8 24 46 47 
8 24 46 48 
8 24 46 61 
8 24 47 48 
8 24 47 61 
8 24 48 61 
8 25 26 46 
8 25 26 47 
8 25 26 48 
8 25 26 61 
8 25 46 47 
8 25 46 48 
8 25 46 61 
8 25 47 48 
8 25 47 61 
8 25 48 61 
8 26 46 47 
8 26 46 48 
8 26 46 61 
8 26 47 48 
8 26 47 61 
8 26 48 61 
8 46 47 48 
8 46 47 61 
8 46 48 61 
8 47 48 61 
24 25 26 46 
24 25 26 47 
24 25 26 48 
24 25 26 61 
24 25 46 47 
24 25 46 48 
24 25 46 61 
24 25 47 48 
24 25 47 61 
24 25 48 61 
24 26 46 47 
24 26 46 48 
24 26 46 61 
24 26 47 48 
24 26 47 61 
24 26 48 61 
24 46 47 48 
24 46 47 61 
24 46 48 61 
24 47 48 61 
25 26 46 47 
25 26 46 48 
25 26 46 61 
25 26 47 48 
25 26 47 61 
25 26 48 61 
25 46 47 48 
25 46 47 61 
25 46 48 61 
25 47 48 61 
26 46 47 48 
26 46 47 61 
26 46 48 61 
26 47 48 61 
46 47 48 61 
5 56 
8 24 25 26 46 
8 24 25 26 47 
8 24 25 26 48 
8 24 25 26 61 
8 24 25 46 47 
8 24 25 46 48 
8 24 25 46 61 
8 24 25 47 48 
8 24 25 47 61 
8 24 25 48 61 
8 24 26 46 47 
8 24 26 46 48 
8 24 26 46 61 
8 24 26 47 48 
8 24 26 47 61 
8 24 26 48 61 
8 24 46 47 48 
8 24 46 47 61 
8 24 46 48 61 
8 24 47 48 61 
8 25 26 46 47 
8 25 26 46 48 
8 25 26 46 61 
8 25 26 47 48 
8 25 26 47 61 
8 25 26 48 61 
8 25 46 47 48 
8 25 46 47 61 
8 25 46 48 61 
8 25 47 48 61 
8 26 46 47 48 
8 26 46 47 61 
8 26 46 48 61 
8 26 47 48 61 
8 46 47 48 61 
24 25 26 46 47 
24 25 26 46 48 
24 25 26 46 61 
24 25 26 47 48 
24 25 26 47 61 
24 25 26 48 61 
24 25 46 47 48 
24 25 46 47 61 
24 25 46 48 61 
24 25 47 48 61 
24 26 46 47 48 
24 26 46 47 61 
24 26 46 48 61 
24 26 47 48 61 
24 46 47 48 61 
25 26 46 47 48 
25 26 46 47 61 
25 26 46 48 61 
25 26 47 48 61 
25 46 47 48 61 
26 46 47 48 61 
6 28 
8 24 25 26 46 47 
8 24 25 26 46 48 
8 24 25 26 46 61 
8 24 25 26 47 48 
8 24 25 26 47 61 
8 24 25 26 48 61 
8 24 25 46 47 48 
8 24 25 46 47 61 
8 24 25 46 48 61 
8 24 25 47 48 61 
8 24 26 46 47 48 
8 24 26 46 47 61 
8 24 26 46 48 61 
8 24 26 47 48 61 
8 24 46 47 48 61 
8 25 26 46 47 48 
8 25 26 46 47 61 
8 25 26 46 48 61 
8 25 26 47 48 61 
8 25 46 47 48 61 
8 26 46 47 48 61 
24 25 26 46 47 48 
24 25 26 46 47 61 
24 25 26 46 48 61 
24 25 26 47 48 61 
24 25 46 47 48 61 
24 26 46 47 48 61 
25 26 46 47 48 61 
7 8 
8 24 25 26 46 47 48 
8 24 25 26 46 47 61 
8 24 25 26 46 48 61 
8 24 25 26 47 48 61 
8 24 25 46 47 48 61 
8 24 26 46 47 48 61 
8 25 26 46 47 48 61 
24 25 26 46 47 48 61 
8 1 
8 24 25 26 46 47 48 61 
6
0 1 

1 1 

2 4 
9 28 
27 49 
29 51 
50 62 
3 1 

4 6 
9 27 28 49 
9 28 29 51 
9 28 50 62 
27 29 49 51 
27 49 50 62 
29 50 51 62 
5 1 

6 4 
9 27 28 29 49 51 
9 27 28 49 50 62 
9 28 29 50 51 62 
27 29 49 50 51 62 
7 1 

8 1 
9 27 28 29 49 50 51 62 
7
0 1 

1 1 

2 4 
13 33 
34 53 
35 54 
55 63 
3 1 

4 6 
13 33 34 53 
13 33 35 54 
13 33 55 63 
34 35 53 54 
34 53 55 63 
35 54 55 63 
5 1 

6 4 
13 33 34 35 53 54 
13 33 34 53 55 63 
13 33 35 54 55 63 
34 35 53 54 55 63 
7 1 

8 1 
13 33 34 35 53 54 55 63 
8
0 1 

1 1 

2 4 
23 44 
43 58 
45 60 
59 64 
3 1 

4 6 
23 43 44 58 
23 44 45 60 
23 44 59 64 
43 45 58 60 
43 58 59 64 
45 59 60 64 
5 1 

6 4 
23 43 44 45 58 60 
23 43 44 58 59 64 
23 44 45 59 60 64 
43 45 58 59 60 64 
7 1 

8 1 
23 43 44 45 58 59 60 64 
