//Table for grp 73:
57
0 0 2 2 4 4 2 4 
0 0 2 4 4 2 4 2 
0 0 4 2 2 4 4 2 
0 0 4 4 2 2 2 4 
0 2 0 2 4 2 4 4 
0 2 0 4 4 4 2 2 
0 2 2 0 2 4 4 4 
0 2 2 2 2 2 2 6 
0 2 2 2 2 2 6 2 
0 2 2 2 2 6 2 2 
0 2 2 2 6 2 2 2 
0 2 2 4 2 0 4 4 
0 2 2 4 2 4 0 4 
0 2 2 4 2 4 4 0 
0 2 2 6 2 2 2 2 
0 2 4 0 4 4 2 2 
0 2 4 2 0 2 4 4 
0 2 4 2 4 2 0 4 
0 2 4 2 4 2 4 0 
0 2 4 4 0 4 2 2 
0 2 4 4 4 0 2 2 
0 2 6 2 2 2 2 2 
0 4 0 2 2 4 4 2 
0 4 0 4 2 2 2 4 
0 4 2 0 4 2 4 2 
0 4 2 2 0 4 2 4 
0 4 2 2 4 0 2 4 
0 4 2 2 4 4 2 0 
0 4 2 4 0 2 4 2 
0 4 2 4 4 2 0 2 
0 4 4 0 2 2 2 4 
0 4 4 2 2 0 4 2 
0 4 4 2 2 4 0 2 
0 4 4 4 2 2 2 0 
0 6 2 2 2 2 2 2 
2 0 2 2 2 2 4 4 
2 0 2 4 2 4 2 2 
2 0 4 2 4 2 2 2 
2 2 0 2 2 4 2 4 
2 2 0 4 2 2 4 2 
2 2 2 0 4 2 2 4 
2 2 2 2 0 4 4 2 
2 2 2 2 4 0 4 2 
2 2 2 2 4 4 0 2 
2 2 2 4 0 2 2 4 
2 2 2 4 4 2 2 0 
2 2 4 0 2 2 4 2 
2 2 4 2 2 0 2 4 
2 2 4 2 2 4 2 0 
2 2 4 4 2 2 0 2 
2 4 0 2 4 2 2 2 
2 4 2 0 2 4 2 2 
2 4 2 2 2 2 0 4 
2 4 2 2 2 2 4 0 
2 4 2 4 2 0 2 2 
2 4 4 2 0 2 2 2 
4 2 2 2 2 2 2 2 
1 2 3 4 5 6 7 8 9 10 11 12 13 14 15 16 17 18 19 20 21 22 23 24 25 26 27 28 29 30 31 32 33 34 35 36 37 38 39 40 41 42 43 44 45 46 47 48 49 50 51 52 53 54 55 56 57 58 59 60 61 62 63 64 
2 1 8 9 10 11 12 3 4 5 6 7 23 24 25 26 27 28 29 30 31 32 13 14 15 16 17 18 19 20 21 22 43 44 45 46 47 48 49 50 51 52 33 34 35 36 37 38 39 40 41 42 58 59 60 61 62 53 54 55 56 57 64 63 
3 24 1 13 14 15 16 10 43 8 46 47 4 5 6 7 33 34 35 36 37 38 27 2 30 31 23 58 59 25 26 61 17 18 19 20 21 22 53 54 55 56 9 49 50 11 12 52 44 45 64 48 39 40 41 42 63 28 29 62 32 60 57 51 
4 28 35 1 17 18 19 60 11 49 9 51 16 54 55 13 5 6 7 39 40 41 48 64 45 44 30 2 32 27 62 29 37 38 3 63 33 34 20 21 22 57 61 26 25 59 58 23 10 52 12 50 56 14 15 53 42 47 46 8 43 31 36 24 
5 10 14 17 1 20 21 24 27 2 30 31 33 3 36 37 4 39 40 6 7 42 43 8 46 47 9 49 50 11 12 52 13 53 54 15 16 56 18 19 57 22 23 58 59 25 26 61 28 29 62 32 34 35 63 38 41 44 45 64 48 51 55 60 
6 11 15 18 20 1 22 25 28 30 2 32 34 36 3 38 39 4 41 5 42 7 44 46 8 48 49 9 51 10 52 12 53 13 55 14 56 16 17 57 19 21 58 23 60 24 61 26 27 62 29 31 33 63 35 37 40 43 64 45 47 50 54 59 
7 12 16 19 21 22 1 26 29 31 32 2 35 37 38 3 40 41 4 42 5 6 45 47 48 8 50 51 9 52 10 11 54 55 13 56 14 15 57 17 18 20 59 60 23 61 24 25 62 27 28 30 63 33 34 36 39 64 43 44 46 49 53 58 
8 14 2 23 24 25 26 5 33 3 36 37 9 10 11 12 43 44 45 46 47 48 17 1 20 21 13 53 54 15 16 56 27 28 29 30 31 32 58 59 60 61 4 39 40 6 7 42 34 35 63 38 49 50 51 52 64 18 19 57 22 55 62 41 
9 18 45 2 27 28 29 55 6 39 4 41 26 59 60 23 10 11 12 49 50 51 38 63 35 34 20 1 22 17 57 19 47 48 8 64 43 44 30 31 32 62 56 16 15 54 53 13 5 42 7 40 61 24 25 58 52 37 36 3 33 21 46 14 
10 5 24 27 2 30 31 14 17 1 20 21 43 8 46 47 9 49 50 11 12 52 33 3 36 37 4 39 40 6 7 42 23 58 59 25 26 61 28 29 62 32 13 53 54 15 16 56 18 19 57 22 44 45 64 48 51 34 35 63 38 41 60 55 
11 6 25 28 30 2 32 15 18 20 1 22 44 46 8 48 49 9 51 10 52 12 34 36 3 38 39 4 41 5 42 7 58 23 60 24 61 26 27 62 29 31 53 13 55 14 56 16 17 57 19 21 43 64 45 47 50 33 63 35 37 40 59 54 
12 7 26 29 31 32 2 16 19 21 22 1 45 47 48 8 50 51 9 52 10 11 35 37 38 3 40 41 4 42 5 6 59 60 23 61 24 25 62 27 28 30 54 55 13 56 14 15 57 17 18 20 64 43 44 46 49 63 33 34 36 39 58 53 
13 58 19 3 33 34 35 62 46 44 43 64 7 40 41 4 14 15 16 53 54 55 52 51 50 49 25 24 61 23 60 59 21 22 1 57 17 18 36 37 38 63 32 31 30 29 28 27 8 48 47 45 42 5 6 39 56 12 11 10 9 26 20 2 
14 8 5 33 3 36 37 2 23 24 25 26 17 1 20 21 13 53 54 15 16 56 9 10 11 12 43 44 45 46 47 48 4 39 40 6 7 42 34 35 63 38 27 28 29 30 31 32 58 59 60 61 18 19 57 22 55 49 50 51 52 64 41 62 
15 46 6 34 36 3 38 30 58 25 24 61 18 20 1 22 53 13 55 14 56 16 49 11 10 52 44 43 64 8 48 47 39 4 41 5 42 7 33 63 35 37 28 27 62 2 32 31 23 60 59 26 17 57 19 21 54 9 51 50 12 45 40 29 
16 47 7 35 37 38 3 31 59 26 61 24 19 21 22 1 54 55 13 56 14 15 50 12 52 10 45 64 43 48 8 46 40 41 4 42 5 6 63 33 34 36 29 62 27 32 2 30 60 23 58 25 57 17 18 20 53 51 9 49 11 44 39 28 
17 49 54 5 4 39 40 64 30 28 27 62 37 35 63 33 1 20 21 18 19 57 61 60 59 58 11 10 52 9 51 50 16 56 14 55 13 53 6 7 42 41 48 47 46 45 44 43 2 32 31 29 38 3 36 34 22 26 25 24 23 12 15 8 
18 9 55 6 39 4 41 45 2 27 28 29 38 63 35 34 20 1 22 17 57 19 26 59 60 23 10 11 12 49 50 51 56 16 15 54 53 13 5 42 7 40 47 48 8 64 43 44 30 31 32 62 37 36 3 33 21 61 24 25 58 52 14 46 
19 51 13 7 40 41 4 44 32 62 29 28 3 33 34 35 21 22 1 57 17 18 25 58 23 60 52 12 11 50 49 9 14 15 16 53 54 55 42 5 6 39 46 8 48 43 64 45 31 30 2 27 36 37 38 63 20 24 61 26 59 10 56 47 
20 30 36 39 6 5 42 46 49 11 10 52 53 15 14 56 18 17 57 1 22 21 58 25 24 61 28 27 62 2 32 31 34 33 63 3 38 37 4 41 40 7 44 43 64 8 48 47 9 51 50 12 13 55 54 16 19 23 60 59 26 29 35 45 
21 31 37 40 7 42 5 47 50 12 52 10 54 16 56 14 19 57 17 22 1 20 59 26 61 24 29 62 27 32 2 30 35 63 33 38 3 36 41 4 39 6 45 64 43 48 8 46 51 9 49 11 55 13 53 15 18 60 23 58 25 28 34 44 
22 32 38 41 42 7 6 48 51 52 12 11 55 56 16 15 57 19 18 21 20 1 60 61 26 25 62 29 28 31 30 2 63 35 34 37 36 3 40 39 4 5 64 45 44 47 46 8 50 49 9 10 54 53 13 14 17 59 58 23 24 27 33 43 
23 53 29 8 43 44 45 57 36 34 33 63 12 50 51 9 24 25 26 58 59 60 42 41 40 39 15 14 56 13 55 54 31 32 2 62 27 28 46 47 48 64 22 21 20 19 18 17 3 38 37 35 52 10 11 49 61 7 6 5 4 16 30 1 
24 3 10 43 8 46 47 1 13 14 15 16 27 2 30 31 23 58 59 25 26 61 4 5 6 7 33 34 35 36 37 38 9 49 50 11 12 52 44 45 64 48 17 18 19 20 21 22 53 54 55 56 28 29 62 32 60 39 40 41 42 63 51 57 
25 36 11 44 46 8 48 20 53 15 14 56 28 30 2 32 58 23 60 24 61 26 39 6 5 42 34 33 63 3 38 37 49 9 51 10 52 12 43 64 45 47 18 17 57 1 22 21 13 55 54 16 27 62 29 31 59 4 41 40 7 35 50 19 
26 37 12 45 47 48 8 21 54 16 56 14 29 31 32 2 59 60 23 61 24 25 40 7 42 5 35 63 33 38 3 36 50 51 9 52 10 11 64 43 44 46 19 57 17 22 1 20 55 13 53 15 62 27 28 30 58 41 4 39 6 34 49 18 
27 39 59 10 9 49 50 63 20 18 17 57 47 45 64 43 2 30 31 28 29 62 56 55 54 53 6 5 42 4 41 40 26 61 24 60 23 58 11 12 52 51 38 37 36 35 34 33 1 22 21 19 48 8 46 44 32 16 15 14 13 7 25 3 
28 4 60 11 49 9 51 35 1 17 18 19 48 64 45 44 30 2 32 27 62 29 16 54 55 13 5 6 7 39 40 41 61 26 25 59 58 23 10 52 12 50 37 38 3 63 33 34 20 21 22 57 47 46 8 43 31 56 14 15 53 42 24 36 
29 41 23 12 50 51 9 34 22 57 19 18 8 43 44 45 31 32 2 62 27 28 15 53 13 55 42 7 6 40 39 4 24 25 26 58 59 60 52 10 11 49 36 3 38 33 63 35 21 20 1 17 46 47 48 64 30 14 56 16 54 5 61 37 
30 20 46 49 11 10 52 36 39 6 5 42 58 25 24 61 28 27 62 2 32 31 53 15 14 56 18 17 57 1 22 21 44 43 64 8 48 47 9 51 50 12 34 33 63 3 38 37 4 41 40 7 23 60 59 26 29 13 55 54 16 19 45 35 
31 21 47 50 12 52 10 37 40 7 42 5 59 26 61 24 29 62 27 32 2 30 54 16 56 14 19 57 17 22 1 20 45 64 43 48 8 46 51 9 49 11 35 63 33 38 3 36 41 4 39 6 60 23 58 25 28 55 13 53 15 18 44 34 
32 22 48 51 52 12 11 38 41 42 7 6 60 61 26 25 62 29 28 31 30 2 55 56 16 15 57 19 18 21 20 1 64 45 44 47 46 8 50 49 9 10 63 35 34 37 36 3 40 39 4 5 59 58 23 24 27 54 53 13 14 17 43 33 
33 44 40 14 13 53 54 51 25 58 23 60 21 19 57 17 3 36 37 34 35 63 32 62 29 28 46 8 48 43 64 45 7 42 5 41 4 39 15 16 56 55 52 12 11 50 49 9 24 61 26 59 22 1 20 18 38 31 30 2 27 47 6 10 
34 43 41 15 53 13 55 50 24 23 58 59 22 57 19 18 36 3 38 33 63 35 31 29 62 27 8 46 47 44 45 64 42 7 6 40 39 4 14 56 16 54 12 52 10 51 9 49 25 26 61 60 21 20 1 17 37 32 2 30 28 48 5 11 
35 64 4 16 54 55 13 49 61 60 59 58 1 17 18 19 37 38 3 63 33 34 30 28 27 62 48 47 46 45 44 43 5 6 7 39 40 41 56 14 15 53 11 10 52 9 51 50 26 25 24 23 20 21 22 57 36 2 32 31 29 8 42 12 
36 25 20 53 15 14 56 11 44 46 8 48 39 6 5 42 34 33 63 3 38 37 28 30 2 32 58 23 60 24 61 26 18 17 57 1 22 21 13 55 54 16 49 9 51 10 52 12 43 64 45 47 4 41 40 7 35 27 62 29 31 59 19 50 
37 26 21 54 16 56 14 12 45 47 48 8 40 7 42 5 35 63 33 38 3 36 29 31 32 2 59 60 23 61 24 25 19 57 17 22 1 20 55 13 53 15 50 51 9 52 10 11 64 43 44 46 41 4 39 6 34 62 27 28 30 58 18 49 
38 61 22 55 56 16 15 52 64 48 47 46 41 42 7 6 63 35 34 37 36 3 62 32 31 30 60 59 58 26 25 24 57 19 18 21 20 1 54 53 13 14 51 50 49 12 11 10 45 44 43 8 40 39 4 5 33 29 28 27 2 23 17 9 
39 27 63 20 18 17 57 59 10 9 49 50 56 55 54 53 6 5 42 4 41 40 47 45 64 43 2 30 31 28 29 62 38 37 36 35 34 33 1 22 21 19 26 61 24 60 23 58 11 12 52 51 16 15 14 13 7 48 8 46 44 32 3 25 
40 62 33 21 19 57 17 58 52 51 50 49 14 13 53 54 7 42 5 41 4 39 46 44 43 64 32 31 30 29 28 27 3 36 37 34 35 63 22 1 20 18 25 24 61 23 60 59 12 11 10 9 15 16 56 55 6 8 48 47 45 2 38 26 
41 29 34 22 57 19 18 23 12 50 51 9 15 53 13 55 42 7 6 40 39 4 8 43 44 45 31 32 2 62 27 28 36 3 38 33 63 35 21 20 1 17 24 25 26 58 59 60 52 10 11 49 14 56 16 54 5 46 47 48 64 30 37 61 
42 52 56 57 22 21 20 61 62 32 31 30 63 38 37 36 41 40 39 7 6 5 64 48 47 46 51 50 49 12 11 10 55 54 53 16 15 14 19 18 17 1 60 59 58 26 25 24 29 28 27 2 35 34 33 3 4 45 44 43 8 9 13 23 
43 34 50 24 23 58 59 41 15 53 13 55 31 29 62 27 8 46 47 44 45 64 22 57 19 18 36 3 38 33 63 35 12 52 10 51 9 49 25 26 61 60 42 7 6 40 39 4 14 56 16 54 32 2 30 28 48 21 20 1 17 37 11 5 
44 33 51 25 58 23 60 40 14 13 53 54 32 62 29 28 46 8 48 43 64 45 21 19 57 17 3 36 37 34 35 63 52 12 11 50 49 9 24 61 26 59 7 42 5 41 4 39 15 16 56 55 31 30 2 27 47 22 1 20 18 38 10 6 
45 63 9 26 59 60 23 39 56 55 54 53 2 27 28 29 47 48 8 64 43 44 20 18 17 57 38 37 36 35 34 33 10 11 12 49 50 51 61 24 25 58 6 5 42 4 41 40 16 15 14 13 30 31 32 62 46 1 22 21 19 3 52 7 
46 15 30 58 25 24 61 6 34 36 3 38 49 11 10 52 44 43 64 8 48 47 18 20 1 22 53 13 55 14 56 16 28 27 62 2 32 31 23 60 59 26 39 4 41 5 42 7 33 63 35 37 9 51 50 12 45 17 57 19 21 54 29 40 
47 16 31 59 26 61 24 7 35 37 38 3 50 12 52 10 45 64 43 48 8 46 19 21 22 1 54 55 13 56 14 15 29 62 27 32 2 30 60 23 58 25 40 41 4 42 5 6 63 33 34 36 51 9 49 11 44 57 17 18 20 53 28 39 
48 56 32 60 61 26 25 42 63 38 37 36 51 52 12 11 64 45 44 47 46 8 57 22 21 20 55 54 53 16 15 14 62 29 28 31 30 2 59 58 23 24 41 40 39 7 6 5 35 34 33 3 50 49 9 10 43 19 18 17 1 13 27 4 
49 17 64 30 28 27 62 54 5 4 39 40 61 60 59 58 11 10 52 9 51 50 37 35 63 33 1 20 21 18 19 57 48 47 46 45 44 43 2 32 31 29 16 56 14 55 13 53 6 7 42 41 26 25 24 23 12 38 3 36 34 22 8 15 
50 57 43 31 29 62 27 53 42 41 40 39 24 23 58 59 12 52 10 51 9 49 36 34 33 63 22 21 20 19 18 17 8 46 47 44 45 64 32 2 30 28 15 14 56 13 55 54 7 6 5 4 25 26 61 60 11 3 38 37 35 1 48 16 
51 19 44 32 62 29 28 13 7 40 41 4 25 58 23 60 52 12 11 50 49 9 3 33 34 35 21 22 1 57 17 18 46 8 48 43 64 45 31 30 2 27 14 15 16 53 54 55 42 5 6 39 24 61 26 59 10 36 37 38 63 20 47 56 
52 42 61 62 32 31 30 56 57 22 21 20 64 48 47 46 51 50 49 12 11 10 63 38 37 36 41 40 39 7 6 5 60 59 58 26 25 24 29 28 27 2 55 54 53 16 15 14 19 18 17 1 45 44 43 8 9 35 34 33 3 4 23 13 
53 23 57 36 34 33 63 29 8 43 44 45 42 41 40 39 15 14 56 13 55 54 12 50 51 9 24 25 26 58 59 60 22 21 20 19 18 17 3 38 37 35 31 32 2 62 27 28 46 47 48 64 7 6 5 4 16 52 10 11 49 61 1 30 
54 60 17 37 35 63 33 28 48 64 45 44 5 4 39 40 16 56 14 55 13 53 11 49 9 51 61 26 25 59 58 23 1 20 21 18 19 57 38 3 36 34 30 2 32 27 62 29 47 46 8 43 6 7 42 41 15 10 52 12 50 24 22 31 
55 59 18 38 63 35 34 27 47 45 64 43 6 39 4 41 56 16 15 54 53 13 10 9 49 50 26 61 24 60 23 58 20 1 22 17 57 19 37 36 3 33 2 30 31 28 29 62 48 8 46 44 5 42 7 40 14 11 12 52 51 25 21 32 
56 48 42 63 38 37 36 32 60 61 26 25 57 22 21 20 55 54 53 16 15 14 51 52 12 11 64 45 44 47 46 8 41 40 39 7 6 5 35 34 33 3 62 29 28 31 30 2 59 58 23 24 19 18 17 1 13 50 49 9 10 43 4 27 
57 50 53 42 41 40 39 43 31 29 62 27 36 34 33 63 22 21 20 19 18 17 24 23 58 59 12 52 10 51 9 49 15 14 56 13 55 54 7 6 5 4 8 46 47 44 45 64 32 2 30 28 3 38 37 35 1 25 26 61 60 11 16 48 
58 13 62 46 44 43 64 19 3 33 34 35 52 51 50 49 25 24 61 23 60 59 7 40 41 4 14 15 16 53 54 55 32 31 30 29 28 27 8 48 47 45 21 22 1 57 17 18 36 37 38 63 12 11 10 9 26 42 5 6 39 56 2 20 
59 55 27 47 45 64 43 18 38 63 35 34 10 9 49 50 26 61 24 60 23 58 6 39 4 41 56 16 15 54 53 13 2 30 31 28 29 62 48 8 46 44 20 1 22 17 57 19 37 36 3 33 11 12 52 51 25 5 42 7 40 14 32 21 
60 54 28 48 64 45 44 17 37 35 63 33 11 49 9 51 61 26 25 59 58 23 5 4 39 40 16 56 14 55 13 53 30 2 32 27 62 29 47 46 8 43 1 20 21 18 19 57 38 3 36 34 10 52 12 50 24 6 7 42 41 15 31 22 
61 38 52 64 48 47 46 22 55 56 16 15 62 32 31 30 60 59 58 26 25 24 41 42 7 6 63 35 34 37 36 3 51 50 49 12 11 10 45 44 43 8 57 19 18 21 20 1 54 53 13 14 29 28 27 2 23 40 39 4 5 33 9 17 
62 40 58 52 51 50 49 33 21 19 57 17 46 44 43 64 32 31 30 29 28 27 14 13 53 54 7 42 5 41 4 39 25 24 61 23 60 59 12 11 10 9 3 36 37 34 35 63 22 1 20 18 8 48 47 45 2 15 16 56 55 6 26 38 
63 45 39 56 55 54 53 9 26 59 60 23 20 18 17 57 38 37 36 35 34 33 2 27 28 29 47 48 8 64 43 44 6 5 42 4 41 40 16 15 14 13 10 11 12 49 50 51 61 24 25 58 1 22 21 19 3 30 31 32 62 46 7 52 
64 35 49 61 60 59 58 4 16 54 55 13 30 28 27 62 48 47 46 45 44 43 1 17 18 19 37 38 3 63 33 34 11 10 52 9 51 50 26 25 24 23 5 6 7 39 40 41 56 14 15 53 2 32 31 29 8 20 21 22 57 36 12 42 
1
0 1 

1 8 
1 
5 
6 
7 
20 
21 
22 
42 
2 28 
1 5 
1 6 
1 7 
1 20 
1 21 
1 22 
1 42 
5 6 
5 7 
5 20 
5 21 
5 22 
5 42 
6 7 
6 20 
6 21 
6 22 
6 42 
7 20 
7 21 
7 22 
7 42 
20 21 
20 22 
20 42 
21 22 
21 42 
22 42 
3 56 
1 5 6 
1 5 7 
1 5 20 
1 5 21 
1 5 22 
1 5 42 
1 6 7 
1 6 20 
1 6 21 
1 6 22 
1 6 42 
1 7 20 
1 7 21 
1 7 22 
1 7 42 
1 20 21 
1 20 22 
1 20 42 
1 21 22 
1 21 42 
1 22 42 
5 6 7 
5 6 20 
5 6 21 
5 6 22 
5 6 42 
5 7 20 
5 7 21 
5 7 22 
5 7 42 
5 20 21 
5 20 22 
5 20 42 
5 21 22 
5 21 42 
5 22 42 
6 7 20 
6 7 21 
6 7 22 
6 7 42 
6 20 21 
6 20 22 
6 20 42 
6 21 22 
6 21 42 
6 22 42 
7 20 21 
7 20 22 
7 20 42 
7 21 22 
7 21 42 
7 22 42 
20 21 22 
20 21 42 
20 22 42 
21 22 42 
4 70 
1 5 6 7 
1 5 6 20 
1 5 6 21 
1 5 6 22 
1 5 6 42 
1 5 7 20 
1 5 7 21 
1 5 7 22 
1 5 7 42 
1 5 20 21 
1 5 20 22 
1 5 20 42 
1 5 21 22 
1 5 21 42 
1 5 22 42 
1 6 7 20 
1 6 7 21 
1 6 7 22 
1 6 7 42 
1 6 20 21 
1 6 20 22 
1 6 20 42 
1 6 21 22 
1 6 21 42 
1 6 22 42 
1 7 20 21 
1 7 20 22 
1 7 20 42 
1 7 21 22 
1 7 21 42 
1 7 22 42 
1 20 21 22 
1 20 21 42 
1 20 22 42 
1 21 22 42 
5 6 7 20 
5 6 7 21 
5 6 7 22 
5 6 7 42 
5 6 20 21 
5 6 20 22 
5 6 20 42 
5 6 21 22 
5 6 21 42 
5 6 22 42 
5 7 20 21 
5 7 20 22 
5 7 20 42 
5 7 21 22 
5 7 21 42 
5 7 22 42 
5 20 21 22 
5 20 21 42 
5 20 22 42 
5 21 22 42 
6 7 20 21 
6 7 20 22 
6 7 20 42 
6 7 21 22 
6 7 21 42 
6 7 22 42 
6 20 21 22 
6 20 21 42 
6 20 22 42 
6 21 22 42 
7 20 21 22 
7 20 21 42 
7 20 22 42 
7 21 22 42 
20 21 22 42 
5 56 
1 5 6 7 20 
1 5 6 7 21 
1 5 6 7 22 
1 5 6 7 42 
1 5 6 20 21 
1 5 6 20 22 
1 5 6 20 42 
1 5 6 21 22 
1 5 6 21 42 
1 5 6 22 42 
1 5 7 20 21 
1 5 7 20 22 
1 5 7 20 42 
1 5 7 21 22 
1 5 7 21 42 
1 5 7 22 42 
1 5 20 21 22 
1 5 20 21 42 
1 5 20 22 42 
1 5 21 22 42 
1 6 7 20 21 
1 6 7 20 22 
1 6 7 20 42 
1 6 7 21 22 
1 6 7 21 42 
1 6 7 22 42 
1 6 20 21 22 
1 6 20 21 42 
1 6 20 22 42 
1 6 21 22 42 
1 7 20 21 22 
1 7 20 21 42 
1 7 20 22 42 
1 7 21 22 42 
1 20 21 22 42 
5 6 7 20 21 
5 6 7 20 22 
5 6 7 20 42 
5 6 7 21 22 
5 6 7 21 42 
5 6 7 22 42 
5 6 20 21 22 
5 6 20 21 42 
5 6 20 22 42 
5 6 21 22 42 
5 7 20 21 22 
5 7 20 21 42 
5 7 20 22 42 
5 7 21 22 42 
5 20 21 22 42 
6 7 20 21 22 
6 7 20 21 42 
6 7 20 22 42 
6 7 21 22 42 
6 20 21 22 42 
7 20 21 22 42 
6 28 
1 5 6 7 20 21 
1 5 6 7 20 22 
1 5 6 7 20 42 
1 5 6 7 21 22 
1 5 6 7 21 42 
1 5 6 7 22 42 
1 5 6 20 21 22 
1 5 6 20 21 42 
1 5 6 20 22 42 
1 5 6 21 22 42 
1 5 7 20 21 22 
1 5 7 20 21 42 
1 5 7 20 22 42 
1 5 7 21 22 42 
1 5 20 21 22 42 
1 6 7 20 21 22 
1 6 7 20 21 42 
1 6 7 20 22 42 
1 6 7 21 22 42 
1 6 20 21 22 42 
1 7 20 21 22 42 
5 6 7 20 21 22 
5 6 7 20 21 42 
5 6 7 20 22 42 
5 6 7 21 22 42 
5 6 20 21 22 42 
5 7 20 21 22 42 
6 7 20 21 22 42 
7 8 
1 5 6 7 20 21 22 
1 5 6 7 20 21 42 
1 5 6 7 20 22 42 
1 5 6 7 21 22 42 
1 5 6 20 21 22 42 
1 5 7 20 21 22 42 
1 6 7 20 21 22 42 
5 6 7 20 21 22 42 
8 1 
1 5 6 7 20 21 22 42 
2
0 1 

1 8 
2 
10 
11 
12 
30 
31 
32 
52 
2 28 
2 10 
2 11 
2 12 
2 30 
2 31 
2 32 
2 52 
10 11 
10 12 
10 30 
10 31 
10 32 
10 52 
11 12 
11 30 
11 31 
11 32 
11 52 
12 30 
12 31 
12 32 
12 52 
30 31 
30 32 
30 52 
31 32 
31 52 
32 52 
3 56 
2 10 11 
2 10 12 
2 10 30 
2 10 31 
2 10 32 
2 10 52 
2 11 12 
2 11 30 
2 11 31 
2 11 32 
2 11 52 
2 12 30 
2 12 31 
2 12 32 
2 12 52 
2 30 31 
2 30 32 
2 30 52 
2 31 32 
2 31 52 
2 32 52 
10 11 12 
10 11 30 
10 11 31 
10 11 32 
10 11 52 
10 12 30 
10 12 31 
10 12 32 
10 12 52 
10 30 31 
10 30 32 
10 30 52 
10 31 32 
10 31 52 
10 32 52 
11 12 30 
11 12 31 
11 12 32 
11 12 52 
11 30 31 
11 30 32 
11 30 52 
11 31 32 
11 31 52 
11 32 52 
12 30 31 
12 30 32 
12 30 52 
12 31 32 
12 31 52 
12 32 52 
30 31 32 
30 31 52 
30 32 52 
31 32 52 
4 70 
2 10 11 12 
2 10 11 30 
2 10 11 31 
2 10 11 32 
2 10 11 52 
2 10 12 30 
2 10 12 31 
2 10 12 32 
2 10 12 52 
2 10 30 31 
2 10 30 32 
2 10 30 52 
2 10 31 32 
2 10 31 52 
2 10 32 52 
2 11 12 30 
2 11 12 31 
2 11 12 32 
2 11 12 52 
2 11 30 31 
2 11 30 32 
2 11 30 52 
2 11 31 32 
2 11 31 52 
2 11 32 52 
2 12 30 31 
2 12 30 32 
2 12 30 52 
2 12 31 32 
2 12 31 52 
2 12 32 52 
2 30 31 32 
2 30 31 52 
2 30 32 52 
2 31 32 52 
10 11 12 30 
10 11 12 31 
10 11 12 32 
10 11 12 52 
10 11 30 31 
10 11 30 32 
10 11 30 52 
10 11 31 32 
10 11 31 52 
10 11 32 52 
10 12 30 31 
10 12 30 32 
10 12 30 52 
10 12 31 32 
10 12 31 52 
10 12 32 52 
10 30 31 32 
10 30 31 52 
10 30 32 52 
10 31 32 52 
11 12 30 31 
11 12 30 32 
11 12 30 52 
11 12 31 32 
11 12 31 52 
11 12 32 52 
11 30 31 32 
11 30 31 52 
11 30 32 52 
11 31 32 52 
12 30 31 32 
12 30 31 52 
12 30 32 52 
12 31 32 52 
30 31 32 52 
5 56 
2 10 11 12 30 
2 10 11 12 31 
2 10 11 12 32 
2 10 11 12 52 
2 10 11 30 31 
2 10 11 30 32 
2 10 11 30 52 
2 10 11 31 32 
2 10 11 31 52 
2 10 11 32 52 
2 10 12 30 31 
2 10 12 30 32 
2 10 12 30 52 
2 10 12 31 32 
2 10 12 31 52 
2 10 12 32 52 
2 10 30 31 32 
2 10 30 31 52 
2 10 30 32 52 
2 10 31 32 52 
2 11 12 30 31 
2 11 12 30 32 
2 11 12 30 52 
2 11 12 31 32 
2 11 12 31 52 
2 11 12 32 52 
2 11 30 31 32 
2 11 30 31 52 
2 11 30 32 52 
2 11 31 32 52 
2 12 30 31 32 
2 12 30 31 52 
2 12 30 32 52 
2 12 31 32 52 
2 30 31 32 52 
10 11 12 30 31 
10 11 12 30 32 
10 11 12 30 52 
10 11 12 31 32 
10 11 12 31 52 
10 11 12 32 52 
10 11 30 31 32 
10 11 30 31 52 
10 11 30 32 52 
10 11 31 32 52 
10 12 30 31 32 
10 12 30 31 52 
10 12 30 32 52 
10 12 31 32 52 
10 30 31 32 52 
11 12 30 31 32 
11 12 30 31 52 
11 12 30 32 52 
11 12 31 32 52 
11 30 31 32 52 
12 30 31 32 52 
6 28 
2 10 11 12 30 31 
2 10 11 12 30 32 
2 10 11 12 30 52 
2 10 11 12 31 32 
2 10 11 12 31 52 
2 10 11 12 32 52 
2 10 11 30 31 32 
2 10 11 30 31 52 
2 10 11 30 32 52 
2 10 11 31 32 52 
2 10 12 30 31 32 
2 10 12 30 31 52 
2 10 12 30 32 52 
2 10 12 31 32 52 
2 10 30 31 32 52 
2 11 12 30 31 32 
2 11 12 30 31 52 
2 11 12 30 32 52 
2 11 12 31 32 52 
2 11 30 31 32 52 
2 12 30 31 32 52 
10 11 12 30 31 32 
10 11 12 30 31 52 
10 11 12 30 32 52 
10 11 12 31 32 52 
10 11 30 31 32 52 
10 12 30 31 32 52 
11 12 30 31 32 52 
7 8 
2 10 11 12 30 31 32 
2 10 11 12 30 31 52 
2 10 11 12 30 32 52 
2 10 11 12 31 32 52 
2 10 11 30 31 32 52 
2 10 12 30 31 32 52 
2 11 12 30 31 32 52 
10 11 12 30 31 32 52 
8 1 
2 10 11 12 30 31 32 52 
3
0 1 

1 8 
3 
14 
15 
16 
36 
37 
38 
56 
2 28 
3 14 
3 15 
3 16 
3 36 
3 37 
3 38 
3 56 
14 15 
14 16 
14 36 
14 37 
14 38 
14 56 
15 16 
15 36 
15 37 
15 38 
15 56 
16 36 
16 37 
16 38 
16 56 
36 37 
36 38 
36 56 
37 38 
37 56 
38 56 
3 56 
3 14 15 
3 14 16 
3 14 36 
3 14 37 
3 14 38 
3 14 56 
3 15 16 
3 15 36 
3 15 37 
3 15 38 
3 15 56 
3 16 36 
3 16 37 
3 16 38 
3 16 56 
3 36 37 
3 36 38 
3 36 56 
3 37 38 
3 37 56 
3 38 56 
14 15 16 
14 15 36 
14 15 37 
14 15 38 
14 15 56 
14 16 36 
14 16 37 
14 16 38 
14 16 56 
14 36 37 
14 36 38 
14 36 56 
14 37 38 
14 37 56 
14 38 56 
15 16 36 
15 16 37 
15 16 38 
15 16 56 
15 36 37 
15 36 38 
15 36 56 
15 37 38 
15 37 56 
15 38 56 
16 36 37 
16 36 38 
16 36 56 
16 37 38 
16 37 56 
16 38 56 
36 37 38 
36 37 56 
36 38 56 
37 38 56 
4 70 
3 14 15 16 
3 14 15 36 
3 14 15 37 
3 14 15 38 
3 14 15 56 
3 14 16 36 
3 14 16 37 
3 14 16 38 
3 14 16 56 
3 14 36 37 
3 14 36 38 
3 14 36 56 
3 14 37 38 
3 14 37 56 
3 14 38 56 
3 15 16 36 
3 15 16 37 
3 15 16 38 
3 15 16 56 
3 15 36 37 
3 15 36 38 
3 15 36 56 
3 15 37 38 
3 15 37 56 
3 15 38 56 
3 16 36 37 
3 16 36 38 
3 16 36 56 
3 16 37 38 
3 16 37 56 
3 16 38 56 
3 36 37 38 
3 36 37 56 
3 36 38 56 
3 37 38 56 
14 15 16 36 
14 15 16 37 
14 15 16 38 
14 15 16 56 
14 15 36 37 
14 15 36 38 
14 15 36 56 
14 15 37 38 
14 15 37 56 
14 15 38 56 
14 16 36 37 
14 16 36 38 
14 16 36 56 
14 16 37 38 
14 16 37 56 
14 16 38 56 
14 36 37 38 
14 36 37 56 
14 36 38 56 
14 37 38 56 
15 16 36 37 
15 16 36 38 
15 16 36 56 
15 16 37 38 
15 16 37 56 
15 16 38 56 
15 36 37 38 
15 36 37 56 
15 36 38 56 
15 37 38 56 
16 36 37 38 
16 36 37 56 
16 36 38 56 
16 37 38 56 
36 37 38 56 
5 56 
3 14 15 16 36 
3 14 15 16 37 
3 14 15 16 38 
3 14 15 16 56 
3 14 15 36 37 
3 14 15 36 38 
3 14 15 36 56 
3 14 15 37 38 
3 14 15 37 56 
3 14 15 38 56 
3 14 16 36 37 
3 14 16 36 38 
3 14 16 36 56 
3 14 16 37 38 
3 14 16 37 56 
3 14 16 38 56 
3 14 36 37 38 
3 14 36 37 56 
3 14 36 38 56 
3 14 37 38 56 
3 15 16 36 37 
3 15 16 36 38 
3 15 16 36 56 
3 15 16 37 38 
3 15 16 37 56 
3 15 16 38 56 
3 15 36 37 38 
3 15 36 37 56 
3 15 36 38 56 
3 15 37 38 56 
3 16 36 37 38 
3 16 36 37 56 
3 16 36 38 56 
3 16 37 38 56 
3 36 37 38 56 
14 15 16 36 37 
14 15 16 36 38 
14 15 16 36 56 
14 15 16 37 38 
14 15 16 37 56 
14 15 16 38 56 
14 15 36 37 38 
14 15 36 37 56 
14 15 36 38 56 
14 15 37 38 56 
14 16 36 37 38 
14 16 36 37 56 
14 16 36 38 56 
14 16 37 38 56 
14 36 37 38 56 
15 16 36 37 38 
15 16 36 37 56 
15 16 36 38 56 
15 16 37 38 56 
15 36 37 38 56 
16 36 37 38 56 
6 28 
3 14 15 16 36 37 
3 14 15 16 36 38 
3 14 15 16 36 56 
3 14 15 16 37 38 
3 14 15 16 37 56 
3 14 15 16 38 56 
3 14 15 36 37 38 
3 14 15 36 37 56 
3 14 15 36 38 56 
3 14 15 37 38 56 
3 14 16 36 37 38 
3 14 16 36 37 56 
3 14 16 36 38 56 
3 14 16 37 38 56 
3 14 36 37 38 56 
3 15 16 36 37 38 
3 15 16 36 37 56 
3 15 16 36 38 56 
3 15 16 37 38 56 
3 15 36 37 38 56 
3 16 36 37 38 56 
14 15 16 36 37 38 
14 15 16 36 37 56 
14 15 16 36 38 56 
14 15 16 37 38 56 
14 15 36 37 38 56 
14 16 36 37 38 56 
15 16 36 37 38 56 
7 8 
3 14 15 16 36 37 38 
3 14 15 16 36 37 56 
3 14 15 16 36 38 56 
3 14 15 16 37 38 56 
3 14 15 36 37 38 56 
3 14 16 36 37 38 56 
3 15 16 36 37 38 56 
14 15 16 36 37 38 56 
8 1 
3 14 15 16 36 37 38 56 
4
0 1 

1 8 
4 
17 
18 
19 
39 
40 
41 
57 
2 28 
4 17 
4 18 
4 19 
4 39 
4 40 
4 41 
4 57 
17 18 
17 19 
17 39 
17 40 
17 41 
17 57 
18 19 
18 39 
18 40 
18 41 
18 57 
19 39 
19 40 
19 41 
19 57 
39 40 
39 41 
39 57 
40 41 
40 57 
41 57 
3 56 
4 17 18 
4 17 19 
4 17 39 
4 17 40 
4 17 41 
4 17 57 
4 18 19 
4 18 39 
4 18 40 
4 18 41 
4 18 57 
4 19 39 
4 19 40 
4 19 41 
4 19 57 
4 39 40 
4 39 41 
4 39 57 
4 40 41 
4 40 57 
4 41 57 
17 18 19 
17 18 39 
17 18 40 
17 18 41 
17 18 57 
17 19 39 
17 19 40 
17 19 41 
17 19 57 
17 39 40 
17 39 41 
17 39 57 
17 40 41 
17 40 57 
17 41 57 
18 19 39 
18 19 40 
18 19 41 
18 19 57 
18 39 40 
18 39 41 
18 39 57 
18 40 41 
18 40 57 
18 41 57 
19 39 40 
19 39 41 
19 39 57 
19 40 41 
19 40 57 
19 41 57 
39 40 41 
39 40 57 
39 41 57 
40 41 57 
4 70 
4 17 18 19 
4 17 18 39 
4 17 18 40 
4 17 18 41 
4 17 18 57 
4 17 19 39 
4 17 19 40 
4 17 19 41 
4 17 19 57 
4 17 39 40 
4 17 39 41 
4 17 39 57 
4 17 40 41 
4 17 40 57 
4 17 41 57 
4 18 19 39 
4 18 19 40 
4 18 19 41 
4 18 19 57 
4 18 39 40 
4 18 39 41 
4 18 39 57 
4 18 40 41 
4 18 40 57 
4 18 41 57 
4 19 39 40 
4 19 39 41 
4 19 39 57 
4 19 40 41 
4 19 40 57 
4 19 41 57 
4 39 40 41 
4 39 40 57 
4 39 41 57 
4 40 41 57 
17 18 19 39 
17 18 19 40 
17 18 19 41 
17 18 19 57 
17 18 39 40 
17 18 39 41 
17 18 39 57 
17 18 40 41 
17 18 40 57 
17 18 41 57 
17 19 39 40 
17 19 39 41 
17 19 39 57 
17 19 40 41 
17 19 40 57 
17 19 41 57 
17 39 40 41 
17 39 40 57 
17 39 41 57 
17 40 41 57 
18 19 39 40 
18 19 39 41 
18 19 39 57 
18 19 40 41 
18 19 40 57 
18 19 41 57 
18 39 40 41 
18 39 40 57 
18 39 41 57 
18 40 41 57 
19 39 40 41 
19 39 40 57 
19 39 41 57 
19 40 41 57 
39 40 41 57 
5 56 
4 17 18 19 39 
4 17 18 19 40 
4 17 18 19 41 
4 17 18 19 57 
4 17 18 39 40 
4 17 18 39 41 
4 17 18 39 57 
4 17 18 40 41 
4 17 18 40 57 
4 17 18 41 57 
4 17 19 39 40 
4 17 19 39 41 
4 17 19 39 57 
4 17 19 40 41 
4 17 19 40 57 
4 17 19 41 57 
4 17 39 40 41 
4 17 39 40 57 
4 17 39 41 57 
4 17 40 41 57 
4 18 19 39 40 
4 18 19 39 41 
4 18 19 39 57 
4 18 19 40 41 
4 18 19 40 57 
4 18 19 41 57 
4 18 39 40 41 
4 18 39 40 57 
4 18 39 41 57 
4 18 40 41 57 
4 19 39 40 41 
4 19 39 40 57 
4 19 39 41 57 
4 19 40 41 57 
4 39 40 41 57 
17 18 19 39 40 
17 18 19 39 41 
17 18 19 39 57 
17 18 19 40 41 
17 18 19 40 57 
17 18 19 41 57 
17 18 39 40 41 
17 18 39 40 57 
17 18 39 41 57 
17 18 40 41 57 
17 19 39 40 41 
17 19 39 40 57 
17 19 39 41 57 
17 19 40 41 57 
17 39 40 41 57 
18 19 39 40 41 
18 19 39 40 57 
18 19 39 41 57 
18 19 40 41 57 
18 39 40 41 57 
19 39 40 41 57 
6 28 
4 17 18 19 39 40 
4 17 18 19 39 41 
4 17 18 19 39 57 
4 17 18 19 40 41 
4 17 18 19 40 57 
4 17 18 19 41 57 
4 17 18 39 40 41 
4 17 18 39 40 57 
4 17 18 39 41 57 
4 17 18 40 41 57 
4 17 19 39 40 41 
4 17 19 39 40 57 
4 17 19 39 41 57 
4 17 19 40 41 57 
4 17 39 40 41 57 
4 18 19 39 40 41 
4 18 19 39 40 57 
4 18 19 39 41 57 
4 18 19 40 41 57 
4 18 39 40 41 57 
4 19 39 40 41 57 
17 18 19 39 40 41 
17 18 19 39 40 57 
17 18 19 39 41 57 
17 18 19 40 41 57 
17 18 39 40 41 57 
17 19 39 40 41 57 
18 19 39 40 41 57 
7 8 
4 17 18 19 39 40 41 
4 17 18 19 39 40 57 
4 17 18 19 39 41 57 
4 17 18 19 40 41 57 
4 17 18 39 40 41 57 
4 17 19 39 40 41 57 
4 18 19 39 40 41 57 
17 18 19 39 40 41 57 
8 1 
4 17 18 19 39 40 41 57 
5
0 1 

1 1 

2 4 
8 24 
25 46 
26 47 
48 61 
3 1 

4 6 
8 24 25 46 
8 24 26 47 
8 24 48 61 
25 26 46 47 
25 46 48 61 
26 47 48 61 
5 1 

6 4 
8 24 25 26 46 47 
8 24 25 46 48 61 
8 24 26 47 48 61 
25 26 46 47 48 61 
7 1 

8 1 
8 24 25 26 46 47 48 61 
6
0 1 

1 1 

2 4 
9 28 
27 49 
29 51 
50 62 
3 1 

4 6 
9 27 28 49 
9 28 29 51 
9 28 50 62 
27 29 49 51 
27 49 50 62 
29 50 51 62 
5 1 

6 4 
9 27 28 29 49 51 
9 27 28 49 50 62 
9 28 29 50 51 62 
27 29 49 50 51 62 
7 1 

8 1 
9 27 28 29 49 50 51 62 
7
0 1 

1 1 

2 4 
13 35 
33 54 
34 55 
53 63 
3 1 

4 6 
13 33 35 54 
13 34 35 55 
13 35 53 63 
33 34 54 55 
33 53 54 63 
34 53 55 63 
5 1 

6 4 
13 33 34 35 54 55 
13 33 35 53 54 63 
13 34 35 53 55 63 
33 34 53 54 55 63 
7 1 

8 1 
13 33 34 35 53 54 55 63 
8
0 1 

1 1 

2 4 
23 64 
43 60 
44 59 
45 58 
3 1 

4 6 
23 43 60 64 
23 44 59 64 
23 45 58 64 
43 44 59 60 
43 45 58 60 
44 45 58 59 
5 1 

6 4 
23 43 44 59 60 64 
23 43 45 58 60 64 
23 44 45 58 59 64 
43 44 45 58 59 60 
7 1 

8 1 
23 43 44 45 58 59 60 64 
