//Table for grp 176:
57
0 0 2 2 4 4 2 4 
0 0 2 4 4 2 4 2 
0 0 4 2 2 4 4 2 
0 0 4 4 2 2 2 4 
0 2 0 2 4 2 4 4 
0 2 0 4 4 4 2 2 
0 2 2 0 2 4 4 4 
0 2 2 2 2 2 2 6 
0 2 2 2 2 2 6 2 
0 2 2 2 2 6 2 2 
0 2 2 2 6 2 2 2 
0 2 2 4 2 0 4 4 
0 2 2 4 2 4 0 4 
0 2 2 4 2 4 4 0 
0 2 2 6 2 2 2 2 
0 2 4 0 4 4 2 2 
0 2 4 2 0 2 4 4 
0 2 4 2 4 2 0 4 
0 2 4 2 4 2 4 0 
0 2 4 4 0 4 2 2 
0 2 4 4 4 0 2 2 
0 2 6 2 2 2 2 2 
0 4 0 2 2 4 4 2 
0 4 0 4 2 2 2 4 
0 4 2 0 4 2 4 2 
0 4 2 2 0 4 2 4 
0 4 2 2 4 0 2 4 
0 4 2 2 4 4 2 0 
0 4 2 4 0 2 4 2 
0 4 2 4 4 2 0 2 
0 4 4 0 2 2 2 4 
0 4 4 2 2 0 4 2 
0 4 4 2 2 4 0 2 
0 4 4 4 2 2 2 0 
0 6 2 2 2 2 2 2 
2 0 2 2 2 2 4 4 
2 0 2 4 2 4 2 2 
2 0 4 2 4 2 2 2 
2 2 0 2 2 4 2 4 
2 2 0 4 2 2 4 2 
2 2 2 0 4 2 2 4 
2 2 2 2 0 4 4 2 
2 2 2 2 4 0 4 2 
2 2 2 2 4 4 0 2 
2 2 2 4 0 2 2 4 
2 2 2 4 4 2 2 0 
2 2 4 0 2 2 4 2 
2 2 4 2 2 0 2 4 
2 2 4 2 2 4 2 0 
2 2 4 4 2 2 0 2 
2 4 0 2 4 2 2 2 
2 4 2 0 2 4 2 2 
2 4 2 2 2 2 0 4 
2 4 2 2 2 2 4 0 
2 4 2 4 2 0 2 2 
2 4 4 2 0 2 2 2 
4 2 2 2 2 2 2 2 
1 2 3 4 5 6 7 8 9 10 11 12 13 14 15 16 17 18 19 20 21 22 23 24 25 26 27 28 29 30 31 32 33 34 35 36 37 38 39 40 41 42 43 44 45 46 47 48 49 50 51 52 53 54 55 56 57 58 59 60 61 62 63 64 
2 1 8 9 10 11 12 3 4 5 6 7 23 24 25 26 27 28 29 30 31 32 13 14 15 16 17 18 19 20 21 22 43 44 45 46 47 48 49 50 51 52 33 34 35 36 37 38 39 40 41 42 58 59 60 61 62 53 54 55 56 57 64 63 
3 24 5 13 14 15 16 12 43 26 46 47 17 7 20 21 33 34 35 36 37 38 29 31 32 2 45 58 59 48 8 61 19 39 40 22 1 42 53 54 55 56 50 51 9 52 10 11 60 23 64 25 41 4 57 6 63 62 27 28 30 44 18 49 
4 28 13 22 17 18 19 44 12 49 9 51 38 33 34 35 42 7 6 39 40 41 26 58 23 60 31 32 2 27 62 29 56 16 15 53 54 55 21 20 1 57 47 48 8 43 64 45 52 10 11 50 37 36 3 63 5 61 24 25 59 30 14 46 
5 31 14 17 7 20 21 47 50 2 52 10 33 16 36 37 19 39 40 22 1 42 59 8 61 24 9 62 27 11 12 30 35 53 54 38 3 56 41 4 57 6 23 64 43 25 26 46 28 29 49 32 55 13 63 15 18 44 45 58 48 51 34 60 
6 11 15 18 20 1 22 25 28 30 2 32 34 36 3 38 39 4 41 5 42 7 44 46 8 48 49 9 51 10 52 12 53 13 55 14 56 16 17 57 19 21 58 23 60 24 61 26 27 62 29 31 33 63 35 37 40 43 64 45 47 50 54 59 
7 12 16 19 21 22 1 26 29 31 32 2 35 37 38 3 40 41 4 42 5 6 45 47 48 8 50 51 9 52 10 11 54 55 13 56 14 15 57 17 18 20 59 60 23 61 24 25 62 27 28 30 63 33 34 36 39 64 43 44 46 49 53 58 
8 14 10 23 24 25 26 7 33 16 36 37 27 12 30 31 43 44 45 46 47 48 19 21 22 1 35 53 54 38 3 56 29 49 50 32 2 52 58 59 60 61 40 41 4 42 5 6 55 13 63 15 51 9 62 11 64 57 17 18 20 34 28 39 
9 18 23 32 27 28 29 34 7 39 4 41 48 43 44 45 52 12 11 49 50 51 16 53 13 55 21 22 1 17 57 19 61 26 25 58 59 60 31 30 2 62 37 38 3 33 63 35 42 5 6 40 47 46 8 64 10 56 14 15 54 20 24 36 
10 21 24 27 12 30 31 37 40 1 42 5 43 26 46 47 29 49 50 32 2 52 54 3 56 14 4 57 17 6 7 20 45 58 59 48 8 61 51 9 62 11 13 63 33 15 16 36 18 19 39 22 60 23 64 25 28 34 35 53 38 41 44 55 
11 6 25 28 30 2 32 15 18 20 1 22 44 46 8 48 49 9 51 10 52 12 34 36 3 38 39 4 41 5 42 7 58 23 60 24 61 26 27 62 29 31 53 13 55 14 56 16 17 57 19 21 43 64 45 47 50 33 63 35 37 40 59 54 
12 7 26 29 31 32 2 16 19 21 22 1 45 47 48 8 50 51 9 52 10 11 35 37 38 3 40 41 4 42 5 6 59 60 23 61 24 25 62 27 28 30 54 55 13 56 14 15 57 17 18 20 64 43 44 46 49 63 33 34 36 39 58 53 
13 58 17 38 33 34 35 51 47 60 43 64 42 19 39 40 56 16 15 53 54 55 2 62 29 28 8 61 24 45 44 59 6 21 20 41 4 57 37 36 3 63 10 11 12 50 49 9 25 26 46 23 1 22 5 18 14 30 31 32 27 48 7 52 
14 8 7 33 16 36 37 10 23 24 25 26 19 21 22 1 35 53 54 38 3 56 27 12 30 31 43 44 45 46 47 48 40 41 4 42 5 6 55 13 63 15 29 49 50 32 2 52 58 59 60 61 57 17 18 20 34 51 9 62 11 64 39 28 
15 46 20 34 36 3 38 32 58 48 24 61 39 22 5 42 53 13 55 14 56 16 51 52 12 11 60 43 64 26 25 47 41 17 57 7 6 21 33 63 35 37 62 29 28 31 30 2 45 44 59 8 19 18 40 1 54 50 49 9 10 23 4 27 
16 47 21 35 37 38 3 2 59 8 61 24 40 1 42 5 54 55 13 56 14 15 9 10 11 12 23 64 43 25 26 46 4 57 17 6 7 20 63 33 34 36 27 28 29 30 31 32 44 45 58 48 18 19 39 22 53 49 50 51 52 60 41 62 
17 62 33 42 19 39 40 64 10 28 50 49 56 35 53 54 6 21 20 41 4 57 24 44 59 58 12 30 31 9 51 27 15 37 36 55 13 63 1 22 5 18 26 46 47 23 60 43 32 2 52 29 3 38 14 34 7 48 8 61 45 11 16 25 
18 9 34 7 39 4 41 23 32 27 28 29 16 53 13 55 21 22 1 17 57 19 48 43 44 45 52 12 11 49 50 51 37 38 3 33 63 35 42 5 6 40 61 26 25 58 59 60 31 30 2 62 56 14 15 54 20 47 46 8 64 10 36 24 
19 51 35 6 40 41 4 60 2 62 29 28 15 54 55 13 20 1 22 57 17 18 8 64 45 44 10 11 12 50 49 9 36 3 38 63 33 34 5 42 7 39 24 25 26 59 58 23 30 31 32 27 14 56 16 53 21 46 47 48 43 52 37 61 
20 52 36 39 22 5 42 61 62 11 31 30 53 38 14 56 41 17 57 7 6 21 64 25 47 46 28 50 49 2 32 10 55 33 63 16 15 37 19 18 40 1 44 59 58 8 48 24 9 51 27 12 35 34 54 3 4 23 60 43 26 29 13 45 
21 10 37 40 1 42 5 24 27 12 30 31 54 3 56 14 4 57 17 6 7 20 43 26 46 47 29 49 50 32 2 52 13 63 33 15 16 36 18 19 39 22 45 58 59 48 8 61 51 9 62 11 34 35 53 38 41 60 23 64 25 28 55 44 
22 32 38 41 42 7 6 48 51 52 12 11 55 56 16 15 57 19 18 21 20 1 60 61 26 25 62 29 28 31 30 2 63 35 34 37 36 3 40 39 4 5 64 45 44 47 46 8 50 49 9 10 54 53 13 14 17 59 58 23 24 27 33 43 
23 53 27 48 43 44 45 41 37 55 33 63 52 29 49 50 61 26 25 58 59 60 1 57 19 18 3 56 14 35 34 54 11 31 30 51 9 62 47 46 8 64 5 6 7 40 39 4 15 16 36 13 2 32 10 28 24 20 21 22 17 38 12 42 
24 3 12 43 26 46 47 5 13 14 15 16 29 31 32 2 45 58 59 48 8 61 17 7 20 21 33 34 35 36 37 38 50 51 9 52 10 11 60 23 64 25 19 39 40 22 1 42 53 54 55 56 62 27 28 30 44 41 4 57 6 63 49 18 
25 36 30 44 46 8 48 22 53 38 14 56 49 32 10 52 58 23 60 24 61 26 41 42 7 6 55 33 63 16 15 37 51 27 62 12 11 31 43 64 45 47 57 19 18 21 20 1 35 34 54 3 29 28 50 2 59 40 39 4 5 13 9 17 
26 37 31 45 47 48 8 1 54 3 56 14 50 2 52 10 59 60 23 61 24 25 4 5 6 7 13 63 33 15 16 36 9 62 27 11 12 30 64 43 44 46 17 18 19 20 21 22 34 35 53 38 28 29 49 32 58 39 40 41 42 55 51 57 
27 57 43 52 29 49 50 63 5 18 40 39 61 45 58 59 11 31 30 51 9 62 14 34 54 53 7 20 21 4 41 17 25 47 46 60 23 64 2 32 10 28 16 36 37 13 55 33 22 1 42 19 8 48 24 44 12 38 3 56 35 6 26 15 
28 4 44 12 49 9 51 13 22 17 18 19 26 58 23 60 31 32 2 27 62 29 38 33 34 35 42 7 6 39 40 41 47 48 8 43 64 45 52 10 11 50 56 16 15 53 54 55 21 20 1 57 61 24 25 59 30 37 36 3 63 5 46 14 
29 41 45 11 50 51 9 55 1 57 19 18 25 59 60 23 30 2 32 62 27 28 3 63 35 34 5 6 7 40 39 4 46 8 48 64 43 44 10 52 12 49 14 15 16 54 53 13 20 21 22 17 24 61 26 58 31 36 37 38 33 42 47 56 
30 42 46 49 32 10 52 56 57 6 21 20 58 48 24 61 51 27 62 12 11 31 63 15 37 36 18 40 39 1 22 5 60 43 64 26 25 47 29 28 50 2 34 54 53 3 38 14 4 41 17 7 45 44 59 8 9 13 55 33 16 19 23 35 
31 5 47 50 2 52 10 14 17 7 20 21 59 8 61 24 9 62 27 11 12 30 33 16 36 37 19 39 40 22 1 42 23 64 43 25 26 46 28 29 49 32 35 53 54 38 3 56 41 4 57 6 44 45 58 48 51 55 13 63 15 18 60 34 
32 22 48 51 52 12 11 38 41 42 7 6 60 61 26 25 62 29 28 31 30 2 55 56 16 15 57 19 18 21 20 1 64 45 44 47 46 8 50 49 9 10 63 35 34 37 36 3 40 39 4 5 59 58 23 24 27 54 53 13 14 17 43 33 
33 44 19 56 35 53 54 49 26 58 23 60 6 40 41 4 15 37 36 55 13 63 31 51 27 62 47 48 8 43 64 45 20 1 22 57 17 18 3 38 14 34 2 52 10 29 28 50 61 24 25 59 5 42 7 39 16 11 12 30 9 46 21 32 
34 43 39 16 53 13 55 29 61 45 58 59 21 41 17 57 37 38 3 33 63 35 11 50 51 9 25 47 46 60 23 64 1 42 5 19 18 40 56 14 15 54 30 2 32 62 27 28 8 48 24 44 6 7 20 4 36 10 52 12 49 26 22 31 
35 64 40 15 54 55 13 28 24 44 59 58 20 4 57 17 36 3 38 63 33 34 12 49 9 51 26 46 47 23 60 43 22 5 42 18 19 39 14 56 16 53 31 32 2 27 62 29 48 8 61 45 7 6 21 41 37 52 10 11 50 25 1 30 
36 25 22 53 38 14 56 30 44 46 8 48 41 42 7 6 55 33 63 16 15 37 49 32 10 52 58 23 60 24 61 26 57 19 18 21 20 1 35 34 54 3 51 27 62 12 11 31 43 64 45 47 40 39 4 5 13 29 28 50 2 59 17 9 
37 26 1 54 3 56 14 31 45 47 48 8 4 5 6 7 13 63 33 15 16 36 50 2 52 10 59 60 23 61 24 25 17 18 19 20 21 22 34 35 53 38 9 62 27 11 12 30 64 43 44 46 39 40 41 42 55 28 29 49 32 58 57 51 
38 61 42 55 56 16 15 11 64 25 47 46 57 6 21 20 63 35 34 37 36 3 28 30 2 32 44 59 58 8 48 24 18 40 39 1 22 5 54 53 13 14 49 9 51 10 52 12 23 60 43 26 4 41 17 7 33 27 62 29 31 45 19 50 
39 50 53 21 41 17 57 59 30 9 62 27 37 55 33 63 1 42 5 19 18 40 46 23 64 43 32 10 52 28 29 49 3 56 14 35 34 54 6 7 20 4 48 24 61 44 45 58 12 11 31 51 15 16 36 13 22 26 25 47 60 2 38 8 
40 49 54 20 4 57 17 58 31 51 27 62 36 13 63 33 22 5 42 18 19 39 47 60 43 64 2 52 10 29 28 50 38 14 56 34 35 53 7 6 21 41 8 61 24 45 44 59 11 12 30 9 16 15 37 55 1 25 26 46 23 32 3 48 
41 29 55 1 57 19 18 45 11 50 51 9 3 63 35 34 5 6 7 40 39 4 25 59 60 23 30 2 32 62 27 28 14 15 16 54 53 13 20 21 22 17 46 8 48 64 43 44 10 52 12 49 36 37 38 33 42 24 61 26 58 31 56 47 
42 30 56 57 6 21 20 46 49 32 10 52 63 15 37 36 18 40 39 1 22 5 58 48 24 61 51 27 62 12 11 31 34 54 53 3 38 14 4 41 17 7 60 43 64 26 25 47 29 28 50 2 13 55 33 16 19 45 44 59 8 9 35 23 
43 34 29 61 45 58 59 39 16 53 13 55 11 50 51 9 25 47 46 60 23 64 21 41 17 57 37 38 3 33 63 35 30 2 32 62 27 28 8 48 24 44 1 42 5 19 18 40 56 14 15 54 10 52 12 49 26 6 7 20 4 36 31 22 
44 33 49 26 58 23 60 19 56 35 53 54 31 51 27 62 47 48 8 43 64 45 6 40 41 4 15 37 36 55 13 63 2 52 10 29 28 50 61 24 25 59 20 1 22 57 17 18 3 38 14 34 11 12 30 9 46 5 42 7 39 16 32 21 
45 63 50 25 59 60 23 18 14 34 54 53 30 9 62 27 46 8 48 64 43 44 7 39 4 41 16 36 37 13 55 33 32 10 52 28 29 49 24 61 26 58 21 22 1 17 57 19 38 3 56 35 12 11 31 51 47 42 5 6 40 15 2 20 
46 15 32 58 48 24 61 20 34 36 3 38 51 52 12 11 60 43 64 26 25 47 39 22 5 42 53 13 55 14 56 16 62 29 28 31 30 2 45 44 59 8 41 17 57 7 6 21 33 63 35 37 50 49 9 10 23 19 18 40 1 54 27 4 
47 16 2 59 8 61 24 21 35 37 38 3 9 10 11 12 23 64 43 25 26 46 40 1 42 5 54 55 13 56 14 15 27 28 29 30 31 32 44 45 58 48 4 57 17 6 7 20 63 33 34 36 49 50 51 52 60 18 19 39 22 53 62 41 
48 56 52 60 61 26 25 6 63 15 37 36 62 11 31 30 64 45 44 47 46 8 18 20 1 22 34 54 53 3 38 14 28 50 49 2 32 10 59 58 23 24 39 4 41 5 42 7 13 55 33 16 9 51 27 12 43 17 57 19 21 35 29 40 
49 40 58 31 51 27 62 54 20 4 57 17 47 60 43 64 2 52 10 29 28 50 36 13 63 33 22 5 42 18 19 39 8 61 24 45 44 59 11 12 30 9 38 14 56 34 35 53 7 6 21 41 25 26 46 23 32 16 15 37 55 1 48 3 
50 39 59 30 9 62 27 53 21 41 17 57 46 23 64 43 32 10 52 28 29 49 37 55 33 63 1 42 5 19 18 40 48 24 61 44 45 58 12 11 31 51 3 56 14 35 34 54 6 7 20 4 26 25 47 60 2 15 16 36 13 22 8 38 
51 19 60 2 62 29 28 35 6 40 41 4 8 64 45 44 10 11 12 50 49 9 15 54 55 13 20 1 22 57 17 18 24 25 26 59 58 23 30 31 32 27 36 3 38 63 33 34 5 42 7 39 46 47 48 43 52 14 56 16 53 21 61 37 
52 20 61 62 11 31 30 36 39 22 5 42 64 25 47 46 28 50 49 2 32 10 53 38 14 56 41 17 57 7 6 21 44 59 58 8 48 24 9 51 27 12 55 33 63 16 15 37 19 18 40 1 23 60 43 26 29 35 34 54 3 4 45 13 
53 23 41 37 55 33 63 27 48 43 44 45 1 57 19 18 3 56 14 35 34 54 52 29 49 50 61 26 25 58 59 60 5 6 7 40 39 4 15 16 36 13 11 31 30 51 9 62 47 46 8 64 20 21 22 17 38 2 32 10 28 24 42 12 
54 60 4 36 13 63 33 62 8 64 45 44 22 17 18 19 38 14 56 34 35 53 10 28 50 49 24 25 26 59 58 23 42 7 6 39 40 41 16 15 37 55 12 30 31 9 51 27 46 47 48 43 21 20 1 57 3 32 2 52 29 61 5 11 
55 59 57 3 63 35 34 9 46 23 64 43 5 18 40 39 14 15 16 54 53 13 32 27 28 29 48 24 61 44 45 58 7 20 21 4 41 17 36 37 38 33 52 12 11 49 50 51 26 25 47 60 22 1 42 19 56 31 30 2 62 8 6 10 
56 48 6 63 15 37 36 52 60 61 26 25 18 20 1 22 34 54 53 3 38 14 62 11 31 30 64 45 44 47 46 8 39 4 41 5 42 7 13 55 33 16 28 50 49 2 32 10 59 58 23 24 17 57 19 21 35 9 51 27 12 43 40 29 
57 27 63 5 18 40 39 43 52 29 49 50 14 34 54 53 7 20 21 4 41 17 61 45 58 59 11 31 30 51 9 62 16 36 37 13 55 33 22 1 42 19 25 47 46 60 23 64 2 32 10 28 38 3 56 35 6 8 48 24 44 12 15 26 
58 13 51 47 60 43 64 17 38 33 34 35 2 62 29 28 8 61 24 45 44 59 42 19 39 40 56 16 15 53 54 55 10 11 12 50 49 9 25 26 46 23 6 21 20 41 4 57 37 36 3 63 30 31 32 27 48 1 22 5 18 14 52 7 
59 55 9 46 23 64 43 57 3 63 35 34 32 27 28 29 48 24 61 44 45 58 5 18 40 39 14 15 16 54 53 13 52 12 11 49 50 51 26 25 47 60 7 20 21 4 41 17 36 37 38 33 31 30 2 62 8 22 1 42 19 56 10 6 
60 54 62 8 64 45 44 4 36 13 63 33 10 28 50 49 24 25 26 59 58 23 22 17 18 19 38 14 56 34 35 53 12 30 31 9 51 27 46 47 48 43 42 7 6 39 40 41 16 15 37 55 32 2 52 29 61 21 20 1 57 3 11 5 
61 38 11 64 25 47 46 42 55 56 16 15 28 30 2 32 44 59 58 8 48 24 57 6 21 20 63 35 34 37 36 3 49 9 51 10 52 12 23 60 43 26 18 40 39 1 22 5 54 53 13 14 27 62 29 31 45 4 41 17 7 33 50 19 
62 17 64 10 28 50 49 33 42 19 39 40 24 44 59 58 12 30 31 9 51 27 56 35 53 54 6 21 20 41 4 57 26 46 47 23 60 43 32 2 52 29 15 37 36 55 13 63 1 22 5 18 48 8 61 45 11 3 38 14 34 7 25 16 
63 45 18 14 34 54 53 50 25 59 60 23 7 39 4 41 16 36 37 13 55 33 30 9 62 27 46 8 48 64 43 44 21 22 1 17 57 19 38 3 56 35 32 10 52 28 29 49 24 61 26 58 42 5 6 40 15 12 11 31 51 47 20 2 
64 35 28 24 44 59 58 40 15 54 55 13 12 49 9 51 26 46 47 23 60 43 20 4 57 17 36 3 38 63 33 34 31 32 2 27 62 29 48 8 61 45 22 5 42 18 19 39 14 56 16 53 52 10 11 50 25 7 6 21 41 37 30 1 
1
0 1 

1 4 
1 
6 
7 
22 
2 8 
1 6 
1 7 
1 22 
5 21 
6 7 
6 22 
7 22 
20 42 
3 12 
1 5 21 
1 6 7 
1 6 22 
1 7 22 
1 20 42 
5 6 21 
5 7 21 
5 21 22 
6 7 22 
6 20 42 
7 20 42 
20 22 42 
4 14 
1 5 6 21 
1 5 7 21 
1 5 21 22 
1 6 7 22 
1 6 20 42 
1 7 20 42 
1 20 22 42 
5 6 7 21 
5 6 21 22 
5 7 21 22 
5 20 21 42 
6 7 20 42 
6 20 22 42 
7 20 22 42 
5 12 
1 5 6 7 21 
1 5 6 21 22 
1 5 7 21 22 
1 5 20 21 42 
1 6 7 20 42 
1 6 20 22 42 
1 7 20 22 42 
5 6 7 21 22 
5 6 20 21 42 
5 7 20 21 42 
5 20 21 22 42 
6 7 20 22 42 
6 8 
1 5 6 7 21 22 
1 5 6 20 21 42 
1 5 7 20 21 42 
1 5 20 21 22 42 
1 6 7 20 22 42 
5 6 7 20 21 42 
5 6 20 21 22 42 
5 7 20 21 22 42 
7 4 
1 5 6 7 20 21 42 
1 5 6 20 21 22 42 
1 5 7 20 21 22 42 
5 6 7 20 21 22 42 
8 1 
1 5 6 7 20 21 22 42 
2
0 1 

1 8 
2 
10 
11 
12 
30 
31 
32 
52 
2 28 
2 10 
2 11 
2 12 
2 30 
2 31 
2 32 
2 52 
10 11 
10 12 
10 30 
10 31 
10 32 
10 52 
11 12 
11 30 
11 31 
11 32 
11 52 
12 30 
12 31 
12 32 
12 52 
30 31 
30 32 
30 52 
31 32 
31 52 
32 52 
3 56 
2 10 11 
2 10 12 
2 10 30 
2 10 31 
2 10 32 
2 10 52 
2 11 12 
2 11 30 
2 11 31 
2 11 32 
2 11 52 
2 12 30 
2 12 31 
2 12 32 
2 12 52 
2 30 31 
2 30 32 
2 30 52 
2 31 32 
2 31 52 
2 32 52 
10 11 12 
10 11 30 
10 11 31 
10 11 32 
10 11 52 
10 12 30 
10 12 31 
10 12 32 
10 12 52 
10 30 31 
10 30 32 
10 30 52 
10 31 32 
10 31 52 
10 32 52 
11 12 30 
11 12 31 
11 12 32 
11 12 52 
11 30 31 
11 30 32 
11 30 52 
11 31 32 
11 31 52 
11 32 52 
12 30 31 
12 30 32 
12 30 52 
12 31 32 
12 31 52 
12 32 52 
30 31 32 
30 31 52 
30 32 52 
31 32 52 
4 70 
2 10 11 12 
2 10 11 30 
2 10 11 31 
2 10 11 32 
2 10 11 52 
2 10 12 30 
2 10 12 31 
2 10 12 32 
2 10 12 52 
2 10 30 31 
2 10 30 32 
2 10 30 52 
2 10 31 32 
2 10 31 52 
2 10 32 52 
2 11 12 30 
2 11 12 31 
2 11 12 32 
2 11 12 52 
2 11 30 31 
2 11 30 32 
2 11 30 52 
2 11 31 32 
2 11 31 52 
2 11 32 52 
2 12 30 31 
2 12 30 32 
2 12 30 52 
2 12 31 32 
2 12 31 52 
2 12 32 52 
2 30 31 32 
2 30 31 52 
2 30 32 52 
2 31 32 52 
10 11 12 30 
10 11 12 31 
10 11 12 32 
10 11 12 52 
10 11 30 31 
10 11 30 32 
10 11 30 52 
10 11 31 32 
10 11 31 52 
10 11 32 52 
10 12 30 31 
10 12 30 32 
10 12 30 52 
10 12 31 32 
10 12 31 52 
10 12 32 52 
10 30 31 32 
10 30 31 52 
10 30 32 52 
10 31 32 52 
11 12 30 31 
11 12 30 32 
11 12 30 52 
11 12 31 32 
11 12 31 52 
11 12 32 52 
11 30 31 32 
11 30 31 52 
11 30 32 52 
11 31 32 52 
12 30 31 32 
12 30 31 52 
12 30 32 52 
12 31 32 52 
30 31 32 52 
5 56 
2 10 11 12 30 
2 10 11 12 31 
2 10 11 12 32 
2 10 11 12 52 
2 10 11 30 31 
2 10 11 30 32 
2 10 11 30 52 
2 10 11 31 32 
2 10 11 31 52 
2 10 11 32 52 
2 10 12 30 31 
2 10 12 30 32 
2 10 12 30 52 
2 10 12 31 32 
2 10 12 31 52 
2 10 12 32 52 
2 10 30 31 32 
2 10 30 31 52 
2 10 30 32 52 
2 10 31 32 52 
2 11 12 30 31 
2 11 12 30 32 
2 11 12 30 52 
2 11 12 31 32 
2 11 12 31 52 
2 11 12 32 52 
2 11 30 31 32 
2 11 30 31 52 
2 11 30 32 52 
2 11 31 32 52 
2 12 30 31 32 
2 12 30 31 52 
2 12 30 32 52 
2 12 31 32 52 
2 30 31 32 52 
10 11 12 30 31 
10 11 12 30 32 
10 11 12 30 52 
10 11 12 31 32 
10 11 12 31 52 
10 11 12 32 52 
10 11 30 31 32 
10 11 30 31 52 
10 11 30 32 52 
10 11 31 32 52 
10 12 30 31 32 
10 12 30 31 52 
10 12 30 32 52 
10 12 31 32 52 
10 30 31 32 52 
11 12 30 31 32 
11 12 30 31 52 
11 12 30 32 52 
11 12 31 32 52 
11 30 31 32 52 
12 30 31 32 52 
6 28 
2 10 11 12 30 31 
2 10 11 12 30 32 
2 10 11 12 30 52 
2 10 11 12 31 32 
2 10 11 12 31 52 
2 10 11 12 32 52 
2 10 11 30 31 32 
2 10 11 30 31 52 
2 10 11 30 32 52 
2 10 11 31 32 52 
2 10 12 30 31 32 
2 10 12 30 31 52 
2 10 12 30 32 52 
2 10 12 31 32 52 
2 10 30 31 32 52 
2 11 12 30 31 32 
2 11 12 30 31 52 
2 11 12 30 32 52 
2 11 12 31 32 52 
2 11 30 31 32 52 
2 12 30 31 32 52 
10 11 12 30 31 32 
10 11 12 30 31 52 
10 11 12 30 32 52 
10 11 12 31 32 52 
10 11 30 31 32 52 
10 12 30 31 32 52 
11 12 30 31 32 52 
7 8 
2 10 11 12 30 31 32 
2 10 11 12 30 31 52 
2 10 11 12 30 32 52 
2 10 11 12 31 32 52 
2 10 11 30 31 32 52 
2 10 12 30 31 32 52 
2 11 12 30 31 32 52 
10 11 12 30 31 32 52 
8 1 
2 10 11 12 30 31 32 52 
3
0 1 

1 1 

2 4 
3 37 
14 16 
15 56 
36 38 
3 1 

4 6 
3 14 16 37 
3 15 37 56 
3 36 37 38 
14 15 16 56 
14 16 36 38 
15 36 38 56 
5 1 

6 4 
3 14 15 16 37 56 
3 14 16 36 37 38 
3 15 36 37 38 56 
14 15 16 36 38 56 
7 1 

8 1 
3 14 15 16 36 37 38 56 
4
0 1 

1 1 

2 4 
4 41 
17 39 
18 19 
40 57 
3 1 

4 6 
4 17 39 41 
4 18 19 41 
4 40 41 57 
17 18 19 39 
17 39 40 57 
18 19 40 57 
5 1 

6 4 
4 17 18 19 39 41 
4 17 39 40 41 57 
4 18 19 40 41 57 
17 18 19 39 40 57 
7 1 

8 1 
4 17 18 19 39 40 41 57 
5
0 1 

1 1 

2 4 
8 26 
24 47 
25 48 
46 61 
3 1 

4 6 
8 24 26 47 
8 25 26 48 
8 26 46 61 
24 25 47 48 
24 46 47 61 
25 46 48 61 
5 1 

6 4 
8 24 25 26 47 48 
8 24 26 46 47 61 
8 25 26 46 48 61 
24 25 46 47 48 61 
7 1 

8 1 
8 24 25 26 46 47 48 61 
6
0 1 

1 1 

2 4 
9 29 
27 50 
28 51 
49 62 
3 1 

4 6 
9 27 29 50 
9 28 29 51 
9 29 49 62 
27 28 50 51 
27 49 50 62 
28 49 51 62 
5 1 

6 4 
9 27 28 29 50 51 
9 27 29 49 50 62 
9 28 29 49 51 62 
27 28 49 50 51 62 
7 1 

8 1 
9 27 28 29 49 50 51 62 
7
0 1 

1 1 

2 4 
13 53 
33 34 
35 63 
54 55 
3 1 

4 6 
13 33 34 53 
13 35 53 63 
13 53 54 55 
33 34 35 63 
33 34 54 55 
35 54 55 63 
5 1 

6 4 
13 33 34 35 53 63 
13 33 34 53 54 55 
13 35 53 54 55 63 
33 34 35 54 55 63 
7 1 

8 1 
13 33 34 35 53 54 55 63 
8
0 1 

1 8 
23 
43 
44 
45 
58 
59 
60 
64 
2 28 
23 43 
23 44 
23 45 
23 58 
23 59 
23 60 
23 64 
43 44 
43 45 
43 58 
43 59 
43 60 
43 64 
44 45 
44 58 
44 59 
44 60 
44 64 
45 58 
45 59 
45 60 
45 64 
58 59 
58 60 
58 64 
59 60 
59 64 
60 64 
3 56 
23 43 44 
23 43 45 
23 43 58 
23 43 59 
23 43 60 
23 43 64 
23 44 45 
23 44 58 
23 44 59 
23 44 60 
23 44 64 
23 45 58 
23 45 59 
23 45 60 
23 45 64 
23 58 59 
23 58 60 
23 58 64 
23 59 60 
23 59 64 
23 60 64 
43 44 45 
43 44 58 
43 44 59 
43 44 60 
43 44 64 
43 45 58 
43 45 59 
43 45 60 
43 45 64 
43 58 59 
43 58 60 
43 58 64 
43 59 60 
43 59 64 
43 60 64 
44 45 58 
44 45 59 
44 45 60 
44 45 64 
44 58 59 
44 58 60 
44 58 64 
44 59 60 
44 59 64 
44 60 64 
45 58 59 
45 58 60 
45 58 64 
45 59 60 
45 59 64 
45 60 64 
58 59 60 
58 59 64 
58 60 64 
59 60 64 
4 70 
23 43 44 45 
23 43 44 58 
23 43 44 59 
23 43 44 60 
23 43 44 64 
23 43 45 58 
23 43 45 59 
23 43 45 60 
23 43 45 64 
23 43 58 59 
23 43 58 60 
23 43 58 64 
23 43 59 60 
23 43 59 64 
23 43 60 64 
23 44 45 58 
23 44 45 59 
23 44 45 60 
23 44 45 64 
23 44 58 59 
23 44 58 60 
23 44 58 64 
23 44 59 60 
23 44 59 64 
23 44 60 64 
23 45 58 59 
23 45 58 60 
23 45 58 64 
23 45 59 60 
23 45 59 64 
23 45 60 64 
23 58 59 60 
23 58 59 64 
23 58 60 64 
23 59 60 64 
43 44 45 58 
43 44 45 59 
43 44 45 60 
43 44 45 64 
43 44 58 59 
43 44 58 60 
43 44 58 64 
43 44 59 60 
43 44 59 64 
43 44 60 64 
43 45 58 59 
43 45 58 60 
43 45 58 64 
43 45 59 60 
43 45 59 64 
43 45 60 64 
43 58 59 60 
43 58 59 64 
43 58 60 64 
43 59 60 64 
44 45 58 59 
44 45 58 60 
44 45 58 64 
44 45 59 60 
44 45 59 64 
44 45 60 64 
44 58 59 60 
44 58 59 64 
44 58 60 64 
44 59 60 64 
45 58 59 60 
45 58 59 64 
45 58 60 64 
45 59 60 64 
58 59 60 64 
5 56 
23 43 44 45 58 
23 43 44 45 59 
23 43 44 45 60 
23 43 44 45 64 
23 43 44 58 59 
23 43 44 58 60 
23 43 44 58 64 
23 43 44 59 60 
23 43 44 59 64 
23 43 44 60 64 
23 43 45 58 59 
23 43 45 58 60 
23 43 45 58 64 
23 43 45 59 60 
23 43 45 59 64 
23 43 45 60 64 
23 43 58 59 60 
23 43 58 59 64 
23 43 58 60 64 
23 43 59 60 64 
23 44 45 58 59 
23 44 45 58 60 
23 44 45 58 64 
23 44 45 59 60 
23 44 45 59 64 
23 44 45 60 64 
23 44 58 59 60 
23 44 58 59 64 
23 44 58 60 64 
23 44 59 60 64 
23 45 58 59 60 
23 45 58 59 64 
23 45 58 60 64 
23 45 59 60 64 
23 58 59 60 64 
43 44 45 58 59 
43 44 45 58 60 
43 44 45 58 64 
43 44 45 59 60 
43 44 45 59 64 
43 44 45 60 64 
43 44 58 59 60 
43 44 58 59 64 
43 44 58 60 64 
43 44 59 60 64 
43 45 58 59 60 
43 45 58 59 64 
43 45 58 60 64 
43 45 59 60 64 
43 58 59 60 64 
44 45 58 59 60 
44 45 58 59 64 
44 45 58 60 64 
44 45 59 60 64 
44 58 59 60 64 
45 58 59 60 64 
6 28 
23 43 44 45 58 59 
23 43 44 45 58 60 
23 43 44 45 58 64 
23 43 44 45 59 60 
23 43 44 45 59 64 
23 43 44 45 60 64 
23 43 44 58 59 60 
23 43 44 58 59 64 
23 43 44 58 60 64 
23 43 44 59 60 64 
23 43 45 58 59 60 
23 43 45 58 59 64 
23 43 45 58 60 64 
23 43 45 59 60 64 
23 43 58 59 60 64 
23 44 45 58 59 60 
23 44 45 58 59 64 
23 44 45 58 60 64 
23 44 45 59 60 64 
23 44 58 59 60 64 
23 45 58 59 60 64 
43 44 45 58 59 60 
43 44 45 58 59 64 
43 44 45 58 60 64 
43 44 45 59 60 64 
43 44 58 59 60 64 
43 45 58 59 60 64 
44 45 58 59 60 64 
7 8 
23 43 44 45 58 59 60 
23 43 44 45 58 59 64 
23 43 44 45 58 60 64 
23 43 44 45 59 60 64 
23 43 44 58 59 60 64 
23 43 45 58 59 60 64 
23 44 45 58 59 60 64 
43 44 45 58 59 60 64 
8 1 
23 43 44 45 58 59 60 64 
