//Table for grp 174:
57
0 0 2 2 4 4 2 4 
0 0 2 4 4 2 4 2 
0 0 4 2 2 4 4 2 
0 0 4 4 2 2 2 4 
0 2 0 2 4 2 4 4 
0 2 0 4 4 4 2 2 
0 2 2 0 2 4 4 4 
0 2 2 2 2 2 2 6 
0 2 2 2 2 2 6 2 
0 2 2 2 2 6 2 2 
0 2 2 2 6 2 2 2 
0 2 2 4 2 0 4 4 
0 2 2 4 2 4 0 4 
0 2 2 4 2 4 4 0 
0 2 2 6 2 2 2 2 
0 2 4 0 4 4 2 2 
0 2 4 2 0 2 4 4 
0 2 4 2 4 2 0 4 
0 2 4 2 4 2 4 0 
0 2 4 4 0 4 2 2 
0 2 4 4 4 0 2 2 
0 2 6 2 2 2 2 2 
0 4 0 2 2 4 4 2 
0 4 0 4 2 2 2 4 
0 4 2 0 4 2 4 2 
0 4 2 2 0 4 2 4 
0 4 2 2 4 0 2 4 
0 4 2 2 4 4 2 0 
0 4 2 4 0 2 4 2 
0 4 2 4 4 2 0 2 
0 4 4 0 2 2 2 4 
0 4 4 2 2 0 4 2 
0 4 4 2 2 4 0 2 
0 4 4 4 2 2 2 0 
0 6 2 2 2 2 2 2 
2 0 2 2 2 2 4 4 
2 0 2 4 2 4 2 2 
2 0 4 2 4 2 2 2 
2 2 0 2 2 4 2 4 
2 2 0 4 2 2 4 2 
2 2 2 0 4 2 2 4 
2 2 2 2 0 4 4 2 
2 2 2 2 4 0 4 2 
2 2 2 2 4 4 0 2 
2 2 2 4 0 2 2 4 
2 2 2 4 4 2 2 0 
2 2 4 0 2 2 4 2 
2 2 4 2 2 0 2 4 
2 2 4 2 2 4 2 0 
2 2 4 4 2 2 0 2 
2 4 0 2 4 2 2 2 
2 4 2 0 2 4 2 2 
2 4 2 2 2 2 0 4 
2 4 2 2 2 2 4 0 
2 4 2 4 2 0 2 2 
2 4 4 2 0 2 2 2 
4 2 2 2 2 2 2 2 
1 2 3 4 5 6 7 8 9 10 11 12 13 14 15 16 17 18 19 20 21 22 23 24 25 26 27 28 29 30 31 32 33 34 35 36 37 38 39 40 41 42 43 44 45 46 47 48 49 50 51 52 53 54 55 56 57 58 59 60 61 62 63 64 
2 1 8 9 10 11 12 3 4 5 6 7 23 24 25 26 27 28 29 30 31 32 13 14 15 16 17 18 19 20 21 22 43 44 45 46 47 48 49 50 51 52 33 34 35 36 37 38 39 40 41 42 58 59 60 61 62 53 54 55 56 57 64 63 
3 24 21 13 14 15 16 2 43 26 46 47 40 1 42 5 33 34 35 36 37 38 9 10 11 12 45 58 59 48 8 61 4 57 17 6 7 20 53 54 55 56 27 28 29 30 31 32 60 23 64 25 18 19 39 22 63 49 50 51 52 44 41 62 
4 28 13 6 17 18 19 44 2 49 9 51 15 33 34 35 20 1 22 39 40 41 8 58 23 60 10 11 12 27 62 29 36 3 38 53 54 55 5 42 7 57 24 25 26 43 64 45 30 31 32 50 14 56 16 63 21 46 47 48 59 52 37 61 
5 31 14 17 7 20 21 47 50 2 52 10 33 16 36 37 19 39 40 22 1 42 59 8 61 24 9 62 27 11 12 30 35 53 54 38 3 56 41 4 57 6 23 64 43 25 26 46 28 29 49 32 55 13 63 15 18 44 45 58 48 51 34 60 
6 11 15 18 20 1 22 25 28 30 2 32 34 36 3 38 39 4 41 5 42 7 44 46 8 48 49 9 51 10 52 12 53 13 55 14 56 16 17 57 19 21 58 23 60 24 61 26 27 62 29 31 33 63 35 37 40 43 64 45 47 50 54 59 
7 12 16 19 21 22 1 26 29 31 32 2 35 37 38 3 40 41 4 42 5 6 45 47 48 8 50 51 9 52 10 11 54 55 13 56 14 15 57 17 18 20 59 60 23 61 24 25 62 27 28 30 63 33 34 36 39 64 43 44 46 49 53 58 
8 14 31 23 24 25 26 1 33 16 36 37 50 2 52 10 43 44 45 46 47 48 4 5 6 7 35 53 54 38 3 56 9 62 27 11 12 30 58 59 60 61 17 18 19 20 21 22 55 13 63 15 28 29 49 32 64 39 40 41 42 34 51 57 
9 18 23 11 27 28 29 34 1 39 4 41 25 43 44 45 30 2 32 49 50 51 3 53 13 55 5 6 7 17 57 19 46 8 48 58 59 60 10 52 12 62 14 15 16 33 63 35 20 21 22 40 24 61 26 64 31 36 37 38 54 42 47 56 
10 21 24 27 12 30 31 37 40 1 42 5 43 26 46 47 29 49 50 32 2 52 54 3 56 14 4 57 17 6 7 20 45 58 59 48 8 61 51 9 62 11 13 63 33 15 16 36 18 19 39 22 60 23 64 25 28 34 35 53 38 41 44 55 
11 6 25 28 30 2 32 15 18 20 1 22 44 46 8 48 49 9 51 10 52 12 34 36 3 38 39 4 41 5 42 7 58 23 60 24 61 26 27 62 29 31 53 13 55 14 56 16 17 57 19 21 43 64 45 47 50 33 63 35 37 40 59 54 
12 7 26 29 31 32 2 16 19 21 22 1 45 47 48 8 50 51 9 52 10 11 35 37 38 3 40 41 4 42 5 6 59 60 23 61 24 25 62 27 28 30 54 55 13 56 14 15 57 17 18 20 64 43 44 46 49 63 33 34 36 39 58 53 
13 58 40 15 33 34 35 28 24 60 43 64 42 4 57 17 36 3 38 53 54 55 2 49 9 51 26 46 47 45 44 59 6 21 20 18 19 39 14 56 16 63 10 11 12 27 62 29 48 8 61 23 1 22 5 41 37 30 31 32 50 25 7 52 
14 8 1 33 16 36 37 31 23 24 25 26 4 5 6 7 35 53 54 38 3 56 50 2 52 10 43 44 45 46 47 48 17 18 19 20 21 22 55 13 63 15 9 62 27 11 12 30 58 59 60 61 39 40 41 42 34 28 29 49 32 64 57 51 
15 46 42 34 36 3 38 11 58 48 24 61 57 6 21 20 53 13 55 14 56 16 28 30 2 32 60 43 64 26 25 47 18 40 39 1 22 5 33 63 35 37 49 9 51 10 52 12 45 44 59 8 4 41 17 7 54 27 62 29 31 23 19 50 
16 47 5 35 37 38 3 12 59 8 61 24 17 7 20 21 54 55 13 56 14 15 29 31 32 2 23 64 43 25 26 46 19 39 40 22 1 42 63 33 34 36 50 51 9 52 10 11 44 45 58 48 41 4 57 6 53 62 27 28 30 60 18 49 
17 62 33 20 19 39 40 64 31 28 50 49 36 35 53 54 22 5 42 41 4 57 47 44 59 58 2 52 10 9 51 27 38 14 56 55 13 63 7 6 21 18 8 61 24 23 60 43 11 12 30 29 16 15 37 34 1 25 26 46 45 32 3 48 
18 9 34 1 39 4 41 23 11 27 28 29 3 53 13 55 5 6 7 17 57 19 25 43 44 45 30 2 32 49 50 51 14 15 16 33 63 35 20 21 22 40 46 8 48 58 59 60 10 52 12 62 36 37 38 54 42 24 61 26 64 31 56 47 
19 51 35 22 40 41 4 60 12 62 29 28 38 54 55 13 42 7 6 57 17 18 26 64 45 44 31 32 2 50 49 9 56 16 15 63 33 34 21 20 1 39 47 48 8 59 58 23 52 10 11 27 37 36 3 53 5 61 24 25 43 30 14 46 
20 52 36 39 22 5 42 61 62 11 31 30 53 38 14 56 41 17 57 7 6 21 64 25 47 46 28 50 49 2 32 10 55 33 63 16 15 37 19 18 40 1 44 59 58 8 48 24 9 51 27 12 35 34 54 3 4 23 60 43 26 29 13 45 
21 10 37 40 1 42 5 24 27 12 30 31 54 3 56 14 4 57 17 6 7 20 43 26 46 47 29 49 50 32 2 52 13 63 33 15 16 36 18 19 39 22 45 58 59 48 8 61 51 9 62 11 34 35 53 38 41 60 23 64 25 28 55 44 
22 32 38 41 42 7 6 48 51 52 12 11 55 56 16 15 57 19 18 21 20 1 60 61 26 25 62 29 28 31 30 2 63 35 34 37 36 3 40 39 4 5 64 45 44 47 46 8 50 49 9 10 54 53 13 14 17 59 58 23 24 27 33 43 
23 53 50 25 43 44 45 18 14 55 33 63 52 9 62 27 46 8 48 58 59 60 1 39 4 41 16 36 37 35 34 54 11 31 30 28 29 49 24 61 26 64 5 6 7 17 57 19 38 3 56 13 2 32 10 51 47 20 21 22 40 15 12 42 
24 3 2 43 26 46 47 21 13 14 15 16 9 10 11 12 45 58 59 48 8 61 40 1 42 5 33 34 35 36 37 38 27 28 29 30 31 32 60 23 64 25 4 57 17 6 7 20 53 54 55 56 49 50 51 52 44 18 19 39 22 63 62 41 
25 36 52 44 46 8 48 6 53 38 14 56 62 11 31 30 58 23 60 24 61 26 18 20 1 22 55 33 63 16 15 37 28 50 49 2 32 10 43 64 45 47 39 4 41 5 42 7 35 34 54 3 9 51 27 12 59 17 57 19 21 13 29 40 
26 37 10 45 47 48 8 7 54 3 56 14 27 12 30 31 59 60 23 61 24 25 19 21 22 1 13 63 33 15 16 36 29 49 50 32 2 52 64 43 44 46 40 41 4 42 5 6 34 35 53 38 51 9 62 11 58 57 17 18 20 55 28 39 
27 57 43 30 29 49 50 63 21 18 40 39 46 45 58 59 32 10 52 51 9 62 37 34 54 53 1 42 5 4 41 17 48 24 61 60 23 64 12 11 31 28 3 56 14 13 55 33 6 7 20 19 26 25 47 44 2 15 16 36 35 22 8 38 
28 4 44 2 49 9 51 13 6 17 18 19 8 58 23 60 10 11 12 27 62 29 15 33 34 35 20 1 22 39 40 41 24 25 26 43 64 45 30 31 32 50 36 3 38 53 54 55 5 42 7 57 46 47 48 59 52 14 56 16 63 21 61 37 
29 41 45 32 50 51 9 55 7 57 19 18 48 59 60 23 52 12 11 62 27 28 16 63 35 34 21 22 1 40 39 4 61 26 25 64 43 44 31 30 2 49 37 38 3 54 53 13 42 5 6 17 47 46 8 58 10 56 14 15 33 20 24 36 
30 42 46 49 32 10 52 56 57 6 21 20 58 48 24 61 51 27 62 12 11 31 63 15 37 36 18 40 39 1 22 5 60 43 64 26 25 47 29 28 50 2 34 54 53 3 38 14 4 41 17 7 45 44 59 8 9 13 55 33 16 19 23 35 
31 5 47 50 2 52 10 14 17 7 20 21 59 8 61 24 9 62 27 11 12 30 33 16 36 37 19 39 40 22 1 42 23 64 43 25 26 46 28 29 49 32 35 53 54 38 3 56 41 4 57 6 44 45 58 48 51 55 13 63 15 18 60 34 
32 22 48 51 52 12 11 38 41 42 7 6 60 61 26 25 62 29 28 31 30 2 55 56 16 15 57 19 18 21 20 1 64 45 44 47 46 8 50 49 9 10 63 35 34 37 36 3 40 39 4 5 59 58 23 24 27 54 53 13 14 17 43 33 
33 44 4 36 35 53 54 62 8 58 23 60 6 17 18 19 38 14 56 55 13 63 31 28 50 49 24 25 26 43 64 45 20 1 22 39 40 41 16 15 37 34 2 52 10 9 51 27 46 47 48 59 5 42 7 57 3 11 12 30 29 61 21 32 
34 43 57 3 53 13 55 9 46 45 58 59 21 18 40 39 14 15 16 33 63 35 11 27 28 29 48 24 61 60 23 64 1 42 5 4 41 17 36 37 38 54 30 2 32 49 50 51 26 25 47 44 6 7 20 19 56 10 52 12 62 8 22 31 
35 64 17 38 54 55 13 51 47 44 59 58 20 19 39 40 56 16 15 63 33 34 12 62 29 28 8 61 24 23 60 43 22 5 42 41 4 57 37 36 3 53 31 32 2 50 49 9 25 26 46 45 7 6 21 18 14 52 10 11 27 48 1 30 
36 25 6 53 38 14 56 52 44 46 8 48 18 20 1 22 55 33 63 16 15 37 62 11 31 30 58 23 60 24 61 26 39 4 41 5 42 7 35 34 54 3 28 50 49 2 32 10 43 64 45 47 17 57 19 21 13 9 51 27 12 59 40 29 
37 26 7 54 3 56 14 10 45 47 48 8 19 21 22 1 13 63 33 15 16 36 27 12 30 31 59 60 23 61 24 25 40 41 4 42 5 6 34 35 53 38 29 49 50 32 2 52 64 43 44 46 57 17 18 20 55 51 9 62 11 58 39 28 
38 61 20 55 56 16 15 32 64 25 47 46 39 22 5 42 63 35 34 37 36 3 51 52 12 11 44 59 58 8 48 24 41 17 57 7 6 21 54 53 13 14 62 29 28 31 30 2 23 60 43 26 19 18 40 1 33 50 49 9 10 45 4 27 
39 50 53 5 41 17 57 59 52 9 62 27 14 55 33 63 7 20 21 19 18 40 61 23 64 43 11 31 30 28 29 49 16 36 37 35 34 54 22 1 42 4 25 47 46 44 45 58 2 32 10 51 38 3 56 13 6 8 48 24 60 12 15 26 
40 49 54 42 4 57 17 58 10 51 27 62 56 13 63 33 6 21 20 18 19 39 24 60 43 64 12 30 31 29 28 50 15 37 36 34 35 53 1 22 5 41 26 46 47 45 44 59 32 2 52 9 3 38 14 55 7 48 8 61 23 11 16 25 
41 29 55 7 57 19 18 45 32 50 51 9 16 63 35 34 21 22 1 40 39 4 48 59 60 23 52 12 11 62 27 28 37 38 3 54 53 13 42 5 6 17 61 26 25 64 43 44 31 30 2 49 56 14 15 33 20 47 46 8 58 10 36 24 
42 30 56 57 6 21 20 46 49 32 10 52 63 15 37 36 18 40 39 1 22 5 58 48 24 61 51 27 62 12 11 31 34 54 53 3 38 14 4 41 17 7 60 43 64 26 25 47 29 28 50 2 13 55 33 16 19 45 44 59 8 9 35 23 
43 34 9 46 45 58 59 57 3 53 13 55 11 27 28 29 48 24 61 60 23 64 21 18 40 39 14 15 16 33 63 35 30 2 32 49 50 51 26 25 47 44 1 42 5 4 41 17 36 37 38 54 10 52 12 62 8 6 7 20 19 56 31 22 
44 33 62 8 58 23 60 4 36 35 53 54 31 28 50 49 24 25 26 43 64 45 6 17 18 19 38 14 56 55 13 63 2 52 10 9 51 27 46 47 48 59 20 1 22 39 40 41 16 15 37 34 11 12 30 29 61 5 42 7 57 3 32 21 
45 63 27 48 59 60 23 41 37 34 54 53 30 29 49 50 61 26 25 64 43 44 7 57 19 18 3 56 14 13 55 33 32 10 52 51 9 62 47 46 8 58 21 22 1 40 39 4 15 16 36 35 12 11 31 28 24 42 5 6 17 38 2 20 
46 15 11 58 48 24 61 42 34 36 3 38 28 30 2 32 60 43 64 26 25 47 57 6 21 20 53 13 55 14 56 16 49 9 51 10 52 12 45 44 59 8 18 40 39 1 22 5 33 63 35 37 27 62 29 31 23 4 41 17 7 54 50 19 
47 16 12 59 8 61 24 5 35 37 38 3 29 31 32 2 23 64 43 25 26 46 17 7 20 21 54 55 13 56 14 15 50 51 9 52 10 11 44 45 58 48 19 39 40 22 1 42 63 33 34 36 62 27 28 30 60 41 4 57 6 53 49 18 
48 56 30 60 61 26 25 22 63 15 37 36 49 32 10 52 64 45 44 47 46 8 41 42 7 6 34 54 53 3 38 14 51 27 62 12 11 31 59 58 23 24 57 19 18 21 20 1 13 55 33 16 29 28 50 2 43 40 39 4 5 35 9 17 
49 40 58 10 51 27 62 54 42 4 57 17 24 60 43 64 12 30 31 29 28 50 56 13 63 33 6 21 20 18 19 39 26 46 47 45 44 59 32 2 52 9 15 37 36 34 35 53 1 22 5 41 48 8 61 23 11 3 38 14 55 7 25 16 
50 39 59 52 9 62 27 53 5 41 17 57 61 23 64 43 11 31 30 28 29 49 14 55 33 63 7 20 21 19 18 40 25 47 46 44 45 58 2 32 10 51 16 36 37 35 34 54 22 1 42 4 8 48 24 60 12 38 3 56 13 6 26 15 
51 19 60 12 62 29 28 35 22 40 41 4 26 64 45 44 31 32 2 50 49 9 38 54 55 13 42 7 6 57 17 18 47 48 8 59 58 23 52 10 11 27 56 16 15 63 33 34 21 20 1 39 61 24 25 43 30 37 36 3 53 5 46 14 
52 20 61 62 11 31 30 36 39 22 5 42 64 25 47 46 28 50 49 2 32 10 53 38 14 56 41 17 57 7 6 21 44 59 58 8 48 24 9 51 27 12 55 33 63 16 15 37 19 18 40 1 23 60 43 26 29 35 34 54 3 4 45 13 
53 23 18 14 55 33 63 50 25 43 44 45 1 39 4 41 16 36 37 35 34 54 52 9 62 27 46 8 48 58 59 60 5 6 7 17 57 19 38 3 56 13 11 31 30 28 29 49 24 61 26 64 20 21 22 40 15 2 32 10 51 47 42 12 
54 60 19 56 13 63 33 49 26 64 45 44 22 40 41 4 15 37 36 34 35 53 10 51 27 62 47 48 8 59 58 23 42 7 6 57 17 18 3 38 14 55 12 30 31 29 28 50 61 24 25 43 21 20 1 39 16 32 2 52 9 46 5 11 
55 59 39 16 63 35 34 29 61 23 64 43 5 41 17 57 37 38 3 54 53 13 32 50 51 9 25 47 46 44 45 58 7 20 21 19 18 40 56 14 15 33 52 12 11 62 27 28 8 48 24 60 22 1 42 4 36 31 30 2 49 26 6 10 
56 48 22 63 15 37 36 30 60 61 26 25 41 42 7 6 34 54 53 3 38 14 49 32 10 52 64 45 44 47 46 8 57 19 18 21 20 1 13 55 33 16 51 27 62 12 11 31 59 58 23 24 40 39 4 5 35 29 28 50 2 43 17 9 
57 27 63 21 18 40 39 43 30 29 49 50 37 34 54 53 1 42 5 4 41 17 46 45 58 59 32 10 52 51 9 62 3 56 14 13 55 33 6 7 20 19 48 24 61 60 23 64 12 11 31 28 15 16 36 35 22 26 25 47 44 2 38 8 
58 13 28 24 60 43 64 40 15 33 34 35 2 49 9 51 26 46 47 45 44 59 42 4 57 17 36 3 38 53 54 55 10 11 12 27 62 29 48 8 61 23 6 21 20 18 19 39 14 56 16 63 30 31 32 50 25 1 22 5 41 37 52 7 
59 55 29 61 23 64 43 39 16 63 35 34 32 50 51 9 25 47 46 44 45 58 5 41 17 57 37 38 3 54 53 13 52 12 11 62 27 28 8 48 24 60 7 20 21 19 18 40 56 14 15 33 31 30 2 49 26 22 1 42 4 36 10 6 
60 54 49 26 64 45 44 19 56 13 63 33 10 51 27 62 47 48 8 59 58 23 22 40 41 4 15 37 36 34 35 53 12 30 31 29 28 50 61 24 25 43 42 7 6 57 17 18 3 38 14 55 32 2 52 9 46 21 20 1 39 16 11 5 
61 38 32 64 25 47 46 20 55 56 16 15 51 52 12 11 44 59 58 8 48 24 39 22 5 42 63 35 34 37 36 3 62 29 28 31 30 2 23 60 43 26 41 17 57 7 6 21 54 53 13 14 50 49 9 10 45 19 18 40 1 33 27 4 
62 17 64 31 28 50 49 33 20 19 39 40 47 44 59 58 2 52 10 9 51 27 36 35 53 54 22 5 42 41 4 57 8 61 24 23 60 43 11 12 30 29 38 14 56 55 13 63 7 6 21 18 25 26 46 45 32 16 15 37 34 1 48 3 
63 45 41 37 34 54 53 27 48 59 60 23 7 57 19 18 3 56 14 13 55 33 30 29 49 50 61 26 25 64 43 44 21 22 1 40 39 4 15 16 36 35 32 10 52 51 9 62 47 46 8 58 42 5 6 17 38 12 11 31 28 24 20 2 
64 35 51 47 44 59 58 17 38 54 55 13 12 62 29 28 8 61 24 23 60 43 20 19 39 40 56 16 15 63 33 34 31 32 2 50 49 9 25 26 46 45 22 5 42 41 4 57 37 36 3 53 52 10 11 27 48 7 6 21 18 14 30 1 
1
0 1 

1 4 
1 
6 
7 
22 
2 8 
1 6 
1 7 
1 22 
5 21 
6 7 
6 22 
7 22 
20 42 
3 12 
1 5 21 
1 6 7 
1 6 22 
1 7 22 
1 20 42 
5 6 21 
5 7 21 
5 21 22 
6 7 22 
6 20 42 
7 20 42 
20 22 42 
4 14 
1 5 6 21 
1 5 7 21 
1 5 21 22 
1 6 7 22 
1 6 20 42 
1 7 20 42 
1 20 22 42 
5 6 7 21 
5 6 21 22 
5 7 21 22 
5 20 21 42 
6 7 20 42 
6 20 22 42 
7 20 22 42 
5 12 
1 5 6 7 21 
1 5 6 21 22 
1 5 7 21 22 
1 5 20 21 42 
1 6 7 20 42 
1 6 20 22 42 
1 7 20 22 42 
5 6 7 21 22 
5 6 20 21 42 
5 7 20 21 42 
5 20 21 22 42 
6 7 20 22 42 
6 8 
1 5 6 7 21 22 
1 5 6 20 21 42 
1 5 7 20 21 42 
1 5 20 21 22 42 
1 6 7 20 22 42 
5 6 7 20 21 42 
5 6 20 21 22 42 
5 7 20 21 22 42 
7 4 
1 5 6 7 20 21 42 
1 5 6 20 21 22 42 
1 5 7 20 21 22 42 
5 6 7 20 21 22 42 
8 1 
1 5 6 7 20 21 22 42 
2
0 1 

1 8 
2 
10 
11 
12 
30 
31 
32 
52 
2 28 
2 10 
2 11 
2 12 
2 30 
2 31 
2 32 
2 52 
10 11 
10 12 
10 30 
10 31 
10 32 
10 52 
11 12 
11 30 
11 31 
11 32 
11 52 
12 30 
12 31 
12 32 
12 52 
30 31 
30 32 
30 52 
31 32 
31 52 
32 52 
3 56 
2 10 11 
2 10 12 
2 10 30 
2 10 31 
2 10 32 
2 10 52 
2 11 12 
2 11 30 
2 11 31 
2 11 32 
2 11 52 
2 12 30 
2 12 31 
2 12 32 
2 12 52 
2 30 31 
2 30 32 
2 30 52 
2 31 32 
2 31 52 
2 32 52 
10 11 12 
10 11 30 
10 11 31 
10 11 32 
10 11 52 
10 12 30 
10 12 31 
10 12 32 
10 12 52 
10 30 31 
10 30 32 
10 30 52 
10 31 32 
10 31 52 
10 32 52 
11 12 30 
11 12 31 
11 12 32 
11 12 52 
11 30 31 
11 30 32 
11 30 52 
11 31 32 
11 31 52 
11 32 52 
12 30 31 
12 30 32 
12 30 52 
12 31 32 
12 31 52 
12 32 52 
30 31 32 
30 31 52 
30 32 52 
31 32 52 
4 70 
2 10 11 12 
2 10 11 30 
2 10 11 31 
2 10 11 32 
2 10 11 52 
2 10 12 30 
2 10 12 31 
2 10 12 32 
2 10 12 52 
2 10 30 31 
2 10 30 32 
2 10 30 52 
2 10 31 32 
2 10 31 52 
2 10 32 52 
2 11 12 30 
2 11 12 31 
2 11 12 32 
2 11 12 52 
2 11 30 31 
2 11 30 32 
2 11 30 52 
2 11 31 32 
2 11 31 52 
2 11 32 52 
2 12 30 31 
2 12 30 32 
2 12 30 52 
2 12 31 32 
2 12 31 52 
2 12 32 52 
2 30 31 32 
2 30 31 52 
2 30 32 52 
2 31 32 52 
10 11 12 30 
10 11 12 31 
10 11 12 32 
10 11 12 52 
10 11 30 31 
10 11 30 32 
10 11 30 52 
10 11 31 32 
10 11 31 52 
10 11 32 52 
10 12 30 31 
10 12 30 32 
10 12 30 52 
10 12 31 32 
10 12 31 52 
10 12 32 52 
10 30 31 32 
10 30 31 52 
10 30 32 52 
10 31 32 52 
11 12 30 31 
11 12 30 32 
11 12 30 52 
11 12 31 32 
11 12 31 52 
11 12 32 52 
11 30 31 32 
11 30 31 52 
11 30 32 52 
11 31 32 52 
12 30 31 32 
12 30 31 52 
12 30 32 52 
12 31 32 52 
30 31 32 52 
5 56 
2 10 11 12 30 
2 10 11 12 31 
2 10 11 12 32 
2 10 11 12 52 
2 10 11 30 31 
2 10 11 30 32 
2 10 11 30 52 
2 10 11 31 32 
2 10 11 31 52 
2 10 11 32 52 
2 10 12 30 31 
2 10 12 30 32 
2 10 12 30 52 
2 10 12 31 32 
2 10 12 31 52 
2 10 12 32 52 
2 10 30 31 32 
2 10 30 31 52 
2 10 30 32 52 
2 10 31 32 52 
2 11 12 30 31 
2 11 12 30 32 
2 11 12 30 52 
2 11 12 31 32 
2 11 12 31 52 
2 11 12 32 52 
2 11 30 31 32 
2 11 30 31 52 
2 11 30 32 52 
2 11 31 32 52 
2 12 30 31 32 
2 12 30 31 52 
2 12 30 32 52 
2 12 31 32 52 
2 30 31 32 52 
10 11 12 30 31 
10 11 12 30 32 
10 11 12 30 52 
10 11 12 31 32 
10 11 12 31 52 
10 11 12 32 52 
10 11 30 31 32 
10 11 30 31 52 
10 11 30 32 52 
10 11 31 32 52 
10 12 30 31 32 
10 12 30 31 52 
10 12 30 32 52 
10 12 31 32 52 
10 30 31 32 52 
11 12 30 31 32 
11 12 30 31 52 
11 12 30 32 52 
11 12 31 32 52 
11 30 31 32 52 
12 30 31 32 52 
6 28 
2 10 11 12 30 31 
2 10 11 12 30 32 
2 10 11 12 30 52 
2 10 11 12 31 32 
2 10 11 12 31 52 
2 10 11 12 32 52 
2 10 11 30 31 32 
2 10 11 30 31 52 
2 10 11 30 32 52 
2 10 11 31 32 52 
2 10 12 30 31 32 
2 10 12 30 31 52 
2 10 12 30 32 52 
2 10 12 31 32 52 
2 10 30 31 32 52 
2 11 12 30 31 32 
2 11 12 30 31 52 
2 11 12 30 32 52 
2 11 12 31 32 52 
2 11 30 31 32 52 
2 12 30 31 32 52 
10 11 12 30 31 32 
10 11 12 30 31 52 
10 11 12 30 32 52 
10 11 12 31 32 52 
10 11 30 31 32 52 
10 12 30 31 32 52 
11 12 30 31 32 52 
7 8 
2 10 11 12 30 31 32 
2 10 11 12 30 31 52 
2 10 11 12 30 32 52 
2 10 11 12 31 32 52 
2 10 11 30 31 32 52 
2 10 12 30 31 32 52 
2 11 12 30 31 32 52 
10 11 12 30 31 32 52 
8 1 
2 10 11 12 30 31 32 52 
3
0 1 

1 1 

2 4 
3 14 
15 36 
16 37 
38 56 
3 1 

4 6 
3 14 15 36 
3 14 16 37 
3 14 38 56 
15 16 36 37 
15 36 38 56 
16 37 38 56 
5 1 

6 4 
3 14 15 16 36 37 
3 14 15 36 38 56 
3 14 16 37 38 56 
15 16 36 37 38 56 
7 1 

8 1 
3 14 15 16 36 37 38 56 
4
0 1 

1 1 

2 4 
4 18 
17 57 
19 41 
39 40 
3 1 

4 6 
4 17 18 57 
4 18 19 41 
4 18 39 40 
17 19 41 57 
17 39 40 57 
19 39 40 41 
5 1 

6 4 
4 17 18 19 41 57 
4 17 18 39 40 57 
4 18 19 39 40 41 
17 19 39 40 41 57 
7 1 

8 1 
4 17 18 19 39 40 41 57 
5
0 1 

1 8 
8 
24 
25 
26 
46 
47 
48 
61 
2 28 
8 24 
8 25 
8 26 
8 46 
8 47 
8 48 
8 61 
24 25 
24 26 
24 46 
24 47 
24 48 
24 61 
25 26 
25 46 
25 47 
25 48 
25 61 
26 46 
26 47 
26 48 
26 61 
46 47 
46 48 
46 61 
47 48 
47 61 
48 61 
3 56 
8 24 25 
8 24 26 
8 24 46 
8 24 47 
8 24 48 
8 24 61 
8 25 26 
8 25 46 
8 25 47 
8 25 48 
8 25 61 
8 26 46 
8 26 47 
8 26 48 
8 26 61 
8 46 47 
8 46 48 
8 46 61 
8 47 48 
8 47 61 
8 48 61 
24 25 26 
24 25 46 
24 25 47 
24 25 48 
24 25 61 
24 26 46 
24 26 47 
24 26 48 
24 26 61 
24 46 47 
24 46 48 
24 46 61 
24 47 48 
24 47 61 
24 48 61 
25 26 46 
25 26 47 
25 26 48 
25 26 61 
25 46 47 
25 46 48 
25 46 61 
25 47 48 
25 47 61 
25 48 61 
26 46 47 
26 46 48 
26 46 61 
26 47 48 
26 47 61 
26 48 61 
46 47 48 
46 47 61 
46 48 61 
47 48 61 
4 70 
8 24 25 26 
8 24 25 46 
8 24 25 47 
8 24 25 48 
8 24 25 61 
8 24 26 46 
8 24 26 47 
8 24 26 48 
8 24 26 61 
8 24 46 47 
8 24 46 48 
8 24 46 61 
8 24 47 48 
8 24 47 61 
8 24 48 61 
8 25 26 46 
8 25 26 47 
8 25 26 48 
8 25 26 61 
8 25 46 47 
8 25 46 48 
8 25 46 61 
8 25 47 48 
8 25 47 61 
8 25 48 61 
8 26 46 47 
8 26 46 48 
8 26 46 61 
8 26 47 48 
8 26 47 61 
8 26 48 61 
8 46 47 48 
8 46 47 61 
8 46 48 61 
8 47 48 61 
24 25 26 46 
24 25 26 47 
24 25 26 48 
24 25 26 61 
24 25 46 47 
24 25 46 48 
24 25 46 61 
24 25 47 48 
24 25 47 61 
24 25 48 61 
24 26 46 47 
24 26 46 48 
24 26 46 61 
24 26 47 48 
24 26 47 61 
24 26 48 61 
24 46 47 48 
24 46 47 61 
24 46 48 61 
24 47 48 61 
25 26 46 47 
25 26 46 48 
25 26 46 61 
25 26 47 48 
25 26 47 61 
25 26 48 61 
25 46 47 48 
25 46 47 61 
25 46 48 61 
25 47 48 61 
26 46 47 48 
26 46 47 61 
26 46 48 61 
26 47 48 61 
46 47 48 61 
5 56 
8 24 25 26 46 
8 24 25 26 47 
8 24 25 26 48 
8 24 25 26 61 
8 24 25 46 47 
8 24 25 46 48 
8 24 25 46 61 
8 24 25 47 48 
8 24 25 47 61 
8 24 25 48 61 
8 24 26 46 47 
8 24 26 46 48 
8 24 26 46 61 
8 24 26 47 48 
8 24 26 47 61 
8 24 26 48 61 
8 24 46 47 48 
8 24 46 47 61 
8 24 46 48 61 
8 24 47 48 61 
8 25 26 46 47 
8 25 26 46 48 
8 25 26 46 61 
8 25 26 47 48 
8 25 26 47 61 
8 25 26 48 61 
8 25 46 47 48 
8 25 46 47 61 
8 25 46 48 61 
8 25 47 48 61 
8 26 46 47 48 
8 26 46 47 61 
8 26 46 48 61 
8 26 47 48 61 
8 46 47 48 61 
24 25 26 46 47 
24 25 26 46 48 
24 25 26 46 61 
24 25 26 47 48 
24 25 26 47 61 
24 25 26 48 61 
24 25 46 47 48 
24 25 46 47 61 
24 25 46 48 61 
24 25 47 48 61 
24 26 46 47 48 
24 26 46 47 61 
24 26 46 48 61 
24 26 47 48 61 
24 46 47 48 61 
25 26 46 47 48 
25 26 46 47 61 
25 26 46 48 61 
25 26 47 48 61 
25 46 47 48 61 
26 46 47 48 61 
6 28 
8 24 25 26 46 47 
8 24 25 26 46 48 
8 24 25 26 46 61 
8 24 25 26 47 48 
8 24 25 26 47 61 
8 24 25 26 48 61 
8 24 25 46 47 48 
8 24 25 46 47 61 
8 24 25 46 48 61 
8 24 25 47 48 61 
8 24 26 46 47 48 
8 24 26 46 47 61 
8 24 26 46 48 61 
8 24 26 47 48 61 
8 24 46 47 48 61 
8 25 26 46 47 48 
8 25 26 46 47 61 
8 25 26 46 48 61 
8 25 26 47 48 61 
8 25 46 47 48 61 
8 26 46 47 48 61 
24 25 26 46 47 48 
24 25 26 46 47 61 
24 25 26 46 48 61 
24 25 26 47 48 61 
24 25 46 47 48 61 
24 26 46 47 48 61 
25 26 46 47 48 61 
7 8 
8 24 25 26 46 47 48 
8 24 25 26 46 47 61 
8 24 25 26 46 48 61 
8 24 25 26 47 48 61 
8 24 25 46 47 48 61 
8 24 26 46 47 48 61 
8 25 26 46 47 48 61 
24 25 26 46 47 48 61 
8 1 
8 24 25 26 46 47 48 61 
6
0 1 

1 8 
9 
27 
28 
29 
49 
50 
51 
62 
2 28 
9 27 
9 28 
9 29 
9 49 
9 50 
9 51 
9 62 
27 28 
27 29 
27 49 
27 50 
27 51 
27 62 
28 29 
28 49 
28 50 
28 51 
28 62 
29 49 
29 50 
29 51 
29 62 
49 50 
49 51 
49 62 
50 51 
50 62 
51 62 
3 56 
9 27 28 
9 27 29 
9 27 49 
9 27 50 
9 27 51 
9 27 62 
9 28 29 
9 28 49 
9 28 50 
9 28 51 
9 28 62 
9 29 49 
9 29 50 
9 29 51 
9 29 62 
9 49 50 
9 49 51 
9 49 62 
9 50 51 
9 50 62 
9 51 62 
27 28 29 
27 28 49 
27 28 50 
27 28 51 
27 28 62 
27 29 49 
27 29 50 
27 29 51 
27 29 62 
27 49 50 
27 49 51 
27 49 62 
27 50 51 
27 50 62 
27 51 62 
28 29 49 
28 29 50 
28 29 51 
28 29 62 
28 49 50 
28 49 51 
28 49 62 
28 50 51 
28 50 62 
28 51 62 
29 49 50 
29 49 51 
29 49 62 
29 50 51 
29 50 62 
29 51 62 
49 50 51 
49 50 62 
49 51 62 
50 51 62 
4 70 
9 27 28 29 
9 27 28 49 
9 27 28 50 
9 27 28 51 
9 27 28 62 
9 27 29 49 
9 27 29 50 
9 27 29 51 
9 27 29 62 
9 27 49 50 
9 27 49 51 
9 27 49 62 
9 27 50 51 
9 27 50 62 
9 27 51 62 
9 28 29 49 
9 28 29 50 
9 28 29 51 
9 28 29 62 
9 28 49 50 
9 28 49 51 
9 28 49 62 
9 28 50 51 
9 28 50 62 
9 28 51 62 
9 29 49 50 
9 29 49 51 
9 29 49 62 
9 29 50 51 
9 29 50 62 
9 29 51 62 
9 49 50 51 
9 49 50 62 
9 49 51 62 
9 50 51 62 
27 28 29 49 
27 28 29 50 
27 28 29 51 
27 28 29 62 
27 28 49 50 
27 28 49 51 
27 28 49 62 
27 28 50 51 
27 28 50 62 
27 28 51 62 
27 29 49 50 
27 29 49 51 
27 29 49 62 
27 29 50 51 
27 29 50 62 
27 29 51 62 
27 49 50 51 
27 49 50 62 
27 49 51 62 
27 50 51 62 
28 29 49 50 
28 29 49 51 
28 29 49 62 
28 29 50 51 
28 29 50 62 
28 29 51 62 
28 49 50 51 
28 49 50 62 
28 49 51 62 
28 50 51 62 
29 49 50 51 
29 49 50 62 
29 49 51 62 
29 50 51 62 
49 50 51 62 
5 56 
9 27 28 29 49 
9 27 28 29 50 
9 27 28 29 51 
9 27 28 29 62 
9 27 28 49 50 
9 27 28 49 51 
9 27 28 49 62 
9 27 28 50 51 
9 27 28 50 62 
9 27 28 51 62 
9 27 29 49 50 
9 27 29 49 51 
9 27 29 49 62 
9 27 29 50 51 
9 27 29 50 62 
9 27 29 51 62 
9 27 49 50 51 
9 27 49 50 62 
9 27 49 51 62 
9 27 50 51 62 
9 28 29 49 50 
9 28 29 49 51 
9 28 29 49 62 
9 28 29 50 51 
9 28 29 50 62 
9 28 29 51 62 
9 28 49 50 51 
9 28 49 50 62 
9 28 49 51 62 
9 28 50 51 62 
9 29 49 50 51 
9 29 49 50 62 
9 29 49 51 62 
9 29 50 51 62 
9 49 50 51 62 
27 28 29 49 50 
27 28 29 49 51 
27 28 29 49 62 
27 28 29 50 51 
27 28 29 50 62 
27 28 29 51 62 
27 28 49 50 51 
27 28 49 50 62 
27 28 49 51 62 
27 28 50 51 62 
27 29 49 50 51 
27 29 49 50 62 
27 29 49 51 62 
27 29 50 51 62 
27 49 50 51 62 
28 29 49 50 51 
28 29 49 50 62 
28 29 49 51 62 
28 29 50 51 62 
28 49 50 51 62 
29 49 50 51 62 
6 28 
9 27 28 29 49 50 
9 27 28 29 49 51 
9 27 28 29 49 62 
9 27 28 29 50 51 
9 27 28 29 50 62 
9 27 28 29 51 62 
9 27 28 49 50 51 
9 27 28 49 50 62 
9 27 28 49 51 62 
9 27 28 50 51 62 
9 27 29 49 50 51 
9 27 29 49 50 62 
9 27 29 49 51 62 
9 27 29 50 51 62 
9 27 49 50 51 62 
9 28 29 49 50 51 
9 28 29 49 50 62 
9 28 29 49 51 62 
9 28 29 50 51 62 
9 28 49 50 51 62 
9 29 49 50 51 62 
27 28 29 49 50 51 
27 28 29 49 50 62 
27 28 29 49 51 62 
27 28 29 50 51 62 
27 28 49 50 51 62 
27 29 49 50 51 62 
28 29 49 50 51 62 
7 8 
9 27 28 29 49 50 51 
9 27 28 29 49 50 62 
9 27 28 29 49 51 62 
9 27 28 29 50 51 62 
9 27 28 49 50 51 62 
9 27 29 49 50 51 62 
9 28 29 49 50 51 62 
27 28 29 49 50 51 62 
8 1 
9 27 28 29 49 50 51 62 
7
0 1 

1 1 

2 4 
13 53 
33 34 
35 63 
54 55 
3 1 

4 6 
13 33 34 53 
13 35 53 63 
13 53 54 55 
33 34 35 63 
33 34 54 55 
35 54 55 63 
5 1 

6 4 
13 33 34 35 53 63 
13 33 34 53 54 55 
13 35 53 54 55 63 
33 34 35 54 55 63 
7 1 

8 1 
13 33 34 35 53 54 55 63 
8
0 1 

1 8 
23 
43 
44 
45 
58 
59 
60 
64 
2 28 
23 43 
23 44 
23 45 
23 58 
23 59 
23 60 
23 64 
43 44 
43 45 
43 58 
43 59 
43 60 
43 64 
44 45 
44 58 
44 59 
44 60 
44 64 
45 58 
45 59 
45 60 
45 64 
58 59 
58 60 
58 64 
59 60 
59 64 
60 64 
3 56 
23 43 44 
23 43 45 
23 43 58 
23 43 59 
23 43 60 
23 43 64 
23 44 45 
23 44 58 
23 44 59 
23 44 60 
23 44 64 
23 45 58 
23 45 59 
23 45 60 
23 45 64 
23 58 59 
23 58 60 
23 58 64 
23 59 60 
23 59 64 
23 60 64 
43 44 45 
43 44 58 
43 44 59 
43 44 60 
43 44 64 
43 45 58 
43 45 59 
43 45 60 
43 45 64 
43 58 59 
43 58 60 
43 58 64 
43 59 60 
43 59 64 
43 60 64 
44 45 58 
44 45 59 
44 45 60 
44 45 64 
44 58 59 
44 58 60 
44 58 64 
44 59 60 
44 59 64 
44 60 64 
45 58 59 
45 58 60 
45 58 64 
45 59 60 
45 59 64 
45 60 64 
58 59 60 
58 59 64 
58 60 64 
59 60 64 
4 70 
23 43 44 45 
23 43 44 58 
23 43 44 59 
23 43 44 60 
23 43 44 64 
23 43 45 58 
23 43 45 59 
23 43 45 60 
23 43 45 64 
23 43 58 59 
23 43 58 60 
23 43 58 64 
23 43 59 60 
23 43 59 64 
23 43 60 64 
23 44 45 58 
23 44 45 59 
23 44 45 60 
23 44 45 64 
23 44 58 59 
23 44 58 60 
23 44 58 64 
23 44 59 60 
23 44 59 64 
23 44 60 64 
23 45 58 59 
23 45 58 60 
23 45 58 64 
23 45 59 60 
23 45 59 64 
23 45 60 64 
23 58 59 60 
23 58 59 64 
23 58 60 64 
23 59 60 64 
43 44 45 58 
43 44 45 59 
43 44 45 60 
43 44 45 64 
43 44 58 59 
43 44 58 60 
43 44 58 64 
43 44 59 60 
43 44 59 64 
43 44 60 64 
43 45 58 59 
43 45 58 60 
43 45 58 64 
43 45 59 60 
43 45 59 64 
43 45 60 64 
43 58 59 60 
43 58 59 64 
43 58 60 64 
43 59 60 64 
44 45 58 59 
44 45 58 60 
44 45 58 64 
44 45 59 60 
44 45 59 64 
44 45 60 64 
44 58 59 60 
44 58 59 64 
44 58 60 64 
44 59 60 64 
45 58 59 60 
45 58 59 64 
45 58 60 64 
45 59 60 64 
58 59 60 64 
5 56 
23 43 44 45 58 
23 43 44 45 59 
23 43 44 45 60 
23 43 44 45 64 
23 43 44 58 59 
23 43 44 58 60 
23 43 44 58 64 
23 43 44 59 60 
23 43 44 59 64 
23 43 44 60 64 
23 43 45 58 59 
23 43 45 58 60 
23 43 45 58 64 
23 43 45 59 60 
23 43 45 59 64 
23 43 45 60 64 
23 43 58 59 60 
23 43 58 59 64 
23 43 58 60 64 
23 43 59 60 64 
23 44 45 58 59 
23 44 45 58 60 
23 44 45 58 64 
23 44 45 59 60 
23 44 45 59 64 
23 44 45 60 64 
23 44 58 59 60 
23 44 58 59 64 
23 44 58 60 64 
23 44 59 60 64 
23 45 58 59 60 
23 45 58 59 64 
23 45 58 60 64 
23 45 59 60 64 
23 58 59 60 64 
43 44 45 58 59 
43 44 45 58 60 
43 44 45 58 64 
43 44 45 59 60 
43 44 45 59 64 
43 44 45 60 64 
43 44 58 59 60 
43 44 58 59 64 
43 44 58 60 64 
43 44 59 60 64 
43 45 58 59 60 
43 45 58 59 64 
43 45 58 60 64 
43 45 59 60 64 
43 58 59 60 64 
44 45 58 59 60 
44 45 58 59 64 
44 45 58 60 64 
44 45 59 60 64 
44 58 59 60 64 
45 58 59 60 64 
6 28 
23 43 44 45 58 59 
23 43 44 45 58 60 
23 43 44 45 58 64 
23 43 44 45 59 60 
23 43 44 45 59 64 
23 43 44 45 60 64 
23 43 44 58 59 60 
23 43 44 58 59 64 
23 43 44 58 60 64 
23 43 44 59 60 64 
23 43 45 58 59 60 
23 43 45 58 59 64 
23 43 45 58 60 64 
23 43 45 59 60 64 
23 43 58 59 60 64 
23 44 45 58 59 60 
23 44 45 58 59 64 
23 44 45 58 60 64 
23 44 45 59 60 64 
23 44 58 59 60 64 
23 45 58 59 60 64 
43 44 45 58 59 60 
43 44 45 58 59 64 
43 44 45 58 60 64 
43 44 45 59 60 64 
43 44 58 59 60 64 
43 45 58 59 60 64 
44 45 58 59 60 64 
7 8 
23 43 44 45 58 59 60 
23 43 44 45 58 59 64 
23 43 44 45 58 60 64 
23 43 44 45 59 60 64 
23 43 44 58 59 60 64 
23 43 45 58 59 60 64 
23 44 45 58 59 60 64 
43 44 45 58 59 60 64 
8 1 
23 43 44 45 58 59 60 64 
