//Table for grp 65:
57
0 0 2 2 4 4 2 4 
0 0 2 4 4 2 4 2 
0 0 4 2 2 4 4 2 
0 0 4 4 2 2 2 4 
0 2 0 2 4 2 4 4 
0 2 0 4 4 4 2 2 
0 2 2 0 2 4 4 4 
0 2 2 2 2 2 2 6 
0 2 2 2 2 2 6 2 
0 2 2 2 2 6 2 2 
0 2 2 2 6 2 2 2 
0 2 2 4 2 0 4 4 
0 2 2 4 2 4 0 4 
0 2 2 4 2 4 4 0 
0 2 2 6 2 2 2 2 
0 2 4 0 4 4 2 2 
0 2 4 2 0 2 4 4 
0 2 4 2 4 2 0 4 
0 2 4 2 4 2 4 0 
0 2 4 4 0 4 2 2 
0 2 4 4 4 0 2 2 
0 2 6 2 2 2 2 2 
0 4 0 2 2 4 4 2 
0 4 0 4 2 2 2 4 
0 4 2 0 4 2 4 2 
0 4 2 2 0 4 2 4 
0 4 2 2 4 0 2 4 
0 4 2 2 4 4 2 0 
0 4 2 4 0 2 4 2 
0 4 2 4 4 2 0 2 
0 4 4 0 2 2 2 4 
0 4 4 2 2 0 4 2 
0 4 4 2 2 4 0 2 
0 4 4 4 2 2 2 0 
0 6 2 2 2 2 2 2 
2 0 2 2 2 2 4 4 
2 0 2 4 2 4 2 2 
2 0 4 2 4 2 2 2 
2 2 0 2 2 4 2 4 
2 2 0 4 2 2 4 2 
2 2 2 0 4 2 2 4 
2 2 2 2 0 4 4 2 
2 2 2 2 4 0 4 2 
2 2 2 2 4 4 0 2 
2 2 2 4 0 2 2 4 
2 2 2 4 4 2 2 0 
2 2 4 0 2 2 4 2 
2 2 4 2 2 0 2 4 
2 2 4 2 2 4 2 0 
2 2 4 4 2 2 0 2 
2 4 0 2 4 2 2 2 
2 4 2 0 2 4 2 2 
2 4 2 2 2 2 0 4 
2 4 2 2 2 2 4 0 
2 4 2 4 2 0 2 2 
2 4 4 2 0 2 2 2 
4 2 2 2 2 2 2 2 
1 2 3 4 5 6 7 8 9 10 11 12 13 14 15 16 17 18 19 20 21 22 23 24 25 26 27 28 29 30 31 32 33 34 35 36 37 38 39 40 41 42 43 44 45 46 47 48 49 50 51 52 53 54 55 56 57 58 59 60 61 62 63 64 
2 7 8 9 10 11 12 16 19 21 22 1 23 24 25 26 27 28 29 30 31 32 35 37 38 3 40 41 4 42 5 6 43 44 45 46 47 48 49 50 51 52 54 55 13 56 14 15 57 17 18 20 58 59 60 61 62 63 33 34 36 39 64 53 
3 24 5 13 14 15 16 2 43 8 46 47 17 1 20 21 33 34 35 36 37 38 9 10 11 12 23 58 59 25 26 61 4 39 40 6 7 42 53 54 55 56 27 28 29 30 31 32 44 45 64 48 18 19 57 22 63 49 50 51 52 60 41 62 
4 28 13 6 17 18 19 44 2 49 9 51 15 33 34 35 20 1 22 39 40 41 8 58 23 60 10 11 12 27 62 29 36 3 38 53 54 55 5 42 7 57 24 25 26 43 64 45 30 31 32 50 14 56 16 63 21 46 47 48 59 52 37 61 
5 10 14 17 1 20 21 24 27 2 30 31 33 3 36 37 4 39 40 6 7 42 43 8 46 47 9 49 50 11 12 52 13 53 54 15 16 56 18 19 57 22 23 58 59 25 26 61 28 29 62 32 34 35 63 38 41 44 45 64 48 51 55 60 
6 11 15 18 20 1 22 25 28 30 2 32 34 36 3 38 39 4 41 5 42 7 44 46 8 48 49 9 51 10 52 12 53 13 55 14 56 16 17 57 19 21 58 23 60 24 61 26 27 62 29 31 33 63 35 37 40 43 64 45 47 50 54 59 
7 12 16 19 21 22 1 26 29 31 32 2 35 37 38 3 40 41 4 42 5 6 45 47 48 8 50 51 9 52 10 11 54 55 13 56 14 15 57 17 18 20 59 60 23 61 24 25 62 27 28 30 63 33 34 36 39 64 43 44 46 49 53 58 
8 37 10 23 24 25 26 7 54 16 56 14 27 2 30 31 43 44 45 46 47 48 19 21 22 1 35 63 33 38 3 36 9 49 50 11 12 52 58 59 60 61 40 41 4 42 5 6 55 13 53 15 28 29 62 32 64 57 17 18 20 34 51 39 
9 41 23 11 27 28 29 55 7 57 19 18 25 43 44 45 30 2 32 49 50 51 16 63 35 34 21 22 1 40 39 4 46 8 48 58 59 60 10 52 12 62 37 38 3 54 53 13 42 5 6 17 24 61 26 64 31 56 14 15 33 20 47 36 
10 21 24 27 2 30 31 37 40 7 42 5 43 8 46 47 9 49 50 11 12 52 54 16 56 14 19 57 17 22 1 20 23 58 59 25 26 61 28 29 62 32 35 63 33 38 3 36 41 4 39 6 44 45 64 48 51 55 13 53 15 18 60 34 
11 22 25 28 30 2 32 38 41 42 7 6 44 46 8 48 49 9 51 10 52 12 55 56 16 15 57 19 18 21 20 1 58 23 60 24 61 26 27 62 29 31 63 35 34 37 36 3 40 39 4 5 43 64 45 47 50 54 53 13 14 17 59 33 
12 1 26 29 31 32 2 3 4 5 6 7 45 47 48 8 50 51 9 52 10 11 13 14 15 16 17 18 19 20 21 22 59 60 23 61 24 25 62 27 28 30 33 34 35 36 37 38 39 40 41 42 64 43 44 46 49 53 54 55 56 57 58 63 
13 58 17 15 33 34 35 28 24 44 43 64 20 4 39 40 36 3 38 53 54 55 2 49 9 51 8 46 47 23 60 59 6 5 42 18 19 57 14 56 16 63 10 11 12 27 62 29 25 26 61 45 1 22 21 41 37 30 31 32 50 48 7 52 
14 8 1 33 3 36 37 10 23 24 25 26 4 5 6 7 13 53 54 15 16 56 27 2 30 31 43 44 45 46 47 48 17 18 19 20 21 22 34 35 63 38 9 49 50 11 12 52 58 59 60 61 39 40 41 42 55 28 29 62 32 64 57 51 
15 46 20 34 36 3 38 11 58 25 24 61 39 6 5 42 53 13 55 14 56 16 28 30 2 32 44 43 64 8 48 47 18 17 57 1 22 21 33 63 35 37 49 9 51 10 52 12 23 60 59 26 4 41 40 7 54 27 62 29 31 45 19 50 
16 47 21 35 37 38 3 12 59 26 61 24 40 7 42 5 54 55 13 56 14 15 29 31 32 2 45 64 43 48 8 46 19 57 17 22 1 20 63 33 34 36 50 51 9 52 10 11 60 23 58 25 41 4 39 6 53 62 27 28 30 44 18 49 
17 49 33 20 4 39 40 58 10 28 27 62 36 13 53 54 6 5 42 18 19 57 24 44 43 64 2 30 31 9 51 50 15 14 56 34 35 63 1 22 21 41 8 46 47 23 60 59 11 12 52 29 3 38 37 55 7 25 26 61 45 32 16 48 
18 9 34 1 39 4 41 23 11 27 28 29 3 53 13 55 5 6 7 17 57 19 25 43 44 45 30 2 32 49 50 51 14 15 16 33 63 35 20 21 22 40 46 8 48 58 59 60 10 52 12 62 36 37 38 54 42 24 61 26 64 31 56 47 
19 51 35 22 40 41 4 60 12 62 29 28 38 54 55 13 42 7 6 57 17 18 26 64 45 44 31 32 2 50 49 9 56 16 15 63 33 34 21 20 1 39 47 48 8 59 58 23 52 10 11 27 37 36 3 53 5 61 24 25 43 30 14 46 
20 30 36 39 6 5 42 46 49 11 10 52 53 15 14 56 18 17 57 1 22 21 58 25 24 61 28 27 62 2 32 31 34 33 63 3 38 37 4 41 40 7 44 43 64 8 48 47 9 51 50 12 13 55 54 16 19 23 60 59 26 29 35 45 
21 31 37 40 7 42 5 47 50 12 52 10 54 16 56 14 19 57 17 22 1 20 59 26 61 24 29 62 27 32 2 30 35 63 33 38 3 36 41 4 39 6 45 64 43 48 8 46 51 9 49 11 55 13 53 15 18 60 23 58 25 28 34 44 
22 32 38 41 42 7 6 48 51 52 12 11 55 56 16 15 57 19 18 21 20 1 60 61 26 25 62 29 28 31 30 2 63 35 34 37 36 3 40 39 4 5 64 45 44 47 46 8 50 49 9 10 54 53 13 14 17 59 58 23 24 27 33 43 
23 63 27 25 43 44 45 41 37 55 54 53 30 9 49 50 46 8 48 58 59 60 7 57 19 18 16 56 14 35 34 33 11 10 52 28 29 62 24 61 26 64 21 22 1 40 39 4 38 3 36 13 2 32 31 51 47 42 5 6 17 15 12 20 
24 16 2 43 8 46 47 21 35 37 38 3 9 10 11 12 23 58 59 25 26 61 40 7 42 5 54 55 13 56 14 15 27 28 29 30 31 32 44 45 64 48 19 57 17 22 1 20 63 33 34 36 49 50 51 52 60 41 4 39 6 53 62 18 
25 56 30 44 46 8 48 22 63 38 37 36 49 11 10 52 58 23 60 24 61 26 41 42 7 6 55 54 53 16 15 14 28 27 62 2 32 31 43 64 45 47 57 19 18 21 20 1 35 34 33 3 9 51 50 12 59 40 39 4 5 13 29 17 
26 14 31 45 47 48 8 1 33 3 36 37 50 12 52 10 59 60 23 61 24 25 4 5 6 7 13 53 54 15 16 56 29 62 27 32 2 30 64 43 44 46 17 18 19 20 21 22 34 35 63 38 51 9 49 11 58 39 40 41 42 55 28 57 
27 57 43 30 9 49 50 63 21 41 40 39 46 23 58 59 11 10 52 28 29 62 37 55 54 53 7 42 5 19 18 17 25 24 61 44 45 64 2 32 31 51 16 56 14 35 34 33 22 1 20 4 8 48 47 60 12 38 3 36 13 6 26 15 
28 19 44 2 49 9 51 35 22 40 41 4 8 58 23 60 10 11 12 27 62 29 38 54 55 13 42 7 6 57 17 18 24 25 26 43 64 45 30 31 32 50 56 16 15 63 33 34 21 20 1 39 46 47 48 59 52 37 36 3 53 5 61 14 
29 18 45 32 50 51 9 34 1 39 4 41 48 59 60 23 52 12 11 62 27 28 3 53 13 55 5 6 7 17 57 19 61 26 25 64 43 44 31 30 2 49 14 15 16 33 63 35 20 21 22 40 47 46 8 58 10 36 37 38 54 42 24 56 
30 42 46 49 11 10 52 56 57 22 21 20 58 25 24 61 28 27 62 2 32 31 63 38 37 36 41 40 39 7 6 5 44 43 64 8 48 47 9 51 50 12 55 54 53 16 15 14 19 18 17 1 23 60 59 26 29 35 34 33 3 4 45 13 
31 5 47 50 12 52 10 14 17 1 20 21 59 26 61 24 29 62 27 32 2 30 33 3 36 37 4 39 40 6 7 42 45 64 43 48 8 46 51 9 49 11 13 53 54 15 16 56 18 19 57 22 60 23 58 25 28 34 35 63 38 41 44 55 
32 6 48 51 52 12 11 15 18 20 1 22 60 61 26 25 62 29 28 31 30 2 34 36 3 38 39 4 41 5 42 7 64 45 44 47 46 8 50 49 9 10 53 13 55 14 56 16 17 57 19 21 59 58 23 24 27 33 63 35 37 40 43 54 
33 44 4 36 13 53 54 49 8 58 23 60 6 17 18 19 15 14 56 34 35 63 10 28 27 62 24 25 26 43 64 45 20 1 22 39 40 41 3 38 37 55 2 30 31 9 51 50 46 47 48 59 5 42 7 57 16 11 12 52 29 61 21 32 
34 43 39 3 53 13 55 9 46 23 58 59 5 18 17 57 14 15 16 33 63 35 11 27 28 29 25 24 61 44 45 64 1 20 21 4 41 40 36 37 38 54 30 2 32 49 50 51 8 48 47 60 6 7 42 19 56 10 52 12 62 26 22 31 
35 64 40 38 54 55 13 51 47 60 59 58 42 19 57 17 56 16 15 63 33 34 12 62 29 28 26 61 24 45 44 43 22 21 20 41 4 39 37 36 3 53 31 32 2 50 49 9 48 8 46 23 7 6 5 18 14 52 10 11 27 25 1 30 
36 25 6 53 15 14 56 30 44 46 8 48 18 20 1 22 34 33 63 3 38 37 49 11 10 52 58 23 60 24 61 26 39 4 41 5 42 7 13 55 54 16 28 27 62 2 32 31 43 64 45 47 17 57 19 21 35 9 51 50 12 59 40 29 
37 26 7 54 16 56 14 31 45 47 48 8 19 21 22 1 35 63 33 38 3 36 50 12 52 10 59 60 23 61 24 25 40 41 4 42 5 6 55 13 53 15 29 62 27 32 2 30 64 43 44 46 57 17 18 20 34 51 9 49 11 58 39 28 
38 61 42 55 56 16 15 32 64 48 47 46 57 22 21 20 63 35 34 37 36 3 51 52 12 11 60 59 58 26 25 24 41 40 39 7 6 5 54 53 13 14 62 29 28 31 30 2 45 44 43 8 19 18 17 1 33 50 49 9 10 23 4 27 
39 27 53 5 18 17 57 43 30 9 49 50 14 34 33 63 1 20 21 4 41 40 46 23 58 59 11 10 52 28 29 62 3 36 37 13 55 54 6 7 42 19 25 24 61 44 45 64 2 32 31 51 15 16 56 35 22 8 48 47 60 12 38 26 
40 62 54 42 19 57 17 64 31 51 50 49 56 35 63 33 22 21 20 41 4 39 47 60 59 58 12 52 10 29 28 27 38 37 36 55 13 53 7 6 5 18 26 61 24 45 44 43 32 2 30 9 16 15 14 34 1 48 8 46 23 11 3 25 
41 29 55 7 57 19 18 45 32 50 51 9 16 63 35 34 21 22 1 40 39 4 48 59 60 23 52 12 11 62 27 28 37 38 3 54 53 13 42 5 6 17 61 26 25 64 43 44 31 30 2 49 56 14 15 33 20 47 46 8 58 10 36 24 
42 52 56 57 22 21 20 61 62 32 31 30 63 38 37 36 41 40 39 7 6 5 64 48 47 46 51 50 49 12 11 10 55 54 53 16 15 14 19 18 17 1 60 59 58 26 25 24 29 28 27 2 35 34 33 3 4 45 44 43 8 9 13 23 
43 55 9 46 23 58 59 57 16 63 35 34 11 27 28 29 25 24 61 44 45 64 21 41 40 39 37 38 3 54 53 13 30 2 32 49 50 51 8 48 47 60 7 42 5 19 18 17 56 14 15 33 10 52 12 62 26 22 1 20 4 36 31 6 
44 54 49 8 58 23 60 19 56 35 63 33 10 28 27 62 24 25 26 43 64 45 22 40 41 4 38 37 36 55 13 53 2 30 31 9 51 50 46 47 48 59 42 7 6 57 17 18 16 15 14 34 11 12 52 29 61 21 20 1 39 3 32 5 
45 53 50 48 59 60 23 18 14 34 33 63 52 29 62 27 61 26 25 64 43 44 1 39 4 41 3 36 37 13 55 54 32 31 30 51 9 49 47 46 8 58 5 6 7 17 57 19 15 16 56 35 12 11 10 28 24 20 21 22 40 38 2 42 
46 38 11 58 25 24 61 42 55 56 16 15 28 30 2 32 44 43 64 8 48 47 57 22 21 20 63 35 34 37 36 3 49 9 51 10 52 12 23 60 59 26 41 40 39 7 6 5 54 53 13 14 27 62 29 31 45 19 18 17 1 33 50 4 
47 3 12 59 26 61 24 5 13 14 15 16 29 31 32 2 45 64 43 48 8 46 17 1 20 21 33 34 35 36 37 38 50 51 9 52 10 11 60 23 58 25 4 39 40 6 7 42 53 54 55 56 62 27 28 30 44 18 19 57 22 63 49 41 
48 36 52 60 61 26 25 6 53 15 14 56 62 32 31 30 64 45 44 47 46 8 18 20 1 22 34 33 63 3 38 37 51 50 49 12 11 10 59 58 23 24 39 4 41 5 42 7 13 55 54 16 29 28 27 2 43 17 57 19 21 35 9 40 
49 40 58 10 28 27 62 54 42 19 57 17 24 44 43 64 2 30 31 9 51 50 56 35 63 33 22 21 20 41 4 39 8 46 47 23 60 59 11 12 52 29 38 37 36 55 13 53 7 6 5 18 25 26 61 45 32 16 15 14 34 1 48 3 
50 39 59 52 29 62 27 53 5 18 17 57 61 45 64 43 32 31 30 51 9 49 14 34 33 63 1 20 21 4 41 40 48 47 46 60 23 58 12 11 10 28 3 36 37 13 55 54 6 7 42 19 26 25 24 44 2 15 16 56 35 22 8 38 
51 4 60 12 62 29 28 13 6 17 18 19 26 64 45 44 31 32 2 50 49 9 15 33 34 35 20 1 22 39 40 41 47 48 8 59 58 23 52 10 11 27 36 3 38 53 54 55 5 42 7 57 61 24 25 43 30 14 56 16 63 21 46 37 
52 20 61 62 32 31 30 36 39 6 5 42 64 48 47 46 51 50 49 12 11 10 53 15 14 56 18 17 57 1 22 21 60 59 58 26 25 24 29 28 27 2 34 33 63 3 38 37 4 41 40 7 45 44 43 8 9 13 55 54 16 19 23 35 
53 23 18 14 34 33 63 27 25 43 44 45 1 39 4 41 3 36 37 13 55 54 30 9 49 50 46 8 48 58 59 60 5 6 7 17 57 19 15 16 56 35 11 10 52 28 29 62 24 61 26 64 20 21 22 40 38 2 32 31 51 47 42 12 
54 60 19 56 35 63 33 62 26 64 45 44 22 40 41 4 38 37 36 55 13 53 31 51 50 49 47 48 8 59 58 23 42 7 6 57 17 18 16 15 14 34 12 52 10 29 28 27 61 24 25 43 21 20 1 39 3 32 2 30 9 46 5 11 
55 59 57 16 63 35 34 29 61 45 64 43 21 41 40 39 37 38 3 54 53 13 32 50 51 9 48 47 46 60 23 58 7 42 5 19 18 17 56 14 15 33 52 12 11 62 27 28 26 25 24 44 22 1 20 4 36 31 30 2 49 8 6 10 
56 48 22 63 38 37 36 52 60 61 26 25 41 42 7 6 55 54 53 16 15 14 62 32 31 30 64 45 44 47 46 8 57 19 18 21 20 1 35 34 33 3 51 50 49 12 11 10 59 58 23 24 40 39 4 5 13 29 28 27 2 43 17 9 
57 50 63 21 41 40 39 59 52 29 62 27 37 55 54 53 7 42 5 19 18 17 61 45 64 43 32 31 30 51 9 49 16 56 14 35 34 33 22 1 20 4 48 47 46 60 23 58 12 11 10 28 38 3 36 13 6 26 25 24 44 2 15 8 
58 35 28 24 44 43 64 40 38 54 55 13 2 49 9 51 8 46 47 23 60 59 42 19 57 17 56 16 15 63 33 34 10 11 12 27 62 29 25 26 61 45 22 21 20 41 4 39 37 36 3 53 30 31 32 50 48 7 6 5 18 14 52 1 
59 34 29 61 45 64 43 39 3 53 13 55 32 50 51 9 48 47 46 60 23 58 5 18 17 57 14 15 16 33 63 35 52 12 11 62 27 28 26 25 24 44 1 20 21 4 41 40 36 37 38 54 31 30 2 49 8 6 7 42 19 56 10 22 
60 33 62 26 64 45 44 4 36 13 53 54 31 51 50 49 47 48 8 59 58 23 6 17 18 19 15 14 56 34 35 63 12 52 10 29 28 27 61 24 25 43 20 1 22 39 40 41 3 38 37 55 32 2 30 9 46 5 42 7 57 16 11 21 
61 15 32 64 48 47 46 20 34 36 3 38 51 52 12 11 60 59 58 26 25 24 39 6 5 42 53 13 55 14 56 16 62 29 28 31 30 2 45 44 43 8 18 17 57 1 22 21 33 63 35 37 50 49 9 10 23 4 41 40 7 54 27 19 
62 17 64 31 51 50 49 33 20 4 39 40 47 60 59 58 12 52 10 29 28 27 36 13 53 54 6 5 42 18 19 57 26 61 24 45 44 43 32 2 30 9 15 14 56 34 35 63 1 22 21 41 48 8 46 23 11 3 38 37 55 7 25 16 
63 45 41 37 55 54 53 50 48 59 60 23 7 57 19 18 16 56 14 35 34 33 52 29 62 27 61 26 25 64 43 44 21 22 1 40 39 4 38 3 36 13 32 31 30 51 9 49 47 46 8 58 42 5 6 17 15 12 11 10 28 24 20 2 
64 13 51 47 60 59 58 17 15 33 34 35 12 62 29 28 26 61 24 45 44 43 20 4 39 40 36 3 38 53 54 55 31 32 2 50 49 9 48 8 46 23 6 5 42 18 19 57 14 56 16 63 52 10 11 27 25 1 22 21 41 37 30 7 
1
0 1 

1 8 
1 
5 
6 
7 
20 
21 
22 
42 
2 28 
1 5 
1 6 
1 7 
1 20 
1 21 
1 22 
1 42 
5 6 
5 7 
5 20 
5 21 
5 22 
5 42 
6 7 
6 20 
6 21 
6 22 
6 42 
7 20 
7 21 
7 22 
7 42 
20 21 
20 22 
20 42 
21 22 
21 42 
22 42 
3 56 
1 5 6 
1 5 7 
1 5 20 
1 5 21 
1 5 22 
1 5 42 
1 6 7 
1 6 20 
1 6 21 
1 6 22 
1 6 42 
1 7 20 
1 7 21 
1 7 22 
1 7 42 
1 20 21 
1 20 22 
1 20 42 
1 21 22 
1 21 42 
1 22 42 
5 6 7 
5 6 20 
5 6 21 
5 6 22 
5 6 42 
5 7 20 
5 7 21 
5 7 22 
5 7 42 
5 20 21 
5 20 22 
5 20 42 
5 21 22 
5 21 42 
5 22 42 
6 7 20 
6 7 21 
6 7 22 
6 7 42 
6 20 21 
6 20 22 
6 20 42 
6 21 22 
6 21 42 
6 22 42 
7 20 21 
7 20 22 
7 20 42 
7 21 22 
7 21 42 
7 22 42 
20 21 22 
20 21 42 
20 22 42 
21 22 42 
4 70 
1 5 6 7 
1 5 6 20 
1 5 6 21 
1 5 6 22 
1 5 6 42 
1 5 7 20 
1 5 7 21 
1 5 7 22 
1 5 7 42 
1 5 20 21 
1 5 20 22 
1 5 20 42 
1 5 21 22 
1 5 21 42 
1 5 22 42 
1 6 7 20 
1 6 7 21 
1 6 7 22 
1 6 7 42 
1 6 20 21 
1 6 20 22 
1 6 20 42 
1 6 21 22 
1 6 21 42 
1 6 22 42 
1 7 20 21 
1 7 20 22 
1 7 20 42 
1 7 21 22 
1 7 21 42 
1 7 22 42 
1 20 21 22 
1 20 21 42 
1 20 22 42 
1 21 22 42 
5 6 7 20 
5 6 7 21 
5 6 7 22 
5 6 7 42 
5 6 20 21 
5 6 20 22 
5 6 20 42 
5 6 21 22 
5 6 21 42 
5 6 22 42 
5 7 20 21 
5 7 20 22 
5 7 20 42 
5 7 21 22 
5 7 21 42 
5 7 22 42 
5 20 21 22 
5 20 21 42 
5 20 22 42 
5 21 22 42 
6 7 20 21 
6 7 20 22 
6 7 20 42 
6 7 21 22 
6 7 21 42 
6 7 22 42 
6 20 21 22 
6 20 21 42 
6 20 22 42 
6 21 22 42 
7 20 21 22 
7 20 21 42 
7 20 22 42 
7 21 22 42 
20 21 22 42 
5 56 
1 5 6 7 20 
1 5 6 7 21 
1 5 6 7 22 
1 5 6 7 42 
1 5 6 20 21 
1 5 6 20 22 
1 5 6 20 42 
1 5 6 21 22 
1 5 6 21 42 
1 5 6 22 42 
1 5 7 20 21 
1 5 7 20 22 
1 5 7 20 42 
1 5 7 21 22 
1 5 7 21 42 
1 5 7 22 42 
1 5 20 21 22 
1 5 20 21 42 
1 5 20 22 42 
1 5 21 22 42 
1 6 7 20 21 
1 6 7 20 22 
1 6 7 20 42 
1 6 7 21 22 
1 6 7 21 42 
1 6 7 22 42 
1 6 20 21 22 
1 6 20 21 42 
1 6 20 22 42 
1 6 21 22 42 
1 7 20 21 22 
1 7 20 21 42 
1 7 20 22 42 
1 7 21 22 42 
1 20 21 22 42 
5 6 7 20 21 
5 6 7 20 22 
5 6 7 20 42 
5 6 7 21 22 
5 6 7 21 42 
5 6 7 22 42 
5 6 20 21 22 
5 6 20 21 42 
5 6 20 22 42 
5 6 21 22 42 
5 7 20 21 22 
5 7 20 21 42 
5 7 20 22 42 
5 7 21 22 42 
5 20 21 22 42 
6 7 20 21 22 
6 7 20 21 42 
6 7 20 22 42 
6 7 21 22 42 
6 20 21 22 42 
7 20 21 22 42 
6 28 
1 5 6 7 20 21 
1 5 6 7 20 22 
1 5 6 7 20 42 
1 5 6 7 21 22 
1 5 6 7 21 42 
1 5 6 7 22 42 
1 5 6 20 21 22 
1 5 6 20 21 42 
1 5 6 20 22 42 
1 5 6 21 22 42 
1 5 7 20 21 22 
1 5 7 20 21 42 
1 5 7 20 22 42 
1 5 7 21 22 42 
1 5 20 21 22 42 
1 6 7 20 21 22 
1 6 7 20 21 42 
1 6 7 20 22 42 
1 6 7 21 22 42 
1 6 20 21 22 42 
1 7 20 21 22 42 
5 6 7 20 21 22 
5 6 7 20 21 42 
5 6 7 20 22 42 
5 6 7 21 22 42 
5 6 20 21 22 42 
5 7 20 21 22 42 
6 7 20 21 22 42 
7 8 
1 5 6 7 20 21 22 
1 5 6 7 20 21 42 
1 5 6 7 20 22 42 
1 5 6 7 21 22 42 
1 5 6 20 21 22 42 
1 5 7 20 21 22 42 
1 6 7 20 21 22 42 
5 6 7 20 21 22 42 
8 1 
1 5 6 7 20 21 22 42 
2
0 1 

1 1 

2 4 
2 12 
10 31 
11 32 
30 52 
3 1 

4 6 
2 10 12 31 
2 11 12 32 
2 12 30 52 
10 11 31 32 
10 30 31 52 
11 30 32 52 
5 1 

6 4 
2 10 11 12 31 32 
2 10 12 30 31 52 
2 11 12 30 32 52 
10 11 30 31 32 52 
7 1 

8 1 
2 10 11 12 30 31 32 52 
3
0 1 

1 1 

2 4 
3 14 
15 36 
16 37 
38 56 
3 1 

4 6 
3 14 15 36 
3 14 16 37 
3 14 38 56 
15 16 36 37 
15 36 38 56 
16 37 38 56 
5 1 

6 4 
3 14 15 16 36 37 
3 14 15 36 38 56 
3 14 16 37 38 56 
15 16 36 37 38 56 
7 1 

8 1 
3 14 15 16 36 37 38 56 
4
0 1 

1 1 

2 4 
4 18 
17 39 
19 41 
40 57 
3 1 

4 6 
4 17 18 39 
4 18 19 41 
4 18 40 57 
17 19 39 41 
17 39 40 57 
19 40 41 57 
5 1 

6 4 
4 17 18 19 39 41 
4 17 18 39 40 57 
4 18 19 40 41 57 
17 19 39 40 41 57 
7 1 

8 1 
4 17 18 19 39 40 41 57 
5
0 1 

1 1 

2 4 
8 26 
24 47 
25 48 
46 61 
3 1 

4 6 
8 24 26 47 
8 25 26 48 
8 26 46 61 
24 25 47 48 
24 46 47 61 
25 46 48 61 
5 1 

6 4 
8 24 25 26 47 48 
8 24 26 46 47 61 
8 25 26 46 48 61 
24 25 46 47 48 61 
7 1 

8 1 
8 24 25 26 46 47 48 61 
6
0 1 

1 1 

2 4 
9 29 
27 50 
28 51 
49 62 
3 1 

4 6 
9 27 29 50 
9 28 29 51 
9 29 49 62 
27 28 50 51 
27 49 50 62 
28 49 51 62 
5 1 

6 4 
9 27 28 29 50 51 
9 27 29 49 50 62 
9 28 29 49 51 62 
27 28 49 50 51 62 
7 1 

8 1 
9 27 28 29 49 50 51 62 
7
0 1 

1 1 

2 4 
13 53 
33 34 
35 63 
54 55 
3 1 

4 6 
13 33 34 53 
13 35 53 63 
13 53 54 55 
33 34 35 63 
33 34 54 55 
35 54 55 63 
5 1 

6 4 
13 33 34 35 53 63 
13 33 34 53 54 55 
13 35 53 54 55 63 
33 34 35 54 55 63 
7 1 

8 1 
13 33 34 35 53 54 55 63 
8
0 1 

1 1 

2 4 
23 45 
43 59 
44 60 
58 64 
3 1 

4 6 
23 43 45 59 
23 44 45 60 
23 45 58 64 
43 44 59 60 
43 58 59 64 
44 58 60 64 
5 1 

6 4 
23 43 44 45 59 60 
23 43 45 58 59 64 
23 44 45 58 60 64 
43 44 58 59 60 64 
7 1 

8 1 
23 43 44 45 58 59 60 64 
