//Table for grp 194:
57
0 0 2 2 4 4 2 4 
0 0 2 4 4 2 4 2 
0 0 4 2 2 4 4 2 
0 0 4 4 2 2 2 4 
0 2 0 2 4 2 4 4 
0 2 0 4 4 4 2 2 
0 2 2 0 2 4 4 4 
0 2 2 2 2 2 2 6 
0 2 2 2 2 2 6 2 
0 2 2 2 2 6 2 2 
0 2 2 2 6 2 2 2 
0 2 2 4 2 0 4 4 
0 2 2 4 2 4 0 4 
0 2 2 4 2 4 4 0 
0 2 2 6 2 2 2 2 
0 2 4 0 4 4 2 2 
0 2 4 2 0 2 4 4 
0 2 4 2 4 2 0 4 
0 2 4 2 4 2 4 0 
0 2 4 4 0 4 2 2 
0 2 4 4 4 0 2 2 
0 2 6 2 2 2 2 2 
0 4 0 2 2 4 4 2 
0 4 0 4 2 2 2 4 
0 4 2 0 4 2 4 2 
0 4 2 2 0 4 2 4 
0 4 2 2 4 0 2 4 
0 4 2 2 4 4 2 0 
0 4 2 4 0 2 4 2 
0 4 2 4 4 2 0 2 
0 4 4 0 2 2 2 4 
0 4 4 2 2 0 4 2 
0 4 4 2 2 4 0 2 
0 4 4 4 2 2 2 0 
0 6 2 2 2 2 2 2 
2 0 2 2 2 2 4 4 
2 0 2 4 2 4 2 2 
2 0 4 2 4 2 2 2 
2 2 0 2 2 4 2 4 
2 2 0 4 2 2 4 2 
2 2 2 0 4 2 2 4 
2 2 2 2 0 4 4 2 
2 2 2 2 4 0 4 2 
2 2 2 2 4 4 0 2 
2 2 2 4 0 2 2 4 
2 2 2 4 4 2 2 0 
2 2 4 0 2 2 4 2 
2 2 4 2 2 0 2 4 
2 2 4 2 2 4 2 0 
2 2 4 4 2 2 0 2 
2 4 0 2 4 2 2 2 
2 4 2 0 2 4 2 2 
2 4 2 2 2 2 0 4 
2 4 2 2 2 2 4 0 
2 4 2 4 2 0 2 2 
2 4 4 2 0 2 2 2 
4 2 2 2 2 2 2 2 
1 2 3 4 5 6 7 8 9 10 11 12 13 14 15 16 17 18 19 20 21 22 23 24 25 26 27 28 29 30 31 32 33 34 35 36 37 38 39 40 41 42 43 44 45 46 47 48 49 50 51 52 53 54 55 56 57 58 59 60 61 62 63 64 
2 7 8 9 10 11 12 16 19 21 22 1 23 24 25 26 27 28 29 30 31 32 35 37 38 3 40 41 4 42 5 6 43 44 45 46 47 48 49 50 51 52 54 55 13 56 14 15 57 17 18 20 58 59 60 61 62 63 33 34 36 39 64 53 
3 25 6 13 14 15 16 2 44 46 8 48 18 20 1 22 33 34 35 36 37 38 9 10 11 12 58 23 60 24 61 26 39 4 41 5 42 7 53 54 55 56 27 28 29 30 31 32 43 64 45 47 17 57 19 21 63 49 50 51 52 59 40 62 
4 9 13 1 17 18 19 23 2 27 28 29 3 33 34 35 5 6 7 39 40 41 8 43 44 45 10 11 12 49 50 51 14 15 16 53 54 55 20 21 22 57 24 25 26 58 59 60 30 31 32 62 36 37 38 63 42 46 47 48 64 52 56 61 
5 10 14 17 1 20 21 24 27 2 30 31 33 3 36 37 4 39 40 6 7 42 43 8 46 47 9 49 50 11 12 52 13 53 54 15 16 56 18 19 57 22 23 58 59 25 26 61 28 29 62 32 34 35 63 38 41 44 45 64 48 51 55 60 
6 11 15 18 20 1 22 25 28 30 2 32 34 36 3 38 39 4 41 5 42 7 44 46 8 48 49 9 51 10 52 12 53 13 55 14 56 16 17 57 19 21 58 23 60 24 61 26 27 62 29 31 33 63 35 37 40 43 64 45 47 50 54 59 
7 12 16 19 21 22 1 26 29 31 32 2 35 37 38 3 40 41 4 42 5 6 45 47 48 8 50 51 9 52 10 11 54 55 13 56 14 15 57 17 18 20 59 60 23 61 24 25 62 27 28 30 63 33 34 36 39 64 43 44 46 49 53 58 
8 38 11 23 24 25 26 7 55 56 16 15 28 30 2 32 43 44 45 46 47 48 19 21 22 1 63 35 34 37 36 3 49 9 51 10 52 12 58 59 60 61 40 41 4 42 5 6 54 53 13 14 27 62 29 31 64 57 17 18 20 33 50 39 
9 19 23 2 27 28 29 35 7 40 41 4 8 43 44 45 10 11 12 49 50 51 16 54 55 13 21 22 1 57 17 18 24 25 26 58 59 60 30 31 32 62 37 38 3 63 33 34 42 5 6 39 46 47 48 64 52 56 14 15 53 20 61 36 
10 21 24 27 2 30 31 37 40 7 42 5 43 8 46 47 9 49 50 11 12 52 54 16 56 14 19 57 17 22 1 20 23 58 59 25 26 61 28 29 62 32 35 63 33 38 3 36 41 4 39 6 44 45 64 48 51 55 13 53 15 18 60 34 
11 22 25 28 30 2 32 38 41 42 7 6 44 46 8 48 49 9 51 10 52 12 55 56 16 15 57 19 18 21 20 1 58 23 60 24 61 26 27 62 29 31 63 35 34 37 36 3 40 39 4 5 43 64 45 47 50 54 53 13 14 17 59 33 
12 1 26 29 31 32 2 3 4 5 6 7 45 47 48 8 50 51 9 52 10 11 13 14 15 16 17 18 19 20 21 22 59 60 23 61 24 25 62 27 28 30 33 34 35 36 37 38 39 40 41 42 64 43 44 46 49 53 54 55 56 57 58 63 
13 44 18 3 33 34 35 9 25 58 23 60 6 39 4 41 14 15 16 53 54 55 2 27 28 29 46 8 48 43 64 45 20 1 22 17 57 19 36 37 38 63 10 11 12 49 50 51 24 61 26 59 5 42 7 40 56 30 31 32 62 47 21 52 
14 46 20 33 3 36 37 10 58 25 24 61 39 6 5 42 13 53 54 15 16 56 27 2 30 31 44 43 64 8 48 47 18 17 57 1 22 21 34 35 63 38 9 49 50 11 12 52 23 60 59 26 4 41 40 7 55 28 29 62 32 45 19 51 
15 8 1 34 36 3 38 11 23 24 25 26 4 5 6 7 53 13 55 14 56 16 28 30 2 32 43 44 45 46 47 48 17 18 19 20 21 22 33 63 35 37 49 9 51 10 52 12 58 59 60 61 39 40 41 42 54 27 62 29 31 64 57 50 
16 48 22 35 37 38 3 12 60 61 26 25 41 42 7 6 54 55 13 56 14 15 29 31 32 2 64 45 44 47 46 8 57 19 18 21 20 1 63 33 34 36 50 51 9 52 10 11 59 58 23 24 40 39 4 5 53 62 27 28 30 43 17 49 
17 27 33 5 4 39 40 43 10 9 49 50 14 13 53 54 1 20 21 18 19 57 24 23 58 59 2 30 31 28 29 62 3 36 37 34 35 63 6 7 42 41 8 46 47 44 45 64 11 12 52 51 15 16 56 55 22 25 26 61 60 32 38 48 
18 28 34 6 39 4 41 44 11 49 9 51 15 53 13 55 20 1 22 17 57 19 25 58 23 60 30 2 32 27 62 29 36 3 38 33 63 35 5 42 7 40 46 8 48 43 64 45 10 52 12 50 14 56 16 54 21 24 61 26 59 31 37 47 
19 29 35 7 40 41 4 45 12 50 51 9 16 54 55 13 21 22 1 57 17 18 26 59 60 23 31 32 2 62 27 28 37 38 3 63 33 34 42 5 6 39 47 48 8 64 43 44 52 10 11 49 56 14 15 53 20 61 24 25 58 30 36 46 
20 30 36 39 6 5 42 46 49 11 10 52 53 15 14 56 18 17 57 1 22 21 58 25 24 61 28 27 62 2 32 31 34 33 63 3 38 37 4 41 40 7 44 43 64 8 48 47 9 51 50 12 13 55 54 16 19 23 60 59 26 29 35 45 
21 31 37 40 7 42 5 47 50 12 52 10 54 16 56 14 19 57 17 22 1 20 59 26 61 24 29 62 27 32 2 30 35 63 33 38 3 36 41 4 39 6 45 64 43 48 8 46 51 9 49 11 55 13 53 15 18 60 23 58 25 28 34 44 
22 32 38 41 42 7 6 48 51 52 12 11 55 56 16 15 57 19 18 21 20 1 60 61 26 25 62 29 28 31 30 2 63 35 34 37 36 3 40 39 4 5 64 45 44 47 46 8 50 49 9 10 54 53 13 14 17 59 58 23 24 27 33 43 
23 55 28 8 43 44 45 19 38 63 35 34 11 49 9 51 24 25 26 58 59 60 7 40 41 4 56 16 15 54 53 13 30 2 32 27 62 29 46 47 48 64 21 22 1 57 17 18 37 36 3 33 10 52 12 50 61 42 5 6 39 14 31 20 
24 56 30 43 8 46 47 21 63 38 37 36 49 11 10 52 23 58 59 25 26 61 40 7 42 5 55 54 53 16 15 14 28 27 62 2 32 31 44 45 64 48 19 57 17 22 1 20 35 34 33 3 9 51 50 12 60 41 4 39 6 13 29 18 
25 16 2 44 46 8 48 22 35 37 38 3 9 10 11 12 58 23 60 24 61 26 41 42 7 6 54 55 13 56 14 15 27 28 29 30 31 32 43 64 45 47 57 19 18 21 20 1 63 33 34 36 49 50 51 52 59 40 39 4 5 53 62 17 
26 15 32 45 47 48 8 1 34 36 3 38 51 52 12 11 59 60 23 61 24 25 4 5 6 7 53 13 55 14 56 16 62 29 28 31 30 2 64 43 44 46 17 18 19 20 21 22 33 63 35 37 50 49 9 10 58 39 40 41 42 54 27 57 
27 40 43 10 9 49 50 54 21 19 57 17 24 23 58 59 2 30 31 28 29 62 37 35 63 33 7 42 5 41 4 39 8 46 47 44 45 64 11 12 52 51 16 56 14 55 13 53 22 1 20 18 25 26 61 60 32 38 3 36 34 6 48 15 
28 41 44 11 49 9 51 55 22 57 19 18 25 58 23 60 30 2 32 27 62 29 38 63 35 34 42 7 6 40 39 4 46 8 48 43 64 45 10 52 12 50 56 16 15 54 53 13 21 20 1 17 24 61 26 59 31 37 36 3 33 5 47 14 
29 4 45 12 50 51 9 13 1 17 18 19 26 59 60 23 31 32 2 62 27 28 3 33 34 35 5 6 7 39 40 41 47 48 8 64 43 44 52 10 11 49 14 15 16 53 54 55 20 21 22 57 61 24 25 58 30 36 37 38 63 42 46 56 
30 42 46 49 11 10 52 56 57 22 21 20 58 25 24 61 28 27 62 2 32 31 63 38 37 36 41 40 39 7 6 5 44 43 64 8 48 47 9 51 50 12 55 54 53 16 15 14 19 18 17 1 23 60 59 26 29 35 34 33 3 4 45 13 
31 5 47 50 12 52 10 14 17 1 20 21 59 26 61 24 29 62 27 32 2 30 33 3 36 37 4 39 40 6 7 42 45 64 43 48 8 46 51 9 49 11 13 53 54 15 16 56 18 19 57 22 60 23 58 25 28 34 35 63 38 41 44 55 
32 6 48 51 52 12 11 15 18 20 1 22 60 61 26 25 62 29 28 31 30 2 34 36 3 38 39 4 41 5 42 7 64 45 44 47 46 8 50 49 9 10 53 13 55 14 56 16 17 57 19 21 59 58 23 24 27 33 63 35 37 40 43 54 
33 58 39 14 13 53 54 27 46 44 43 64 20 18 17 57 3 36 37 34 35 63 10 9 49 50 25 24 61 23 60 59 6 5 42 4 41 40 15 16 56 55 2 30 31 28 29 62 8 48 47 45 1 22 21 19 38 11 12 52 51 26 7 32 
34 23 4 15 53 13 55 28 8 43 44 45 1 17 18 19 36 3 38 33 63 35 11 49 9 51 24 25 26 58 59 60 5 6 7 39 40 41 14 56 16 54 30 2 32 27 62 29 46 47 48 64 20 21 22 57 37 10 52 12 50 61 42 31 
35 60 41 16 54 55 13 29 48 64 45 44 22 57 19 18 37 38 3 63 33 34 12 50 51 9 61 26 25 59 58 23 42 7 6 40 39 4 56 14 15 53 31 32 2 62 27 28 47 46 8 43 21 20 1 17 36 52 10 11 49 24 5 30 
36 24 5 53 15 14 56 30 43 8 46 47 17 1 20 21 34 33 63 3 38 37 49 11 10 52 23 58 59 25 26 61 4 39 40 6 7 42 13 55 54 16 28 27 62 2 32 31 44 45 64 48 18 19 57 22 35 9 51 50 12 60 41 29 
37 61 42 54 16 56 14 31 64 48 47 46 57 22 21 20 35 63 33 38 3 36 50 12 52 10 60 59 58 26 25 24 41 40 39 7 6 5 55 13 53 15 29 62 27 32 2 30 45 44 43 8 19 18 17 1 34 51 9 49 11 23 4 28 
38 26 7 55 56 16 15 32 45 47 48 8 19 21 22 1 63 35 34 37 36 3 51 52 12 11 59 60 23 61 24 25 40 41 4 42 5 6 54 53 13 14 62 29 28 31 30 2 64 43 44 46 57 17 18 20 33 50 49 9 10 58 39 27 
39 49 53 20 18 17 57 58 30 28 27 62 36 34 33 63 6 5 42 4 41 40 46 44 43 64 11 10 52 9 51 50 15 14 56 13 55 54 1 22 21 19 25 24 61 23 60 59 2 32 31 29 3 38 37 35 7 8 48 47 45 12 16 26 
40 50 54 21 19 57 17 59 31 29 62 27 37 35 63 33 7 42 5 41 4 39 47 45 64 43 12 52 10 51 9 49 16 56 14 55 13 53 22 1 20 18 26 61 24 60 23 58 32 2 30 28 38 3 36 34 6 48 8 46 44 11 15 25 
41 51 55 22 57 19 18 60 32 62 29 28 38 63 35 34 42 7 6 40 39 4 48 64 45 44 52 12 11 50 49 9 56 16 15 54 53 13 21 20 1 17 61 26 25 59 58 23 31 30 2 27 37 36 3 33 5 47 46 8 43 10 14 24 
42 52 56 57 22 21 20 61 62 32 31 30 63 38 37 36 41 40 39 7 6 5 64 48 47 46 51 50 49 12 11 10 55 54 53 16 15 14 19 18 17 1 60 59 58 26 25 24 29 28 27 2 35 34 33 3 4 45 44 43 8 9 13 23 
43 63 49 24 23 58 59 40 56 55 54 53 30 28 27 62 8 46 47 44 45 64 21 19 57 17 38 37 36 35 34 33 11 10 52 9 51 50 25 26 61 60 7 42 5 41 4 39 16 15 14 13 2 32 31 29 48 22 1 20 18 3 12 6 
44 35 9 25 58 23 60 41 16 54 55 13 2 27 28 29 46 8 48 43 64 45 22 57 19 18 37 38 3 63 33 34 10 11 12 49 50 51 24 61 26 59 42 7 6 40 39 4 56 14 15 53 30 31 32 62 47 21 20 1 17 36 52 5 
45 34 51 26 59 60 23 4 15 53 13 55 32 62 29 28 47 48 8 64 43 44 1 17 18 19 36 3 38 33 63 35 52 12 11 50 49 9 61 24 25 58 5 6 7 39 40 41 14 56 16 54 31 30 2 27 46 20 21 22 57 37 10 42 
46 37 10 58 25 24 61 42 54 16 56 14 27 2 30 31 44 43 64 8 48 47 57 22 21 20 35 63 33 38 3 36 9 49 50 11 12 52 23 60 59 26 41 40 39 7 6 5 55 13 53 15 28 29 62 32 45 19 18 17 1 34 51 4 
47 36 52 59 26 61 24 5 53 15 14 56 62 32 31 30 45 64 43 48 8 46 17 1 20 21 34 33 63 3 38 37 51 50 49 12 11 10 60 23 58 25 4 39 40 6 7 42 13 55 54 16 29 28 27 2 44 18 19 57 22 35 9 41 
48 3 12 60 61 26 25 6 13 14 15 16 29 31 32 2 64 45 44 47 46 8 18 20 1 22 33 34 35 36 37 38 50 51 9 52 10 11 59 58 23 24 39 4 41 5 42 7 53 54 55 56 62 27 28 30 43 17 57 19 21 63 49 40 
49 57 58 30 28 27 62 63 42 41 40 39 46 44 43 64 11 10 52 9 51 50 56 55 54 53 22 21 20 19 18 17 25 24 61 23 60 59 2 32 31 29 38 37 36 35 34 33 7 6 5 4 8 48 47 45 12 16 15 14 13 1 26 3 
50 17 59 31 29 62 27 33 5 4 39 40 47 45 64 43 12 52 10 51 9 49 14 13 53 54 1 20 21 18 19 57 26 61 24 60 23 58 32 2 30 28 3 36 37 34 35 63 6 7 42 41 48 8 46 44 11 15 16 56 55 22 25 38 
51 18 60 32 62 29 28 34 6 39 4 41 48 64 45 44 52 12 11 50 49 9 15 53 13 55 20 1 22 17 57 19 61 26 25 59 58 23 31 30 2 27 36 3 38 33 63 35 5 42 7 40 47 46 8 43 10 14 56 16 54 21 24 37 
52 20 61 62 32 31 30 36 39 6 5 42 64 48 47 46 51 50 49 12 11 10 53 15 14 56 18 17 57 1 22 21 60 59 58 26 25 24 29 28 27 2 34 33 63 3 38 37 4 41 40 7 45 44 43 8 9 13 55 54 16 19 23 35 
53 43 17 36 34 33 63 49 24 23 58 59 5 4 39 40 15 14 56 13 55 54 30 28 27 62 8 46 47 44 45 64 1 20 21 18 19 57 3 38 37 35 11 10 52 9 51 50 25 26 61 60 6 7 42 41 16 2 32 31 29 48 22 12 
54 64 57 37 35 63 33 50 61 60 59 58 42 41 40 39 16 56 14 55 13 53 31 29 62 27 48 47 46 45 44 43 22 21 20 19 18 17 38 3 36 34 12 52 10 51 9 49 26 25 24 23 7 6 5 4 15 32 2 30 28 8 1 11 
55 45 19 38 63 35 34 51 26 59 60 23 7 40 41 4 56 16 15 54 53 13 32 62 29 28 47 48 8 64 43 44 21 22 1 57 17 18 37 36 3 33 52 12 11 50 49 9 61 24 25 58 42 5 6 39 14 31 30 2 27 46 20 10 
56 47 21 63 38 37 36 52 59 26 61 24 40 7 42 5 55 54 53 16 15 14 62 32 31 30 45 64 43 48 8 46 19 57 17 22 1 20 35 34 33 3 51 50 49 12 11 10 60 23 58 25 41 4 39 6 13 29 28 27 2 44 18 9 
57 62 63 42 41 40 39 64 52 51 50 49 56 55 54 53 22 21 20 19 18 17 61 60 59 58 32 31 30 29 28 27 38 37 36 35 34 33 7 6 5 4 48 47 46 45 44 43 12 11 10 9 16 15 14 13 1 26 25 24 23 2 3 8 
58 54 27 46 44 43 64 57 37 35 63 33 10 9 49 50 25 24 61 23 60 59 42 41 40 39 16 56 14 55 13 53 2 30 31 28 29 62 8 48 47 45 22 21 20 19 18 17 38 3 36 34 11 12 52 51 26 7 6 5 4 15 32 1 
59 53 62 47 45 64 43 17 36 34 33 63 52 51 50 49 26 61 24 60 23 58 5 4 39 40 15 14 56 13 55 54 32 31 30 29 28 27 48 8 46 44 1 20 21 18 19 57 3 38 37 35 12 11 10 9 25 6 7 42 41 16 2 22 
60 13 29 48 64 45 44 18 3 33 34 35 12 50 51 9 61 26 25 59 58 23 6 39 4 41 14 15 16 53 54 55 31 32 2 62 27 28 47 46 8 43 20 1 22 17 57 19 36 37 38 63 52 10 11 49 24 5 42 7 40 56 30 21 
61 14 31 64 48 47 46 20 33 3 36 37 50 12 52 10 60 59 58 26 25 24 39 6 5 42 13 53 54 15 16 56 29 62 27 32 2 30 45 44 43 8 18 17 57 1 22 21 34 35 63 38 51 9 49 11 23 4 41 40 7 55 28 19 
62 39 64 52 51 50 49 53 20 18 17 57 61 60 59 58 32 31 30 29 28 27 36 34 33 63 6 5 42 4 41 40 48 47 46 45 44 43 12 11 10 9 15 14 56 13 55 54 1 22 21 19 26 25 24 23 2 3 38 37 35 7 8 16 
63 59 40 56 55 54 53 62 47 45 64 43 21 19 57 17 38 37 36 35 34 33 52 51 50 49 26 61 24 60 23 58 7 42 5 41 4 39 16 15 14 13 32 31 30 29 28 27 48 8 46 44 22 1 20 18 3 12 11 10 9 25 6 2 
64 33 50 61 60 59 58 39 14 13 53 54 31 29 62 27 48 47 46 45 44 43 20 18 17 57 3 36 37 34 35 63 12 52 10 51 9 49 26 25 24 23 6 5 42 4 41 40 15 16 56 55 32 2 30 28 8 1 22 21 19 38 11 7 
1
0 1 

1 8 
1 
5 
6 
7 
20 
21 
22 
42 
2 28 
1 5 
1 6 
1 7 
1 20 
1 21 
1 22 
1 42 
5 6 
5 7 
5 20 
5 21 
5 22 
5 42 
6 7 
6 20 
6 21 
6 22 
6 42 
7 20 
7 21 
7 22 
7 42 
20 21 
20 22 
20 42 
21 22 
21 42 
22 42 
3 56 
1 5 6 
1 5 7 
1 5 20 
1 5 21 
1 5 22 
1 5 42 
1 6 7 
1 6 20 
1 6 21 
1 6 22 
1 6 42 
1 7 20 
1 7 21 
1 7 22 
1 7 42 
1 20 21 
1 20 22 
1 20 42 
1 21 22 
1 21 42 
1 22 42 
5 6 7 
5 6 20 
5 6 21 
5 6 22 
5 6 42 
5 7 20 
5 7 21 
5 7 22 
5 7 42 
5 20 21 
5 20 22 
5 20 42 
5 21 22 
5 21 42 
5 22 42 
6 7 20 
6 7 21 
6 7 22 
6 7 42 
6 20 21 
6 20 22 
6 20 42 
6 21 22 
6 21 42 
6 22 42 
7 20 21 
7 20 22 
7 20 42 
7 21 22 
7 21 42 
7 22 42 
20 21 22 
20 21 42 
20 22 42 
21 22 42 
4 70 
1 5 6 7 
1 5 6 20 
1 5 6 21 
1 5 6 22 
1 5 6 42 
1 5 7 20 
1 5 7 21 
1 5 7 22 
1 5 7 42 
1 5 20 21 
1 5 20 22 
1 5 20 42 
1 5 21 22 
1 5 21 42 
1 5 22 42 
1 6 7 20 
1 6 7 21 
1 6 7 22 
1 6 7 42 
1 6 20 21 
1 6 20 22 
1 6 20 42 
1 6 21 22 
1 6 21 42 
1 6 22 42 
1 7 20 21 
1 7 20 22 
1 7 20 42 
1 7 21 22 
1 7 21 42 
1 7 22 42 
1 20 21 22 
1 20 21 42 
1 20 22 42 
1 21 22 42 
5 6 7 20 
5 6 7 21 
5 6 7 22 
5 6 7 42 
5 6 20 21 
5 6 20 22 
5 6 20 42 
5 6 21 22 
5 6 21 42 
5 6 22 42 
5 7 20 21 
5 7 20 22 
5 7 20 42 
5 7 21 22 
5 7 21 42 
5 7 22 42 
5 20 21 22 
5 20 21 42 
5 20 22 42 
5 21 22 42 
6 7 20 21 
6 7 20 22 
6 7 20 42 
6 7 21 22 
6 7 21 42 
6 7 22 42 
6 20 21 22 
6 20 21 42 
6 20 22 42 
6 21 22 42 
7 20 21 22 
7 20 21 42 
7 20 22 42 
7 21 22 42 
20 21 22 42 
5 56 
1 5 6 7 20 
1 5 6 7 21 
1 5 6 7 22 
1 5 6 7 42 
1 5 6 20 21 
1 5 6 20 22 
1 5 6 20 42 
1 5 6 21 22 
1 5 6 21 42 
1 5 6 22 42 
1 5 7 20 21 
1 5 7 20 22 
1 5 7 20 42 
1 5 7 21 22 
1 5 7 21 42 
1 5 7 22 42 
1 5 20 21 22 
1 5 20 21 42 
1 5 20 22 42 
1 5 21 22 42 
1 6 7 20 21 
1 6 7 20 22 
1 6 7 20 42 
1 6 7 21 22 
1 6 7 21 42 
1 6 7 22 42 
1 6 20 21 22 
1 6 20 21 42 
1 6 20 22 42 
1 6 21 22 42 
1 7 20 21 22 
1 7 20 21 42 
1 7 20 22 42 
1 7 21 22 42 
1 20 21 22 42 
5 6 7 20 21 
5 6 7 20 22 
5 6 7 20 42 
5 6 7 21 22 
5 6 7 21 42 
5 6 7 22 42 
5 6 20 21 22 
5 6 20 21 42 
5 6 20 22 42 
5 6 21 22 42 
5 7 20 21 22 
5 7 20 21 42 
5 7 20 22 42 
5 7 21 22 42 
5 20 21 22 42 
6 7 20 21 22 
6 7 20 21 42 
6 7 20 22 42 
6 7 21 22 42 
6 20 21 22 42 
7 20 21 22 42 
6 28 
1 5 6 7 20 21 
1 5 6 7 20 22 
1 5 6 7 20 42 
1 5 6 7 21 22 
1 5 6 7 21 42 
1 5 6 7 22 42 
1 5 6 20 21 22 
1 5 6 20 21 42 
1 5 6 20 22 42 
1 5 6 21 22 42 
1 5 7 20 21 22 
1 5 7 20 21 42 
1 5 7 20 22 42 
1 5 7 21 22 42 
1 5 20 21 22 42 
1 6 7 20 21 22 
1 6 7 20 21 42 
1 6 7 20 22 42 
1 6 7 21 22 42 
1 6 20 21 22 42 
1 7 20 21 22 42 
5 6 7 20 21 22 
5 6 7 20 21 42 
5 6 7 20 22 42 
5 6 7 21 22 42 
5 6 20 21 22 42 
5 7 20 21 22 42 
6 7 20 21 22 42 
7 8 
1 5 6 7 20 21 22 
1 5 6 7 20 21 42 
1 5 6 7 20 22 42 
1 5 6 7 21 22 42 
1 5 6 20 21 22 42 
1 5 7 20 21 22 42 
1 6 7 20 21 22 42 
5 6 7 20 21 22 42 
8 1 
1 5 6 7 20 21 22 42 
2
0 1 

1 1 

2 4 
2 12 
10 31 
11 32 
30 52 
3 1 

4 6 
2 10 12 31 
2 11 12 32 
2 12 30 52 
10 11 31 32 
10 30 31 52 
11 30 32 52 
5 1 

6 4 
2 10 11 12 31 32 
2 10 12 30 31 52 
2 11 12 30 32 52 
10 11 30 31 32 52 
7 1 

8 1 
2 10 11 12 30 31 32 52 
3
0 1 

1 1 

2 4 
3 15 
14 36 
16 38 
37 56 
3 1 

4 6 
3 14 15 36 
3 15 16 38 
3 15 37 56 
14 16 36 38 
14 36 37 56 
16 37 38 56 
5 1 

6 4 
3 14 15 16 36 38 
3 14 15 36 37 56 
3 15 16 37 38 56 
14 16 36 37 38 56 
7 1 

8 1 
3 14 15 16 36 37 38 56 
4
0 1 

1 8 
4 
17 
18 
19 
39 
40 
41 
57 
2 28 
4 17 
4 18 
4 19 
4 39 
4 40 
4 41 
4 57 
17 18 
17 19 
17 39 
17 40 
17 41 
17 57 
18 19 
18 39 
18 40 
18 41 
18 57 
19 39 
19 40 
19 41 
19 57 
39 40 
39 41 
39 57 
40 41 
40 57 
41 57 
3 56 
4 17 18 
4 17 19 
4 17 39 
4 17 40 
4 17 41 
4 17 57 
4 18 19 
4 18 39 
4 18 40 
4 18 41 
4 18 57 
4 19 39 
4 19 40 
4 19 41 
4 19 57 
4 39 40 
4 39 41 
4 39 57 
4 40 41 
4 40 57 
4 41 57 
17 18 19 
17 18 39 
17 18 40 
17 18 41 
17 18 57 
17 19 39 
17 19 40 
17 19 41 
17 19 57 
17 39 40 
17 39 41 
17 39 57 
17 40 41 
17 40 57 
17 41 57 
18 19 39 
18 19 40 
18 19 41 
18 19 57 
18 39 40 
18 39 41 
18 39 57 
18 40 41 
18 40 57 
18 41 57 
19 39 40 
19 39 41 
19 39 57 
19 40 41 
19 40 57 
19 41 57 
39 40 41 
39 40 57 
39 41 57 
40 41 57 
4 70 
4 17 18 19 
4 17 18 39 
4 17 18 40 
4 17 18 41 
4 17 18 57 
4 17 19 39 
4 17 19 40 
4 17 19 41 
4 17 19 57 
4 17 39 40 
4 17 39 41 
4 17 39 57 
4 17 40 41 
4 17 40 57 
4 17 41 57 
4 18 19 39 
4 18 19 40 
4 18 19 41 
4 18 19 57 
4 18 39 40 
4 18 39 41 
4 18 39 57 
4 18 40 41 
4 18 40 57 
4 18 41 57 
4 19 39 40 
4 19 39 41 
4 19 39 57 
4 19 40 41 
4 19 40 57 
4 19 41 57 
4 39 40 41 
4 39 40 57 
4 39 41 57 
4 40 41 57 
17 18 19 39 
17 18 19 40 
17 18 19 41 
17 18 19 57 
17 18 39 40 
17 18 39 41 
17 18 39 57 
17 18 40 41 
17 18 40 57 
17 18 41 57 
17 19 39 40 
17 19 39 41 
17 19 39 57 
17 19 40 41 
17 19 40 57 
17 19 41 57 
17 39 40 41 
17 39 40 57 
17 39 41 57 
17 40 41 57 
18 19 39 40 
18 19 39 41 
18 19 39 57 
18 19 40 41 
18 19 40 57 
18 19 41 57 
18 39 40 41 
18 39 40 57 
18 39 41 57 
18 40 41 57 
19 39 40 41 
19 39 40 57 
19 39 41 57 
19 40 41 57 
39 40 41 57 
5 56 
4 17 18 19 39 
4 17 18 19 40 
4 17 18 19 41 
4 17 18 19 57 
4 17 18 39 40 
4 17 18 39 41 
4 17 18 39 57 
4 17 18 40 41 
4 17 18 40 57 
4 17 18 41 57 
4 17 19 39 40 
4 17 19 39 41 
4 17 19 39 57 
4 17 19 40 41 
4 17 19 40 57 
4 17 19 41 57 
4 17 39 40 41 
4 17 39 40 57 
4 17 39 41 57 
4 17 40 41 57 
4 18 19 39 40 
4 18 19 39 41 
4 18 19 39 57 
4 18 19 40 41 
4 18 19 40 57 
4 18 19 41 57 
4 18 39 40 41 
4 18 39 40 57 
4 18 39 41 57 
4 18 40 41 57 
4 19 39 40 41 
4 19 39 40 57 
4 19 39 41 57 
4 19 40 41 57 
4 39 40 41 57 
17 18 19 39 40 
17 18 19 39 41 
17 18 19 39 57 
17 18 19 40 41 
17 18 19 40 57 
17 18 19 41 57 
17 18 39 40 41 
17 18 39 40 57 
17 18 39 41 57 
17 18 40 41 57 
17 19 39 40 41 
17 19 39 40 57 
17 19 39 41 57 
17 19 40 41 57 
17 39 40 41 57 
18 19 39 40 41 
18 19 39 40 57 
18 19 39 41 57 
18 19 40 41 57 
18 39 40 41 57 
19 39 40 41 57 
6 28 
4 17 18 19 39 40 
4 17 18 19 39 41 
4 17 18 19 39 57 
4 17 18 19 40 41 
4 17 18 19 40 57 
4 17 18 19 41 57 
4 17 18 39 40 41 
4 17 18 39 40 57 
4 17 18 39 41 57 
4 17 18 40 41 57 
4 17 19 39 40 41 
4 17 19 39 40 57 
4 17 19 39 41 57 
4 17 19 40 41 57 
4 17 39 40 41 57 
4 18 19 39 40 41 
4 18 19 39 40 57 
4 18 19 39 41 57 
4 18 19 40 41 57 
4 18 39 40 41 57 
4 19 39 40 41 57 
17 18 19 39 40 41 
17 18 19 39 40 57 
17 18 19 39 41 57 
17 18 19 40 41 57 
17 18 39 40 41 57 
17 19 39 40 41 57 
18 19 39 40 41 57 
7 8 
4 17 18 19 39 40 41 
4 17 18 19 39 40 57 
4 17 18 19 39 41 57 
4 17 18 19 40 41 57 
4 17 18 39 40 41 57 
4 17 19 39 40 41 57 
4 18 19 39 40 41 57 
17 18 19 39 40 41 57 
8 1 
4 17 18 19 39 40 41 57 
5
0 1 

1 1 

2 4 
8 26 
24 47 
25 48 
46 61 
3 1 

4 6 
8 24 26 47 
8 25 26 48 
8 26 46 61 
24 25 47 48 
24 46 47 61 
25 46 48 61 
5 1 

6 4 
8 24 25 26 47 48 
8 24 26 46 47 61 
8 25 26 46 48 61 
24 25 46 47 48 61 
7 1 

8 1 
8 24 25 26 46 47 48 61 
6
0 1 

1 1 

2 4 
9 29 
27 50 
28 51 
49 62 
3 1 

4 6 
9 27 29 50 
9 28 29 51 
9 29 49 62 
27 28 50 51 
27 49 50 62 
28 49 51 62 
5 1 

6 4 
9 27 28 29 50 51 
9 27 29 49 50 62 
9 28 29 49 51 62 
27 28 49 50 51 62 
7 1 

8 1 
9 27 28 29 49 50 51 62 
7
0 1 

1 1 

2 4 
13 34 
33 53 
35 55 
54 63 
3 1 

4 6 
13 33 34 53 
13 34 35 55 
13 34 54 63 
33 35 53 55 
33 53 54 63 
35 54 55 63 
5 1 

6 4 
13 33 34 35 53 55 
13 33 34 53 54 63 
13 34 35 54 55 63 
33 35 53 54 55 63 
7 1 

8 1 
13 33 34 35 53 54 55 63 
8
0 1 

1 1 

2 4 
23 45 
43 59 
44 60 
58 64 
3 1 

4 6 
23 43 45 59 
23 44 45 60 
23 45 58 64 
43 44 59 60 
43 58 59 64 
44 58 60 64 
5 1 

6 4 
23 43 44 45 59 60 
23 43 45 58 59 64 
23 44 45 58 60 64 
43 44 58 59 60 64 
7 1 

8 1 
23 43 44 45 58 59 60 64 
