//Table for grp 255:
57
0 0 2 2 4 4 2 4 
0 0 2 4 4 2 4 2 
0 0 4 2 2 4 4 2 
0 0 4 4 2 2 2 4 
0 2 0 2 4 2 4 4 
0 2 0 4 4 4 2 2 
0 2 2 0 2 4 4 4 
0 2 2 2 2 2 2 6 
0 2 2 2 2 2 6 2 
0 2 2 2 2 6 2 2 
0 2 2 2 6 2 2 2 
0 2 2 4 2 0 4 4 
0 2 2 4 2 4 0 4 
0 2 2 4 2 4 4 0 
0 2 2 6 2 2 2 2 
0 2 4 0 4 4 2 2 
0 2 4 2 0 2 4 4 
0 2 4 2 4 2 0 4 
0 2 4 2 4 2 4 0 
0 2 4 4 0 4 2 2 
0 2 4 4 4 0 2 2 
0 2 6 2 2 2 2 2 
0 4 0 2 2 4 4 2 
0 4 0 4 2 2 2 4 
0 4 2 0 4 2 4 2 
0 4 2 2 0 4 2 4 
0 4 2 2 4 0 2 4 
0 4 2 2 4 4 2 0 
0 4 2 4 0 2 4 2 
0 4 2 4 4 2 0 2 
0 4 4 0 2 2 2 4 
0 4 4 2 2 0 4 2 
0 4 4 2 2 4 0 2 
0 4 4 4 2 2 2 0 
0 6 2 2 2 2 2 2 
2 0 2 2 2 2 4 4 
2 0 2 4 2 4 2 2 
2 0 4 2 4 2 2 2 
2 2 0 2 2 4 2 4 
2 2 0 4 2 2 4 2 
2 2 2 0 4 2 2 4 
2 2 2 2 0 4 4 2 
2 2 2 2 4 0 4 2 
2 2 2 2 4 4 0 2 
2 2 2 4 0 2 2 4 
2 2 2 4 4 2 2 0 
2 2 4 0 2 2 4 2 
2 2 4 2 2 0 2 4 
2 2 4 2 2 4 2 0 
2 2 4 4 2 2 0 2 
2 4 0 2 4 2 2 2 
2 4 2 0 2 4 2 2 
2 4 2 2 2 2 0 4 
2 4 2 2 2 2 4 0 
2 4 2 4 2 0 2 2 
2 4 4 2 0 2 2 2 
4 2 2 2 2 2 2 2 
1 2 3 4 5 6 7 8 9 10 11 12 13 14 15 16 17 18 19 20 21 22 23 24 25 26 27 28 29 30 31 32 33 34 35 36 37 38 39 40 41 42 43 44 45 46 47 48 49 50 51 52 53 54 55 56 57 58 59 60 61 62 63 64 
2 1 8 9 10 11 12 3 4 5 6 7 23 24 25 26 27 28 29 30 31 32 13 14 15 16 17 18 19 20 21 22 43 44 45 46 47 48 49 50 51 52 33 34 35 36 37 38 39 40 41 42 58 59 60 61 62 53 54 55 56 57 64 63 
3 25 7 13 14 15 16 11 44 46 26 48 19 21 22 1 33 34 35 36 37 38 28 30 12 32 58 45 60 47 61 8 40 41 4 42 5 6 53 54 55 56 49 29 51 31 52 2 59 64 23 24 57 17 18 20 63 50 62 9 10 43 39 27 
4 29 13 1 17 18 19 45 12 50 51 9 3 33 34 35 5 6 7 39 40 41 26 59 60 23 31 32 2 62 27 28 14 15 16 53 54 55 20 21 22 57 47 48 8 64 43 44 52 10 11 49 36 37 38 63 42 61 24 25 58 30 56 46 
5 10 14 17 1 20 21 24 27 2 30 31 33 3 36 37 4 39 40 6 7 42 43 8 46 47 9 49 50 11 12 52 13 53 54 15 16 56 18 19 57 22 23 58 59 25 26 61 28 29 62 32 34 35 63 38 41 44 45 64 48 51 55 60 
6 32 38 18 20 7 22 25 51 52 2 11 55 56 3 15 39 19 41 21 42 1 44 46 26 48 62 9 28 10 30 12 63 13 34 14 36 16 40 57 4 5 58 45 60 47 61 8 27 49 29 31 33 53 35 37 17 59 64 23 24 50 54 43 
7 12 16 19 21 22 1 26 29 31 32 2 35 37 38 3 40 41 4 42 5 6 45 47 48 8 50 51 9 52 10 11 54 55 13 56 14 15 57 17 18 20 59 60 23 61 24 25 62 27 28 30 63 33 34 36 39 64 43 44 46 49 53 58 
8 15 12 23 24 25 26 6 34 36 16 38 29 31 32 2 43 44 45 46 47 48 18 20 7 22 53 35 55 37 56 3 50 51 9 52 10 11 58 59 60 61 39 19 41 21 42 1 54 63 13 14 62 27 28 30 64 40 57 4 5 33 49 17 
9 19 23 2 27 28 29 35 7 40 41 4 8 43 44 45 10 11 12 49 50 51 16 54 55 13 21 22 1 57 17 18 24 25 26 58 59 60 30 31 32 62 37 38 3 63 33 34 42 5 6 39 46 47 48 64 52 56 14 15 53 20 61 36 
10 5 24 27 2 30 31 14 17 1 20 21 43 8 46 47 9 49 50 11 12 52 33 3 36 37 4 39 40 6 7 42 23 58 59 25 26 61 28 29 62 32 13 53 54 15 16 56 18 19 57 22 44 45 64 48 51 34 35 63 38 41 60 55 
11 22 48 28 30 12 32 15 41 42 1 6 60 61 8 25 49 29 51 31 52 2 34 36 16 38 57 4 18 5 20 7 64 23 44 24 46 26 50 62 9 10 53 35 55 37 56 3 17 39 19 21 43 58 45 47 27 54 63 13 14 40 59 33 
12 7 26 29 31 32 2 16 19 21 22 1 45 47 48 8 50 51 9 52 10 11 35 37 38 3 40 41 4 42 5 6 59 60 23 61 24 25 62 27 28 30 54 55 13 56 14 15 57 17 18 20 64 43 44 46 49 63 33 34 36 39 58 53 
13 60 19 3 33 34 35 51 48 64 23 44 7 40 41 4 14 15 16 53 54 55 32 62 9 28 61 8 25 43 58 45 21 22 1 57 17 18 36 37 38 63 52 2 11 27 49 29 24 46 26 59 42 5 6 39 56 10 30 12 50 47 20 31 
14 46 21 33 3 36 37 30 58 25 47 61 40 7 42 5 13 53 54 15 16 56 49 11 31 52 44 59 64 26 48 24 19 57 17 22 1 20 34 35 63 38 28 50 62 12 32 10 45 60 43 8 41 4 39 6 55 29 51 27 2 23 18 9 
15 8 6 34 36 16 38 12 23 24 25 26 18 20 7 22 53 35 55 37 56 3 29 31 32 2 43 44 45 46 47 48 39 19 41 21 42 1 54 63 13 14 50 51 9 52 10 11 58 59 60 61 40 57 4 5 33 62 27 28 30 64 17 49 
16 48 1 35 37 38 3 32 60 61 8 25 4 5 6 7 54 55 13 56 14 15 51 52 2 11 64 23 44 24 46 26 17 18 19 20 21 22 63 33 34 36 62 9 28 10 30 12 43 58 45 47 39 40 41 42 53 27 49 29 31 59 57 50 
17 50 33 5 4 39 40 59 31 29 62 27 14 13 53 54 1 20 21 18 19 57 47 45 64 43 12 52 10 51 9 49 3 36 37 34 35 63 6 7 42 41 26 61 24 60 23 58 32 2 30 28 15 16 56 55 22 48 8 46 44 11 38 25 
18 28 55 6 39 19 41 60 11 49 29 51 38 63 13 34 20 7 22 40 57 4 48 64 23 44 30 12 32 50 62 9 56 3 15 33 53 35 21 42 1 17 61 8 25 43 58 45 31 52 2 27 14 36 16 54 5 24 46 26 59 10 37 47 
19 9 35 7 40 41 4 23 2 27 28 29 16 54 55 13 21 22 1 57 17 18 8 43 44 45 10 11 12 49 50 51 37 38 3 63 33 34 42 5 6 39 24 25 26 58 59 60 30 31 32 62 56 14 15 53 20 46 47 48 64 52 36 61 
20 52 56 39 6 21 42 46 62 32 10 30 63 38 14 36 18 40 57 7 22 5 58 25 47 61 51 27 49 2 11 31 55 33 53 3 15 37 19 41 17 1 44 59 64 26 48 24 9 28 50 12 13 34 54 16 4 45 60 43 8 29 35 23 
21 31 37 40 7 42 5 47 50 12 52 10 54 16 56 14 19 57 17 22 1 20 59 26 61 24 29 62 27 32 2 30 35 63 33 38 3 36 41 4 39 6 45 64 43 48 8 46 51 9 49 11 55 13 53 15 18 60 23 58 25 28 34 44 
22 11 15 41 42 1 6 48 28 30 12 32 34 36 16 38 57 4 18 5 20 7 60 61 8 25 49 29 51 31 52 2 53 35 55 37 56 3 17 39 19 21 64 23 44 24 46 26 50 62 9 10 54 63 13 14 40 43 58 45 47 27 33 59 
23 55 29 8 43 44 45 41 38 63 13 34 12 50 51 9 24 25 26 58 59 60 22 57 4 18 56 3 15 33 53 35 31 32 2 62 27 28 46 47 48 64 42 1 6 17 39 19 14 36 16 54 52 10 11 49 61 5 20 7 40 37 30 21 
24 36 31 43 8 46 47 20 53 15 37 56 50 12 52 10 23 58 59 25 26 61 39 6 21 42 34 54 63 16 38 14 29 62 27 32 2 30 44 45 64 48 18 40 57 7 22 5 35 55 33 3 51 9 49 11 60 19 41 17 1 13 28 4 
25 3 11 44 46 26 48 7 13 14 15 16 28 30 12 32 58 45 60 47 61 8 19 21 22 1 33 34 35 36 37 38 49 29 51 31 52 2 59 64 23 24 40 41 4 42 5 6 53 54 55 56 50 62 9 10 43 57 17 18 20 63 27 39 
26 38 2 45 47 48 8 22 55 56 3 15 9 10 11 12 59 60 23 61 24 25 41 42 1 6 63 13 34 14 36 16 27 28 29 30 31 32 64 43 44 46 57 4 18 5 20 7 33 53 35 37 49 50 51 52 58 17 39 19 21 54 62 40 
27 40 43 10 9 49 50 54 21 19 57 17 24 23 58 59 2 30 31 28 29 62 37 35 63 33 7 42 5 41 4 39 8 46 47 44 45 64 11 12 52 51 16 56 14 55 13 53 22 1 20 18 25 26 61 60 32 38 3 36 34 6 48 15 
28 18 60 11 49 29 51 55 6 39 19 41 48 64 23 44 30 12 32 50 62 9 38 63 13 34 20 7 22 40 57 4 61 8 25 43 58 45 31 52 2 27 56 3 15 33 53 35 21 42 1 17 24 46 26 59 10 14 36 16 54 5 47 37 
29 4 45 12 50 51 9 13 1 17 18 19 26 59 60 23 31 32 2 62 27 28 3 33 34 35 5 6 7 39 40 41 47 48 8 64 43 44 52 10 11 49 14 15 16 53 54 55 20 21 22 57 61 24 25 58 30 36 37 38 63 42 46 56 
30 42 61 49 11 31 52 36 57 22 5 20 64 48 24 46 28 50 62 12 32 10 53 15 37 56 41 17 39 1 6 21 60 43 58 8 25 47 29 51 27 2 34 54 63 16 38 14 4 18 40 7 23 44 59 26 9 35 55 33 3 19 45 13 
31 21 47 50 12 52 10 37 40 7 42 5 59 26 61 24 29 62 27 32 2 30 54 16 56 14 19 57 17 22 1 20 45 64 43 48 8 46 51 9 49 11 35 63 33 38 3 36 41 4 39 6 60 23 58 25 28 55 13 53 15 18 44 34 
32 6 25 51 52 2 11 38 18 20 7 22 44 46 26 48 62 9 28 10 30 12 55 56 3 15 39 19 41 21 42 1 58 45 60 47 61 8 27 49 29 31 63 13 34 14 36 16 40 57 4 5 59 64 23 24 50 33 53 35 37 17 43 54 
33 64 40 14 13 53 54 62 61 60 43 58 21 19 57 17 3 36 37 34 35 63 52 51 27 49 48 24 46 23 44 59 7 42 5 41 4 39 15 16 56 55 32 10 30 9 28 50 8 25 47 45 22 1 20 18 38 2 11 31 29 26 6 12 
34 45 18 15 53 35 55 9 26 59 60 23 6 39 19 41 36 16 38 54 63 13 2 27 28 29 47 48 8 64 43 44 20 7 22 40 57 4 37 56 3 33 10 11 12 49 50 51 61 24 25 58 21 42 1 17 14 30 31 32 62 46 5 52 
35 44 4 16 54 55 13 28 25 58 45 60 1 17 18 19 37 38 3 63 33 34 11 49 29 51 46 26 48 59 64 23 5 6 7 39 40 41 56 14 15 53 30 12 32 50 62 9 47 61 8 43 20 21 22 57 36 31 52 2 27 24 42 10 
36 24 20 53 15 37 56 31 43 8 46 47 39 6 21 42 34 54 63 16 38 14 50 12 52 10 23 58 59 25 26 61 18 40 57 7 22 5 35 55 33 3 29 62 27 32 2 30 44 45 64 48 19 41 17 1 13 51 9 49 11 60 4 28 
37 61 5 54 16 56 14 52 64 48 24 46 17 1 20 21 35 63 33 38 3 36 62 32 10 30 60 43 58 8 25 47 4 39 40 6 7 42 55 13 53 15 51 27 49 2 11 31 23 44 59 26 18 19 57 22 34 9 28 50 12 45 41 29 
38 26 22 55 56 3 15 2 45 47 48 8 41 42 1 6 63 13 34 14 36 16 9 10 11 12 59 60 23 61 24 25 57 4 18 5 20 7 33 53 35 37 27 28 29 30 31 32 64 43 44 46 17 39 19 21 54 49 50 51 52 58 40 62 
39 49 63 20 18 40 57 64 30 28 50 62 56 55 33 53 6 21 42 19 41 17 61 60 43 58 11 31 52 29 51 27 38 14 36 13 34 54 7 22 5 4 48 24 46 23 44 59 12 32 10 9 3 15 37 35 1 8 25 47 45 2 16 26 
40 27 54 21 19 57 17 43 10 9 49 50 37 35 63 33 7 42 5 41 4 39 24 23 58 59 2 30 31 28 29 62 16 56 14 55 13 53 22 1 20 18 8 46 47 44 45 64 11 12 52 51 38 3 36 34 6 25 26 61 60 32 15 48 
41 51 34 22 57 4 18 44 32 62 9 28 15 53 35 55 42 1 6 17 39 19 25 58 45 60 52 2 11 27 49 29 36 16 38 54 63 13 5 20 7 40 46 26 48 59 64 23 10 30 12 50 37 56 3 33 21 47 61 8 43 31 14 24 
42 30 36 57 22 5 20 61 49 11 31 52 53 15 37 56 41 17 39 1 6 21 64 48 24 46 28 50 62 12 32 10 34 54 63 16 38 14 4 18 40 7 60 43 58 8 25 47 29 51 27 2 35 55 33 3 19 23 44 59 26 9 13 45 
43 63 50 24 23 58 59 57 56 55 33 53 31 29 62 27 8 46 47 44 45 64 42 41 17 39 38 14 36 13 34 54 12 52 10 51 9 49 25 26 61 60 22 5 20 4 18 40 3 15 37 35 32 2 30 28 48 1 6 21 19 16 11 7 
44 35 28 25 58 45 60 4 16 54 55 13 11 49 29 51 46 26 48 59 64 23 1 17 18 19 37 38 3 63 33 34 30 12 32 50 62 9 47 61 8 43 5 6 7 39 40 41 56 14 15 53 31 52 2 27 24 20 21 22 57 36 10 42 
45 34 9 26 59 60 23 18 15 53 35 55 2 27 28 29 47 48 8 64 43 44 6 39 19 41 36 16 38 54 63 13 10 11 12 49 50 51 61 24 25 58 20 7 22 40 57 4 37 56 3 33 30 31 32 62 46 21 42 1 17 14 52 5 
46 14 30 58 25 47 61 21 33 3 36 37 49 11 31 52 44 59 64 26 48 24 40 7 42 5 13 53 54 15 16 56 28 50 62 12 32 10 45 60 43 8 19 57 17 22 1 20 34 35 63 38 29 51 27 2 23 41 4 39 6 55 9 18 
47 56 10 59 26 61 24 42 63 38 14 36 27 2 30 31 45 64 43 48 8 46 57 22 5 20 55 33 53 3 15 37 9 49 50 11 12 52 60 23 58 25 41 17 39 1 6 21 13 34 54 16 28 29 62 32 44 4 18 40 7 35 51 19 
48 16 32 60 61 8 25 1 35 37 38 3 51 52 2 11 64 23 44 24 46 26 4 5 6 7 54 55 13 56 14 15 62 9 28 10 30 12 43 58 45 47 17 18 19 20 21 22 63 33 34 36 27 49 29 31 59 39 40 41 42 53 50 57 
49 39 64 30 28 50 62 63 20 18 40 57 61 60 43 58 11 31 52 29 51 27 56 55 33 53 6 21 42 19 41 17 48 24 46 23 44 59 12 32 10 9 38 14 36 13 34 54 7 22 5 4 8 25 47 45 2 3 15 37 35 1 26 16 
50 17 59 31 29 62 27 33 5 4 39 40 47 45 64 43 12 52 10 51 9 49 14 13 53 54 1 20 21 18 19 57 26 61 24 60 23 58 32 2 30 28 3 36 37 34 35 63 6 7 42 41 48 8 46 44 11 15 16 56 55 22 25 38 
51 41 44 32 62 9 28 34 22 57 4 18 25 58 45 60 52 2 11 27 49 29 15 53 35 55 42 1 6 17 39 19 46 26 48 59 64 23 10 30 12 50 36 16 38 54 63 13 5 20 7 40 47 61 8 43 31 37 56 3 33 21 24 14 
52 20 46 62 32 10 30 56 39 6 21 42 58 25 47 61 51 27 49 2 11 31 63 38 14 36 18 40 57 7 22 5 44 59 64 26 48 24 9 28 50 12 55 33 53 3 15 37 19 41 17 1 45 60 43 8 29 13 34 54 16 4 23 35 
53 59 39 36 34 54 63 27 47 45 64 43 20 18 40 57 15 37 56 35 55 33 10 9 49 50 26 61 24 60 23 58 6 21 42 19 41 17 16 38 14 13 2 30 31 28 29 62 48 8 46 44 7 22 5 4 3 11 12 52 51 25 1 32 
54 58 17 37 35 63 33 49 46 44 59 64 5 4 39 40 16 56 14 55 13 53 30 28 50 62 25 47 61 45 60 43 1 20 21 18 19 57 38 3 36 34 11 31 52 29 51 27 26 48 24 23 6 7 42 41 15 12 32 10 9 8 22 2 
55 23 41 38 63 13 34 29 8 43 44 45 22 57 4 18 56 3 15 33 53 35 12 50 51 9 24 25 26 58 59 60 42 1 6 17 39 19 14 36 16 54 31 32 2 62 27 28 46 47 48 64 5 20 7 40 37 52 10 11 49 61 21 30 
56 47 42 63 38 14 36 10 59 26 61 24 57 22 5 20 55 33 53 3 15 37 27 2 30 31 45 64 43 48 8 46 41 17 39 1 6 21 13 34 54 16 9 49 50 11 12 52 60 23 58 25 4 18 40 7 35 28 29 62 32 44 19 51 
57 62 53 42 41 17 39 58 52 51 27 49 36 34 54 63 22 5 20 4 18 40 46 44 59 64 32 10 30 9 28 50 15 37 56 35 55 33 1 6 21 19 25 47 61 45 60 43 2 11 31 29 16 38 14 13 7 26 48 24 23 12 3 8 
58 54 49 46 44 59 64 17 37 35 63 33 30 28 50 62 25 47 61 45 60 43 5 4 39 40 16 56 14 55 13 53 11 31 52 29 51 27 26 48 24 23 1 20 21 18 19 57 38 3 36 34 12 32 10 9 8 6 7 42 41 15 2 22 
59 53 27 47 45 64 43 39 36 34 54 63 10 9 49 50 26 61 24 60 23 58 20 18 40 57 15 37 56 35 55 33 2 30 31 28 29 62 48 8 46 44 6 21 42 19 41 17 16 38 14 13 11 12 52 51 25 7 22 5 4 3 32 1 
60 13 51 48 64 23 44 19 3 33 34 35 32 62 9 28 61 8 25 43 58 45 7 40 41 4 14 15 16 53 54 55 52 2 11 27 49 29 24 46 26 59 21 22 1 57 17 18 36 37 38 63 10 30 12 50 47 42 5 6 39 56 31 20 
61 37 52 64 48 24 46 5 54 16 56 14 62 32 10 30 60 43 58 8 25 47 17 1 20 21 35 63 33 38 3 36 51 27 49 2 11 31 23 44 59 26 4 39 40 6 7 42 55 13 53 15 9 28 50 12 45 18 19 57 22 34 29 41 
62 57 58 52 51 27 49 53 42 41 17 39 46 44 59 64 32 10 30 9 28 50 36 34 54 63 22 5 20 4 18 40 25 47 61 45 60 43 2 11 31 29 15 37 56 35 55 33 1 6 21 19 26 48 24 23 12 16 38 14 13 7 8 3 
63 43 57 56 55 33 53 50 24 23 58 59 42 41 17 39 38 14 36 13 34 54 31 29 62 27 8 46 47 44 45 64 22 5 20 4 18 40 3 15 37 35 12 52 10 51 9 49 25 26 61 60 1 6 21 19 16 32 2 30 28 48 7 11 
64 33 62 61 60 43 58 40 14 13 53 54 52 51 27 49 48 24 46 23 44 59 21 19 57 17 3 36 37 34 35 63 32 10 30 9 28 50 8 25 47 45 7 42 5 41 4 39 15 16 56 55 2 11 31 29 26 22 1 20 18 38 12 6 
1
0 1 

1 4 
1 
5 
7 
21 
2 8 
1 5 
1 7 
1 21 
5 7 
5 21 
6 22 
7 21 
20 42 
3 12 
1 5 7 
1 5 21 
1 6 22 
1 7 21 
1 20 42 
5 6 22 
5 7 21 
5 20 42 
6 7 22 
6 21 22 
7 20 42 
20 21 42 
4 14 
1 5 6 22 
1 5 7 21 
1 5 20 42 
1 6 7 22 
1 6 21 22 
1 7 20 42 
1 20 21 42 
5 6 7 22 
5 6 21 22 
5 7 20 42 
5 20 21 42 
6 7 21 22 
6 20 22 42 
7 20 21 42 
5 12 
1 5 6 7 22 
1 5 6 21 22 
1 5 7 20 42 
1 5 20 21 42 
1 6 7 21 22 
1 6 20 22 42 
1 7 20 21 42 
5 6 7 21 22 
5 6 20 22 42 
5 7 20 21 42 
6 7 20 22 42 
6 20 21 22 42 
6 8 
1 5 6 7 21 22 
1 5 6 20 22 42 
1 5 7 20 21 42 
1 6 7 20 22 42 
1 6 20 21 22 42 
5 6 7 20 22 42 
5 6 20 21 22 42 
6 7 20 21 22 42 
7 4 
1 5 6 7 20 22 42 
1 5 6 20 21 22 42 
1 6 7 20 21 22 42 
5 6 7 20 21 22 42 
8 1 
1 5 6 7 20 21 22 42 
2
0 1 

1 8 
2 
10 
11 
12 
30 
31 
32 
52 
2 28 
2 10 
2 11 
2 12 
2 30 
2 31 
2 32 
2 52 
10 11 
10 12 
10 30 
10 31 
10 32 
10 52 
11 12 
11 30 
11 31 
11 32 
11 52 
12 30 
12 31 
12 32 
12 52 
30 31 
30 32 
30 52 
31 32 
31 52 
32 52 
3 56 
2 10 11 
2 10 12 
2 10 30 
2 10 31 
2 10 32 
2 10 52 
2 11 12 
2 11 30 
2 11 31 
2 11 32 
2 11 52 
2 12 30 
2 12 31 
2 12 32 
2 12 52 
2 30 31 
2 30 32 
2 30 52 
2 31 32 
2 31 52 
2 32 52 
10 11 12 
10 11 30 
10 11 31 
10 11 32 
10 11 52 
10 12 30 
10 12 31 
10 12 32 
10 12 52 
10 30 31 
10 30 32 
10 30 52 
10 31 32 
10 31 52 
10 32 52 
11 12 30 
11 12 31 
11 12 32 
11 12 52 
11 30 31 
11 30 32 
11 30 52 
11 31 32 
11 31 52 
11 32 52 
12 30 31 
12 30 32 
12 30 52 
12 31 32 
12 31 52 
12 32 52 
30 31 32 
30 31 52 
30 32 52 
31 32 52 
4 70 
2 10 11 12 
2 10 11 30 
2 10 11 31 
2 10 11 32 
2 10 11 52 
2 10 12 30 
2 10 12 31 
2 10 12 32 
2 10 12 52 
2 10 30 31 
2 10 30 32 
2 10 30 52 
2 10 31 32 
2 10 31 52 
2 10 32 52 
2 11 12 30 
2 11 12 31 
2 11 12 32 
2 11 12 52 
2 11 30 31 
2 11 30 32 
2 11 30 52 
2 11 31 32 
2 11 31 52 
2 11 32 52 
2 12 30 31 
2 12 30 32 
2 12 30 52 
2 12 31 32 
2 12 31 52 
2 12 32 52 
2 30 31 32 
2 30 31 52 
2 30 32 52 
2 31 32 52 
10 11 12 30 
10 11 12 31 
10 11 12 32 
10 11 12 52 
10 11 30 31 
10 11 30 32 
10 11 30 52 
10 11 31 32 
10 11 31 52 
10 11 32 52 
10 12 30 31 
10 12 30 32 
10 12 30 52 
10 12 31 32 
10 12 31 52 
10 12 32 52 
10 30 31 32 
10 30 31 52 
10 30 32 52 
10 31 32 52 
11 12 30 31 
11 12 30 32 
11 12 30 52 
11 12 31 32 
11 12 31 52 
11 12 32 52 
11 30 31 32 
11 30 31 52 
11 30 32 52 
11 31 32 52 
12 30 31 32 
12 30 31 52 
12 30 32 52 
12 31 32 52 
30 31 32 52 
5 56 
2 10 11 12 30 
2 10 11 12 31 
2 10 11 12 32 
2 10 11 12 52 
2 10 11 30 31 
2 10 11 30 32 
2 10 11 30 52 
2 10 11 31 32 
2 10 11 31 52 
2 10 11 32 52 
2 10 12 30 31 
2 10 12 30 32 
2 10 12 30 52 
2 10 12 31 32 
2 10 12 31 52 
2 10 12 32 52 
2 10 30 31 32 
2 10 30 31 52 
2 10 30 32 52 
2 10 31 32 52 
2 11 12 30 31 
2 11 12 30 32 
2 11 12 30 52 
2 11 12 31 32 
2 11 12 31 52 
2 11 12 32 52 
2 11 30 31 32 
2 11 30 31 52 
2 11 30 32 52 
2 11 31 32 52 
2 12 30 31 32 
2 12 30 31 52 
2 12 30 32 52 
2 12 31 32 52 
2 30 31 32 52 
10 11 12 30 31 
10 11 12 30 32 
10 11 12 30 52 
10 11 12 31 32 
10 11 12 31 52 
10 11 12 32 52 
10 11 30 31 32 
10 11 30 31 52 
10 11 30 32 52 
10 11 31 32 52 
10 12 30 31 32 
10 12 30 31 52 
10 12 30 32 52 
10 12 31 32 52 
10 30 31 32 52 
11 12 30 31 32 
11 12 30 31 52 
11 12 30 32 52 
11 12 31 32 52 
11 30 31 32 52 
12 30 31 32 52 
6 28 
2 10 11 12 30 31 
2 10 11 12 30 32 
2 10 11 12 30 52 
2 10 11 12 31 32 
2 10 11 12 31 52 
2 10 11 12 32 52 
2 10 11 30 31 32 
2 10 11 30 31 52 
2 10 11 30 32 52 
2 10 11 31 32 52 
2 10 12 30 31 32 
2 10 12 30 31 52 
2 10 12 30 32 52 
2 10 12 31 32 52 
2 10 30 31 32 52 
2 11 12 30 31 32 
2 11 12 30 31 52 
2 11 12 30 32 52 
2 11 12 31 32 52 
2 11 30 31 32 52 
2 12 30 31 32 52 
10 11 12 30 31 32 
10 11 12 30 31 52 
10 11 12 30 32 52 
10 11 12 31 32 52 
10 11 30 31 32 52 
10 12 30 31 32 52 
11 12 30 31 32 52 
7 8 
2 10 11 12 30 31 32 
2 10 11 12 30 31 52 
2 10 11 12 30 32 52 
2 10 11 12 31 32 52 
2 10 11 30 31 32 52 
2 10 12 30 31 32 52 
2 11 12 30 31 32 52 
10 11 12 30 31 32 52 
8 1 
2 10 11 12 30 31 32 52 
3
0 1 

1 1 

2 4 
3 16 
14 37 
15 38 
36 56 
3 1 

4 6 
3 14 16 37 
3 15 16 38 
3 16 36 56 
14 15 37 38 
14 36 37 56 
15 36 38 56 
5 1 

6 4 
3 14 15 16 37 38 
3 14 16 36 37 56 
3 15 16 36 38 56 
14 15 36 37 38 56 
7 1 

8 1 
3 14 15 16 36 37 38 56 
4
0 1 

1 4 
4 
17 
19 
40 
2 8 
4 17 
4 19 
4 40 
17 19 
17 40 
18 41 
19 40 
39 57 
3 12 
4 17 19 
4 17 40 
4 18 41 
4 19 40 
4 39 57 
17 18 41 
17 19 40 
17 39 57 
18 19 41 
18 40 41 
19 39 57 
39 40 57 
4 14 
4 17 18 41 
4 17 19 40 
4 17 39 57 
4 18 19 41 
4 18 40 41 
4 19 39 57 
4 39 40 57 
17 18 19 41 
17 18 40 41 
17 19 39 57 
17 39 40 57 
18 19 40 41 
18 39 41 57 
19 39 40 57 
5 12 
4 17 18 19 41 
4 17 18 40 41 
4 17 19 39 57 
4 17 39 40 57 
4 18 19 40 41 
4 18 39 41 57 
4 19 39 40 57 
17 18 19 40 41 
17 18 39 41 57 
17 19 39 40 57 
18 19 39 41 57 
18 39 40 41 57 
6 8 
4 17 18 19 40 41 
4 17 18 39 41 57 
4 17 19 39 40 57 
4 18 19 39 41 57 
4 18 39 40 41 57 
17 18 19 39 41 57 
17 18 39 40 41 57 
18 19 39 40 41 57 
7 4 
4 17 18 19 39 41 57 
4 17 18 39 40 41 57 
4 18 19 39 40 41 57 
17 18 19 39 40 41 57 
8 1 
4 17 18 19 39 40 41 57 
5
0 1 

1 1 

2 4 
8 48 
24 61 
25 26 
46 47 
3 1 

4 6 
8 24 48 61 
8 25 26 48 
8 46 47 48 
24 25 26 61 
24 46 47 61 
25 26 46 47 
5 1 

6 4 
8 24 25 26 48 61 
8 24 46 47 48 61 
8 25 26 46 47 48 
24 25 26 46 47 61 
7 1 

8 1 
8 24 25 26 46 47 48 61 
6
0 1 

1 1 

2 4 
9 29 
27 50 
28 51 
49 62 
3 1 

4 6 
9 27 29 50 
9 28 29 51 
9 29 49 62 
27 28 50 51 
27 49 50 62 
28 49 51 62 
5 1 

6 4 
9 27 28 29 50 51 
9 27 29 49 50 62 
9 28 29 49 51 62 
27 28 49 50 51 62 
7 1 

8 1 
9 27 28 29 49 50 51 62 
7
0 1 

1 1 

2 4 
13 35 
33 54 
34 55 
53 63 
3 1 

4 6 
13 33 35 54 
13 34 35 55 
13 35 53 63 
33 34 54 55 
33 53 54 63 
34 53 55 63 
5 1 

6 4 
13 33 34 35 54 55 
13 33 35 53 54 63 
13 34 35 53 55 63 
33 34 53 54 55 63 
7 1 

8 1 
13 33 34 35 53 54 55 63 
8
0 1 

1 1 

2 4 
23 44 
43 58 
45 60 
59 64 
3 1 

4 6 
23 43 44 58 
23 44 45 60 
23 44 59 64 
43 45 58 60 
43 58 59 64 
45 59 60 64 
5 1 

6 4 
23 43 44 45 58 60 
23 43 44 58 59 64 
23 44 45 59 60 64 
43 45 58 59 60 64 
7 1 

8 1 
23 43 44 45 58 59 60 64 
