//Table for grp 120:
57
0 0 2 2 4 4 2 4 
0 0 2 4 4 2 4 2 
0 0 4 2 2 4 4 2 
0 0 4 4 2 2 2 4 
0 2 0 2 4 2 4 4 
0 2 0 4 4 4 2 2 
0 2 2 0 2 4 4 4 
0 2 2 2 2 2 2 6 
0 2 2 2 2 2 6 2 
0 2 2 2 2 6 2 2 
0 2 2 2 6 2 2 2 
0 2 2 4 2 0 4 4 
0 2 2 4 2 4 0 4 
0 2 2 4 2 4 4 0 
0 2 2 6 2 2 2 2 
0 2 4 0 4 4 2 2 
0 2 4 2 0 2 4 4 
0 2 4 2 4 2 0 4 
0 2 4 2 4 2 4 0 
0 2 4 4 0 4 2 2 
0 2 4 4 4 0 2 2 
0 2 6 2 2 2 2 2 
0 4 0 2 2 4 4 2 
0 4 0 4 2 2 2 4 
0 4 2 0 4 2 4 2 
0 4 2 2 0 4 2 4 
0 4 2 2 4 0 2 4 
0 4 2 2 4 4 2 0 
0 4 2 4 0 2 4 2 
0 4 2 4 4 2 0 2 
0 4 4 0 2 2 2 4 
0 4 4 2 2 0 4 2 
0 4 4 2 2 4 0 2 
0 4 4 4 2 2 2 0 
0 6 2 2 2 2 2 2 
2 0 2 2 2 2 4 4 
2 0 2 4 2 4 2 2 
2 0 4 2 4 2 2 2 
2 2 0 2 2 4 2 4 
2 2 0 4 2 2 4 2 
2 2 2 0 4 2 2 4 
2 2 2 2 0 4 4 2 
2 2 2 2 4 0 4 2 
2 2 2 2 4 4 0 2 
2 2 2 4 0 2 2 4 
2 2 2 4 4 2 2 0 
2 2 4 0 2 2 4 2 
2 2 4 2 2 0 2 4 
2 2 4 2 2 4 2 0 
2 2 4 4 2 2 0 2 
2 4 0 2 4 2 2 2 
2 4 2 0 2 4 2 2 
2 4 2 2 2 2 0 4 
2 4 2 2 2 2 4 0 
2 4 2 4 2 0 2 2 
2 4 4 2 0 2 2 2 
4 2 2 2 2 2 2 2 
1 2 3 4 5 6 7 8 9 10 11 12 13 14 15 16 17 18 19 20 21 22 23 24 25 26 27 28 29 30 31 32 33 34 35 36 37 38 39 40 41 42 43 44 45 46 47 48 49 50 51 52 53 54 55 56 57 58 59 60 61 62 63 64 
2 6 8 9 10 11 12 15 18 20 1 22 23 24 25 26 27 28 29 30 31 32 34 36 3 38 39 4 41 5 42 7 43 44 45 46 47 48 49 50 51 52 53 13 55 14 56 16 17 57 19 21 58 59 60 61 62 33 63 35 37 40 64 54 
3 24 7 13 14 15 16 10 43 26 46 47 19 21 22 1 33 34 35 36 37 38 27 12 30 31 45 58 59 48 8 61 40 41 4 42 5 6 53 54 55 56 29 49 50 32 2 52 60 23 64 25 57 17 18 20 63 51 9 62 11 44 39 28 
4 9 13 22 17 18 19 23 32 27 28 29 38 33 34 35 42 7 6 39 40 41 48 43 44 45 52 12 11 49 50 51 56 16 15 53 54 55 21 20 1 57 61 26 25 58 59 60 31 30 2 62 37 36 3 63 5 47 46 8 64 10 14 24 
5 31 37 17 7 20 21 24 50 2 52 10 54 3 56 14 19 39 40 22 1 42 43 26 46 47 9 62 27 11 12 30 13 63 33 15 16 36 41 4 57 6 45 58 59 48 8 61 28 29 49 32 34 35 53 38 18 60 23 64 25 51 55 44 
6 11 15 18 20 1 22 25 28 30 2 32 34 36 3 38 39 4 41 5 42 7 44 46 8 48 49 9 51 10 52 12 53 13 55 14 56 16 17 57 19 21 58 23 60 24 61 26 27 62 29 31 33 63 35 37 40 43 64 45 47 50 54 59 
7 12 16 19 21 22 1 26 29 31 32 2 35 37 38 3 40 41 4 42 5 6 45 47 48 8 50 51 9 52 10 11 54 55 13 56 14 15 57 17 18 20 59 60 23 61 24 25 62 27 28 30 63 33 34 36 39 64 43 44 46 49 53 58 
8 36 12 23 24 25 26 20 53 38 14 56 29 31 32 2 43 44 45 46 47 48 39 22 5 42 55 33 63 16 15 37 50 51 9 52 10 11 58 59 60 61 41 17 57 7 6 21 35 34 54 3 62 27 28 30 64 19 18 40 1 13 49 4 
9 18 23 32 27 28 29 34 7 39 4 41 48 43 44 45 52 12 11 49 50 51 16 53 13 55 21 22 1 17 57 19 61 26 25 58 59 60 31 30 2 62 37 38 3 33 63 35 42 5 6 40 47 46 8 64 10 56 14 15 54 20 24 36 
10 42 47 27 12 30 31 36 57 6 21 20 59 8 61 24 29 49 50 32 2 52 53 38 14 56 18 40 39 1 22 5 23 64 43 25 26 46 51 9 62 11 55 33 63 16 15 37 4 41 17 7 44 45 58 48 28 35 34 54 3 19 60 13 
11 1 25 28 30 2 32 3 4 5 6 7 44 46 8 48 49 9 51 10 52 12 13 14 15 16 17 18 19 20 21 22 58 23 60 24 61 26 27 62 29 31 33 34 35 36 37 38 39 40 41 42 43 64 45 47 50 53 54 55 56 57 59 63 
12 22 26 29 31 32 2 38 41 42 7 6 45 47 48 8 50 51 9 52 10 11 55 56 16 15 57 19 18 21 20 1 59 60 23 61 24 25 62 27 28 30 63 35 34 37 36 3 40 39 4 5 64 43 44 46 49 54 53 13 14 17 58 33 
13 43 19 38 33 34 35 27 61 45 58 59 6 40 41 4 56 16 15 53 54 55 52 29 49 50 25 47 46 60 23 64 20 1 22 57 17 18 37 36 3 63 11 31 30 51 9 62 8 48 24 44 5 42 7 39 14 2 32 10 28 26 21 12 
14 8 5 33 16 36 37 12 23 24 25 26 17 7 20 21 35 53 54 38 3 56 29 31 32 2 43 44 45 46 47 48 19 39 40 22 1 42 55 13 63 15 50 51 9 52 10 11 58 59 60 61 41 4 57 6 34 62 27 28 30 64 18 49 
15 46 22 34 36 3 38 30 58 48 24 61 41 42 7 6 53 13 55 14 56 16 49 32 10 52 60 43 64 26 25 47 57 19 18 21 20 1 33 63 35 37 51 27 62 12 11 31 45 44 59 8 40 39 4 5 54 29 28 50 2 23 17 9 
16 47 1 35 37 38 3 31 59 8 61 24 4 5 6 7 54 55 13 56 14 15 50 2 52 10 23 64 43 25 26 46 17 18 19 20 21 22 63 33 34 36 9 62 27 11 12 30 44 45 58 48 39 40 41 42 53 28 29 49 32 60 57 51 
17 50 54 42 19 39 40 43 30 9 62 27 36 13 63 33 6 21 20 41 4 57 61 45 58 59 32 10 52 28 29 49 38 14 56 34 35 53 1 22 5 18 25 47 46 60 23 64 12 11 31 51 16 15 37 55 7 8 48 24 44 2 3 26 
18 28 34 7 39 4 41 44 12 49 9 51 16 53 13 55 21 22 1 17 57 19 26 58 23 60 31 32 2 27 62 29 37 38 3 33 63 35 42 5 6 40 47 48 8 43 64 45 52 10 11 50 56 14 15 54 20 61 24 25 59 30 36 46 
19 29 35 6 40 41 4 45 11 50 51 9 15 54 55 13 20 1 22 57 17 18 25 59 60 23 30 2 32 62 27 28 36 3 38 63 33 34 5 42 7 39 46 8 48 64 43 44 10 52 12 49 14 56 16 53 21 24 61 26 58 31 37 47 
20 52 56 39 22 5 42 46 62 11 31 30 63 15 37 36 41 17 57 7 6 21 58 48 24 61 28 50 49 2 32 10 34 54 53 3 38 14 19 18 40 1 60 43 64 26 25 47 9 51 27 12 13 55 33 16 4 45 44 59 8 29 35 23 
21 10 14 40 1 42 5 47 27 12 30 31 33 16 36 37 4 57 17 6 7 20 59 8 61 24 29 49 50 32 2 52 35 53 54 38 3 56 18 19 39 22 23 64 43 25 26 46 51 9 62 11 55 13 63 15 41 44 45 58 48 28 34 60 
22 32 38 41 42 7 6 48 51 52 12 11 55 56 16 15 57 19 18 21 20 1 60 61 26 25 62 29 28 31 30 2 63 35 34 37 36 3 40 39 4 5 64 45 44 47 46 8 50 49 9 10 54 53 13 14 17 59 58 23 24 27 33 43 
23 53 29 48 43 44 45 39 37 55 33 63 11 50 51 9 61 26 25 58 59 60 21 41 17 57 3 56 14 35 34 54 30 2 32 62 27 28 47 46 8 64 1 42 5 19 18 40 15 16 36 13 10 52 12 49 24 6 7 20 4 38 31 22 
24 15 10 43 26 46 47 22 34 36 3 38 27 12 30 31 45 58 59 48 8 61 41 42 7 6 53 13 55 14 56 16 29 49 50 32 2 52 60 23 64 25 57 19 18 21 20 1 33 63 35 37 51 9 62 11 44 40 39 4 5 54 28 17 
25 14 32 44 46 8 48 5 33 16 36 37 51 52 12 11 58 23 60 24 61 26 17 7 20 21 35 53 54 38 3 56 62 29 28 31 30 2 43 64 45 47 19 39 40 22 1 42 55 13 63 15 50 49 9 10 59 41 4 57 6 34 27 18 
26 56 2 45 47 48 8 42 63 15 37 36 9 10 11 12 59 60 23 61 24 25 57 6 21 20 34 54 53 3 38 14 27 28 29 30 31 32 64 43 44 46 18 40 39 1 22 5 13 55 33 16 49 50 51 52 58 4 41 17 7 35 62 19 
27 57 59 52 29 49 50 53 5 18 40 39 46 23 64 43 11 31 30 51 9 62 37 55 33 63 7 20 21 4 41 17 48 24 61 44 45 58 2 32 10 28 3 56 14 35 34 54 22 1 42 19 26 25 47 60 12 15 16 36 13 6 8 38 
28 4 44 12 49 9 51 13 22 17 18 19 26 58 23 60 31 32 2 27 62 29 38 33 34 35 42 7 6 39 40 41 47 48 8 43 64 45 52 10 11 50 56 16 15 53 54 55 21 20 1 57 61 24 25 59 30 37 36 3 63 5 46 14 
29 41 45 11 50 51 9 55 1 57 19 18 25 59 60 23 30 2 32 62 27 28 3 63 35 34 5 6 7 40 39 4 46 8 48 64 43 44 10 52 12 49 14 15 16 54 53 13 20 21 22 17 24 61 26 58 31 36 37 38 33 42 47 56 
30 21 61 49 32 10 52 14 40 1 42 5 64 25 47 46 51 27 62 12 11 31 33 16 36 37 4 57 17 6 7 20 44 59 58 8 48 24 29 28 50 2 35 53 54 38 3 56 18 19 39 22 23 60 43 26 9 55 13 63 15 41 45 34 
31 20 24 50 2 52 10 56 39 22 5 42 43 26 46 47 9 62 27 11 12 30 63 15 37 36 41 17 57 7 6 21 45 58 59 48 8 61 28 29 49 32 34 54 53 3 38 14 19 18 40 1 60 23 64 25 51 13 55 33 16 4 44 35 
32 7 48 51 52 12 11 16 19 21 22 1 60 61 26 25 62 29 28 31 30 2 35 37 38 3 40 41 4 42 5 6 64 45 44 47 46 8 50 49 9 10 54 55 13 56 14 15 57 17 18 20 59 58 23 24 27 63 33 34 36 39 43 53 
33 23 17 56 35 53 54 29 48 43 44 45 42 19 39 40 15 37 36 55 13 63 11 50 51 9 61 26 25 58 59 60 6 21 20 41 4 57 3 38 14 34 30 2 32 62 27 28 47 46 8 64 1 22 5 18 16 10 52 12 49 24 7 31 
34 58 41 16 53 13 55 49 47 60 43 64 1 57 19 18 37 38 3 33 63 35 31 51 27 62 8 61 24 45 44 59 5 6 7 40 39 4 56 14 15 54 2 52 10 29 28 50 25 26 46 23 20 21 22 17 36 11 12 30 9 48 42 32 
35 59 4 15 54 55 13 50 46 23 64 43 22 17 18 19 36 3 38 63 33 34 30 9 62 27 48 24 61 44 45 58 42 7 6 39 40 41 14 56 16 53 32 10 52 28 29 49 26 25 47 60 21 20 1 57 37 12 11 31 51 8 5 2 
36 25 20 53 38 14 56 32 44 46 8 48 39 22 5 42 55 33 63 16 15 37 51 52 12 11 58 23 60 24 61 26 41 17 57 7 6 21 35 34 54 3 62 29 28 31 30 2 43 64 45 47 19 18 40 1 13 50 49 9 10 59 4 27 
37 26 21 54 3 56 14 2 45 47 48 8 40 1 42 5 13 63 33 15 16 36 9 10 11 12 59 60 23 61 24 25 4 57 17 6 7 20 34 35 53 38 27 28 29 30 31 32 64 43 44 46 18 19 39 22 55 49 50 51 52 58 41 62 
38 61 6 55 56 16 15 52 64 25 47 46 18 20 1 22 63 35 34 37 36 3 62 11 31 30 44 59 58 8 48 24 39 4 41 5 42 7 54 53 13 14 28 50 49 2 32 10 23 60 43 26 17 57 19 21 33 9 51 27 12 45 40 29 
39 62 63 21 41 17 57 58 10 28 50 49 14 34 54 53 1 42 5 19 18 40 47 60 43 64 12 30 31 9 51 27 16 36 37 13 55 33 6 7 20 4 8 61 24 45 44 59 32 2 52 29 38 3 56 35 22 25 26 46 23 11 15 48 
40 27 33 20 4 57 17 59 52 29 49 50 56 35 53 54 22 5 42 18 19 39 46 23 64 43 11 31 30 51 9 62 15 37 36 55 13 63 7 6 21 41 48 24 61 44 45 58 2 32 10 28 3 38 14 34 1 26 25 47 60 12 16 8 
41 51 55 1 57 19 18 60 2 62 29 28 3 63 35 34 5 6 7 40 39 4 8 64 45 44 10 11 12 50 49 9 14 15 16 54 53 13 20 21 22 17 24 25 26 59 58 23 30 31 32 27 36 37 38 33 42 46 47 48 43 52 56 61 
42 30 36 57 6 21 20 61 49 32 10 52 53 38 14 56 18 40 39 1 22 5 64 25 47 46 51 27 62 12 11 31 55 33 63 16 15 37 4 41 17 7 44 59 58 8 48 24 29 28 50 2 35 34 54 3 19 23 60 43 26 9 13 45 
43 34 27 61 45 58 59 41 16 53 13 55 52 29 49 50 25 47 46 60 23 64 1 57 19 18 37 38 3 33 63 35 11 31 30 51 9 62 8 48 24 44 5 6 7 40 39 4 56 14 15 54 2 32 10 28 26 20 21 22 17 36 12 42 
44 33 51 26 58 23 60 17 56 35 53 54 2 62 29 28 47 48 8 43 64 45 42 19 39 40 15 37 36 55 13 63 10 11 12 50 49 9 61 24 25 59 6 21 20 41 4 57 3 38 14 34 30 31 32 27 46 1 22 5 18 16 52 7 
45 63 9 25 59 60 23 57 14 34 54 53 32 27 28 29 46 8 48 64 43 44 5 18 40 39 16 36 37 13 55 33 52 12 11 49 50 51 24 61 26 58 7 20 21 4 41 17 38 3 56 35 31 30 2 62 47 22 1 42 19 15 10 6 
46 3 30 58 48 24 61 7 13 14 15 16 49 32 10 52 60 43 64 26 25 47 19 21 22 1 33 34 35 36 37 38 51 27 62 12 11 31 45 44 59 8 40 41 4 42 5 6 53 54 55 56 29 28 50 2 23 57 17 18 20 63 9 39 
47 38 31 59 8 61 24 6 55 56 16 15 50 2 52 10 23 64 43 25 26 46 18 20 1 22 63 35 34 37 36 3 9 62 27 11 12 30 44 45 58 48 39 4 41 5 42 7 54 53 13 14 28 29 49 32 60 17 57 19 21 33 51 40 
48 37 11 60 61 26 25 21 54 3 56 14 28 30 2 32 64 45 44 47 46 8 40 1 42 5 13 63 33 15 16 36 49 9 51 10 52 12 59 58 23 24 4 57 17 6 7 20 34 35 53 38 27 62 29 31 43 18 19 39 22 55 50 41 
49 40 64 31 51 27 62 33 20 4 57 17 24 44 59 58 2 52 10 29 28 50 56 35 53 54 22 5 42 18 19 39 26 46 47 23 60 43 11 12 30 9 15 37 36 55 13 63 7 6 21 41 48 8 61 45 32 3 38 14 34 1 25 16 
50 39 43 30 9 62 27 63 21 41 17 57 61 45 58 59 32 10 52 28 29 49 14 34 54 53 1 42 5 19 18 40 25 47 46 60 23 64 12 11 31 51 16 36 37 13 55 33 6 7 20 4 8 48 24 44 2 38 3 56 35 22 26 15 
51 19 60 2 62 29 28 35 6 40 41 4 8 64 45 44 10 11 12 50 49 9 15 54 55 13 20 1 22 57 17 18 24 25 26 59 58 23 30 31 32 27 36 3 38 63 33 34 5 42 7 39 46 47 48 43 52 14 56 16 53 21 61 37 
52 5 46 62 11 31 30 37 17 7 20 21 58 48 24 61 28 50 49 2 32 10 54 3 56 14 19 39 40 22 1 42 60 43 64 26 25 47 9 51 27 12 13 63 33 15 16 36 41 4 57 6 45 44 59 8 29 34 35 53 38 18 23 55 
53 44 39 37 55 33 63 51 26 58 23 60 21 41 17 57 3 56 14 35 34 54 2 62 29 28 47 48 8 43 64 45 1 42 5 19 18 40 15 16 36 13 10 11 12 50 49 9 61 24 25 59 6 7 20 4 38 30 31 32 27 46 22 52 
54 45 40 36 13 63 33 9 25 59 60 23 20 4 57 17 38 14 56 34 35 53 32 27 28 29 46 8 48 64 43 44 22 5 42 18 19 39 16 15 37 55 52 12 11 49 50 51 24 61 26 58 7 6 21 41 3 31 30 2 62 47 1 10 
55 64 18 3 63 35 34 62 24 44 59 58 7 39 4 41 14 15 16 54 53 13 10 28 50 49 26 46 47 23 60 43 21 22 1 17 57 19 36 37 38 33 12 30 31 9 51 27 48 8 61 45 42 5 6 40 56 32 2 52 29 25 20 11 
56 48 42 63 15 37 36 11 60 61 26 25 57 6 21 20 34 54 53 3 38 14 28 30 2 32 64 45 44 47 46 8 18 40 39 1 22 5 13 55 33 16 49 9 51 10 52 12 59 58 23 24 4 41 17 7 35 27 62 29 31 43 19 50 
57 49 53 5 18 40 39 64 31 51 27 62 37 55 33 63 7 20 21 4 41 17 24 44 59 58 2 52 10 29 28 50 3 56 14 35 34 54 22 1 42 19 26 46 47 23 60 43 11 12 30 9 15 16 36 13 6 48 8 61 45 32 38 25 
58 13 49 47 60 43 64 19 38 33 34 35 31 51 27 62 8 61 24 45 44 59 6 40 41 4 56 16 15 53 54 55 2 52 10 29 28 50 25 26 46 23 20 1 22 57 17 18 37 36 3 63 11 12 30 9 48 5 42 7 39 14 32 21 
59 55 50 46 23 64 43 18 3 63 35 34 30 9 62 27 48 24 61 44 45 58 7 39 4 41 14 15 16 54 53 13 32 10 52 28 29 49 26 25 47 60 21 22 1 17 57 19 36 37 38 33 12 11 31 51 8 42 5 6 40 56 2 20 
60 54 28 8 64 45 44 40 36 13 63 33 12 49 9 51 24 25 26 59 58 23 20 4 57 17 38 14 56 34 35 53 31 32 2 27 62 29 46 47 48 43 22 5 42 18 19 39 16 15 37 55 52 10 11 50 61 7 6 21 41 3 30 1 
61 16 52 64 25 47 46 1 35 37 38 3 62 11 31 30 44 59 58 8 48 24 4 5 6 7 54 55 13 56 14 15 28 50 49 2 32 10 23 60 43 26 17 18 19 20 21 22 63 33 34 36 9 51 27 12 45 39 40 41 42 53 29 57 
62 17 58 10 28 50 49 54 42 19 39 40 47 60 43 64 12 30 31 9 51 27 36 13 63 33 6 21 20 41 4 57 8 61 24 45 44 59 32 2 52 29 38 14 56 34 35 53 1 22 5 18 25 26 46 23 11 16 15 37 55 7 48 3 
63 60 57 14 34 54 53 28 8 64 45 44 5 18 40 39 16 36 37 13 55 33 12 49 9 51 24 25 26 59 58 23 7 20 21 4 41 17 38 3 56 35 31 32 2 27 62 29 46 47 48 43 22 1 42 19 15 52 10 11 50 61 6 30 
64 35 62 24 44 59 58 4 15 54 55 13 10 28 50 49 26 46 47 23 60 43 22 17 18 19 36 3 38 63 33 34 12 30 31 9 51 27 48 8 61 45 42 7 6 39 40 41 14 56 16 53 32 2 52 29 25 21 20 1 57 37 11 5 
1
0 1 

1 4 
1 
6 
7 
22 
2 8 
1 6 
1 7 
1 22 
5 21 
6 7 
6 22 
7 22 
20 42 
3 12 
1 5 21 
1 6 7 
1 6 22 
1 7 22 
1 20 42 
5 6 21 
5 7 21 
5 21 22 
6 7 22 
6 20 42 
7 20 42 
20 22 42 
4 14 
1 5 6 21 
1 5 7 21 
1 5 21 22 
1 6 7 22 
1 6 20 42 
1 7 20 42 
1 20 22 42 
5 6 7 21 
5 6 21 22 
5 7 21 22 
5 20 21 42 
6 7 20 42 
6 20 22 42 
7 20 22 42 
5 12 
1 5 6 7 21 
1 5 6 21 22 
1 5 7 21 22 
1 5 20 21 42 
1 6 7 20 42 
1 6 20 22 42 
1 7 20 22 42 
5 6 7 21 22 
5 6 20 21 42 
5 7 20 21 42 
5 20 21 22 42 
6 7 20 22 42 
6 8 
1 5 6 7 21 22 
1 5 6 20 21 42 
1 5 7 20 21 42 
1 5 20 21 22 42 
1 6 7 20 22 42 
5 6 7 20 21 42 
5 6 20 21 22 42 
5 7 20 21 22 42 
7 4 
1 5 6 7 20 21 42 
1 5 6 20 21 22 42 
1 5 7 20 21 22 42 
5 6 7 20 21 22 42 
8 1 
1 5 6 7 20 21 22 42 
2
0 1 

1 1 

2 4 
2 11 
10 30 
12 32 
31 52 
3 1 

4 6 
2 10 11 30 
2 11 12 32 
2 11 31 52 
10 12 30 32 
10 30 31 52 
12 31 32 52 
5 1 

6 4 
2 10 11 12 30 32 
2 10 11 30 31 52 
2 11 12 31 32 52 
10 12 30 31 32 52 
7 1 

8 1 
2 10 11 12 30 31 32 52 
3
0 1 

1 1 

2 4 
3 16 
14 37 
15 38 
36 56 
3 1 

4 6 
3 14 16 37 
3 15 16 38 
3 16 36 56 
14 15 37 38 
14 36 37 56 
15 36 38 56 
5 1 

6 4 
3 14 15 16 37 38 
3 14 16 36 37 56 
3 15 16 36 38 56 
14 15 36 37 38 56 
7 1 

8 1 
3 14 15 16 36 37 38 56 
4
0 1 

1 1 

2 4 
4 41 
17 39 
18 19 
40 57 
3 1 

4 6 
4 17 39 41 
4 18 19 41 
4 40 41 57 
17 18 19 39 
17 39 40 57 
18 19 40 57 
5 1 

6 4 
4 17 18 19 39 41 
4 17 39 40 41 57 
4 18 19 40 41 57 
17 18 19 39 40 57 
7 1 

8 1 
4 17 18 19 39 40 41 57 
5
0 1 

1 1 

2 4 
8 61 
24 48 
25 47 
26 46 
3 1 

4 6 
8 24 48 61 
8 25 47 61 
8 26 46 61 
24 25 47 48 
24 26 46 48 
25 26 46 47 
5 1 

6 4 
8 24 25 47 48 61 
8 24 26 46 48 61 
8 25 26 46 47 61 
24 25 26 46 47 48 
7 1 

8 1 
8 24 25 26 46 47 48 61 
6
0 1 

1 1 

2 4 
9 29 
27 50 
28 51 
49 62 
3 1 

4 6 
9 27 29 50 
9 28 29 51 
9 29 49 62 
27 28 50 51 
27 49 50 62 
28 49 51 62 
5 1 

6 4 
9 27 28 29 50 51 
9 27 29 49 50 62 
9 28 29 49 51 62 
27 28 49 50 51 62 
7 1 

8 1 
9 27 28 29 49 50 51 62 
7
0 1 

1 1 

2 4 
13 34 
33 53 
35 55 
54 63 
3 1 

4 6 
13 33 34 53 
13 34 35 55 
13 34 54 63 
33 35 53 55 
33 53 54 63 
35 54 55 63 
5 1 

6 4 
13 33 34 35 53 55 
13 33 34 53 54 63 
13 34 35 54 55 63 
33 35 53 54 55 63 
7 1 

8 1 
13 33 34 35 53 54 55 63 
8
0 1 

1 1 

2 4 
23 43 
44 58 
45 59 
60 64 
3 1 

4 6 
23 43 44 58 
23 43 45 59 
23 43 60 64 
44 45 58 59 
44 58 60 64 
45 59 60 64 
5 1 

6 4 
23 43 44 45 58 59 
23 43 44 58 60 64 
23 43 45 59 60 64 
44 45 58 59 60 64 
7 1 

8 1 
23 43 44 45 58 59 60 64 
