//Table for grp 190:
57
0 0 2 2 4 4 2 4 
0 0 2 4 4 2 4 2 
0 0 4 2 2 4 4 2 
0 0 4 4 2 2 2 4 
0 2 0 2 4 2 4 4 
0 2 0 4 4 4 2 2 
0 2 2 0 2 4 4 4 
0 2 2 2 2 2 2 6 
0 2 2 2 2 2 6 2 
0 2 2 2 2 6 2 2 
0 2 2 2 6 2 2 2 
0 2 2 4 2 0 4 4 
0 2 2 4 2 4 0 4 
0 2 2 4 2 4 4 0 
0 2 2 6 2 2 2 2 
0 2 4 0 4 4 2 2 
0 2 4 2 0 2 4 4 
0 2 4 2 4 2 0 4 
0 2 4 2 4 2 4 0 
0 2 4 4 0 4 2 2 
0 2 4 4 4 0 2 2 
0 2 6 2 2 2 2 2 
0 4 0 2 2 4 4 2 
0 4 0 4 2 2 2 4 
0 4 2 0 4 2 4 2 
0 4 2 2 0 4 2 4 
0 4 2 2 4 0 2 4 
0 4 2 2 4 4 2 0 
0 4 2 4 0 2 4 2 
0 4 2 4 4 2 0 2 
0 4 4 0 2 2 2 4 
0 4 4 2 2 0 4 2 
0 4 4 2 2 4 0 2 
0 4 4 4 2 2 2 0 
0 6 2 2 2 2 2 2 
2 0 2 2 2 2 4 4 
2 0 2 4 2 4 2 2 
2 0 4 2 4 2 2 2 
2 2 0 2 2 4 2 4 
2 2 0 4 2 2 4 2 
2 2 2 0 4 2 2 4 
2 2 2 2 0 4 4 2 
2 2 2 2 4 0 4 2 
2 2 2 2 4 4 0 2 
2 2 2 4 0 2 2 4 
2 2 2 4 4 2 2 0 
2 2 4 0 2 2 4 2 
2 2 4 2 2 0 2 4 
2 2 4 2 2 4 2 0 
2 2 4 4 2 2 0 2 
2 4 0 2 4 2 2 2 
2 4 2 0 2 4 2 2 
2 4 2 2 2 2 0 4 
2 4 2 2 2 2 4 0 
2 4 2 4 2 0 2 2 
2 4 4 2 0 2 2 2 
4 2 2 2 2 2 2 2 
1 2 3 4 5 6 7 8 9 10 11 12 13 14 15 16 17 18 19 20 21 22 23 24 25 26 27 28 29 30 31 32 33 34 35 36 37 38 39 40 41 42 43 44 45 46 47 48 49 50 51 52 53 54 55 56 57 58 59 60 61 62 63 64 
2 1 8 9 10 11 12 3 4 5 6 7 23 24 25 26 27 28 29 30 31 32 13 14 15 16 17 18 19 20 21 22 43 44 45 46 47 48 49 50 51 52 33 34 35 36 37 38 39 40 41 42 58 59 60 61 62 53 54 55 56 57 64 63 
3 24 1 13 14 15 16 30 43 48 46 47 4 5 6 7 33 34 35 36 37 38 49 2 31 52 60 58 59 8 25 61 17 18 19 20 21 22 53 54 55 56 9 50 62 11 12 10 23 44 64 26 39 40 41 42 63 28 29 27 32 45 57 51 
4 29 13 1 17 18 19 45 12 50 51 9 3 33 34 35 5 6 7 39 40 41 26 59 60 23 31 32 2 62 27 28 14 15 16 53 54 55 20 21 22 57 47 48 8 64 43 44 52 10 11 49 36 37 38 63 42 61 24 25 58 30 56 46 
5 30 36 17 22 20 21 24 49 2 31 52 53 3 37 56 41 39 40 1 6 42 43 48 46 47 9 50 62 11 12 10 13 54 63 15 16 14 4 18 57 7 60 58 59 8 25 61 28 29 27 32 34 35 33 38 19 23 44 64 26 51 55 45 
6 32 38 18 20 7 22 25 51 52 2 11 55 56 3 15 39 19 41 21 42 1 44 46 26 48 62 9 28 10 30 12 63 13 34 14 36 16 40 57 4 5 58 45 60 47 61 8 27 49 29 31 33 53 35 37 17 59 64 23 24 50 54 43 
7 12 16 19 21 22 1 26 29 31 32 2 35 37 38 3 40 41 4 42 5 6 45 47 48 8 50 51 9 52 10 11 54 55 13 56 14 15 57 17 18 20 59 60 23 61 24 25 62 27 28 30 63 33 34 36 39 64 43 44 46 49 53 58 
8 14 2 23 24 25 26 20 33 38 36 37 9 10 11 12 43 44 45 46 47 48 39 1 21 42 55 53 54 3 15 56 27 28 29 30 31 32 58 59 60 61 4 40 57 6 7 5 13 34 63 16 49 50 51 52 64 18 19 17 22 35 62 41 
9 19 23 2 27 28 29 35 7 40 41 4 8 43 44 45 10 11 12 49 50 51 16 54 55 13 21 22 1 57 17 18 24 25 26 58 59 60 30 31 32 62 37 38 3 63 33 34 42 5 6 39 46 47 48 64 52 56 14 15 53 20 61 36 
10 20 46 27 32 30 31 14 39 1 21 42 58 8 47 61 51 49 50 2 11 52 33 38 36 37 4 40 57 6 7 5 23 59 64 25 26 24 9 28 62 12 55 53 54 3 15 56 18 19 17 22 44 45 43 48 29 13 34 63 16 41 60 35 
11 22 48 28 30 12 32 15 41 42 1 6 60 61 8 25 49 29 51 31 52 2 34 36 16 38 57 4 18 5 20 7 64 23 44 24 46 26 50 62 9 10 53 35 55 37 56 3 17 39 19 21 43 58 45 47 27 54 63 13 14 40 59 33 
12 7 26 29 31 32 2 16 19 21 22 1 45 47 48 8 50 51 9 52 10 11 35 37 38 3 40 41 4 42 5 6 59 60 23 61 24 25 62 27 28 30 54 55 13 56 14 15 57 17 18 20 64 43 44 46 49 63 33 34 36 39 58 53 
13 59 4 3 33 34 35 62 47 44 64 43 1 17 18 19 14 15 16 53 54 55 52 29 27 49 25 61 24 45 60 58 5 6 7 39 40 41 36 37 38 63 12 10 30 51 9 50 26 48 46 23 20 21 22 57 56 32 2 31 28 8 42 11 
14 8 20 33 38 36 37 2 23 24 25 26 39 1 21 42 55 53 54 3 15 56 9 10 11 12 43 44 45 46 47 48 4 40 57 6 7 5 13 34 63 16 27 28 29 30 31 32 58 59 60 61 18 19 17 22 35 49 50 51 52 64 41 62 
15 61 22 34 36 16 38 31 64 26 24 46 41 42 1 6 53 35 55 37 56 3 50 11 52 10 45 43 58 48 8 47 57 4 18 5 20 7 54 63 13 14 28 62 27 12 32 30 60 23 59 25 17 39 19 21 33 29 51 49 2 44 40 9 
16 47 7 35 37 38 3 52 59 25 61 24 19 21 22 1 54 55 13 56 14 15 62 12 10 30 44 64 43 26 48 46 40 41 4 42 5 6 63 33 34 36 29 27 49 32 2 31 45 60 58 8 57 17 18 20 53 51 9 50 11 23 39 28 
17 62 53 5 41 39 40 59 52 29 27 49 36 13 54 63 22 20 21 4 18 57 47 44 64 43 12 10 30 51 9 50 3 37 56 34 35 33 1 6 42 19 25 61 24 45 60 58 32 2 31 28 15 16 14 55 7 26 48 46 23 11 38 8 
18 28 55 6 39 19 41 60 11 49 29 51 38 63 13 34 20 7 22 40 57 4 48 64 23 44 30 12 32 50 62 9 56 3 15 33 53 35 21 42 1 17 61 8 25 43 58 45 31 52 2 27 14 36 16 54 5 24 46 26 59 10 37 47 
19 9 35 7 40 41 4 23 2 27 28 29 16 54 55 13 21 22 1 57 17 18 8 43 44 45 10 11 12 49 50 51 37 38 3 63 33 34 42 5 6 39 24 25 26 58 59 60 30 31 32 62 56 14 15 53 20 46 47 48 64 52 36 61 
20 10 14 39 1 21 42 46 27 32 30 31 33 38 36 37 4 40 57 6 7 5 58 8 47 61 51 49 50 2 11 52 55 53 54 3 15 56 18 19 17 22 23 59 64 25 26 24 9 28 62 12 13 34 63 16 41 44 45 43 48 29 35 60 
21 52 56 40 6 42 5 47 62 12 10 30 63 16 14 36 18 57 17 7 22 20 59 25 61 24 29 27 49 32 2 31 35 33 53 38 3 37 19 41 39 1 44 64 43 26 48 46 51 9 50 11 55 13 54 15 4 45 60 58 8 28 34 23 
22 11 15 41 42 1 6 48 28 30 12 32 34 36 16 38 57 4 18 5 20 7 60 61 8 25 49 29 51 31 52 2 53 35 55 37 56 3 17 39 19 21 64 23 44 24 46 26 50 62 9 10 54 63 13 14 40 43 58 45 47 27 33 59 
23 54 9 8 43 44 45 57 37 34 63 33 2 27 28 29 24 25 26 58 59 60 42 19 17 39 15 56 14 35 55 53 10 11 12 49 50 51 46 47 48 64 7 5 20 41 4 40 16 38 36 13 30 31 32 62 61 22 1 21 18 3 52 6 
24 3 30 43 48 46 47 1 13 14 15 16 49 2 31 52 60 58 59 8 25 61 4 5 6 7 33 34 35 36 37 38 9 50 62 11 12 10 23 44 64 26 17 18 19 20 21 22 53 54 55 56 28 29 27 32 45 39 40 41 42 63 51 57 
25 56 32 44 46 26 48 21 63 16 14 36 51 52 2 11 58 45 60 47 61 8 40 6 42 5 35 33 53 38 3 37 62 9 28 10 30 12 59 64 23 24 18 57 17 7 22 20 55 13 54 15 27 49 29 31 43 19 41 39 1 34 50 4 
26 37 12 45 47 48 8 42 54 15 56 14 29 31 32 2 59 60 23 61 24 25 57 7 5 20 34 63 33 16 38 36 50 51 9 52 10 11 64 43 44 46 19 17 39 22 1 21 35 55 53 3 62 27 28 30 58 41 4 40 6 13 49 18 
27 57 58 10 51 49 50 54 42 19 17 39 46 23 59 64 32 30 31 9 28 62 37 34 63 33 7 5 20 41 4 40 8 47 61 44 45 43 2 11 52 29 15 56 14 35 55 53 22 1 21 18 25 26 24 60 12 16 38 36 13 6 48 3 
28 18 60 11 49 29 51 55 6 39 19 41 48 64 23 44 30 12 32 50 62 9 38 63 13 34 20 7 22 40 57 4 61 8 25 43 58 45 31 52 2 27 56 3 15 33 53 35 21 42 1 17 24 46 26 59 10 14 36 16 54 5 47 37 
29 4 45 12 50 51 9 13 1 17 18 19 26 59 60 23 31 32 2 62 27 28 3 33 34 35 5 6 7 39 40 41 47 48 8 64 43 44 52 10 11 49 14 15 16 53 54 55 20 21 22 57 61 24 25 58 30 36 37 38 63 42 46 56 
30 5 24 49 2 31 52 36 17 22 20 21 43 48 46 47 9 50 62 11 12 10 53 3 37 56 41 39 40 1 6 42 60 58 59 8 25 61 28 29 27 32 13 54 63 15 16 14 4 18 57 7 23 44 64 26 51 34 35 33 38 19 45 55 
31 42 61 50 11 52 10 37 57 7 5 20 64 26 24 46 28 62 27 12 32 30 54 15 56 14 19 17 39 22 1 21 45 43 58 48 8 47 29 51 49 2 34 63 33 16 38 36 41 4 40 6 60 23 59 25 9 35 55 53 3 18 44 13 
32 6 25 51 52 2 11 38 18 20 7 22 44 46 26 48 62 9 28 10 30 12 55 56 3 15 39 19 41 21 42 1 58 45 60 47 61 8 27 49 29 31 63 13 34 14 36 16 40 57 4 5 59 64 23 24 50 33 53 35 37 17 43 54 
33 45 39 14 55 53 54 29 26 59 60 23 20 4 40 57 38 36 37 13 34 63 12 50 51 9 47 48 8 64 43 44 1 21 42 18 19 17 3 15 56 35 31 32 2 62 27 28 61 24 25 58 6 7 5 41 16 52 10 11 49 46 22 30 
34 58 41 15 53 35 55 27 46 23 59 64 22 57 4 18 36 16 38 54 63 13 10 51 49 50 8 47 61 44 45 43 42 1 6 17 39 19 37 56 3 33 32 30 31 9 28 62 25 26 24 60 5 20 7 40 14 2 11 52 29 48 21 12 
35 43 19 16 54 55 13 49 24 60 58 59 7 40 41 4 37 38 3 63 33 34 30 9 50 62 48 46 47 23 44 64 21 22 1 57 17 18 56 14 15 53 2 31 52 28 29 27 8 25 61 45 42 5 6 39 36 11 12 10 51 26 20 32 
36 48 5 53 3 37 56 11 60 61 8 25 17 22 20 21 13 54 63 15 16 14 28 30 12 32 64 23 44 24 46 26 41 39 40 1 6 42 34 35 33 38 49 29 51 31 52 2 43 58 45 47 4 18 57 7 55 50 62 9 10 59 19 27 
37 26 42 54 15 56 14 12 45 47 48 8 57 7 5 20 34 63 33 16 38 36 29 31 32 2 59 60 23 61 24 25 19 17 39 22 1 21 35 55 53 3 50 51 9 52 10 11 64 43 44 46 41 4 40 6 13 62 27 28 30 58 18 49 
38 46 6 55 56 3 15 10 58 8 47 61 18 20 7 22 63 13 34 14 36 16 27 32 30 31 23 59 64 25 26 24 39 19 41 21 42 1 33 53 35 37 51 49 50 2 11 52 44 45 43 48 40 57 4 5 54 9 28 62 12 60 17 29 
39 50 33 20 4 40 57 64 31 28 62 27 14 55 53 54 1 21 42 18 19 17 61 45 43 58 11 52 10 29 51 49 38 36 37 13 34 63 6 7 5 41 26 24 46 60 23 59 12 32 30 9 3 15 56 35 22 48 8 47 44 2 16 25 
40 49 63 21 18 57 17 43 30 9 50 62 56 35 33 53 6 42 5 19 41 39 24 60 58 59 2 31 52 28 29 27 16 14 36 55 13 54 7 22 20 4 48 46 47 23 44 64 11 12 10 51 38 3 37 34 1 8 25 61 45 32 15 26 
41 51 34 22 57 4 18 44 32 62 9 28 15 53 35 55 42 1 6 17 39 19 25 58 45 60 52 2 11 27 49 29 36 16 38 54 63 13 5 20 7 40 46 26 48 59 64 23 10 30 12 50 37 56 3 33 21 47 61 8 43 31 14 24 
42 31 37 57 7 5 20 61 50 11 52 10 54 15 56 14 19 17 39 22 1 21 64 26 24 46 28 62 27 12 32 30 34 63 33 16 38 36 41 4 40 6 45 43 58 48 8 47 29 51 49 2 35 55 53 3 18 60 23 59 25 9 13 44 
43 35 49 24 60 58 59 19 16 54 55 13 30 9 50 62 48 46 47 23 44 64 7 40 41 4 37 38 3 63 33 34 2 31 52 28 29 27 8 25 61 45 21 22 1 57 17 18 56 14 15 53 11 12 10 51 26 42 5 6 39 36 32 20 
44 53 51 25 58 45 60 17 36 13 54 63 32 62 9 28 46 26 48 59 64 23 5 41 39 40 3 37 56 34 35 33 52 2 11 27 49 29 47 61 8 43 22 20 21 4 18 57 15 16 14 55 10 30 12 50 24 1 6 42 19 38 31 7 
45 33 29 26 59 60 23 39 14 55 53 54 12 50 51 9 47 48 8 64 43 44 20 4 40 57 38 36 37 13 34 63 31 32 2 62 27 28 61 24 25 58 1 21 42 18 19 17 3 15 56 35 52 10 11 49 46 6 7 5 41 16 30 22 
46 38 10 58 8 47 61 6 55 56 3 15 27 32 30 31 23 59 64 25 26 24 18 20 7 22 63 13 34 14 36 16 51 49 50 2 11 52 44 45 43 48 39 19 41 21 42 1 33 53 35 37 9 28 62 12 60 40 57 4 5 54 29 17 
47 16 52 59 25 61 24 7 35 37 38 3 62 12 10 30 44 64 43 26 48 46 19 21 22 1 54 55 13 56 14 15 29 27 49 32 2 31 45 60 58 8 40 41 4 42 5 6 63 33 34 36 51 9 50 11 23 57 17 18 20 53 28 39 
48 36 11 60 61 8 25 5 53 3 37 56 28 30 12 32 64 23 44 24 46 26 17 22 20 21 13 54 63 15 16 14 49 29 51 31 52 2 43 58 45 47 41 39 40 1 6 42 34 35 33 38 50 62 9 10 59 4 18 57 7 55 27 19 
49 40 43 30 9 50 62 63 21 18 57 17 24 60 58 59 2 31 52 28 29 27 56 35 33 53 6 42 5 19 41 39 48 46 47 23 44 64 11 12 10 51 16 14 36 55 13 54 7 22 20 4 8 25 61 45 32 38 3 37 34 1 26 15 
50 39 64 31 28 62 27 33 20 4 40 57 61 45 43 58 11 52 10 29 51 49 14 55 53 54 1 21 42 18 19 17 26 24 46 60 23 59 12 32 30 9 38 36 37 13 34 63 6 7 5 41 48 8 47 44 2 3 15 56 35 22 25 16 
51 41 44 32 62 9 28 34 22 57 4 18 25 58 45 60 52 2 11 27 49 29 15 53 35 55 42 1 6 17 39 19 46 26 48 59 64 23 10 30 12 50 36 16 38 54 63 13 5 20 7 40 47 61 8 43 31 37 56 3 33 21 24 14 
52 21 47 62 12 10 30 56 40 6 42 5 59 25 61 24 29 27 49 32 2 31 63 16 14 36 18 57 17 7 22 20 44 64 43 26 48 46 51 9 50 11 35 33 53 38 3 37 19 41 39 1 45 60 58 8 28 55 13 54 15 4 23 34 
53 44 17 36 13 54 63 51 25 58 45 60 5 41 39 40 3 37 56 34 35 33 32 62 9 28 46 26 48 59 64 23 22 20 21 4 18 57 15 16 14 55 52 2 11 27 49 29 47 61 8 43 1 6 42 19 38 10 30 12 50 24 7 31 
54 23 57 37 34 63 33 9 8 43 44 45 42 19 17 39 15 56 14 35 55 53 2 27 28 29 24 25 26 58 59 60 7 5 20 41 4 40 16 38 36 13 10 11 12 49 50 51 46 47 48 64 22 1 21 18 3 30 31 32 62 61 6 52 
55 64 18 38 63 13 34 50 61 45 43 58 6 39 19 41 56 3 15 33 53 35 31 28 62 27 26 24 46 60 23 59 20 7 22 40 57 4 14 36 16 54 11 52 10 29 51 49 48 8 47 44 21 42 1 17 37 12 32 30 9 25 5 2 
56 25 21 63 16 14 36 32 44 46 26 48 40 6 42 5 35 33 53 38 3 37 51 52 2 11 58 45 60 47 61 8 18 57 17 7 22 20 55 13 54 15 62 9 28 10 30 12 59 64 23 24 19 41 39 1 34 27 49 29 31 43 4 50 
57 27 54 42 19 17 39 58 10 51 49 50 37 34 63 33 7 5 20 41 4 40 46 23 59 64 32 30 31 9 28 62 15 56 14 35 55 53 22 1 21 18 8 47 61 44 45 43 2 11 52 29 16 38 36 13 6 25 26 24 60 12 3 48 
58 34 27 46 23 59 64 41 15 53 35 55 10 51 49 50 8 47 61 44 45 43 22 57 4 18 36 16 38 54 63 13 32 30 31 9 28 62 25 26 24 60 42 1 6 17 39 19 37 56 3 33 2 11 52 29 48 5 20 7 40 14 12 21 
59 13 62 47 44 64 43 4 3 33 34 35 52 29 27 49 25 61 24 45 60 58 1 17 18 19 14 15 16 53 54 55 12 10 30 51 9 50 26 48 46 23 5 6 7 39 40 41 36 37 38 63 32 2 31 28 8 20 21 22 57 56 11 42 
60 63 28 48 64 23 44 40 56 35 33 53 11 49 29 51 61 8 25 43 58 45 21 18 57 17 16 14 36 55 13 54 30 12 32 50 62 9 24 46 26 59 6 42 5 19 41 39 38 3 37 34 31 52 2 27 47 7 22 20 4 15 10 1 
61 15 31 64 26 24 46 22 34 36 16 38 50 11 52 10 45 43 58 48 8 47 41 42 1 6 53 35 55 37 56 3 28 62 27 12 32 30 60 23 59 25 57 4 18 5 20 7 54 63 13 14 29 51 49 2 44 17 39 19 21 33 9 40 
62 17 59 52 29 27 49 53 5 41 39 40 47 44 64 43 12 10 30 51 9 50 36 13 54 63 22 20 21 4 18 57 25 61 24 45 60 58 32 2 31 28 3 37 56 34 35 33 1 6 42 19 26 48 46 23 11 15 16 14 55 7 8 38 
63 60 40 56 35 33 53 28 48 64 23 44 21 18 57 17 16 14 36 55 13 54 11 49 29 51 61 8 25 43 58 45 6 42 5 19 41 39 38 3 37 34 30 12 32 50 62 9 24 46 26 59 7 22 20 4 15 31 52 2 27 47 1 10 
64 55 50 61 45 43 58 18 38 63 13 34 31 28 62 27 26 24 46 60 23 59 6 39 19 41 56 3 15 33 53 35 11 52 10 29 51 49 48 8 47 44 20 7 22 40 57 4 14 36 16 54 12 32 30 9 25 21 42 1 17 37 2 5 
1
0 1 

1 2 
1 
7 
2 4 
1 7 
5 20 
6 22 
21 42 
3 6 
1 5 20 
1 6 22 
1 21 42 
5 7 20 
6 7 22 
7 21 42 
4 6 
1 5 7 20 
1 6 7 22 
1 7 21 42 
5 6 20 22 
5 20 21 42 
6 21 22 42 
5 6 
1 5 6 20 22 
1 5 20 21 42 
1 6 21 22 42 
5 6 7 20 22 
5 7 20 21 42 
6 7 21 22 42 
6 4 
1 5 6 7 20 22 
1 5 7 20 21 42 
1 6 7 21 22 42 
5 6 20 21 22 42 
7 2 
1 5 6 20 21 22 42 
5 6 7 20 21 22 42 
8 1 
1 5 6 7 20 21 22 42 
2
0 1 

1 8 
2 
10 
11 
12 
30 
31 
32 
52 
2 28 
2 10 
2 11 
2 12 
2 30 
2 31 
2 32 
2 52 
10 11 
10 12 
10 30 
10 31 
10 32 
10 52 
11 12 
11 30 
11 31 
11 32 
11 52 
12 30 
12 31 
12 32 
12 52 
30 31 
30 32 
30 52 
31 32 
31 52 
32 52 
3 56 
2 10 11 
2 10 12 
2 10 30 
2 10 31 
2 10 32 
2 10 52 
2 11 12 
2 11 30 
2 11 31 
2 11 32 
2 11 52 
2 12 30 
2 12 31 
2 12 32 
2 12 52 
2 30 31 
2 30 32 
2 30 52 
2 31 32 
2 31 52 
2 32 52 
10 11 12 
10 11 30 
10 11 31 
10 11 32 
10 11 52 
10 12 30 
10 12 31 
10 12 32 
10 12 52 
10 30 31 
10 30 32 
10 30 52 
10 31 32 
10 31 52 
10 32 52 
11 12 30 
11 12 31 
11 12 32 
11 12 52 
11 30 31 
11 30 32 
11 30 52 
11 31 32 
11 31 52 
11 32 52 
12 30 31 
12 30 32 
12 30 52 
12 31 32 
12 31 52 
12 32 52 
30 31 32 
30 31 52 
30 32 52 
31 32 52 
4 70 
2 10 11 12 
2 10 11 30 
2 10 11 31 
2 10 11 32 
2 10 11 52 
2 10 12 30 
2 10 12 31 
2 10 12 32 
2 10 12 52 
2 10 30 31 
2 10 30 32 
2 10 30 52 
2 10 31 32 
2 10 31 52 
2 10 32 52 
2 11 12 30 
2 11 12 31 
2 11 12 32 
2 11 12 52 
2 11 30 31 
2 11 30 32 
2 11 30 52 
2 11 31 32 
2 11 31 52 
2 11 32 52 
2 12 30 31 
2 12 30 32 
2 12 30 52 
2 12 31 32 
2 12 31 52 
2 12 32 52 
2 30 31 32 
2 30 31 52 
2 30 32 52 
2 31 32 52 
10 11 12 30 
10 11 12 31 
10 11 12 32 
10 11 12 52 
10 11 30 31 
10 11 30 32 
10 11 30 52 
10 11 31 32 
10 11 31 52 
10 11 32 52 
10 12 30 31 
10 12 30 32 
10 12 30 52 
10 12 31 32 
10 12 31 52 
10 12 32 52 
10 30 31 32 
10 30 31 52 
10 30 32 52 
10 31 32 52 
11 12 30 31 
11 12 30 32 
11 12 30 52 
11 12 31 32 
11 12 31 52 
11 12 32 52 
11 30 31 32 
11 30 31 52 
11 30 32 52 
11 31 32 52 
12 30 31 32 
12 30 31 52 
12 30 32 52 
12 31 32 52 
30 31 32 52 
5 56 
2 10 11 12 30 
2 10 11 12 31 
2 10 11 12 32 
2 10 11 12 52 
2 10 11 30 31 
2 10 11 30 32 
2 10 11 30 52 
2 10 11 31 32 
2 10 11 31 52 
2 10 11 32 52 
2 10 12 30 31 
2 10 12 30 32 
2 10 12 30 52 
2 10 12 31 32 
2 10 12 31 52 
2 10 12 32 52 
2 10 30 31 32 
2 10 30 31 52 
2 10 30 32 52 
2 10 31 32 52 
2 11 12 30 31 
2 11 12 30 32 
2 11 12 30 52 
2 11 12 31 32 
2 11 12 31 52 
2 11 12 32 52 
2 11 30 31 32 
2 11 30 31 52 
2 11 30 32 52 
2 11 31 32 52 
2 12 30 31 32 
2 12 30 31 52 
2 12 30 32 52 
2 12 31 32 52 
2 30 31 32 52 
10 11 12 30 31 
10 11 12 30 32 
10 11 12 30 52 
10 11 12 31 32 
10 11 12 31 52 
10 11 12 32 52 
10 11 30 31 32 
10 11 30 31 52 
10 11 30 32 52 
10 11 31 32 52 
10 12 30 31 32 
10 12 30 31 52 
10 12 30 32 52 
10 12 31 32 52 
10 30 31 32 52 
11 12 30 31 32 
11 12 30 31 52 
11 12 30 32 52 
11 12 31 32 52 
11 30 31 32 52 
12 30 31 32 52 
6 28 
2 10 11 12 30 31 
2 10 11 12 30 32 
2 10 11 12 30 52 
2 10 11 12 31 32 
2 10 11 12 31 52 
2 10 11 12 32 52 
2 10 11 30 31 32 
2 10 11 30 31 52 
2 10 11 30 32 52 
2 10 11 31 32 52 
2 10 12 30 31 32 
2 10 12 30 31 52 
2 10 12 30 32 52 
2 10 12 31 32 52 
2 10 30 31 32 52 
2 11 12 30 31 32 
2 11 12 30 31 52 
2 11 12 30 32 52 
2 11 12 31 32 52 
2 11 30 31 32 52 
2 12 30 31 32 52 
10 11 12 30 31 32 
10 11 12 30 31 52 
10 11 12 30 32 52 
10 11 12 31 32 52 
10 11 30 31 32 52 
10 12 30 31 32 52 
11 12 30 31 32 52 
7 8 
2 10 11 12 30 31 32 
2 10 11 12 30 31 52 
2 10 11 12 30 32 52 
2 10 11 12 31 32 52 
2 10 11 30 31 32 52 
2 10 12 30 31 32 52 
2 11 12 30 31 32 52 
10 11 12 30 31 32 52 
8 1 
2 10 11 12 30 31 32 52 
3
0 1 

1 8 
3 
14 
15 
16 
36 
37 
38 
56 
2 28 
3 14 
3 15 
3 16 
3 36 
3 37 
3 38 
3 56 
14 15 
14 16 
14 36 
14 37 
14 38 
14 56 
15 16 
15 36 
15 37 
15 38 
15 56 
16 36 
16 37 
16 38 
16 56 
36 37 
36 38 
36 56 
37 38 
37 56 
38 56 
3 56 
3 14 15 
3 14 16 
3 14 36 
3 14 37 
3 14 38 
3 14 56 
3 15 16 
3 15 36 
3 15 37 
3 15 38 
3 15 56 
3 16 36 
3 16 37 
3 16 38 
3 16 56 
3 36 37 
3 36 38 
3 36 56 
3 37 38 
3 37 56 
3 38 56 
14 15 16 
14 15 36 
14 15 37 
14 15 38 
14 15 56 
14 16 36 
14 16 37 
14 16 38 
14 16 56 
14 36 37 
14 36 38 
14 36 56 
14 37 38 
14 37 56 
14 38 56 
15 16 36 
15 16 37 
15 16 38 
15 16 56 
15 36 37 
15 36 38 
15 36 56 
15 37 38 
15 37 56 
15 38 56 
16 36 37 
16 36 38 
16 36 56 
16 37 38 
16 37 56 
16 38 56 
36 37 38 
36 37 56 
36 38 56 
37 38 56 
4 70 
3 14 15 16 
3 14 15 36 
3 14 15 37 
3 14 15 38 
3 14 15 56 
3 14 16 36 
3 14 16 37 
3 14 16 38 
3 14 16 56 
3 14 36 37 
3 14 36 38 
3 14 36 56 
3 14 37 38 
3 14 37 56 
3 14 38 56 
3 15 16 36 
3 15 16 37 
3 15 16 38 
3 15 16 56 
3 15 36 37 
3 15 36 38 
3 15 36 56 
3 15 37 38 
3 15 37 56 
3 15 38 56 
3 16 36 37 
3 16 36 38 
3 16 36 56 
3 16 37 38 
3 16 37 56 
3 16 38 56 
3 36 37 38 
3 36 37 56 
3 36 38 56 
3 37 38 56 
14 15 16 36 
14 15 16 37 
14 15 16 38 
14 15 16 56 
14 15 36 37 
14 15 36 38 
14 15 36 56 
14 15 37 38 
14 15 37 56 
14 15 38 56 
14 16 36 37 
14 16 36 38 
14 16 36 56 
14 16 37 38 
14 16 37 56 
14 16 38 56 
14 36 37 38 
14 36 37 56 
14 36 38 56 
14 37 38 56 
15 16 36 37 
15 16 36 38 
15 16 36 56 
15 16 37 38 
15 16 37 56 
15 16 38 56 
15 36 37 38 
15 36 37 56 
15 36 38 56 
15 37 38 56 
16 36 37 38 
16 36 37 56 
16 36 38 56 
16 37 38 56 
36 37 38 56 
5 56 
3 14 15 16 36 
3 14 15 16 37 
3 14 15 16 38 
3 14 15 16 56 
3 14 15 36 37 
3 14 15 36 38 
3 14 15 36 56 
3 14 15 37 38 
3 14 15 37 56 
3 14 15 38 56 
3 14 16 36 37 
3 14 16 36 38 
3 14 16 36 56 
3 14 16 37 38 
3 14 16 37 56 
3 14 16 38 56 
3 14 36 37 38 
3 14 36 37 56 
3 14 36 38 56 
3 14 37 38 56 
3 15 16 36 37 
3 15 16 36 38 
3 15 16 36 56 
3 15 16 37 38 
3 15 16 37 56 
3 15 16 38 56 
3 15 36 37 38 
3 15 36 37 56 
3 15 36 38 56 
3 15 37 38 56 
3 16 36 37 38 
3 16 36 37 56 
3 16 36 38 56 
3 16 37 38 56 
3 36 37 38 56 
14 15 16 36 37 
14 15 16 36 38 
14 15 16 36 56 
14 15 16 37 38 
14 15 16 37 56 
14 15 16 38 56 
14 15 36 37 38 
14 15 36 37 56 
14 15 36 38 56 
14 15 37 38 56 
14 16 36 37 38 
14 16 36 37 56 
14 16 36 38 56 
14 16 37 38 56 
14 36 37 38 56 
15 16 36 37 38 
15 16 36 37 56 
15 16 36 38 56 
15 16 37 38 56 
15 36 37 38 56 
16 36 37 38 56 
6 28 
3 14 15 16 36 37 
3 14 15 16 36 38 
3 14 15 16 36 56 
3 14 15 16 37 38 
3 14 15 16 37 56 
3 14 15 16 38 56 
3 14 15 36 37 38 
3 14 15 36 37 56 
3 14 15 36 38 56 
3 14 15 37 38 56 
3 14 16 36 37 38 
3 14 16 36 37 56 
3 14 16 36 38 56 
3 14 16 37 38 56 
3 14 36 37 38 56 
3 15 16 36 37 38 
3 15 16 36 37 56 
3 15 16 36 38 56 
3 15 16 37 38 56 
3 15 36 37 38 56 
3 16 36 37 38 56 
14 15 16 36 37 38 
14 15 16 36 37 56 
14 15 16 36 38 56 
14 15 16 37 38 56 
14 15 36 37 38 56 
14 16 36 37 38 56 
15 16 36 37 38 56 
7 8 
3 14 15 16 36 37 38 
3 14 15 16 36 37 56 
3 14 15 16 36 38 56 
3 14 15 16 37 38 56 
3 14 15 36 37 38 56 
3 14 16 36 37 38 56 
3 15 16 36 37 38 56 
14 15 16 36 37 38 56 
8 1 
3 14 15 16 36 37 38 56 
4
0 1 

1 2 
4 
19 
2 4 
4 19 
17 39 
18 41 
40 57 
3 6 
4 17 39 
4 18 41 
4 40 57 
17 19 39 
18 19 41 
19 40 57 
4 6 
4 17 19 39 
4 18 19 41 
4 19 40 57 
17 18 39 41 
17 39 40 57 
18 40 41 57 
5 6 
4 17 18 39 41 
4 17 39 40 57 
4 18 40 41 57 
17 18 19 39 41 
17 19 39 40 57 
18 19 40 41 57 
6 4 
4 17 18 19 39 41 
4 17 19 39 40 57 
4 18 19 40 41 57 
17 18 39 40 41 57 
7 2 
4 17 18 39 40 41 57 
17 18 19 39 40 41 57 
8 1 
4 17 18 19 39 40 41 57 
5
0 1 

1 1 

2 4 
8 24 
25 61 
26 47 
46 48 
3 1 

4 6 
8 24 25 61 
8 24 26 47 
8 24 46 48 
25 26 47 61 
25 46 48 61 
26 46 47 48 
5 1 

6 4 
8 24 25 26 47 61 
8 24 25 46 48 61 
8 24 26 46 47 48 
25 26 46 47 48 61 
7 1 

8 1 
8 24 25 26 46 47 48 61 
6
0 1 

1 1 

2 4 
9 29 
27 50 
28 51 
49 62 
3 1 

4 6 
9 27 29 50 
9 28 29 51 
9 29 49 62 
27 28 50 51 
27 49 50 62 
28 49 51 62 
5 1 

6 4 
9 27 28 29 50 51 
9 27 29 49 50 62 
9 28 29 49 51 62 
27 28 49 50 51 62 
7 1 

8 1 
9 27 28 29 49 50 51 62 
7
0 1 

1 8 
13 
33 
34 
35 
53 
54 
55 
63 
2 28 
13 33 
13 34 
13 35 
13 53 
13 54 
13 55 
13 63 
33 34 
33 35 
33 53 
33 54 
33 55 
33 63 
34 35 
34 53 
34 54 
34 55 
34 63 
35 53 
35 54 
35 55 
35 63 
53 54 
53 55 
53 63 
54 55 
54 63 
55 63 
3 56 
13 33 34 
13 33 35 
13 33 53 
13 33 54 
13 33 55 
13 33 63 
13 34 35 
13 34 53 
13 34 54 
13 34 55 
13 34 63 
13 35 53 
13 35 54 
13 35 55 
13 35 63 
13 53 54 
13 53 55 
13 53 63 
13 54 55 
13 54 63 
13 55 63 
33 34 35 
33 34 53 
33 34 54 
33 34 55 
33 34 63 
33 35 53 
33 35 54 
33 35 55 
33 35 63 
33 53 54 
33 53 55 
33 53 63 
33 54 55 
33 54 63 
33 55 63 
34 35 53 
34 35 54 
34 35 55 
34 35 63 
34 53 54 
34 53 55 
34 53 63 
34 54 55 
34 54 63 
34 55 63 
35 53 54 
35 53 55 
35 53 63 
35 54 55 
35 54 63 
35 55 63 
53 54 55 
53 54 63 
53 55 63 
54 55 63 
4 70 
13 33 34 35 
13 33 34 53 
13 33 34 54 
13 33 34 55 
13 33 34 63 
13 33 35 53 
13 33 35 54 
13 33 35 55 
13 33 35 63 
13 33 53 54 
13 33 53 55 
13 33 53 63 
13 33 54 55 
13 33 54 63 
13 33 55 63 
13 34 35 53 
13 34 35 54 
13 34 35 55 
13 34 35 63 
13 34 53 54 
13 34 53 55 
13 34 53 63 
13 34 54 55 
13 34 54 63 
13 34 55 63 
13 35 53 54 
13 35 53 55 
13 35 53 63 
13 35 54 55 
13 35 54 63 
13 35 55 63 
13 53 54 55 
13 53 54 63 
13 53 55 63 
13 54 55 63 
33 34 35 53 
33 34 35 54 
33 34 35 55 
33 34 35 63 
33 34 53 54 
33 34 53 55 
33 34 53 63 
33 34 54 55 
33 34 54 63 
33 34 55 63 
33 35 53 54 
33 35 53 55 
33 35 53 63 
33 35 54 55 
33 35 54 63 
33 35 55 63 
33 53 54 55 
33 53 54 63 
33 53 55 63 
33 54 55 63 
34 35 53 54 
34 35 53 55 
34 35 53 63 
34 35 54 55 
34 35 54 63 
34 35 55 63 
34 53 54 55 
34 53 54 63 
34 53 55 63 
34 54 55 63 
35 53 54 55 
35 53 54 63 
35 53 55 63 
35 54 55 63 
53 54 55 63 
5 56 
13 33 34 35 53 
13 33 34 35 54 
13 33 34 35 55 
13 33 34 35 63 
13 33 34 53 54 
13 33 34 53 55 
13 33 34 53 63 
13 33 34 54 55 
13 33 34 54 63 
13 33 34 55 63 
13 33 35 53 54 
13 33 35 53 55 
13 33 35 53 63 
13 33 35 54 55 
13 33 35 54 63 
13 33 35 55 63 
13 33 53 54 55 
13 33 53 54 63 
13 33 53 55 63 
13 33 54 55 63 
13 34 35 53 54 
13 34 35 53 55 
13 34 35 53 63 
13 34 35 54 55 
13 34 35 54 63 
13 34 35 55 63 
13 34 53 54 55 
13 34 53 54 63 
13 34 53 55 63 
13 34 54 55 63 
13 35 53 54 55 
13 35 53 54 63 
13 35 53 55 63 
13 35 54 55 63 
13 53 54 55 63 
33 34 35 53 54 
33 34 35 53 55 
33 34 35 53 63 
33 34 35 54 55 
33 34 35 54 63 
33 34 35 55 63 
33 34 53 54 55 
33 34 53 54 63 
33 34 53 55 63 
33 34 54 55 63 
33 35 53 54 55 
33 35 53 54 63 
33 35 53 55 63 
33 35 54 55 63 
33 53 54 55 63 
34 35 53 54 55 
34 35 53 54 63 
34 35 53 55 63 
34 35 54 55 63 
34 53 54 55 63 
35 53 54 55 63 
6 28 
13 33 34 35 53 54 
13 33 34 35 53 55 
13 33 34 35 53 63 
13 33 34 35 54 55 
13 33 34 35 54 63 
13 33 34 35 55 63 
13 33 34 53 54 55 
13 33 34 53 54 63 
13 33 34 53 55 63 
13 33 34 54 55 63 
13 33 35 53 54 55 
13 33 35 53 54 63 
13 33 35 53 55 63 
13 33 35 54 55 63 
13 33 53 54 55 63 
13 34 35 53 54 55 
13 34 35 53 54 63 
13 34 35 53 55 63 
13 34 35 54 55 63 
13 34 53 54 55 63 
13 35 53 54 55 63 
33 34 35 53 54 55 
33 34 35 53 54 63 
33 34 35 53 55 63 
33 34 35 54 55 63 
33 34 53 54 55 63 
33 35 53 54 55 63 
34 35 53 54 55 63 
7 8 
13 33 34 35 53 54 55 
13 33 34 35 53 54 63 
13 33 34 35 53 55 63 
13 33 34 35 54 55 63 
13 33 34 53 54 55 63 
13 33 35 53 54 55 63 
13 34 35 53 54 55 63 
33 34 35 53 54 55 63 
8 1 
13 33 34 35 53 54 55 63 
8
0 1 

1 1 

2 4 
23 59 
43 45 
44 58 
60 64 
3 1 

4 6 
23 43 45 59 
23 44 58 59 
23 59 60 64 
43 44 45 58 
43 45 60 64 
44 58 60 64 
5 1 

6 4 
23 43 44 45 58 59 
23 43 45 59 60 64 
23 44 58 59 60 64 
43 44 45 58 60 64 
7 1 

8 1 
23 43 44 45 58 59 60 64 
