//Table for grp 158:
57
0 0 2 2 4 4 2 4 
0 0 2 4 4 2 4 2 
0 0 4 2 2 4 4 2 
0 0 4 4 2 2 2 4 
0 2 0 2 4 2 4 4 
0 2 0 4 4 4 2 2 
0 2 2 0 2 4 4 4 
0 2 2 2 2 2 2 6 
0 2 2 2 2 2 6 2 
0 2 2 2 2 6 2 2 
0 2 2 2 6 2 2 2 
0 2 2 4 2 0 4 4 
0 2 2 4 2 4 0 4 
0 2 2 4 2 4 4 0 
0 2 2 6 2 2 2 2 
0 2 4 0 4 4 2 2 
0 2 4 2 0 2 4 4 
0 2 4 2 4 2 0 4 
0 2 4 2 4 2 4 0 
0 2 4 4 0 4 2 2 
0 2 4 4 4 0 2 2 
0 2 6 2 2 2 2 2 
0 4 0 2 2 4 4 2 
0 4 0 4 2 2 2 4 
0 4 2 0 4 2 4 2 
0 4 2 2 0 4 2 4 
0 4 2 2 4 0 2 4 
0 4 2 2 4 4 2 0 
0 4 2 4 0 2 4 2 
0 4 2 4 4 2 0 2 
0 4 4 0 2 2 2 4 
0 4 4 2 2 0 4 2 
0 4 4 2 2 4 0 2 
0 4 4 4 2 2 2 0 
0 6 2 2 2 2 2 2 
2 0 2 2 2 2 4 4 
2 0 2 4 2 4 2 2 
2 0 4 2 4 2 2 2 
2 2 0 2 2 4 2 4 
2 2 0 4 2 2 4 2 
2 2 2 0 4 2 2 4 
2 2 2 2 0 4 4 2 
2 2 2 2 4 0 4 2 
2 2 2 2 4 4 0 2 
2 2 2 4 0 2 2 4 
2 2 2 4 4 2 2 0 
2 2 4 0 2 2 4 2 
2 2 4 2 2 0 2 4 
2 2 4 2 2 4 2 0 
2 2 4 4 2 2 0 2 
2 4 0 2 4 2 2 2 
2 4 2 0 2 4 2 2 
2 4 2 2 2 2 0 4 
2 4 2 2 2 2 4 0 
2 4 2 4 2 0 2 2 
2 4 4 2 0 2 2 2 
4 2 2 2 2 2 2 2 
1 2 3 4 5 6 7 8 9 10 11 12 13 14 15 16 17 18 19 20 21 22 23 24 25 26 27 28 29 30 31 32 33 34 35 36 37 38 39 40 41 42 43 44 45 46 47 48 49 50 51 52 53 54 55 56 57 58 59 60 61 62 63 64 
2 21 8 9 10 11 12 37 40 7 42 5 23 24 25 26 27 28 29 30 31 32 54 16 56 14 19 57 17 22 1 20 43 44 45 46 47 48 49 50 51 52 35 63 33 38 3 36 41 4 39 6 58 59 60 61 62 55 13 53 15 18 64 34 
3 24 5 13 14 15 16 2 43 8 46 47 17 1 20 21 33 34 35 36 37 38 9 10 11 12 23 58 59 25 26 61 4 39 40 6 7 42 53 54 55 56 27 28 29 30 31 32 44 45 64 48 18 19 57 22 63 49 50 51 52 60 41 62 
4 28 13 7 17 18 19 44 11 49 29 51 16 33 34 35 21 22 1 39 40 41 25 58 45 60 30 12 32 50 62 9 37 38 3 53 54 55 42 5 6 57 46 26 48 59 64 23 31 52 2 27 56 14 15 63 20 47 61 8 43 10 36 24 
5 10 14 17 1 20 21 24 27 2 30 31 33 3 36 37 4 39 40 6 7 42 43 8 46 47 9 49 50 11 12 52 13 53 54 15 16 56 18 19 57 22 23 58 59 25 26 61 28 29 62 32 34 35 63 38 41 44 45 64 48 51 55 60 
6 32 15 41 20 7 22 48 28 52 2 11 55 36 16 38 57 4 18 21 42 1 44 61 8 25 49 29 51 10 30 12 63 13 34 37 56 3 17 39 19 5 58 45 60 24 46 26 50 62 9 31 33 53 35 14 40 59 64 23 47 27 54 43 
7 12 16 19 21 22 1 26 29 31 32 2 35 37 38 3 40 41 4 42 5 6 45 47 48 8 50 51 9 52 10 11 54 55 13 56 14 15 57 17 18 20 59 60 23 61 24 25 62 27 28 30 63 33 34 36 39 64 43 44 46 49 53 58 
8 16 10 23 24 25 26 21 35 37 38 3 27 2 30 31 43 44 45 46 47 48 40 7 42 5 54 55 13 56 14 15 9 49 50 11 12 52 58 59 60 61 19 57 17 22 1 20 63 33 34 36 28 29 62 32 64 41 4 39 6 53 51 18 
9 57 23 12 27 28 29 63 42 41 17 39 26 43 44 45 31 32 2 49 50 51 56 55 33 53 22 5 20 4 18 40 47 48 8 58 59 60 52 10 11 62 38 14 36 13 34 54 1 6 21 19 61 24 25 64 30 3 15 37 35 7 46 16 
10 7 24 27 2 30 31 16 19 21 22 1 43 8 46 47 9 49 50 11 12 52 35 37 38 3 40 41 4 42 5 6 23 58 59 25 26 61 28 29 62 32 54 55 13 56 14 15 57 17 18 20 44 45 64 48 51 63 33 34 36 39 60 53 
11 20 25 51 30 12 32 36 57 6 21 42 60 46 26 48 62 9 28 31 52 2 63 15 37 56 41 17 39 7 22 5 64 23 44 47 61 8 27 49 29 10 55 33 53 16 38 14 4 18 40 1 43 58 45 24 50 13 34 54 3 19 59 35 
12 5 26 29 31 32 2 14 17 1 20 21 45 47 48 8 50 51 9 52 10 11 33 3 36 37 4 39 40 6 7 42 59 60 23 61 24 25 62 27 28 30 13 53 54 15 16 56 18 19 57 22 64 43 44 46 49 34 35 63 38 41 58 55 
13 58 17 16 33 34 35 28 46 44 59 64 21 4 39 40 37 38 3 53 54 55 11 49 29 51 25 47 61 45 60 43 7 42 5 18 19 57 56 14 15 63 30 12 32 50 62 9 26 48 24 23 22 1 20 41 36 31 52 2 27 8 6 10 
14 8 1 33 3 36 37 10 23 24 25 26 4 5 6 7 13 53 54 15 16 56 27 2 30 31 43 44 45 46 47 48 17 18 19 20 21 22 34 35 63 38 9 49 50 11 12 52 58 59 60 61 39 40 41 42 55 28 29 62 32 64 57 51 
15 61 20 55 36 16 38 32 58 48 24 46 57 6 21 42 63 13 34 37 56 3 28 52 2 11 44 59 64 8 25 47 41 17 39 7 22 5 33 53 35 14 49 29 51 10 30 12 45 60 43 26 4 18 40 1 54 50 62 9 31 23 19 27 
16 47 21 35 37 38 3 12 59 26 61 24 40 7 42 5 54 55 13 56 14 15 29 31 32 2 45 64 43 48 8 46 19 57 17 22 1 20 63 33 34 36 50 51 9 52 10 11 60 23 58 25 41 4 39 6 53 62 27 28 30 44 18 49 
17 49 33 21 4 39 40 58 30 28 50 62 37 13 53 54 7 42 5 18 19 57 46 44 59 64 11 31 52 29 51 27 16 56 14 34 35 63 22 1 20 41 25 47 61 45 60 43 12 32 10 9 38 3 36 55 6 26 48 24 23 2 15 8 
18 9 34 6 39 19 41 23 12 27 28 29 15 53 35 55 20 7 22 40 57 4 26 43 44 45 31 32 2 49 50 51 36 16 38 54 63 13 21 42 1 17 47 48 8 58 59 60 52 10 11 62 37 56 3 33 5 61 24 25 64 30 14 46 
19 51 35 1 40 41 4 60 32 62 9 28 3 54 55 13 5 6 7 57 17 18 48 64 23 44 52 2 11 27 49 29 14 15 16 63 33 34 20 21 22 39 61 8 25 43 58 45 10 30 12 50 36 37 38 53 42 24 46 26 59 31 56 47 
20 52 36 57 6 21 42 61 49 32 10 30 63 15 37 56 41 17 39 7 22 5 58 48 24 46 28 50 62 2 11 31 55 33 53 16 38 14 4 18 40 1 44 59 64 8 25 47 29 51 27 12 13 34 54 3 19 45 60 43 26 9 35 23 
21 31 37 40 7 42 5 47 50 12 52 10 54 16 56 14 19 57 17 22 1 20 59 26 61 24 29 62 27 32 2 30 35 63 33 38 3 36 41 4 39 6 45 64 43 48 8 46 51 9 49 11 55 13 53 15 18 60 23 58 25 28 34 44 
22 11 38 18 42 1 6 25 51 30 12 32 34 56 3 15 39 19 41 5 20 7 60 46 26 48 62 9 28 31 52 2 53 35 55 14 36 16 40 57 4 21 64 23 44 47 61 8 27 49 29 10 54 63 13 37 17 43 58 45 24 50 33 59 
23 55 27 26 43 44 45 57 38 63 13 34 31 9 49 50 47 48 8 58 59 60 42 41 17 39 56 3 15 33 53 35 12 52 10 28 29 62 61 24 25 64 22 5 20 4 18 40 14 36 16 54 32 2 30 51 46 1 6 21 19 37 11 7 
24 37 2 43 8 46 47 7 54 16 56 14 9 10 11 12 23 58 59 25 26 61 19 21 22 1 35 63 33 38 3 36 27 28 29 30 31 32 44 45 64 48 40 41 4 42 5 6 55 13 53 15 49 50 51 52 60 57 17 18 20 34 62 39 
25 15 30 60 46 26 48 20 55 36 16 38 62 11 31 52 64 23 44 47 61 8 57 6 21 42 63 13 34 37 56 3 51 27 49 12 32 10 43 58 45 24 41 17 39 7 22 5 33 53 35 14 9 28 50 2 59 4 18 40 1 54 29 19 
26 3 31 45 47 48 8 5 13 14 15 16 50 12 52 10 59 60 23 61 24 25 17 1 20 21 33 34 35 36 37 38 29 62 27 32 2 30 64 43 44 46 4 39 40 6 7 42 53 54 55 56 51 9 49 11 58 18 19 57 22 63 28 41 
27 41 43 31 9 49 50 55 22 57 4 18 47 23 58 59 12 52 10 28 29 62 38 63 13 34 42 1 6 17 39 19 26 61 24 44 45 64 32 2 30 51 56 3 15 33 53 35 5 20 7 40 48 8 46 60 11 14 36 16 54 21 25 37 
28 40 44 11 49 29 51 54 5 19 57 17 25 58 45 60 30 12 32 50 62 9 14 35 63 33 1 20 21 41 4 39 46 26 48 59 64 23 31 52 2 27 3 36 37 55 13 53 6 7 42 18 47 61 8 43 10 15 16 56 34 22 24 38 
29 39 45 2 50 51 9 53 20 18 40 57 8 59 60 23 10 11 12 62 27 28 36 34 54 63 6 21 42 19 41 17 24 25 26 64 43 44 30 31 32 49 15 37 56 35 55 33 7 22 5 4 46 47 48 58 52 16 38 14 13 1 61 3 
30 6 46 62 11 31 52 15 41 20 7 22 64 25 47 61 51 27 49 12 32 10 55 36 16 38 57 4 18 21 42 1 60 43 58 26 48 24 9 28 50 2 63 13 34 37 56 3 17 39 19 5 23 44 59 8 29 33 53 35 14 40 45 54 
31 1 47 50 12 52 10 3 4 5 6 7 59 26 61 24 29 62 27 32 2 30 13 14 15 16 17 18 19 20 21 22 45 64 43 48 8 46 51 9 49 11 33 34 35 36 37 38 39 40 41 42 60 23 58 25 28 53 54 55 56 57 44 63 
32 42 48 28 52 2 11 56 39 22 5 20 44 61 8 25 49 29 51 10 30 12 53 38 14 36 18 40 57 1 6 21 58 45 60 24 46 26 50 62 9 31 34 54 63 3 15 37 19 41 17 7 59 64 23 47 27 35 55 33 16 4 43 13 
33 44 4 37 13 53 54 49 25 58 45 60 7 17 18 19 16 56 14 34 35 63 30 28 50 62 46 26 48 59 64 23 21 22 1 39 40 41 38 3 36 55 11 31 52 29 51 27 47 61 8 43 42 5 6 57 15 12 32 10 9 24 20 2 
34 43 39 15 53 35 55 9 47 23 58 59 20 18 40 57 36 16 38 54 63 13 12 27 28 29 26 61 24 44 45 64 6 21 42 19 41 17 37 56 3 33 31 32 2 49 50 51 48 8 46 60 7 22 5 4 14 52 10 11 62 25 1 30 
35 64 40 3 54 55 13 51 61 60 43 58 5 19 57 17 14 15 16 63 33 34 32 62 9 28 48 24 46 23 44 59 1 20 21 41 4 39 36 37 38 53 52 2 11 27 49 29 8 25 47 45 6 7 42 18 56 10 30 12 50 26 22 31 
36 48 6 63 15 37 56 52 44 61 8 25 41 20 7 22 55 33 53 16 38 14 49 32 10 30 58 45 60 24 46 26 57 4 18 21 42 1 13 34 54 3 28 50 62 2 11 31 59 64 23 47 17 39 19 5 35 29 51 27 12 43 40 9 
37 26 7 54 16 56 14 31 45 47 48 8 19 21 22 1 35 63 33 38 3 36 50 12 52 10 59 60 23 61 24 25 40 41 4 42 5 6 55 13 53 15 29 62 27 32 2 30 64 43 44 46 57 17 18 20 34 51 9 49 11 58 39 28 
38 46 42 34 56 3 15 11 64 25 47 61 39 22 5 20 53 35 55 14 36 16 51 30 12 32 60 43 58 26 48 24 18 40 57 1 6 21 54 63 13 37 62 9 28 31 52 2 23 44 59 8 19 41 17 7 33 27 49 29 10 45 4 50 
39 27 53 20 18 40 57 43 31 9 49 50 36 34 54 63 6 21 42 19 41 17 47 23 58 59 12 52 10 28 29 62 15 37 56 35 55 33 7 22 5 4 26 61 24 44 45 64 32 2 30 51 16 38 14 13 1 48 8 46 60 11 3 25 
40 62 54 5 19 57 17 64 52 51 27 49 14 35 63 33 1 20 21 41 4 39 61 60 43 58 32 10 30 9 28 50 3 36 37 55 13 53 6 7 42 18 48 24 46 23 44 59 2 11 31 29 15 16 56 34 22 8 25 47 45 12 38 26 
41 29 55 22 57 4 18 45 2 50 51 9 38 63 13 34 42 1 6 17 39 19 8 59 60 23 10 11 12 62 27 28 56 3 15 33 53 35 5 20 7 40 24 25 26 64 43 44 30 31 32 49 14 36 16 54 21 46 47 48 58 52 37 61 
42 30 56 39 22 5 20 46 62 11 31 52 53 38 14 36 18 40 57 1 6 21 64 25 47 61 51 27 49 12 32 10 34 54 63 3 15 37 19 41 17 7 60 43 58 26 48 24 9 28 50 2 35 55 33 16 4 23 44 59 8 29 13 45 
43 63 9 47 23 58 59 41 56 55 33 53 12 27 28 29 26 61 24 44 45 64 22 57 4 18 38 14 36 13 34 54 31 32 2 49 50 51 48 8 46 60 42 1 6 17 39 19 3 15 37 35 52 10 11 62 25 5 20 7 40 16 30 21 
44 35 49 25 58 45 60 40 3 54 55 13 30 28 50 62 46 26 48 59 64 23 5 19 57 17 14 15 16 63 33 34 11 31 52 29 51 27 47 61 8 43 1 20 21 41 4 39 36 37 38 53 12 32 10 9 24 6 7 42 18 56 2 22 
45 34 50 8 59 60 23 39 15 53 35 55 10 29 62 27 24 25 26 64 43 44 20 18 40 57 36 16 38 54 63 13 2 30 31 51 9 49 46 47 48 58 6 21 42 19 41 17 37 56 3 33 11 12 52 28 61 7 22 5 4 14 32 1 
46 36 11 64 25 47 61 6 63 15 37 56 51 30 12 32 60 43 58 26 48 24 41 20 7 22 55 33 53 16 38 14 62 9 28 31 52 2 23 44 59 8 57 4 18 21 42 1 13 34 54 3 27 49 29 10 45 17 39 19 5 35 50 40 
47 14 12 59 26 61 24 1 33 3 36 37 29 31 32 2 45 64 43 48 8 46 4 5 6 7 13 53 54 15 16 56 50 51 9 52 10 11 60 23 58 25 17 18 19 20 21 22 34 35 63 38 62 27 28 30 44 39 40 41 42 55 49 57 
48 38 52 44 61 8 25 42 34 56 3 15 49 32 10 30 58 45 60 24 46 26 39 22 5 20 53 35 55 14 36 16 28 50 62 2 11 31 59 64 23 47 18 40 57 1 6 21 54 63 13 37 29 51 27 12 43 19 41 17 7 33 9 4 
49 19 58 30 28 50 62 35 1 40 41 4 46 44 59 64 11 31 52 29 51 27 3 54 55 13 5 6 7 57 17 18 25 47 61 45 60 43 12 32 10 9 14 15 16 63 33 34 20 21 22 39 26 48 24 23 2 36 37 38 53 42 8 56 
50 18 59 10 29 62 27 34 6 39 19 41 24 45 64 43 2 30 31 51 9 49 15 53 35 55 20 7 22 40 57 4 8 46 47 60 23 58 11 12 52 28 36 16 38 54 63 13 21 42 1 17 25 26 61 44 32 37 56 3 33 5 48 14 
51 17 60 32 62 9 28 33 21 4 39 40 48 64 23 44 52 2 11 27 49 29 37 13 53 54 7 42 5 18 19 57 61 8 25 43 58 45 10 30 12 50 16 56 14 34 35 63 22 1 20 41 24 46 26 59 31 38 3 36 55 6 47 15 
52 22 61 49 32 10 30 38 18 42 1 6 58 48 24 46 28 50 62 2 11 31 34 56 3 15 39 19 41 5 20 7 44 59 64 8 25 47 29 51 27 12 53 35 55 14 36 16 40 57 4 21 45 60 43 26 9 54 63 13 37 17 23 33 
53 23 18 36 34 54 63 27 26 43 44 45 6 39 19 41 15 37 56 35 55 33 31 9 49 50 47 48 8 58 59 60 20 7 22 40 57 4 16 38 14 13 12 52 10 28 29 62 61 24 25 64 21 42 1 17 3 32 2 30 51 46 5 11 
54 60 19 14 35 63 33 62 48 64 23 44 1 40 41 4 3 36 37 55 13 53 52 51 27 49 61 8 25 43 58 45 5 6 7 57 17 18 15 16 56 34 32 10 30 9 28 50 24 46 26 59 20 21 22 39 38 2 11 31 29 47 42 12 
55 59 57 38 63 13 34 29 24 45 64 43 42 41 17 39 56 3 15 33 53 35 2 50 51 9 8 46 47 60 23 58 22 5 20 4 18 40 14 36 16 54 10 11 12 62 27 28 25 26 61 44 1 6 21 19 37 30 31 32 49 48 7 52 
56 25 22 53 38 14 36 30 60 46 26 48 18 42 1 6 34 54 63 3 15 37 62 11 31 52 64 23 44 47 61 8 39 19 41 5 20 7 35 55 33 16 51 27 49 12 32 10 43 58 45 24 40 57 4 21 13 9 28 50 2 59 17 29 
57 50 63 42 41 17 39 59 10 29 62 27 56 55 33 53 22 5 20 4 18 40 24 45 64 43 2 30 31 51 9 49 38 14 36 13 34 54 1 6 21 19 8 46 47 60 23 58 11 12 52 28 3 15 37 35 7 25 26 61 44 32 16 48 
58 54 28 46 44 59 64 19 14 35 63 33 11 49 29 51 25 47 61 45 60 43 1 40 41 4 3 36 37 55 13 53 30 12 32 50 62 9 26 48 24 23 5 6 7 57 17 18 15 16 56 34 31 52 2 27 8 20 21 22 39 38 10 42 
59 53 29 24 45 64 43 18 36 34 54 63 2 50 51 9 8 46 47 60 23 58 6 39 19 41 15 37 56 35 55 33 10 11 12 62 27 28 25 26 61 44 20 7 22 40 57 4 16 38 14 13 30 31 32 49 48 21 42 1 17 3 52 5 
60 13 62 48 64 23 44 17 16 33 34 35 52 51 27 49 61 8 25 43 58 45 21 4 39 40 37 38 3 53 54 55 32 10 30 9 28 50 24 46 26 59 7 42 5 18 19 57 56 14 15 63 2 11 31 29 47 22 1 20 41 36 12 6 
61 56 32 58 48 24 46 22 53 38 14 36 28 52 2 11 44 59 64 8 25 47 18 42 1 6 34 54 63 3 15 37 49 29 51 10 30 12 45 60 43 26 39 19 41 5 20 7 35 55 33 16 50 62 9 31 23 40 57 4 21 13 27 17 
62 4 64 52 51 27 49 13 7 17 18 19 61 60 43 58 32 10 30 9 28 50 16 33 34 35 21 22 1 39 40 41 48 24 46 23 44 59 2 11 31 29 37 38 3 53 54 55 42 5 6 57 8 25 47 45 12 56 14 15 63 20 26 36 
63 45 41 56 55 33 53 50 8 59 60 23 22 57 4 18 38 14 36 13 34 54 10 29 62 27 24 25 26 64 43 44 42 1 6 17 39 19 3 15 37 35 2 30 31 51 9 49 46 47 48 58 5 20 7 40 16 11 12 52 28 61 21 32 
64 33 51 61 60 43 58 4 37 13 53 54 32 62 9 28 48 24 46 23 44 59 7 17 18 19 16 56 14 34 35 63 52 2 11 27 49 29 8 25 47 45 21 22 1 39 40 41 38 3 36 55 10 30 12 50 26 42 5 6 57 15 31 20 
1
0 1 

1 4 
1 
5 
7 
21 
2 8 
1 5 
1 7 
1 21 
5 7 
5 21 
6 22 
7 21 
20 42 
3 12 
1 5 7 
1 5 21 
1 6 22 
1 7 21 
1 20 42 
5 6 22 
5 7 21 
5 20 42 
6 7 22 
6 21 22 
7 20 42 
20 21 42 
4 14 
1 5 6 22 
1 5 7 21 
1 5 20 42 
1 6 7 22 
1 6 21 22 
1 7 20 42 
1 20 21 42 
5 6 7 22 
5 6 21 22 
5 7 20 42 
5 20 21 42 
6 7 21 22 
6 20 22 42 
7 20 21 42 
5 12 
1 5 6 7 22 
1 5 6 21 22 
1 5 7 20 42 
1 5 20 21 42 
1 6 7 21 22 
1 6 20 22 42 
1 7 20 21 42 
5 6 7 21 22 
5 6 20 22 42 
5 7 20 21 42 
6 7 20 22 42 
6 20 21 22 42 
6 8 
1 5 6 7 21 22 
1 5 6 20 22 42 
1 5 7 20 21 42 
1 6 7 20 22 42 
1 6 20 21 22 42 
5 6 7 20 22 42 
5 6 20 21 22 42 
6 7 20 21 22 42 
7 4 
1 5 6 7 20 22 42 
1 5 6 20 21 22 42 
1 6 7 20 21 22 42 
5 6 7 20 21 22 42 
8 1 
1 5 6 7 20 21 22 42 
2
0 1 

1 1 

2 4 
2 31 
10 12 
11 52 
30 32 
3 1 

4 6 
2 10 12 31 
2 11 31 52 
2 30 31 32 
10 11 12 52 
10 12 30 32 
11 30 32 52 
5 1 

6 4 
2 10 11 12 31 52 
2 10 12 30 31 32 
2 11 30 31 32 52 
10 11 12 30 32 52 
7 1 

8 1 
2 10 11 12 30 31 32 52 
3
0 1 

1 1 

2 4 
3 14 
15 56 
16 37 
36 38 
3 1 

4 6 
3 14 15 56 
3 14 16 37 
3 14 36 38 
15 16 37 56 
15 36 38 56 
16 36 37 38 
5 1 

6 4 
3 14 15 16 37 56 
3 14 15 36 38 56 
3 14 16 36 37 38 
15 16 36 37 38 56 
7 1 

8 1 
3 14 15 16 36 37 38 56 
4
0 1 

1 1 

2 4 
4 19 
17 40 
18 41 
39 57 
3 1 

4 6 
4 17 19 40 
4 18 19 41 
4 19 39 57 
17 18 40 41 
17 39 40 57 
18 39 41 57 
5 1 

6 4 
4 17 18 19 40 41 
4 17 19 39 40 57 
4 18 19 39 41 57 
17 18 39 40 41 57 
7 1 

8 1 
4 17 18 19 39 40 41 57 
5
0 1 

1 1 

2 4 
8 47 
24 26 
25 61 
46 48 
3 1 

4 6 
8 24 26 47 
8 25 47 61 
8 46 47 48 
24 25 26 61 
24 26 46 48 
25 46 48 61 
5 1 

6 4 
8 24 25 26 47 61 
8 24 26 46 47 48 
8 25 46 47 48 61 
24 25 26 46 48 61 
7 1 

8 1 
8 24 25 26 46 47 48 61 
6
0 1 

1 1 

2 4 
9 49 
27 28 
29 62 
50 51 
3 1 

4 6 
9 27 28 49 
9 29 49 62 
9 49 50 51 
27 28 29 62 
27 28 50 51 
29 50 51 62 
5 1 

6 4 
9 27 28 29 49 62 
9 27 28 49 50 51 
9 29 49 50 51 62 
27 28 29 50 51 62 
7 1 

8 1 
9 27 28 29 49 50 51 62 
7
0 1 

1 1 

2 4 
13 54 
33 35 
34 63 
53 55 
3 1 

4 6 
13 33 35 54 
13 34 54 63 
13 53 54 55 
33 34 35 63 
33 35 53 55 
34 53 55 63 
5 1 

6 4 
13 33 34 35 54 63 
13 33 35 53 54 55 
13 34 53 54 55 63 
33 34 35 53 55 63 
7 1 

8 1 
13 33 34 35 53 54 55 63 
8
0 1 

1 1 

2 4 
23 58 
43 44 
45 64 
59 60 
3 1 

4 6 
23 43 44 58 
23 45 58 64 
23 58 59 60 
43 44 45 64 
43 44 59 60 
45 59 60 64 
5 1 

6 4 
23 43 44 45 58 64 
23 43 44 58 59 60 
23 45 58 59 60 64 
43 44 45 59 60 64 
7 1 

8 1 
23 43 44 45 58 59 60 64 
