//Table for grp 213:
57
0 0 2 2 4 4 2 4 
0 0 2 4 4 2 4 2 
0 0 4 2 2 4 4 2 
0 0 4 4 2 2 2 4 
0 2 0 2 4 2 4 4 
0 2 0 4 4 4 2 2 
0 2 2 0 2 4 4 4 
0 2 2 2 2 2 2 6 
0 2 2 2 2 2 6 2 
0 2 2 2 2 6 2 2 
0 2 2 2 6 2 2 2 
0 2 2 4 2 0 4 4 
0 2 2 4 2 4 0 4 
0 2 2 4 2 4 4 0 
0 2 2 6 2 2 2 2 
0 2 4 0 4 4 2 2 
0 2 4 2 0 2 4 4 
0 2 4 2 4 2 0 4 
0 2 4 2 4 2 4 0 
0 2 4 4 0 4 2 2 
0 2 4 4 4 0 2 2 
0 2 6 2 2 2 2 2 
0 4 0 2 2 4 4 2 
0 4 0 4 2 2 2 4 
0 4 2 0 4 2 4 2 
0 4 2 2 0 4 2 4 
0 4 2 2 4 0 2 4 
0 4 2 2 4 4 2 0 
0 4 2 4 0 2 4 2 
0 4 2 4 4 2 0 2 
0 4 4 0 2 2 2 4 
0 4 4 2 2 0 4 2 
0 4 4 2 2 4 0 2 
0 4 4 4 2 2 2 0 
0 6 2 2 2 2 2 2 
2 0 2 2 2 2 4 4 
2 0 2 4 2 4 2 2 
2 0 4 2 4 2 2 2 
2 2 0 2 2 4 2 4 
2 2 0 4 2 2 4 2 
2 2 2 0 4 2 2 4 
2 2 2 2 0 4 4 2 
2 2 2 2 4 0 4 2 
2 2 2 2 4 4 0 2 
2 2 2 4 0 2 2 4 
2 2 2 4 4 2 2 0 
2 2 4 0 2 2 4 2 
2 2 4 2 2 0 2 4 
2 2 4 2 2 4 2 0 
2 2 4 4 2 2 0 2 
2 4 0 2 4 2 2 2 
2 4 2 0 2 4 2 2 
2 4 2 2 2 2 0 4 
2 4 2 2 2 2 4 0 
2 4 2 4 2 0 2 2 
2 4 4 2 0 2 2 2 
4 2 2 2 2 2 2 2 
1 2 3 4 5 6 7 8 9 10 11 12 13 14 15 16 17 18 19 20 21 22 23 24 25 26 27 28 29 30 31 32 33 34 35 36 37 38 39 40 41 42 43 44 45 46 47 48 49 50 51 52 53 54 55 56 57 58 59 60 61 62 63 64 
2 1 8 9 10 11 12 3 4 5 6 7 23 24 25 26 27 28 29 30 31 32 13 14 15 16 17 18 19 20 21 22 43 44 45 46 47 48 49 50 51 52 33 34 35 36 37 38 39 40 41 42 58 59 60 61 62 53 54 55 56 57 64 63 
3 25 1 13 14 15 16 11 44 46 8 48 4 5 6 7 33 34 35 36 37 38 28 30 2 32 58 23 60 24 61 26 17 18 19 20 21 22 53 54 55 56 49 9 51 10 52 12 43 64 45 47 39 40 41 42 63 27 62 29 31 59 57 50 
4 29 13 7 17 18 19 45 2 50 51 9 16 33 34 35 21 22 1 39 40 41 8 59 60 23 10 11 12 62 27 28 37 38 3 53 54 55 42 5 6 57 24 25 26 64 43 44 30 31 32 49 56 14 15 63 20 46 47 48 58 52 36 61 
5 10 14 17 6 20 21 24 27 11 30 31 33 15 36 37 18 39 40 1 22 42 43 25 46 47 28 49 50 2 32 52 34 53 54 3 38 56 4 41 57 7 44 58 59 8 48 61 9 51 62 12 13 55 63 16 19 23 60 64 26 29 35 45 
6 11 15 18 20 1 22 25 28 30 2 32 34 36 3 38 39 4 41 5 42 7 44 46 8 48 49 9 51 10 52 12 53 13 55 14 56 16 17 57 19 21 58 23 60 24 61 26 27 62 29 31 33 63 35 37 40 43 64 45 47 50 54 59 
7 12 16 19 21 22 1 26 29 31 32 2 35 37 38 3 40 41 4 42 5 6 45 47 48 8 50 51 9 52 10 11 54 55 13 56 14 15 57 17 18 20 59 60 23 61 24 25 62 27 28 30 63 33 34 36 39 64 43 44 46 49 53 58 
8 15 2 23 24 25 26 6 34 36 3 38 9 10 11 12 43 44 45 46 47 48 18 20 1 22 53 13 55 14 56 16 27 28 29 30 31 32 58 59 60 61 39 4 41 5 42 7 33 63 35 37 49 50 51 52 64 17 57 19 21 54 62 40 
9 19 23 12 27 28 29 35 1 40 41 4 26 43 44 45 31 32 2 49 50 51 3 54 55 13 5 6 7 57 17 18 47 48 8 58 59 60 52 10 11 62 14 15 16 63 33 34 20 21 22 39 61 24 25 64 30 36 37 38 53 42 46 56 
10 5 24 27 11 30 31 14 17 6 20 21 43 25 46 47 28 49 50 2 32 52 33 15 36 37 18 39 40 1 22 42 44 58 59 8 48 61 9 51 62 12 34 53 54 3 38 56 4 41 57 7 23 60 64 26 29 13 55 63 16 19 45 35 
11 6 25 28 30 2 32 15 18 20 1 22 44 46 8 48 49 9 51 10 52 12 34 36 3 38 39 4 41 5 42 7 58 23 60 24 61 26 27 62 29 31 53 13 55 14 56 16 17 57 19 21 43 64 45 47 50 33 63 35 37 40 59 54 
12 7 26 29 31 32 2 16 19 21 22 1 45 47 48 8 50 51 9 52 10 11 35 37 38 3 40 41 4 42 5 6 59 60 23 61 24 25 62 27 28 30 54 55 13 56 14 15 57 17 18 20 64 43 44 46 49 63 33 34 36 39 58 53 
13 60 4 16 33 34 35 51 25 64 45 44 7 17 18 19 37 38 3 53 54 55 11 62 29 28 46 8 48 59 58 23 21 22 1 39 40 41 56 14 15 63 30 2 32 50 49 9 24 61 26 43 42 5 6 57 36 10 52 12 27 47 20 31 
14 46 5 33 15 36 37 30 58 8 24 61 17 6 20 21 34 53 54 3 38 56 49 2 10 52 23 43 64 25 26 47 18 39 40 1 22 42 13 55 63 16 9 27 62 11 12 31 44 45 59 48 4 41 57 7 35 28 29 50 32 60 19 51 
15 8 6 34 36 3 38 2 23 24 25 26 18 20 1 22 53 13 55 14 56 16 9 10 11 12 43 44 45 46 47 48 39 4 41 5 42 7 33 63 35 37 27 28 29 30 31 32 58 59 60 61 17 57 19 21 54 49 50 51 52 64 40 62 
16 48 7 35 37 38 3 32 60 61 26 25 19 21 22 1 54 55 13 56 14 15 51 52 12 11 64 45 44 47 46 8 40 41 4 42 5 6 63 33 34 36 62 29 28 31 30 2 59 58 23 24 57 17 18 20 53 50 49 9 10 43 39 27 
17 50 33 21 18 39 40 59 10 51 62 27 37 34 53 54 22 42 5 4 41 57 24 60 64 43 11 30 31 29 28 49 38 56 14 13 55 63 7 6 20 19 25 46 47 45 44 58 2 32 52 9 16 15 36 35 1 8 48 61 23 12 3 26 
18 51 34 22 39 4 41 60 11 62 29 28 38 53 13 55 42 7 6 17 57 19 25 64 45 44 30 2 32 50 49 9 56 16 15 33 63 35 21 20 1 40 46 8 48 59 58 23 10 52 12 27 37 36 3 54 5 24 61 26 43 31 14 47 
19 9 35 1 40 41 4 23 12 27 28 29 3 54 55 13 5 6 7 57 17 18 26 43 44 45 31 32 2 49 50 51 14 15 16 63 33 34 20 21 22 39 47 48 8 58 59 60 52 10 11 62 36 37 38 53 42 61 24 25 64 30 56 46 
20 30 36 39 1 5 42 46 49 2 10 52 53 3 14 56 4 17 57 6 7 21 58 8 24 61 9 27 62 11 12 31 13 33 63 15 16 37 18 19 40 22 23 43 64 25 26 47 28 29 50 32 34 35 54 38 41 44 45 59 48 51 55 60 
21 31 37 40 22 42 5 47 50 32 52 10 54 38 56 14 41 57 17 7 6 20 59 48 61 24 51 62 27 12 11 30 55 63 33 16 15 36 19 18 39 1 60 64 43 26 25 46 29 28 49 2 35 34 53 3 4 45 44 58 8 9 13 23 
22 32 38 41 42 7 6 48 51 52 12 11 55 56 16 15 57 19 18 21 20 1 60 61 26 25 62 29 28 31 30 2 63 35 34 37 36 3 40 39 4 5 64 45 44 47 46 8 50 49 9 10 54 53 13 14 17 59 58 23 24 27 33 43 
23 55 9 26 43 44 45 41 15 63 35 34 12 27 28 29 47 48 8 58 59 60 6 57 19 18 36 3 38 54 53 13 31 32 2 49 50 51 61 24 25 64 20 1 22 40 39 4 14 56 16 33 52 10 11 62 46 5 42 7 17 37 30 21 
24 36 10 43 25 46 47 20 53 3 14 56 27 11 30 31 44 58 59 8 48 61 39 1 5 42 13 33 63 15 16 37 28 49 50 2 32 52 23 60 64 26 4 17 57 6 7 21 34 35 54 38 9 51 62 12 45 18 19 40 22 55 29 41 
25 3 11 44 46 8 48 1 13 14 15 16 28 30 2 32 58 23 60 24 61 26 4 5 6 7 33 34 35 36 37 38 49 9 51 10 52 12 43 64 45 47 17 18 19 20 21 22 53 54 55 56 27 62 29 31 59 39 40 41 42 63 50 57 
26 38 12 45 47 48 8 22 55 56 16 15 29 31 32 2 59 60 23 61 24 25 41 42 7 6 63 35 34 37 36 3 50 51 9 52 10 11 64 43 44 46 57 19 18 21 20 1 54 53 13 14 62 27 28 30 58 40 39 4 5 33 49 17 
27 40 43 31 28 49 50 54 5 41 57 17 47 44 58 59 32 52 10 9 51 62 14 55 63 33 6 20 21 19 18 39 48 61 24 23 60 64 12 11 30 29 15 36 37 35 34 53 1 22 42 4 26 25 46 45 2 3 38 56 13 7 8 16 
28 41 44 32 49 9 51 55 6 57 19 18 48 58 23 60 52 12 11 27 62 29 15 63 35 34 20 1 22 40 39 4 61 26 25 43 64 45 31 30 2 50 36 3 38 54 53 13 5 42 7 17 47 46 8 59 10 14 56 16 33 21 24 37 
29 4 45 2 50 51 9 13 7 17 18 19 8 59 60 23 10 11 12 62 27 28 16 33 34 35 21 22 1 39 40 41 24 25 26 64 43 44 30 31 32 49 37 38 3 53 54 55 42 5 6 57 46 47 48 58 52 56 14 15 63 20 61 36 
30 20 46 49 2 10 52 36 39 1 5 42 58 8 24 61 9 27 62 11 12 31 53 3 14 56 4 17 57 6 7 21 23 43 64 25 26 47 28 29 50 32 13 33 63 15 16 37 18 19 40 22 44 45 59 48 51 34 35 54 38 41 60 55 
31 21 47 50 32 52 10 37 40 22 42 5 59 48 61 24 51 62 27 12 11 30 54 38 56 14 41 57 17 7 6 20 60 64 43 26 25 46 29 28 49 2 55 63 33 16 15 36 19 18 39 1 45 44 58 8 9 35 34 53 3 4 23 13 
32 22 48 51 52 12 11 38 41 42 7 6 60 61 26 25 62 29 28 31 30 2 55 56 16 15 57 19 18 21 20 1 64 45 44 47 46 8 50 49 9 10 63 35 34 37 36 3 40 39 4 5 59 58 23 24 27 54 53 13 14 17 43 33 
33 64 17 37 34 53 54 62 46 45 59 58 21 18 39 40 38 56 14 13 55 63 30 29 50 49 8 24 61 60 23 43 22 42 5 4 41 57 16 15 36 35 2 10 52 51 9 27 25 26 47 44 7 6 20 19 3 11 12 31 28 48 1 32 
34 45 18 38 53 13 55 29 8 59 60 23 22 39 4 41 56 16 15 33 63 35 2 50 51 9 24 25 26 64 43 44 42 7 6 17 57 19 37 36 3 54 10 11 12 62 27 28 46 47 48 58 21 20 1 40 14 30 31 32 49 61 5 52 
35 44 19 3 54 55 13 28 48 58 23 60 1 40 41 4 14 15 16 63 33 34 32 49 9 51 61 26 25 43 64 45 5 6 7 57 17 18 36 37 38 53 52 12 11 27 62 29 47 46 8 59 20 21 22 39 56 31 30 2 50 24 42 10 
36 24 20 53 3 14 56 10 43 25 46 47 39 1 5 42 13 33 63 15 16 37 27 11 30 31 44 58 59 8 48 61 4 17 57 6 7 21 34 35 54 38 28 49 50 2 32 52 23 60 64 26 18 19 40 22 55 9 51 62 12 45 41 29 
37 61 21 54 38 56 14 52 64 26 47 46 40 22 42 5 55 63 33 16 15 36 62 12 31 30 45 59 58 48 8 24 41 57 17 7 6 20 35 34 53 3 29 50 49 32 2 10 60 23 43 25 19 18 39 1 13 51 9 27 11 44 4 28 
38 26 22 55 56 16 15 12 45 47 48 8 41 42 7 6 63 35 34 37 36 3 29 31 32 2 59 60 23 61 24 25 57 19 18 21 20 1 54 53 13 14 50 51 9 52 10 11 64 43 44 46 40 39 4 5 33 62 27 28 30 58 17 49 
39 62 53 42 4 17 57 64 30 29 50 49 56 13 33 63 7 21 20 18 19 40 46 45 59 58 2 10 52 51 9 27 16 37 36 34 35 54 22 1 5 41 8 24 61 60 23 43 11 12 31 28 38 3 14 55 6 25 26 47 44 32 15 48 
40 27 54 5 41 57 17 43 31 28 49 50 14 55 63 33 6 20 21 19 18 39 47 44 58 59 32 52 10 9 51 62 15 36 37 35 34 53 1 22 42 4 48 61 24 23 60 64 12 11 30 29 3 38 56 13 7 26 25 46 45 2 16 8 
41 28 55 6 57 19 18 44 32 49 9 51 15 63 35 34 20 1 22 40 39 4 48 58 23 60 52 12 11 27 62 29 36 3 38 54 53 13 5 42 7 17 61 26 25 43 64 45 31 30 2 50 14 56 16 33 21 47 46 8 59 10 37 24 
42 52 56 57 7 21 20 61 62 12 31 30 63 16 37 36 19 40 39 22 1 5 64 26 47 46 29 50 49 32 2 10 35 54 53 38 3 14 41 4 17 6 45 59 58 48 8 24 51 9 27 11 55 13 33 15 18 60 23 43 25 28 34 44 
43 63 27 47 44 58 59 57 36 35 54 53 31 28 49 50 48 61 24 23 60 64 20 19 40 39 3 14 56 55 13 33 32 52 10 9 51 62 26 25 46 45 1 5 42 41 4 17 15 16 37 34 12 11 30 29 8 6 7 21 18 38 2 22 
44 35 28 48 58 23 60 19 3 54 55 13 32 49 9 51 61 26 25 43 64 45 1 40 41 4 14 15 16 63 33 34 52 12 11 27 62 29 47 46 8 59 5 6 7 57 17 18 36 37 38 53 31 30 2 50 24 20 21 22 39 56 10 42 
45 34 29 8 59 60 23 18 38 53 13 55 2 50 51 9 24 25 26 64 43 44 22 39 4 41 56 16 15 33 63 35 10 11 12 62 27 28 46 47 48 58 42 7 6 17 57 19 37 36 3 54 30 31 32 49 61 21 20 1 40 14 52 5 
46 14 30 58 8 24 61 5 33 15 36 37 49 2 10 52 23 43 64 25 26 47 17 6 20 21 34 53 54 3 38 56 9 27 62 11 12 31 44 45 59 48 18 39 40 1 22 42 13 55 63 16 28 29 50 32 60 4 41 57 7 35 51 19 
47 56 31 59 48 61 24 42 63 16 37 36 50 32 52 10 60 64 43 26 25 46 57 7 21 20 35 54 53 38 3 14 51 62 27 12 11 30 45 44 58 8 19 40 39 22 1 5 55 13 33 15 29 28 49 2 23 41 4 17 6 34 9 18 
48 16 32 60 61 26 25 7 35 37 38 3 51 52 12 11 64 45 44 47 46 8 19 21 22 1 54 55 13 56 14 15 62 29 28 31 30 2 59 58 23 24 40 41 4 42 5 6 63 33 34 36 50 49 9 10 43 57 17 18 20 53 27 39 
49 57 58 52 9 27 62 63 20 19 40 39 61 23 43 64 12 31 30 28 29 50 36 35 54 53 1 5 42 41 4 17 26 47 46 44 45 59 32 2 10 51 3 14 56 55 13 33 6 7 21 18 48 8 24 60 11 15 16 37 34 22 25 38 
50 17 59 10 51 62 27 33 21 18 39 40 24 60 64 43 11 30 31 29 28 49 37 34 53 54 22 42 5 4 41 57 25 46 47 45 44 58 2 32 52 9 38 56 14 13 55 63 7 6 20 19 8 48 61 23 12 16 15 36 35 1 26 3 
51 18 60 11 62 29 28 34 22 39 4 41 25 64 45 44 30 2 32 50 49 9 38 53 13 55 42 7 6 17 57 19 46 8 48 59 58 23 10 52 12 27 56 16 15 33 63 35 21 20 1 40 24 61 26 43 31 37 36 3 54 5 47 14 
52 42 61 62 12 31 30 56 57 7 21 20 64 26 47 46 29 50 49 32 2 10 63 16 37 36 19 40 39 22 1 5 45 59 58 48 8 24 51 9 27 11 35 54 53 38 3 14 41 4 17 6 60 23 43 25 28 55 13 33 15 18 44 34 
53 59 39 56 13 33 63 50 24 60 64 43 42 4 17 57 16 37 36 34 35 54 10 51 62 27 25 46 47 45 44 58 7 21 20 18 19 40 38 3 14 55 11 30 31 29 28 49 8 48 61 23 22 1 5 41 15 2 32 52 9 26 6 12 
54 58 40 14 55 63 33 49 61 23 43 64 5 41 57 17 15 36 37 35 34 53 52 9 27 62 26 47 46 44 45 59 6 20 21 19 18 39 3 38 56 13 12 31 30 28 29 50 48 8 24 60 1 22 42 4 16 32 2 10 51 25 7 11 
55 23 41 15 63 35 34 9 26 43 44 45 6 57 19 18 36 3 38 54 53 13 12 27 28 29 47 48 8 58 59 60 20 1 22 40 39 4 14 56 16 33 31 32 2 49 50 51 61 24 25 64 5 42 7 17 37 52 10 11 62 46 21 30 
56 47 42 63 16 37 36 31 59 48 61 24 57 7 21 20 35 54 53 38 3 14 50 32 52 10 60 64 43 26 25 46 19 40 39 22 1 5 55 13 33 15 51 62 27 12 11 30 45 44 58 8 41 4 17 6 34 29 28 49 2 23 18 9 
57 49 63 20 19 40 39 58 52 9 27 62 36 35 54 53 1 5 42 41 4 17 61 23 43 64 12 31 30 28 29 50 3 14 56 55 13 33 6 7 21 18 26 47 46 44 45 59 32 2 10 51 15 16 37 34 22 48 8 24 60 11 38 25 
58 54 49 61 23 43 64 40 14 55 63 33 52 9 27 62 26 47 46 44 45 59 5 41 57 17 15 36 37 35 34 53 12 31 30 28 29 50 48 8 24 60 6 20 21 19 18 39 3 38 56 13 32 2 10 51 25 1 22 42 4 16 11 7 
59 53 50 24 60 64 43 39 56 13 33 63 10 51 62 27 25 46 47 45 44 58 42 4 17 57 16 37 36 34 35 54 11 30 31 29 28 49 8 48 61 23 7 21 20 18 19 40 38 3 14 55 2 32 52 9 26 22 1 5 41 15 12 6 
60 13 51 25 64 45 44 4 16 33 34 35 11 62 29 28 46 8 48 59 58 23 7 17 18 19 37 38 3 53 54 55 30 2 32 50 49 9 24 61 26 43 21 22 1 39 40 41 56 14 15 63 10 52 12 27 47 42 5 6 57 36 31 20 
61 37 52 64 26 47 46 21 54 38 56 14 62 12 31 30 45 59 58 48 8 24 40 22 42 5 55 63 33 16 15 36 29 50 49 32 2 10 60 23 43 25 41 57 17 7 6 20 35 34 53 3 51 9 27 11 44 19 18 39 1 13 28 4 
62 39 64 30 29 50 49 53 42 4 17 57 46 45 59 58 2 10 52 51 9 27 56 13 33 63 7 21 20 18 19 40 8 24 61 60 23 43 11 12 31 28 16 37 36 34 35 54 22 1 5 41 25 26 47 44 32 38 3 14 55 6 48 15 
63 43 57 36 35 54 53 27 47 44 58 59 20 19 40 39 3 14 56 55 13 33 31 28 49 50 48 61 24 23 60 64 1 5 42 41 4 17 15 16 37 34 32 52 10 9 51 62 26 25 46 45 6 7 21 18 38 12 11 30 29 8 22 2 
64 33 62 46 45 59 58 17 37 34 53 54 30 29 50 49 8 24 61 60 23 43 21 18 39 40 38 56 14 13 55 63 2 10 52 51 9 27 25 26 47 44 22 42 5 4 41 57 16 15 36 35 11 12 31 28 48 7 6 20 19 3 32 1 
1
0 1 

1 4 
1 
6 
7 
22 
2 8 
1 6 
1 7 
1 22 
5 20 
6 7 
6 22 
7 22 
21 42 
3 12 
1 5 20 
1 6 7 
1 6 22 
1 7 22 
1 21 42 
5 6 20 
5 7 20 
5 20 22 
6 7 22 
6 21 42 
7 21 42 
21 22 42 
4 14 
1 5 6 20 
1 5 7 20 
1 5 20 22 
1 6 7 22 
1 6 21 42 
1 7 21 42 
1 21 22 42 
5 6 7 20 
5 6 20 22 
5 7 20 22 
5 20 21 42 
6 7 21 42 
6 21 22 42 
7 21 22 42 
5 12 
1 5 6 7 20 
1 5 6 20 22 
1 5 7 20 22 
1 5 20 21 42 
1 6 7 21 42 
1 6 21 22 42 
1 7 21 22 42 
5 6 7 20 22 
5 6 20 21 42 
5 7 20 21 42 
5 20 21 22 42 
6 7 21 22 42 
6 8 
1 5 6 7 20 22 
1 5 6 20 21 42 
1 5 7 20 21 42 
1 5 20 21 22 42 
1 6 7 21 22 42 
5 6 7 20 21 42 
5 6 20 21 22 42 
5 7 20 21 22 42 
7 4 
1 5 6 7 20 21 42 
1 5 6 20 21 22 42 
1 5 7 20 21 22 42 
5 6 7 20 21 22 42 
8 1 
1 5 6 7 20 21 22 42 
2
0 1 

1 4 
2 
11 
12 
32 
2 8 
2 11 
2 12 
2 32 
10 30 
11 12 
11 32 
12 32 
31 52 
3 12 
2 10 30 
2 11 12 
2 11 32 
2 12 32 
2 31 52 
10 11 30 
10 12 30 
10 30 32 
11 12 32 
11 31 52 
12 31 52 
31 32 52 
4 14 
2 10 11 30 
2 10 12 30 
2 10 30 32 
2 11 12 32 
2 11 31 52 
2 12 31 52 
2 31 32 52 
10 11 12 30 
10 11 30 32 
10 12 30 32 
10 30 31 52 
11 12 31 52 
11 31 32 52 
12 31 32 52 
5 12 
2 10 11 12 30 
2 10 11 30 32 
2 10 12 30 32 
2 10 30 31 52 
2 11 12 31 52 
2 11 31 32 52 
2 12 31 32 52 
10 11 12 30 32 
10 11 30 31 52 
10 12 30 31 52 
10 30 31 32 52 
11 12 31 32 52 
6 8 
2 10 11 12 30 32 
2 10 11 30 31 52 
2 10 12 30 31 52 
2 10 30 31 32 52 
2 11 12 31 32 52 
10 11 12 30 31 52 
10 11 30 31 32 52 
10 12 30 31 32 52 
7 4 
2 10 11 12 30 31 52 
2 10 11 30 31 32 52 
2 10 12 30 31 32 52 
10 11 12 30 31 32 52 
8 1 
2 10 11 12 30 31 32 52 
3
0 1 

1 4 
3 
15 
16 
38 
2 8 
3 15 
3 16 
3 38 
14 36 
15 16 
15 38 
16 38 
37 56 
3 12 
3 14 36 
3 15 16 
3 15 38 
3 16 38 
3 37 56 
14 15 36 
14 16 36 
14 36 38 
15 16 38 
15 37 56 
16 37 56 
37 38 56 
4 14 
3 14 15 36 
3 14 16 36 
3 14 36 38 
3 15 16 38 
3 15 37 56 
3 16 37 56 
3 37 38 56 
14 15 16 36 
14 15 36 38 
14 16 36 38 
14 36 37 56 
15 16 37 56 
15 37 38 56 
16 37 38 56 
5 12 
3 14 15 16 36 
3 14 15 36 38 
3 14 16 36 38 
3 14 36 37 56 
3 15 16 37 56 
3 15 37 38 56 
3 16 37 38 56 
14 15 16 36 38 
14 15 36 37 56 
14 16 36 37 56 
14 36 37 38 56 
15 16 37 38 56 
6 8 
3 14 15 16 36 38 
3 14 15 36 37 56 
3 14 16 36 37 56 
3 14 36 37 38 56 
3 15 16 37 38 56 
14 15 16 36 37 56 
14 15 36 37 38 56 
14 16 36 37 38 56 
7 4 
3 14 15 16 36 37 56 
3 14 15 36 37 38 56 
3 14 16 36 37 38 56 
14 15 16 36 37 38 56 
8 1 
3 14 15 16 36 37 38 56 
4
0 1 

1 1 

2 4 
4 19 
17 57 
18 41 
39 40 
3 1 

4 6 
4 17 19 57 
4 18 19 41 
4 19 39 40 
17 18 41 57 
17 39 40 57 
18 39 40 41 
5 1 

6 4 
4 17 18 19 41 57 
4 17 19 39 40 57 
4 18 19 39 40 41 
17 18 39 40 41 57 
7 1 

8 1 
4 17 18 19 39 40 41 57 
5
0 1 

1 4 
24 
46 
47 
61 
2 8 
8 25 
24 46 
24 47 
24 61 
26 48 
46 47 
46 61 
47 61 
3 12 
8 24 25 
8 25 46 
8 25 47 
8 25 61 
24 26 48 
24 46 47 
24 46 61 
24 47 61 
26 46 48 
26 47 48 
26 48 61 
46 47 61 
4 14 
8 24 25 46 
8 24 25 47 
8 24 25 61 
8 25 26 48 
8 25 46 47 
8 25 46 61 
8 25 47 61 
24 26 46 48 
24 26 47 48 
24 26 48 61 
24 46 47 61 
26 46 47 48 
26 46 48 61 
26 47 48 61 
5 12 
8 24 25 26 48 
8 24 25 46 47 
8 24 25 46 61 
8 24 25 47 61 
8 25 26 46 48 
8 25 26 47 48 
8 25 26 48 61 
8 25 46 47 61 
24 26 46 47 48 
24 26 46 48 61 
24 26 47 48 61 
26 46 47 48 61 
6 8 
8 24 25 26 46 48 
8 24 25 26 47 48 
8 24 25 26 48 61 
8 24 25 46 47 61 
8 25 26 46 47 48 
8 25 26 46 48 61 
8 25 26 47 48 61 
24 26 46 47 48 61 
7 4 
8 24 25 26 46 47 48 
8 24 25 26 46 48 61 
8 24 25 26 47 48 61 
8 25 26 46 47 48 61 
8 1 
8 24 25 26 46 47 48 61 
6
0 1 

1 4 
9 
28 
29 
51 
2 8 
9 28 
9 29 
9 51 
27 49 
28 29 
28 51 
29 51 
50 62 
3 12 
9 27 49 
9 28 29 
9 28 51 
9 29 51 
9 50 62 
27 28 49 
27 29 49 
27 49 51 
28 29 51 
28 50 62 
29 50 62 
50 51 62 
4 14 
9 27 28 49 
9 27 29 49 
9 27 49 51 
9 28 29 51 
9 28 50 62 
9 29 50 62 
9 50 51 62 
27 28 29 49 
27 28 49 51 
27 29 49 51 
27 49 50 62 
28 29 50 62 
28 50 51 62 
29 50 51 62 
5 12 
9 27 28 29 49 
9 27 28 49 51 
9 27 29 49 51 
9 27 49 50 62 
9 28 29 50 62 
9 28 50 51 62 
9 29 50 51 62 
27 28 29 49 51 
27 28 49 50 62 
27 29 49 50 62 
27 49 50 51 62 
28 29 50 51 62 
6 8 
9 27 28 29 49 51 
9 27 28 49 50 62 
9 27 29 49 50 62 
9 27 49 50 51 62 
9 28 29 50 51 62 
27 28 29 49 50 62 
27 28 49 50 51 62 
27 29 49 50 51 62 
7 4 
9 27 28 29 49 50 62 
9 27 28 49 50 51 62 
9 27 29 49 50 51 62 
27 28 29 49 50 51 62 
8 1 
9 27 28 29 49 50 51 62 
7
0 1 

1 1 

2 4 
13 35 
33 63 
34 55 
53 54 
3 1 

4 6 
13 33 35 63 
13 34 35 55 
13 35 53 54 
33 34 55 63 
33 53 54 63 
34 53 54 55 
5 1 

6 4 
13 33 34 35 55 63 
13 33 35 53 54 63 
13 34 35 53 54 55 
33 34 53 54 55 63 
7 1 

8 1 
13 33 34 35 53 54 55 63 
8
0 1 

1 4 
43 
58 
59 
64 
2 8 
23 44 
43 58 
43 59 
43 64 
45 60 
58 59 
58 64 
59 64 
3 12 
23 43 44 
23 44 58 
23 44 59 
23 44 64 
43 45 60 
43 58 59 
43 58 64 
43 59 64 
45 58 60 
45 59 60 
45 60 64 
58 59 64 
4 14 
23 43 44 58 
23 43 44 59 
23 43 44 64 
23 44 45 60 
23 44 58 59 
23 44 58 64 
23 44 59 64 
43 45 58 60 
43 45 59 60 
43 45 60 64 
43 58 59 64 
45 58 59 60 
45 58 60 64 
45 59 60 64 
5 12 
23 43 44 45 60 
23 43 44 58 59 
23 43 44 58 64 
23 43 44 59 64 
23 44 45 58 60 
23 44 45 59 60 
23 44 45 60 64 
23 44 58 59 64 
43 45 58 59 60 
43 45 58 60 64 
43 45 59 60 64 
45 58 59 60 64 
6 8 
23 43 44 45 58 60 
23 43 44 45 59 60 
23 43 44 45 60 64 
23 43 44 58 59 64 
23 44 45 58 59 60 
23 44 45 58 60 64 
23 44 45 59 60 64 
43 45 58 59 60 64 
7 4 
23 43 44 45 58 59 60 
23 43 44 45 58 60 64 
23 43 44 45 59 60 64 
23 44 45 58 59 60 64 
8 1 
23 43 44 45 58 59 60 64 
