//Table for grp 99:
57
0 0 2 2 4 4 2 4 
0 0 2 4 4 2 4 2 
0 0 4 2 2 4 4 2 
0 0 4 4 2 2 2 4 
0 2 0 2 4 2 4 4 
0 2 0 4 4 4 2 2 
0 2 2 0 2 4 4 4 
0 2 2 2 2 2 2 6 
0 2 2 2 2 2 6 2 
0 2 2 2 2 6 2 2 
0 2 2 2 6 2 2 2 
0 2 2 4 2 0 4 4 
0 2 2 4 2 4 0 4 
0 2 2 4 2 4 4 0 
0 2 2 6 2 2 2 2 
0 2 4 0 4 4 2 2 
0 2 4 2 0 2 4 4 
0 2 4 2 4 2 0 4 
0 2 4 2 4 2 4 0 
0 2 4 4 0 4 2 2 
0 2 4 4 4 0 2 2 
0 2 6 2 2 2 2 2 
0 4 0 2 2 4 4 2 
0 4 0 4 2 2 2 4 
0 4 2 0 4 2 4 2 
0 4 2 2 0 4 2 4 
0 4 2 2 4 0 2 4 
0 4 2 2 4 4 2 0 
0 4 2 4 0 2 4 2 
0 4 2 4 4 2 0 2 
0 4 4 0 2 2 2 4 
0 4 4 2 2 0 4 2 
0 4 4 2 2 4 0 2 
0 4 4 4 2 2 2 0 
0 6 2 2 2 2 2 2 
2 0 2 2 2 2 4 4 
2 0 2 4 2 4 2 2 
2 0 4 2 4 2 2 2 
2 2 0 2 2 4 2 4 
2 2 0 4 2 2 4 2 
2 2 2 0 4 2 2 4 
2 2 2 2 0 4 4 2 
2 2 2 2 4 0 4 2 
2 2 2 2 4 4 0 2 
2 2 2 4 0 2 2 4 
2 2 2 4 4 2 2 0 
2 2 4 0 2 2 4 2 
2 2 4 2 2 0 2 4 
2 2 4 2 2 4 2 0 
2 2 4 4 2 2 0 2 
2 4 0 2 4 2 2 2 
2 4 2 0 2 4 2 2 
2 4 2 2 2 2 0 4 
2 4 2 2 2 2 4 0 
2 4 2 4 2 0 2 2 
2 4 4 2 0 2 2 2 
4 2 2 2 2 2 2 2 
1 2 3 4 5 6 7 8 9 10 11 12 13 14 15 16 17 18 19 20 21 22 23 24 25 26 27 28 29 30 31 32 33 34 35 36 37 38 39 40 41 42 43 44 45 46 47 48 49 50 51 52 53 54 55 56 57 58 59 60 61 62 63 64 
2 6 8 9 10 11 12 15 18 20 1 22 23 24 25 26 27 28 29 30 31 32 34 36 3 38 39 4 41 5 42 7 43 44 45 46 47 48 49 50 51 52 53 13 55 14 56 16 17 57 19 21 58 59 60 61 62 33 63 35 37 40 64 54 
3 24 1 13 14 15 16 31 43 26 46 47 4 5 6 7 33 34 35 36 37 38 50 2 52 10 45 58 59 48 8 61 17 18 19 20 21 22 53 54 55 56 9 62 27 11 12 30 60 23 64 25 39 40 41 42 63 28 29 49 32 44 57 51 
4 9 35 7 17 18 19 45 12 27 28 29 3 54 55 13 21 22 1 39 40 41 8 59 60 23 31 32 2 49 50 51 14 15 16 63 33 34 42 5 6 57 24 25 26 64 43 44 52 10 11 62 36 37 38 53 20 46 47 48 58 30 56 61 
5 31 37 17 7 20 21 24 50 2 52 10 54 3 56 14 19 39 40 22 1 42 43 26 46 47 9 62 27 11 12 30 13 63 33 15 16 36 41 4 57 6 45 58 59 48 8 61 28 29 49 32 34 35 53 38 18 60 23 64 25 51 55 44 
6 11 15 18 20 1 22 25 28 30 2 32 34 36 3 38 39 4 41 5 42 7 44 46 8 48 49 9 51 10 52 12 53 13 55 14 56 16 17 57 19 21 58 23 60 24 61 26 27 62 29 31 33 63 35 37 40 43 64 45 47 50 54 59 
7 12 16 19 21 22 1 26 29 31 32 2 35 37 38 3 40 41 4 42 5 6 45 47 48 8 50 51 9 52 10 11 54 55 13 56 14 15 57 17 18 20 59 60 23 61 24 25 62 27 28 30 63 33 34 36 39 64 43 44 46 49 53 58 
8 36 2 23 24 25 26 42 53 38 14 56 9 10 11 12 43 44 45 46 47 48 57 6 21 20 55 33 63 16 15 37 27 28 29 30 31 32 58 59 60 61 18 40 39 1 22 5 35 34 54 3 49 50 51 52 64 4 41 17 7 13 62 19 
9 18 45 12 27 28 29 55 22 39 4 41 8 59 60 23 31 32 2 49 50 51 15 63 35 34 42 7 6 17 57 19 24 25 26 64 43 44 52 10 11 62 36 3 38 54 53 13 21 20 1 40 46 47 48 58 30 14 56 16 33 5 61 37 
10 42 47 27 12 30 31 36 57 6 21 20 59 8 61 24 29 49 50 32 2 52 53 38 14 56 18 40 39 1 22 5 23 64 43 25 26 46 51 9 62 11 55 33 63 16 15 37 4 41 17 7 44 45 58 48 28 35 34 54 3 19 60 13 
11 1 25 28 30 2 32 3 4 5 6 7 44 46 8 48 49 9 51 10 52 12 13 14 15 16 17 18 19 20 21 22 58 23 60 24 61 26 27 62 29 31 33 34 35 36 37 38 39 40 41 42 43 64 45 47 50 53 54 55 56 57 59 63 
12 22 26 29 31 32 2 38 41 42 7 6 45 47 48 8 50 51 9 52 10 11 55 56 16 15 57 19 18 21 20 1 59 60 23 61 24 25 62 27 28 30 63 35 34 37 36 3 40 39 4 5 64 43 44 46 49 54 53 13 14 17 58 33 
13 43 19 16 33 34 35 27 47 45 58 59 1 40 41 4 37 38 3 53 54 55 31 29 49 50 8 61 24 60 23 64 5 6 7 57 17 18 56 14 15 63 2 52 10 51 9 62 25 26 46 44 20 21 22 39 36 11 12 30 28 48 42 32 
14 8 21 33 16 36 37 2 23 24 25 26 40 1 42 5 35 53 54 38 3 56 9 10 11 12 43 44 45 46 47 48 4 57 17 6 7 20 55 13 63 15 27 28 29 30 31 32 58 59 60 61 18 19 39 22 34 49 50 51 52 64 41 62 
15 46 6 34 36 3 38 52 58 48 24 61 18 20 1 22 53 13 55 14 56 16 62 11 31 30 60 43 64 26 25 47 39 4 41 5 42 7 33 63 35 37 28 50 49 2 32 10 45 44 59 8 17 57 19 21 54 9 51 27 12 23 40 29 
16 47 7 35 37 38 3 10 59 8 61 24 19 21 22 1 54 55 13 56 14 15 27 12 30 31 23 64 43 25 26 46 40 41 4 42 5 6 63 33 34 36 29 49 50 32 2 52 44 45 58 48 57 17 18 20 53 51 9 62 11 60 39 28 
17 50 33 21 19 39 40 59 10 9 62 27 37 35 53 54 1 42 5 41 4 57 24 23 64 43 12 30 31 28 29 49 3 56 14 55 13 63 6 7 20 18 26 46 47 44 45 58 32 2 52 51 15 16 36 34 22 48 8 61 60 11 38 25 
18 28 55 22 39 4 41 60 32 49 9 51 15 63 35 34 42 7 6 17 57 19 25 64 45 44 52 12 11 27 62 29 36 3 38 54 53 13 21 20 1 40 46 8 48 59 58 23 31 30 2 50 14 56 16 33 5 24 61 26 43 10 37 47 
19 29 13 1 40 41 4 23 2 50 51 9 16 33 34 35 5 6 7 57 17 18 26 43 44 45 10 11 12 62 27 28 37 38 3 53 54 55 20 21 22 39 47 48 8 58 59 60 30 31 32 49 56 14 15 63 42 61 24 25 64 52 36 46 
20 52 56 39 22 5 42 46 62 11 31 30 63 15 37 36 41 17 57 7 6 21 58 48 24 61 28 50 49 2 32 10 34 54 53 3 38 14 19 18 40 1 60 43 64 26 25 47 9 51 27 12 13 55 33 16 4 45 44 59 8 29 35 23 
21 10 14 40 1 42 5 47 27 12 30 31 33 16 36 37 4 57 17 6 7 20 59 8 61 24 29 49 50 32 2 52 35 53 54 38 3 56 18 19 39 22 23 64 43 25 26 46 51 9 62 11 55 13 63 15 41 44 45 58 48 28 34 60 
22 32 38 41 42 7 6 48 51 52 12 11 55 56 16 15 57 19 18 21 20 1 60 61 26 25 62 29 28 31 30 2 63 35 34 37 36 3 40 39 4 5 64 45 44 47 46 8 50 49 9 10 54 53 13 14 17 59 58 23 24 27 33 43 
23 53 29 26 43 44 45 39 56 55 33 63 2 50 51 9 47 48 8 58 59 60 42 41 17 57 15 37 36 35 34 54 10 11 12 62 27 28 61 24 25 64 6 21 20 19 18 40 3 38 14 13 30 31 32 49 46 1 22 5 4 16 52 7 
24 15 31 43 26 46 47 6 34 36 3 38 50 2 52 10 45 58 59 48 8 61 18 20 1 22 53 13 55 14 56 16 9 62 27 11 12 30 60 23 64 25 39 4 41 5 42 7 33 63 35 37 28 29 49 32 44 17 57 19 21 54 51 40 
25 14 11 44 46 8 48 21 33 16 36 37 28 30 2 32 58 23 60 24 61 26 40 1 42 5 35 53 54 38 3 56 49 9 51 10 52 12 43 64 45 47 4 57 17 6 7 20 55 13 63 15 27 62 29 31 59 18 19 39 22 34 50 41 
26 56 12 45 47 48 8 20 63 15 37 36 29 31 32 2 59 60 23 61 24 25 39 22 5 42 34 54 53 3 38 14 50 51 9 52 10 11 64 43 44 46 41 17 57 7 6 21 13 55 33 16 62 27 28 30 58 19 18 40 1 35 49 4 
27 57 43 31 29 49 50 63 20 18 40 39 47 45 58 59 2 52 10 51 9 62 36 34 54 53 22 5 42 4 41 17 8 61 24 60 23 64 11 12 30 28 38 14 56 13 55 33 7 6 21 19 25 26 46 44 32 16 15 37 35 1 48 3 
28 4 60 32 49 9 51 35 7 17 18 19 25 64 45 44 52 12 11 27 62 29 3 54 55 13 21 22 1 39 40 41 46 8 48 59 58 23 31 30 2 50 14 15 16 63 33 34 42 5 6 57 24 61 26 43 10 36 37 38 53 20 47 56 
29 41 23 2 50 51 9 34 6 57 19 18 26 43 44 45 10 11 12 62 27 28 38 53 13 55 20 1 22 40 39 4 47 48 8 58 59 60 30 31 32 49 56 16 15 33 63 35 5 42 7 17 61 24 25 64 52 37 36 3 54 21 46 14 
30 21 61 49 32 10 52 14 40 1 42 5 64 25 47 46 51 27 62 12 11 31 33 16 36 37 4 57 17 6 7 20 44 59 58 8 48 24 29 28 50 2 35 53 54 38 3 56 18 19 39 22 23 60 43 26 9 55 13 63 15 41 45 34 
31 20 24 50 2 52 10 56 39 22 5 42 43 26 46 47 9 62 27 11 12 30 63 15 37 36 41 17 57 7 6 21 45 58 59 48 8 61 28 29 49 32 34 54 53 3 38 14 19 18 40 1 60 23 64 25 51 13 55 33 16 4 44 35 
32 7 48 51 52 12 11 16 19 21 22 1 60 61 26 25 62 29 28 31 30 2 35 37 38 3 40 41 4 42 5 6 64 45 44 47 46 8 50 49 9 10 54 55 13 56 14 15 57 17 18 20 59 58 23 24 27 63 33 34 36 39 43 53 
33 23 17 37 35 53 54 29 26 43 44 45 21 19 39 40 3 56 14 55 13 63 2 50 51 9 47 48 8 58 59 60 1 42 5 41 4 57 15 16 36 34 10 11 12 62 27 28 61 24 25 64 6 7 20 18 38 30 31 32 49 46 22 52 
34 58 41 38 53 13 55 49 61 60 43 64 6 57 19 18 56 16 15 33 63 35 52 51 27 62 25 47 46 45 44 59 20 1 22 40 39 4 37 36 3 54 11 31 30 29 28 50 8 48 24 23 5 42 7 17 14 2 32 10 9 26 21 12 
35 59 4 3 54 55 13 50 24 23 64 43 7 17 18 19 14 15 16 63 33 34 10 9 62 27 26 46 47 44 45 58 21 22 1 39 40 41 36 37 38 53 12 30 31 28 29 49 48 8 61 60 42 5 6 57 56 32 2 52 51 25 20 11 
36 25 42 53 38 14 56 11 44 46 8 48 57 6 21 20 55 33 63 16 15 37 28 30 2 32 58 23 60 24 61 26 18 40 39 1 22 5 35 34 54 3 49 9 51 10 52 12 43 64 45 47 4 41 17 7 13 27 62 29 31 59 19 50 
37 26 5 54 3 56 14 12 45 47 48 8 17 7 20 21 13 63 33 15 16 36 29 31 32 2 59 60 23 61 24 25 19 39 40 22 1 42 34 35 53 38 50 51 9 52 10 11 64 43 44 46 41 4 57 6 55 62 27 28 30 58 18 49 
38 61 22 55 56 16 15 30 64 25 47 46 41 42 7 6 63 35 34 37 36 3 49 32 10 52 44 59 58 8 48 24 57 19 18 21 20 1 54 53 13 14 51 27 62 12 11 31 23 60 43 26 40 39 4 5 33 29 28 50 2 45 17 9 
39 62 53 42 41 17 57 64 30 28 50 49 56 55 33 63 6 21 20 19 18 40 46 44 59 58 32 10 52 9 51 27 15 37 36 35 34 54 1 22 5 4 48 24 61 23 60 43 12 11 31 29 3 38 14 13 7 26 25 47 45 2 16 8 
40 27 54 5 4 57 17 43 31 29 49 50 14 13 63 33 7 20 21 18 19 39 47 45 58 59 2 52 10 51 9 62 16 36 37 34 35 53 22 1 42 41 8 61 24 60 23 64 11 12 30 28 38 3 56 55 6 25 26 46 44 32 15 48 
41 51 34 6 57 19 18 44 11 62 29 28 38 53 13 55 20 1 22 40 39 4 48 58 23 60 30 2 32 50 49 9 56 16 15 33 63 35 5 42 7 17 61 26 25 43 64 45 10 52 12 27 37 36 3 54 21 47 46 8 59 31 14 24 
42 30 36 57 6 21 20 61 49 32 10 52 53 38 14 56 18 40 39 1 22 5 64 25 47 46 51 27 62 12 11 31 55 33 63 16 15 37 4 41 17 7 44 59 58 8 48 24 29 28 50 2 35 34 54 3 19 23 60 43 26 9 13 45 
43 34 27 47 45 58 59 41 38 53 13 55 31 29 49 50 8 61 24 60 23 64 6 57 19 18 56 16 15 33 63 35 2 52 10 51 9 62 25 26 46 44 20 1 22 40 39 4 37 36 3 54 11 12 30 28 48 5 42 7 17 14 32 21 
44 33 51 48 58 23 60 17 37 35 53 54 11 62 29 28 61 26 25 43 64 45 21 19 39 40 3 56 14 55 13 63 30 2 32 50 49 9 47 46 8 59 1 42 5 41 4 57 15 16 36 34 10 52 12 27 24 6 7 20 18 38 31 22 
45 63 9 8 59 60 23 57 36 34 54 53 12 27 28 29 24 25 26 64 43 44 20 18 40 39 38 14 56 13 55 33 31 32 2 49 50 51 46 47 48 58 22 5 42 4 41 17 16 15 37 35 52 10 11 62 61 7 6 21 19 3 30 1 
46 3 52 58 48 24 61 1 13 14 15 16 62 11 31 30 60 43 64 26 25 47 4 5 6 7 33 34 35 36 37 38 28 50 49 2 32 10 45 44 59 8 17 18 19 20 21 22 53 54 55 56 9 51 27 12 23 39 40 41 42 63 29 57 
47 38 10 59 8 61 24 22 55 56 16 15 27 12 30 31 23 64 43 25 26 46 41 42 7 6 63 35 34 37 36 3 29 49 50 32 2 52 44 45 58 48 57 19 18 21 20 1 54 53 13 14 51 9 62 11 60 40 39 4 5 33 28 17 
48 37 32 60 61 26 25 5 54 3 56 14 51 52 12 11 64 45 44 47 46 8 17 7 20 21 13 63 33 15 16 36 62 29 28 31 30 2 59 58 23 24 19 39 40 22 1 42 34 35 53 38 50 49 9 10 43 41 4 57 6 55 27 18 
49 40 58 52 51 27 62 54 5 4 57 17 61 60 43 64 11 31 30 29 28 50 14 13 63 33 7 20 21 18 19 39 25 47 46 45 44 59 2 32 10 9 16 36 37 34 35 53 22 1 42 41 8 48 24 23 12 38 3 56 55 6 26 15 
50 39 59 10 9 62 27 53 42 41 17 57 24 23 64 43 12 30 31 28 29 49 56 55 33 63 6 21 20 19 18 40 26 46 47 44 45 58 32 2 52 51 15 37 36 35 34 54 1 22 5 4 48 8 61 60 11 3 38 14 13 7 25 16 
51 19 44 11 62 29 28 13 1 40 41 4 48 58 23 60 30 2 32 50 49 9 16 33 34 35 5 6 7 57 17 18 61 26 25 43 64 45 10 52 12 27 37 38 3 53 54 55 20 21 22 39 47 46 8 59 31 56 14 15 63 42 24 36 
52 5 46 62 11 31 30 37 17 7 20 21 58 48 24 61 28 50 49 2 32 10 54 3 56 14 19 39 40 22 1 42 60 43 64 26 25 47 9 51 27 12 13 63 33 15 16 36 41 4 57 6 45 44 59 8 29 34 35 53 38 18 23 55 
53 44 39 56 55 33 63 51 48 58 23 60 42 41 17 57 15 37 36 35 34 54 11 62 29 28 61 26 25 43 64 45 6 21 20 19 18 40 3 38 14 13 30 2 32 50 49 9 47 46 8 59 1 22 5 4 16 10 52 12 27 24 7 31 
54 45 40 14 13 63 33 9 8 59 60 23 5 4 57 17 16 36 37 34 35 53 12 27 28 29 24 25 26 64 43 44 7 20 21 18 19 39 38 3 56 55 31 32 2 49 50 51 46 47 48 58 22 1 42 41 15 52 10 11 62 61 6 30 
55 64 18 15 63 35 34 62 46 44 59 58 22 39 4 41 36 3 38 54 53 13 30 28 50 49 48 24 61 23 60 43 42 7 6 17 57 19 14 56 16 33 32 10 52 9 51 27 26 25 47 45 21 20 1 40 37 12 11 31 29 8 5 2 
56 48 20 63 15 37 36 32 60 61 26 25 39 22 5 42 34 54 53 3 38 14 51 52 12 11 64 45 44 47 46 8 41 17 57 7 6 21 13 55 33 16 62 29 28 31 30 2 59 58 23 24 19 18 40 1 35 50 49 9 10 43 4 27 
57 49 63 20 18 40 39 58 52 51 27 62 36 34 54 53 22 5 42 4 41 17 61 60 43 64 11 31 30 29 28 50 38 14 56 13 55 33 7 6 21 19 25 47 46 45 44 59 2 32 10 9 16 15 37 35 1 8 48 24 23 12 3 26 
58 13 49 61 60 43 64 19 16 33 34 35 52 51 27 62 25 47 46 45 44 59 1 40 41 4 37 38 3 53 54 55 11 31 30 29 28 50 8 48 24 23 5 6 7 57 17 18 56 14 15 63 2 32 10 9 26 20 21 22 39 36 12 42 
59 55 50 24 23 64 43 18 15 63 35 34 10 9 62 27 26 46 47 44 45 58 22 39 4 41 36 3 38 54 53 13 12 30 31 28 29 49 48 8 61 60 42 7 6 17 57 19 14 56 16 33 32 2 52 51 25 21 20 1 40 37 11 5 
60 54 28 25 64 45 44 40 14 13 63 33 32 49 9 51 46 8 48 59 58 23 5 4 57 17 16 36 37 34 35 53 52 12 11 27 62 29 24 61 26 43 7 20 21 18 19 39 38 3 56 55 31 30 2 50 47 22 1 42 41 15 10 6 
61 16 30 64 25 47 46 7 35 37 38 3 49 32 10 52 44 59 58 8 48 24 19 21 22 1 54 55 13 56 14 15 51 27 62 12 11 31 23 60 43 26 40 41 4 42 5 6 63 33 34 36 29 28 50 2 45 57 17 18 20 53 9 39 
62 17 64 30 28 50 49 33 21 19 39 40 46 44 59 58 32 10 52 9 51 27 37 35 53 54 1 42 5 41 4 57 48 24 61 23 60 43 12 11 31 29 3 56 14 55 13 63 6 7 20 18 26 25 47 45 2 15 16 36 34 22 8 38 
63 60 57 36 34 54 53 28 25 64 45 44 20 18 40 39 38 14 56 13 55 33 32 49 9 51 46 8 48 59 58 23 22 5 42 4 41 17 16 15 37 35 52 12 11 27 62 29 24 61 26 43 7 6 21 19 3 31 30 2 50 47 1 10 
64 35 62 46 44 59 58 4 3 54 55 13 30 28 50 49 48 24 61 23 60 43 7 17 18 19 14 15 16 63 33 34 32 10 52 9 51 27 26 25 47 45 21 22 1 39 40 41 36 37 38 53 12 11 31 29 8 42 5 6 57 56 2 20 
1
0 1 

1 4 
1 
6 
7 
22 
2 8 
1 6 
1 7 
1 22 
5 21 
6 7 
6 22 
7 22 
20 42 
3 12 
1 5 21 
1 6 7 
1 6 22 
1 7 22 
1 20 42 
5 6 21 
5 7 21 
5 21 22 
6 7 22 
6 20 42 
7 20 42 
20 22 42 
4 14 
1 5 6 21 
1 5 7 21 
1 5 21 22 
1 6 7 22 
1 6 20 42 
1 7 20 42 
1 20 22 42 
5 6 7 21 
5 6 21 22 
5 7 21 22 
5 20 21 42 
6 7 20 42 
6 20 22 42 
7 20 22 42 
5 12 
1 5 6 7 21 
1 5 6 21 22 
1 5 7 21 22 
1 5 20 21 42 
1 6 7 20 42 
1 6 20 22 42 
1 7 20 22 42 
5 6 7 21 22 
5 6 20 21 42 
5 7 20 21 42 
5 20 21 22 42 
6 7 20 22 42 
6 8 
1 5 6 7 21 22 
1 5 6 20 21 42 
1 5 7 20 21 42 
1 5 20 21 22 42 
1 6 7 20 22 42 
5 6 7 20 21 42 
5 6 20 21 22 42 
5 7 20 21 22 42 
7 4 
1 5 6 7 20 21 42 
1 5 6 20 21 22 42 
1 5 7 20 21 22 42 
5 6 7 20 21 22 42 
8 1 
1 5 6 7 20 21 22 42 
2
0 1 

1 1 

2 4 
2 11 
10 30 
12 32 
31 52 
3 1 

4 6 
2 10 11 30 
2 11 12 32 
2 11 31 52 
10 12 30 32 
10 30 31 52 
12 31 32 52 
5 1 

6 4 
2 10 11 12 30 32 
2 10 11 30 31 52 
2 11 12 31 32 52 
10 12 30 31 32 52 
7 1 

8 1 
2 10 11 12 30 31 32 52 
3
0 1 

1 8 
3 
14 
15 
16 
36 
37 
38 
56 
2 28 
3 14 
3 15 
3 16 
3 36 
3 37 
3 38 
3 56 
14 15 
14 16 
14 36 
14 37 
14 38 
14 56 
15 16 
15 36 
15 37 
15 38 
15 56 
16 36 
16 37 
16 38 
16 56 
36 37 
36 38 
36 56 
37 38 
37 56 
38 56 
3 56 
3 14 15 
3 14 16 
3 14 36 
3 14 37 
3 14 38 
3 14 56 
3 15 16 
3 15 36 
3 15 37 
3 15 38 
3 15 56 
3 16 36 
3 16 37 
3 16 38 
3 16 56 
3 36 37 
3 36 38 
3 36 56 
3 37 38 
3 37 56 
3 38 56 
14 15 16 
14 15 36 
14 15 37 
14 15 38 
14 15 56 
14 16 36 
14 16 37 
14 16 38 
14 16 56 
14 36 37 
14 36 38 
14 36 56 
14 37 38 
14 37 56 
14 38 56 
15 16 36 
15 16 37 
15 16 38 
15 16 56 
15 36 37 
15 36 38 
15 36 56 
15 37 38 
15 37 56 
15 38 56 
16 36 37 
16 36 38 
16 36 56 
16 37 38 
16 37 56 
16 38 56 
36 37 38 
36 37 56 
36 38 56 
37 38 56 
4 70 
3 14 15 16 
3 14 15 36 
3 14 15 37 
3 14 15 38 
3 14 15 56 
3 14 16 36 
3 14 16 37 
3 14 16 38 
3 14 16 56 
3 14 36 37 
3 14 36 38 
3 14 36 56 
3 14 37 38 
3 14 37 56 
3 14 38 56 
3 15 16 36 
3 15 16 37 
3 15 16 38 
3 15 16 56 
3 15 36 37 
3 15 36 38 
3 15 36 56 
3 15 37 38 
3 15 37 56 
3 15 38 56 
3 16 36 37 
3 16 36 38 
3 16 36 56 
3 16 37 38 
3 16 37 56 
3 16 38 56 
3 36 37 38 
3 36 37 56 
3 36 38 56 
3 37 38 56 
14 15 16 36 
14 15 16 37 
14 15 16 38 
14 15 16 56 
14 15 36 37 
14 15 36 38 
14 15 36 56 
14 15 37 38 
14 15 37 56 
14 15 38 56 
14 16 36 37 
14 16 36 38 
14 16 36 56 
14 16 37 38 
14 16 37 56 
14 16 38 56 
14 36 37 38 
14 36 37 56 
14 36 38 56 
14 37 38 56 
15 16 36 37 
15 16 36 38 
15 16 36 56 
15 16 37 38 
15 16 37 56 
15 16 38 56 
15 36 37 38 
15 36 37 56 
15 36 38 56 
15 37 38 56 
16 36 37 38 
16 36 37 56 
16 36 38 56 
16 37 38 56 
36 37 38 56 
5 56 
3 14 15 16 36 
3 14 15 16 37 
3 14 15 16 38 
3 14 15 16 56 
3 14 15 36 37 
3 14 15 36 38 
3 14 15 36 56 
3 14 15 37 38 
3 14 15 37 56 
3 14 15 38 56 
3 14 16 36 37 
3 14 16 36 38 
3 14 16 36 56 
3 14 16 37 38 
3 14 16 37 56 
3 14 16 38 56 
3 14 36 37 38 
3 14 36 37 56 
3 14 36 38 56 
3 14 37 38 56 
3 15 16 36 37 
3 15 16 36 38 
3 15 16 36 56 
3 15 16 37 38 
3 15 16 37 56 
3 15 16 38 56 
3 15 36 37 38 
3 15 36 37 56 
3 15 36 38 56 
3 15 37 38 56 
3 16 36 37 38 
3 16 36 37 56 
3 16 36 38 56 
3 16 37 38 56 
3 36 37 38 56 
14 15 16 36 37 
14 15 16 36 38 
14 15 16 36 56 
14 15 16 37 38 
14 15 16 37 56 
14 15 16 38 56 
14 15 36 37 38 
14 15 36 37 56 
14 15 36 38 56 
14 15 37 38 56 
14 16 36 37 38 
14 16 36 37 56 
14 16 36 38 56 
14 16 37 38 56 
14 36 37 38 56 
15 16 36 37 38 
15 16 36 37 56 
15 16 36 38 56 
15 16 37 38 56 
15 36 37 38 56 
16 36 37 38 56 
6 28 
3 14 15 16 36 37 
3 14 15 16 36 38 
3 14 15 16 36 56 
3 14 15 16 37 38 
3 14 15 16 37 56 
3 14 15 16 38 56 
3 14 15 36 37 38 
3 14 15 36 37 56 
3 14 15 36 38 56 
3 14 15 37 38 56 
3 14 16 36 37 38 
3 14 16 36 37 56 
3 14 16 36 38 56 
3 14 16 37 38 56 
3 14 36 37 38 56 
3 15 16 36 37 38 
3 15 16 36 37 56 
3 15 16 36 38 56 
3 15 16 37 38 56 
3 15 36 37 38 56 
3 16 36 37 38 56 
14 15 16 36 37 38 
14 15 16 36 37 56 
14 15 16 36 38 56 
14 15 16 37 38 56 
14 15 36 37 38 56 
14 16 36 37 38 56 
15 16 36 37 38 56 
7 8 
3 14 15 16 36 37 38 
3 14 15 16 36 37 56 
3 14 15 16 36 38 56 
3 14 15 16 37 38 56 
3 14 15 36 37 38 56 
3 14 16 36 37 38 56 
3 15 16 36 37 38 56 
14 15 16 36 37 38 56 
8 1 
3 14 15 16 36 37 38 56 
4
0 1 

1 4 
17 
39 
40 
57 
2 8 
4 19 
17 39 
17 40 
17 57 
18 41 
39 40 
39 57 
40 57 
3 12 
4 17 19 
4 19 39 
4 19 40 
4 19 57 
17 18 41 
17 39 40 
17 39 57 
17 40 57 
18 39 41 
18 40 41 
18 41 57 
39 40 57 
4 14 
4 17 19 39 
4 17 19 40 
4 17 19 57 
4 18 19 41 
4 19 39 40 
4 19 39 57 
4 19 40 57 
17 18 39 41 
17 18 40 41 
17 18 41 57 
17 39 40 57 
18 39 40 41 
18 39 41 57 
18 40 41 57 
5 12 
4 17 18 19 41 
4 17 19 39 40 
4 17 19 39 57 
4 17 19 40 57 
4 18 19 39 41 
4 18 19 40 41 
4 18 19 41 57 
4 19 39 40 57 
17 18 39 40 41 
17 18 39 41 57 
17 18 40 41 57 
18 39 40 41 57 
6 8 
4 17 18 19 39 41 
4 17 18 19 40 41 
4 17 18 19 41 57 
4 17 19 39 40 57 
4 18 19 39 40 41 
4 18 19 39 41 57 
4 18 19 40 41 57 
17 18 39 40 41 57 
7 4 
4 17 18 19 39 40 41 
4 17 18 19 39 41 57 
4 17 18 19 40 41 57 
4 18 19 39 40 41 57 
8 1 
4 17 18 19 39 40 41 57 
5
0 1 

1 1 

2 4 
8 46 
24 25 
26 61 
47 48 
3 1 

4 6 
8 24 25 46 
8 26 46 61 
8 46 47 48 
24 25 26 61 
24 25 47 48 
26 47 48 61 
5 1 

6 4 
8 24 25 26 46 61 
8 24 25 46 47 48 
8 26 46 47 48 61 
24 25 26 47 48 61 
7 1 

8 1 
8 24 25 26 46 47 48 61 
6
0 1 

1 1 

2 4 
9 51 
27 62 
28 29 
49 50 
3 1 

4 6 
9 27 51 62 
9 28 29 51 
9 49 50 51 
27 28 29 62 
27 49 50 62 
28 29 49 50 
5 1 

6 4 
9 27 28 29 51 62 
9 27 49 50 51 62 
9 28 29 49 50 51 
27 28 29 49 50 62 
7 1 

8 1 
9 27 28 29 49 50 51 62 
7
0 1 

1 8 
13 
33 
34 
35 
53 
54 
55 
63 
2 28 
13 33 
13 34 
13 35 
13 53 
13 54 
13 55 
13 63 
33 34 
33 35 
33 53 
33 54 
33 55 
33 63 
34 35 
34 53 
34 54 
34 55 
34 63 
35 53 
35 54 
35 55 
35 63 
53 54 
53 55 
53 63 
54 55 
54 63 
55 63 
3 56 
13 33 34 
13 33 35 
13 33 53 
13 33 54 
13 33 55 
13 33 63 
13 34 35 
13 34 53 
13 34 54 
13 34 55 
13 34 63 
13 35 53 
13 35 54 
13 35 55 
13 35 63 
13 53 54 
13 53 55 
13 53 63 
13 54 55 
13 54 63 
13 55 63 
33 34 35 
33 34 53 
33 34 54 
33 34 55 
33 34 63 
33 35 53 
33 35 54 
33 35 55 
33 35 63 
33 53 54 
33 53 55 
33 53 63 
33 54 55 
33 54 63 
33 55 63 
34 35 53 
34 35 54 
34 35 55 
34 35 63 
34 53 54 
34 53 55 
34 53 63 
34 54 55 
34 54 63 
34 55 63 
35 53 54 
35 53 55 
35 53 63 
35 54 55 
35 54 63 
35 55 63 
53 54 55 
53 54 63 
53 55 63 
54 55 63 
4 70 
13 33 34 35 
13 33 34 53 
13 33 34 54 
13 33 34 55 
13 33 34 63 
13 33 35 53 
13 33 35 54 
13 33 35 55 
13 33 35 63 
13 33 53 54 
13 33 53 55 
13 33 53 63 
13 33 54 55 
13 33 54 63 
13 33 55 63 
13 34 35 53 
13 34 35 54 
13 34 35 55 
13 34 35 63 
13 34 53 54 
13 34 53 55 
13 34 53 63 
13 34 54 55 
13 34 54 63 
13 34 55 63 
13 35 53 54 
13 35 53 55 
13 35 53 63 
13 35 54 55 
13 35 54 63 
13 35 55 63 
13 53 54 55 
13 53 54 63 
13 53 55 63 
13 54 55 63 
33 34 35 53 
33 34 35 54 
33 34 35 55 
33 34 35 63 
33 34 53 54 
33 34 53 55 
33 34 53 63 
33 34 54 55 
33 34 54 63 
33 34 55 63 
33 35 53 54 
33 35 53 55 
33 35 53 63 
33 35 54 55 
33 35 54 63 
33 35 55 63 
33 53 54 55 
33 53 54 63 
33 53 55 63 
33 54 55 63 
34 35 53 54 
34 35 53 55 
34 35 53 63 
34 35 54 55 
34 35 54 63 
34 35 55 63 
34 53 54 55 
34 53 54 63 
34 53 55 63 
34 54 55 63 
35 53 54 55 
35 53 54 63 
35 53 55 63 
35 54 55 63 
53 54 55 63 
5 56 
13 33 34 35 53 
13 33 34 35 54 
13 33 34 35 55 
13 33 34 35 63 
13 33 34 53 54 
13 33 34 53 55 
13 33 34 53 63 
13 33 34 54 55 
13 33 34 54 63 
13 33 34 55 63 
13 33 35 53 54 
13 33 35 53 55 
13 33 35 53 63 
13 33 35 54 55 
13 33 35 54 63 
13 33 35 55 63 
13 33 53 54 55 
13 33 53 54 63 
13 33 53 55 63 
13 33 54 55 63 
13 34 35 53 54 
13 34 35 53 55 
13 34 35 53 63 
13 34 35 54 55 
13 34 35 54 63 
13 34 35 55 63 
13 34 53 54 55 
13 34 53 54 63 
13 34 53 55 63 
13 34 54 55 63 
13 35 53 54 55 
13 35 53 54 63 
13 35 53 55 63 
13 35 54 55 63 
13 53 54 55 63 
33 34 35 53 54 
33 34 35 53 55 
33 34 35 53 63 
33 34 35 54 55 
33 34 35 54 63 
33 34 35 55 63 
33 34 53 54 55 
33 34 53 54 63 
33 34 53 55 63 
33 34 54 55 63 
33 35 53 54 55 
33 35 53 54 63 
33 35 53 55 63 
33 35 54 55 63 
33 53 54 55 63 
34 35 53 54 55 
34 35 53 54 63 
34 35 53 55 63 
34 35 54 55 63 
34 53 54 55 63 
35 53 54 55 63 
6 28 
13 33 34 35 53 54 
13 33 34 35 53 55 
13 33 34 35 53 63 
13 33 34 35 54 55 
13 33 34 35 54 63 
13 33 34 35 55 63 
13 33 34 53 54 55 
13 33 34 53 54 63 
13 33 34 53 55 63 
13 33 34 54 55 63 
13 33 35 53 54 55 
13 33 35 53 54 63 
13 33 35 53 55 63 
13 33 35 54 55 63 
13 33 53 54 55 63 
13 34 35 53 54 55 
13 34 35 53 54 63 
13 34 35 53 55 63 
13 34 35 54 55 63 
13 34 53 54 55 63 
13 35 53 54 55 63 
33 34 35 53 54 55 
33 34 35 53 54 63 
33 34 35 53 55 63 
33 34 35 54 55 63 
33 34 53 54 55 63 
33 35 53 54 55 63 
34 35 53 54 55 63 
7 8 
13 33 34 35 53 54 55 
13 33 34 35 53 54 63 
13 33 34 35 53 55 63 
13 33 34 35 54 55 63 
13 33 34 53 54 55 63 
13 33 35 53 54 55 63 
13 34 35 53 54 55 63 
33 34 35 53 54 55 63 
8 1 
13 33 34 35 53 54 55 63 
8
0 1 

1 1 

2 4 
23 58 
43 44 
45 64 
59 60 
3 1 

4 6 
23 43 44 58 
23 45 58 64 
23 58 59 60 
43 44 45 64 
43 44 59 60 
45 59 60 64 
5 1 

6 4 
23 43 44 45 58 64 
23 43 44 58 59 60 
23 45 58 59 60 64 
43 44 45 59 60 64 
7 1 

8 1 
23 43 44 45 58 59 60 64 
