//Table for grp 230:
57
0 0 2 2 4 4 2 4 
0 0 2 4 4 2 4 2 
0 0 4 2 2 4 4 2 
0 0 4 4 2 2 2 4 
0 2 0 2 4 2 4 4 
0 2 0 4 4 4 2 2 
0 2 2 0 2 4 4 4 
0 2 2 2 2 2 2 6 
0 2 2 2 2 2 6 2 
0 2 2 2 2 6 2 2 
0 2 2 2 6 2 2 2 
0 2 2 4 2 0 4 4 
0 2 2 4 2 4 0 4 
0 2 2 4 2 4 4 0 
0 2 2 6 2 2 2 2 
0 2 4 0 4 4 2 2 
0 2 4 2 0 2 4 4 
0 2 4 2 4 2 0 4 
0 2 4 2 4 2 4 0 
0 2 4 4 0 4 2 2 
0 2 4 4 4 0 2 2 
0 2 6 2 2 2 2 2 
0 4 0 2 2 4 4 2 
0 4 0 4 2 2 2 4 
0 4 2 0 4 2 4 2 
0 4 2 2 0 4 2 4 
0 4 2 2 4 0 2 4 
0 4 2 2 4 4 2 0 
0 4 2 4 0 2 4 2 
0 4 2 4 4 2 0 2 
0 4 4 0 2 2 2 4 
0 4 4 2 2 0 4 2 
0 4 4 2 2 4 0 2 
0 4 4 4 2 2 2 0 
0 6 2 2 2 2 2 2 
2 0 2 2 2 2 4 4 
2 0 2 4 2 4 2 2 
2 0 4 2 4 2 2 2 
2 2 0 2 2 4 2 4 
2 2 0 4 2 2 4 2 
2 2 2 0 4 2 2 4 
2 2 2 2 0 4 4 2 
2 2 2 2 4 0 4 2 
2 2 2 2 4 4 0 2 
2 2 2 4 0 2 2 4 
2 2 2 4 4 2 2 0 
2 2 4 0 2 2 4 2 
2 2 4 2 2 0 2 4 
2 2 4 2 2 4 2 0 
2 2 4 4 2 2 0 2 
2 4 0 2 4 2 2 2 
2 4 2 0 2 4 2 2 
2 4 2 2 2 2 0 4 
2 4 2 2 2 2 4 0 
2 4 2 4 2 0 2 2 
2 4 4 2 0 2 2 2 
4 2 2 2 2 2 2 2 
1 2 3 4 5 6 7 8 9 10 11 12 13 14 15 16 17 18 19 20 21 22 23 24 25 26 27 28 29 30 31 32 33 34 35 36 37 38 39 40 41 42 43 44 45 46 47 48 49 50 51 52 53 54 55 56 57 58 59 60 61 62 63 64 
2 6 8 9 10 11 12 15 18 20 1 22 23 24 25 26 27 28 29 30 31 32 34 36 3 38 39 4 41 5 42 7 43 44 45 46 47 48 49 50 51 52 53 13 55 14 56 16 17 57 19 21 58 59 60 61 62 33 63 35 37 40 64 54 
3 25 6 13 14 15 16 2 44 46 8 48 18 20 1 22 33 34 35 36 37 38 9 10 11 12 58 23 60 24 61 26 39 4 41 5 42 7 53 54 55 56 27 28 29 30 31 32 43 64 45 47 17 57 19 21 63 49 50 51 52 59 40 62 
4 29 13 1 17 18 19 45 12 50 51 9 3 33 34 35 5 6 7 39 40 41 26 59 60 23 31 32 2 62 27 28 14 15 16 53 54 55 20 21 22 57 47 48 8 64 43 44 52 10 11 49 36 37 38 63 42 61 24 25 58 30 56 46 
5 10 36 17 6 20 21 46 27 11 30 31 53 3 14 56 18 39 40 1 22 42 58 8 24 61 28 49 50 2 32 52 13 33 63 15 16 37 4 41 57 7 23 43 64 25 26 47 9 51 62 12 34 35 54 38 19 44 45 59 48 29 55 60 
6 11 15 18 20 1 22 25 28 30 2 32 34 36 3 38 39 4 41 5 42 7 44 46 8 48 49 9 51 10 52 12 53 13 55 14 56 16 17 57 19 21 58 23 60 24 61 26 27 62 29 31 33 63 35 37 40 43 64 45 47 50 54 59 
7 12 16 19 21 22 1 26 29 31 32 2 35 37 38 3 40 41 4 42 5 6 45 47 48 8 50 51 9 52 10 11 54 55 13 56 14 15 57 17 18 20 59 60 23 61 24 25 62 27 28 30 63 33 34 36 39 64 43 44 46 49 53 58 
8 3 11 23 24 25 26 6 13 14 15 16 28 30 2 32 43 44 45 46 47 48 18 20 1 22 33 34 35 36 37 38 49 9 51 10 52 12 58 59 60 61 39 4 41 5 42 7 53 54 55 56 27 62 29 31 64 17 57 19 21 63 50 40 
9 41 23 2 27 28 29 55 22 57 19 18 8 43 44 45 10 11 12 49 50 51 38 63 35 34 42 7 6 40 39 4 24 25 26 58 59 60 30 31 32 62 56 16 15 54 53 13 21 20 1 17 46 47 48 64 52 37 36 3 33 5 61 14 
10 20 46 27 11 30 31 14 39 1 5 42 58 8 24 61 28 49 50 2 32 52 33 15 36 37 4 17 57 6 7 21 23 43 64 25 26 47 9 51 62 12 34 53 54 3 38 56 18 19 40 22 44 45 59 48 29 13 55 63 16 41 60 35 
11 1 25 28 30 2 32 3 4 5 6 7 44 46 8 48 49 9 51 10 52 12 13 14 15 16 17 18 19 20 21 22 58 23 60 24 61 26 27 62 29 31 33 34 35 36 37 38 39 40 41 42 43 64 45 47 50 53 54 55 56 57 59 63 
12 22 26 29 31 32 2 38 41 42 7 6 45 47 48 8 50 51 9 52 10 11 55 56 16 15 57 19 18 21 20 1 59 60 23 61 24 25 62 27 28 30 63 35 34 37 36 3 40 39 4 5 64 43 44 46 49 54 53 13 14 17 58 33 
13 60 18 3 33 34 35 29 48 64 45 44 6 39 4 41 14 15 16 53 54 55 12 50 51 9 61 26 25 59 58 23 20 1 22 17 57 19 36 37 38 63 31 32 2 62 27 28 47 46 8 43 5 42 7 40 56 52 10 11 49 24 21 30 
14 46 5 33 15 36 37 30 58 8 24 61 17 6 20 21 34 53 54 3 38 56 49 2 10 52 23 43 64 25 26 47 18 39 40 1 22 42 13 55 63 16 9 27 62 11 12 31 44 45 59 48 4 41 57 7 35 28 29 50 32 60 19 51 
15 8 1 34 36 3 38 11 23 24 25 26 4 5 6 7 53 13 55 14 56 16 28 30 2 32 43 44 45 46 47 48 17 18 19 20 21 22 33 63 35 37 49 9 51 10 52 12 58 59 60 61 39 40 41 42 54 27 62 29 31 64 57 50 
16 48 22 35 37 38 3 12 60 61 26 25 41 42 7 6 54 55 13 56 14 15 29 31 32 2 64 45 44 47 46 8 57 19 18 21 20 1 63 33 34 36 50 51 9 52 10 11 59 58 23 24 40 39 4 5 53 62 27 28 30 43 17 49 
17 50 53 5 18 39 40 64 31 51 62 27 36 13 33 63 6 20 21 4 41 57 61 45 59 58 32 52 10 29 28 49 3 14 56 34 35 54 1 22 42 19 26 47 46 60 23 43 12 11 30 9 15 16 37 55 7 48 8 24 44 2 38 25 
18 51 34 6 39 4 41 60 32 62 29 28 15 53 13 55 20 1 22 17 57 19 48 64 45 44 52 12 11 50 49 9 36 3 38 33 63 35 5 42 7 40 61 26 25 59 58 23 31 30 2 27 14 56 16 54 21 47 46 8 43 10 37 24 
19 9 35 7 40 41 4 23 2 27 28 29 16 54 55 13 21 22 1 57 17 18 8 43 44 45 10 11 12 49 50 51 37 38 3 63 33 34 42 5 6 39 24 25 26 58 59 60 30 31 32 62 56 14 15 53 20 46 47 48 64 52 36 61 
20 30 14 39 1 5 42 24 49 2 10 52 33 15 36 37 4 17 57 6 7 21 43 25 46 47 9 27 62 11 12 31 34 53 54 3 38 56 18 19 40 22 44 58 59 8 48 61 28 29 50 32 13 55 63 16 41 23 60 64 26 51 35 45 
21 31 56 40 22 42 5 61 50 32 52 10 63 16 37 36 41 57 17 7 6 20 64 26 47 46 51 62 27 12 11 30 35 54 53 38 3 14 19 18 39 1 45 59 58 48 8 24 29 28 49 2 55 13 33 15 4 60 23 43 25 9 34 44 
22 32 38 41 42 7 6 48 51 52 12 11 55 56 16 15 57 19 18 21 20 1 60 61 26 25 62 29 28 31 30 2 63 35 34 37 36 3 40 39 4 5 64 45 44 47 46 8 50 49 9 10 54 53 13 14 17 59 58 23 24 27 33 43 
23 35 28 8 43 44 45 41 16 54 55 13 11 49 9 51 24 25 26 58 59 60 22 57 19 18 37 38 3 63 33 34 30 2 32 27 62 29 46 47 48 64 42 7 6 40 39 4 56 14 15 53 10 52 12 50 61 21 20 1 17 36 31 5 
24 14 10 43 25 46 47 5 33 15 36 37 27 11 30 31 44 58 59 8 48 61 17 6 20 21 34 53 54 3 38 56 28 49 50 2 32 52 23 60 64 26 18 39 40 1 22 42 13 55 63 16 9 51 62 12 45 4 41 57 7 35 29 19 
25 15 2 44 46 8 48 1 34 36 3 38 9 10 11 12 58 23 60 24 61 26 4 5 6 7 53 13 55 14 56 16 27 28 29 30 31 32 43 64 45 47 17 18 19 20 21 22 33 63 35 37 49 50 51 52 59 39 40 41 42 54 62 57 
26 16 32 45 47 48 8 22 35 37 38 3 51 52 12 11 59 60 23 61 24 25 41 42 7 6 54 55 13 56 14 15 62 29 28 31 30 2 64 43 44 46 57 19 18 21 20 1 63 33 34 36 50 49 9 10 58 40 39 4 5 53 27 17 
27 57 58 10 28 49 50 54 42 19 40 39 46 23 43 64 11 30 31 9 51 62 37 55 63 33 7 21 20 41 4 17 8 24 61 44 45 59 2 32 52 29 38 56 14 35 34 53 22 1 5 18 25 26 47 60 12 16 15 36 13 6 48 3 
28 19 44 11 49 9 51 35 7 40 41 4 25 58 23 60 30 2 32 27 62 29 16 54 55 13 21 22 1 57 17 18 46 8 48 43 64 45 10 52 12 50 37 38 3 63 33 34 42 5 6 39 24 61 26 59 31 56 14 15 53 20 47 36 
29 18 45 12 50 51 9 34 6 39 4 41 26 59 60 23 31 32 2 62 27 28 15 53 13 55 20 1 22 17 57 19 47 48 8 64 43 44 52 10 11 49 36 3 38 33 63 35 5 42 7 40 61 24 25 58 30 14 56 16 54 21 46 37 
30 5 24 49 2 10 52 36 17 6 20 21 43 25 46 47 9 27 62 11 12 31 53 3 14 56 18 39 40 1 22 42 44 58 59 8 48 61 28 29 50 32 13 33 63 15 16 37 4 41 57 7 23 60 64 26 51 34 35 54 38 19 45 55 
31 42 61 50 32 52 10 37 57 7 21 20 64 26 47 46 51 62 27 12 11 30 54 38 56 14 19 40 39 22 1 5 45 59 58 48 8 24 29 28 49 2 55 63 33 16 15 36 41 4 17 6 60 23 43 25 9 35 34 53 3 18 44 13 
32 7 48 51 52 12 11 16 19 21 22 1 60 61 26 25 62 29 28 31 30 2 35 37 38 3 40 41 4 42 5 6 64 45 44 47 46 8 50 49 9 10 54 55 13 56 14 15 57 17 18 20 59 58 23 24 27 63 33 34 36 39 43 53 
33 64 17 14 34 53 54 62 61 45 59 58 5 18 39 40 15 36 37 13 55 63 52 29 50 49 26 47 46 60 23 43 6 20 21 4 41 57 3 38 56 35 12 31 30 51 9 27 48 8 24 44 1 22 42 19 16 32 2 10 28 25 7 11 
34 45 4 15 53 13 55 51 26 59 60 23 1 17 18 19 36 3 38 33 63 35 32 62 29 28 47 48 8 64 43 44 5 6 7 39 40 41 14 56 16 54 52 12 11 50 49 9 61 24 25 58 20 21 22 57 37 31 30 2 27 46 42 10 
35 44 41 16 54 55 13 9 25 58 23 60 22 57 19 18 37 38 3 63 33 34 2 27 28 29 46 8 48 43 64 45 42 7 6 40 39 4 56 14 15 53 10 11 12 49 50 51 24 61 26 59 21 20 1 17 36 30 31 32 62 47 5 52 
36 24 20 53 3 14 56 10 43 25 46 47 39 1 5 42 13 33 63 15 16 37 27 11 30 31 44 58 59 8 48 61 4 17 57 6 7 21 34 35 54 38 28 49 50 2 32 52 23 60 64 26 18 19 40 22 55 9 51 62 12 45 41 29 
37 61 21 54 38 56 14 52 64 26 47 46 40 22 42 5 55 63 33 16 15 36 62 12 31 30 45 59 58 48 8 24 41 57 17 7 6 20 35 34 53 3 29 50 49 32 2 10 60 23 43 25 19 18 39 1 13 51 9 27 11 44 4 28 
38 26 7 55 56 16 15 32 45 47 48 8 19 21 22 1 63 35 34 37 36 3 51 52 12 11 59 60 23 61 24 25 40 41 4 42 5 6 54 53 13 14 62 29 28 31 30 2 64 43 44 46 57 17 18 20 33 50 49 9 10 58 39 27 
39 62 33 20 4 17 57 59 52 29 50 49 14 34 53 54 1 5 42 18 19 40 47 60 64 43 12 31 30 51 9 27 15 36 37 13 55 63 6 7 21 41 48 61 24 45 44 58 32 2 10 28 3 38 56 35 22 26 25 46 23 11 16 8 
40 27 63 21 41 57 17 58 10 28 49 50 56 35 54 53 22 42 5 19 18 39 46 23 43 64 11 30 31 9 51 62 16 37 36 55 13 33 7 6 20 4 8 24 61 44 45 59 2 32 52 29 38 3 14 34 1 25 26 47 60 12 15 48 
41 28 55 22 57 19 18 44 11 49 9 51 38 63 35 34 42 7 6 40 39 4 25 58 23 60 30 2 32 27 62 29 56 16 15 54 53 13 21 20 1 17 46 8 48 43 64 45 10 52 12 50 37 36 3 33 5 24 61 26 59 31 14 47 
42 52 37 57 7 21 20 47 62 12 31 30 54 38 56 14 19 40 39 22 1 5 59 48 61 24 29 50 49 32 2 10 55 63 33 16 15 36 41 4 17 6 60 64 43 26 25 46 51 9 27 11 35 34 53 3 18 45 44 58 8 28 13 23 
43 54 27 24 44 58 59 40 37 55 63 33 10 28 49 50 25 46 47 23 60 64 21 41 57 17 38 56 14 35 34 53 11 30 31 9 51 62 8 48 61 45 22 42 5 19 18 39 16 15 36 13 2 32 52 29 26 7 6 20 4 3 12 1 
44 55 9 25 58 23 60 19 38 63 35 34 2 27 28 29 46 8 48 43 64 45 7 40 41 4 56 16 15 54 53 13 10 11 12 49 50 51 24 61 26 59 21 22 1 57 17 18 37 36 3 33 30 31 32 62 47 42 5 6 39 14 52 20 
45 13 51 26 59 60 23 18 3 33 34 35 32 62 29 28 47 48 8 64 43 44 6 39 4 41 14 15 16 53 54 55 52 12 11 50 49 9 61 24 25 58 20 1 22 17 57 19 36 37 38 63 31 30 2 27 46 5 42 7 40 56 10 21 
46 36 30 58 8 24 61 20 53 3 14 56 49 2 10 52 23 43 64 25 26 47 39 1 5 42 13 33 63 15 16 37 9 27 62 11 12 31 44 45 59 48 4 17 57 6 7 21 34 35 54 38 28 29 50 32 60 18 19 40 22 55 51 41 
47 37 31 59 48 61 24 21 54 38 56 14 50 32 52 10 60 64 43 26 25 46 40 22 42 5 55 63 33 16 15 36 51 62 27 12 11 30 45 44 58 8 41 57 17 7 6 20 35 34 53 3 29 28 49 2 23 19 18 39 1 13 9 4 
48 38 12 60 61 26 25 7 55 56 16 15 29 31 32 2 64 45 44 47 46 8 19 21 22 1 63 35 34 37 36 3 50 51 9 52 10 11 59 58 23 24 40 41 4 42 5 6 54 53 13 14 62 27 28 30 43 57 17 18 20 33 49 39 
49 40 43 30 9 27 62 63 21 41 57 17 24 44 58 59 2 10 52 28 29 50 56 35 54 53 22 42 5 19 18 39 25 46 47 23 60 64 11 12 31 51 16 37 36 55 13 33 7 6 20 4 8 48 61 45 32 38 3 14 34 1 26 15 
50 39 64 31 51 62 27 33 20 4 17 57 61 45 59 58 32 52 10 29 28 49 14 34 53 54 1 5 42 18 19 40 26 47 46 60 23 43 12 11 30 9 15 36 37 13 55 63 6 7 21 41 48 8 24 44 2 3 38 56 35 22 25 16 
51 4 60 32 62 29 28 13 1 17 18 19 48 64 45 44 52 12 11 50 49 9 3 33 34 35 5 6 7 39 40 41 61 26 25 59 58 23 31 30 2 27 14 15 16 53 54 55 20 21 22 57 47 46 8 43 10 36 37 38 63 42 24 56 
52 21 47 62 12 31 30 56 40 22 42 5 59 48 61 24 29 50 49 32 2 10 63 16 37 36 41 57 17 7 6 20 60 64 43 26 25 46 51 9 27 11 35 54 53 38 3 14 19 18 39 1 45 44 58 8 28 55 13 33 15 4 23 34 
53 59 39 36 13 33 63 50 47 60 64 43 20 4 17 57 3 14 56 34 35 54 31 51 62 27 48 61 24 45 44 58 1 5 42 18 19 40 15 16 37 55 32 52 10 29 28 49 26 25 46 23 6 7 21 41 38 12 11 30 9 8 22 2 
54 58 40 37 55 63 33 49 46 23 43 64 21 41 57 17 38 56 14 35 34 53 30 9 27 62 8 24 61 44 45 59 22 42 5 19 18 39 16 15 36 13 2 10 52 28 29 50 25 26 47 60 7 6 20 4 3 11 12 31 51 48 1 32 
55 23 19 38 63 35 34 28 8 43 44 45 7 40 41 4 56 16 15 54 53 13 11 49 9 51 24 25 26 58 59 60 21 22 1 57 17 18 37 36 3 33 30 2 32 27 62 29 46 47 48 64 42 5 6 39 14 10 52 12 50 61 20 31 
56 47 42 63 16 37 36 31 59 48 61 24 57 7 21 20 35 54 53 38 3 14 50 32 52 10 60 64 43 26 25 46 19 40 39 22 1 5 55 13 33 15 51 62 27 12 11 30 45 44 58 8 41 4 17 6 34 29 28 49 2 23 18 9 
57 49 54 42 19 40 39 43 30 9 27 62 37 55 63 33 7 21 20 41 4 17 24 44 58 59 2 10 52 28 29 50 38 56 14 35 34 53 22 1 5 18 25 46 47 23 60 64 11 12 31 51 16 15 36 13 6 8 48 61 45 32 3 26 
58 63 49 46 23 43 64 57 56 35 54 53 30 9 27 62 8 24 61 44 45 59 42 19 40 39 16 37 36 55 13 33 2 10 52 28 29 50 25 26 47 60 7 21 20 41 4 17 38 3 14 34 11 12 31 51 48 22 1 5 18 15 32 6 
59 33 50 47 60 64 43 17 14 34 53 54 31 51 62 27 48 61 24 45 44 58 5 18 39 40 15 36 37 13 55 63 32 52 10 29 28 49 26 25 46 23 6 20 21 4 41 57 3 38 56 35 12 11 30 9 8 1 22 42 19 16 2 7 
60 34 29 48 64 45 44 4 15 53 13 55 12 50 51 9 61 26 25 59 58 23 1 17 18 19 36 3 38 33 63 35 31 32 2 62 27 28 47 46 8 43 5 6 7 39 40 41 14 56 16 54 52 10 11 49 24 20 21 22 57 37 30 42 
61 56 52 64 26 47 46 42 63 16 37 36 62 12 31 30 45 59 58 48 8 24 57 7 21 20 35 54 53 38 3 14 29 50 49 32 2 10 60 23 43 25 19 40 39 22 1 5 55 13 33 15 51 9 27 11 44 41 4 17 6 34 28 18 
62 17 59 52 29 50 49 53 5 18 39 40 47 60 64 43 12 31 30 51 9 27 36 13 33 63 6 20 21 4 41 57 48 61 24 45 44 58 32 2 10 28 3 14 56 34 35 54 1 22 42 19 26 25 46 23 11 15 16 37 55 7 8 38 
63 43 57 56 35 54 53 27 24 44 58 59 42 19 40 39 16 37 36 55 13 33 10 28 49 50 25 46 47 23 60 64 7 21 20 41 4 17 38 3 14 34 11 30 31 9 51 62 8 48 61 45 22 1 5 18 15 2 32 52 29 26 6 12 
64 53 62 61 45 59 58 39 36 13 33 63 52 29 50 49 26 47 46 60 23 43 20 4 17 57 3 14 56 34 35 54 12 31 30 51 9 27 48 8 24 44 1 5 42 18 19 40 15 16 37 55 32 2 10 28 25 6 7 21 41 38 11 22 
1
0 1 

1 4 
1 
6 
7 
22 
2 8 
1 6 
1 7 
1 22 
5 20 
6 7 
6 22 
7 22 
21 42 
3 12 
1 5 20 
1 6 7 
1 6 22 
1 7 22 
1 21 42 
5 6 20 
5 7 20 
5 20 22 
6 7 22 
6 21 42 
7 21 42 
21 22 42 
4 14 
1 5 6 20 
1 5 7 20 
1 5 20 22 
1 6 7 22 
1 6 21 42 
1 7 21 42 
1 21 22 42 
5 6 7 20 
5 6 20 22 
5 7 20 22 
5 20 21 42 
6 7 21 42 
6 21 22 42 
7 21 22 42 
5 12 
1 5 6 7 20 
1 5 6 20 22 
1 5 7 20 22 
1 5 20 21 42 
1 6 7 21 42 
1 6 21 22 42 
1 7 21 22 42 
5 6 7 20 22 
5 6 20 21 42 
5 7 20 21 42 
5 20 21 22 42 
6 7 21 22 42 
6 8 
1 5 6 7 20 22 
1 5 6 20 21 42 
1 5 7 20 21 42 
1 5 20 21 22 42 
1 6 7 21 22 42 
5 6 7 20 21 42 
5 6 20 21 22 42 
5 7 20 21 22 42 
7 4 
1 5 6 7 20 21 42 
1 5 6 20 21 22 42 
1 5 7 20 21 22 42 
5 6 7 20 21 22 42 
8 1 
1 5 6 7 20 21 22 42 
2
0 1 

1 4 
10 
30 
31 
52 
2 8 
2 11 
10 30 
10 31 
10 52 
12 32 
30 31 
30 52 
31 52 
3 12 
2 10 11 
2 11 30 
2 11 31 
2 11 52 
10 12 32 
10 30 31 
10 30 52 
10 31 52 
12 30 32 
12 31 32 
12 32 52 
30 31 52 
4 14 
2 10 11 30 
2 10 11 31 
2 10 11 52 
2 11 12 32 
2 11 30 31 
2 11 30 52 
2 11 31 52 
10 12 30 32 
10 12 31 32 
10 12 32 52 
10 30 31 52 
12 30 31 32 
12 30 32 52 
12 31 32 52 
5 12 
2 10 11 12 32 
2 10 11 30 31 
2 10 11 30 52 
2 10 11 31 52 
2 11 12 30 32 
2 11 12 31 32 
2 11 12 32 52 
2 11 30 31 52 
10 12 30 31 32 
10 12 30 32 52 
10 12 31 32 52 
12 30 31 32 52 
6 8 
2 10 11 12 30 32 
2 10 11 12 31 32 
2 10 11 12 32 52 
2 10 11 30 31 52 
2 11 12 30 31 32 
2 11 12 30 32 52 
2 11 12 31 32 52 
10 12 30 31 32 52 
7 4 
2 10 11 12 30 31 32 
2 10 11 12 30 32 52 
2 10 11 12 31 32 52 
2 11 12 30 31 32 52 
8 1 
2 10 11 12 30 31 32 52 
3
0 1 

1 1 

2 4 
3 15 
14 36 
16 38 
37 56 
3 1 

4 6 
3 14 15 36 
3 15 16 38 
3 15 37 56 
14 16 36 38 
14 36 37 56 
16 37 38 56 
5 1 

6 4 
3 14 15 16 36 38 
3 14 15 36 37 56 
3 15 16 37 38 56 
14 16 36 37 38 56 
7 1 

8 1 
3 14 15 16 36 37 38 56 
4
0 1 

1 4 
4 
18 
19 
41 
2 8 
4 18 
4 19 
4 41 
17 39 
18 19 
18 41 
19 41 
40 57 
3 12 
4 17 39 
4 18 19 
4 18 41 
4 19 41 
4 40 57 
17 18 39 
17 19 39 
17 39 41 
18 19 41 
18 40 57 
19 40 57 
40 41 57 
4 14 
4 17 18 39 
4 17 19 39 
4 17 39 41 
4 18 19 41 
4 18 40 57 
4 19 40 57 
4 40 41 57 
17 18 19 39 
17 18 39 41 
17 19 39 41 
17 39 40 57 
18 19 40 57 
18 40 41 57 
19 40 41 57 
5 12 
4 17 18 19 39 
4 17 18 39 41 
4 17 19 39 41 
4 17 39 40 57 
4 18 19 40 57 
4 18 40 41 57 
4 19 40 41 57 
17 18 19 39 41 
17 18 39 40 57 
17 19 39 40 57 
17 39 40 41 57 
18 19 40 41 57 
6 8 
4 17 18 19 39 41 
4 17 18 39 40 57 
4 17 19 39 40 57 
4 17 39 40 41 57 
4 18 19 40 41 57 
17 18 19 39 40 57 
17 18 39 40 41 57 
17 19 39 40 41 57 
7 4 
4 17 18 19 39 40 57 
4 17 18 39 40 41 57 
4 17 19 39 40 41 57 
17 18 19 39 40 41 57 
8 1 
4 17 18 19 39 40 41 57 
5
0 1 

1 1 

2 4 
8 25 
24 46 
26 48 
47 61 
3 1 

4 6 
8 24 25 46 
8 25 26 48 
8 25 47 61 
24 26 46 48 
24 46 47 61 
26 47 48 61 
5 1 

6 4 
8 24 25 26 46 48 
8 24 25 46 47 61 
8 25 26 47 48 61 
24 26 46 47 48 61 
7 1 

8 1 
8 24 25 26 46 47 48 61 
6
0 1 

1 1 

2 4 
9 51 
27 50 
28 29 
49 62 
3 1 

4 6 
9 27 50 51 
9 28 29 51 
9 49 51 62 
27 28 29 50 
27 49 50 62 
28 29 49 62 
5 1 

6 4 
9 27 28 29 50 51 
9 27 49 50 51 62 
9 28 29 49 51 62 
27 28 29 49 50 62 
7 1 

8 1 
9 27 28 29 49 50 51 62 
7
0 1 

1 1 

2 4 
13 34 
33 53 
35 55 
54 63 
3 1 

4 6 
13 33 34 53 
13 34 35 55 
13 34 54 63 
33 35 53 55 
33 53 54 63 
35 54 55 63 
5 1 

6 4 
13 33 34 35 53 55 
13 33 34 53 54 63 
13 34 35 54 55 63 
33 35 53 54 55 63 
7 1 

8 1 
13 33 34 35 53 54 55 63 
8
0 1 

1 1 

2 4 
23 60 
43 64 
44 45 
58 59 
3 1 

4 6 
23 43 60 64 
23 44 45 60 
23 58 59 60 
43 44 45 64 
43 58 59 64 
44 45 58 59 
5 1 

6 4 
23 43 44 45 60 64 
23 43 58 59 60 64 
23 44 45 58 59 60 
43 44 45 58 59 64 
7 1 

8 1 
23 43 44 45 58 59 60 64 
