//Table for grp 239:
57
0 0 2 2 4 4 2 4 
0 0 2 4 4 2 4 2 
0 0 4 2 2 4 4 2 
0 0 4 4 2 2 2 4 
0 2 0 2 4 2 4 4 
0 2 0 4 4 4 2 2 
0 2 2 0 2 4 4 4 
0 2 2 2 2 2 2 6 
0 2 2 2 2 2 6 2 
0 2 2 2 2 6 2 2 
0 2 2 2 6 2 2 2 
0 2 2 4 2 0 4 4 
0 2 2 4 2 4 0 4 
0 2 2 4 2 4 4 0 
0 2 2 6 2 2 2 2 
0 2 4 0 4 4 2 2 
0 2 4 2 0 2 4 4 
0 2 4 2 4 2 0 4 
0 2 4 2 4 2 4 0 
0 2 4 4 0 4 2 2 
0 2 4 4 4 0 2 2 
0 2 6 2 2 2 2 2 
0 4 0 2 2 4 4 2 
0 4 0 4 2 2 2 4 
0 4 2 0 4 2 4 2 
0 4 2 2 0 4 2 4 
0 4 2 2 4 0 2 4 
0 4 2 2 4 4 2 0 
0 4 2 4 0 2 4 2 
0 4 2 4 4 2 0 2 
0 4 4 0 2 2 2 4 
0 4 4 2 2 0 4 2 
0 4 4 2 2 4 0 2 
0 4 4 4 2 2 2 0 
0 6 2 2 2 2 2 2 
2 0 2 2 2 2 4 4 
2 0 2 4 2 4 2 2 
2 0 4 2 4 2 2 2 
2 2 0 2 2 4 2 4 
2 2 0 4 2 2 4 2 
2 2 2 0 4 2 2 4 
2 2 2 2 0 4 4 2 
2 2 2 2 4 0 4 2 
2 2 2 2 4 4 0 2 
2 2 2 4 0 2 2 4 
2 2 2 4 4 2 2 0 
2 2 4 0 2 2 4 2 
2 2 4 2 2 0 2 4 
2 2 4 2 2 4 2 0 
2 2 4 4 2 2 0 2 
2 4 0 2 4 2 2 2 
2 4 2 0 2 4 2 2 
2 4 2 2 2 2 0 4 
2 4 2 2 2 2 4 0 
2 4 2 4 2 0 2 2 
2 4 4 2 0 2 2 2 
4 2 2 2 2 2 2 2 
1 2 3 4 5 6 7 8 9 10 11 12 13 14 15 16 17 18 19 20 21 22 23 24 25 26 27 28 29 30 31 32 33 34 35 36 37 38 39 40 41 42 43 44 45 46 47 48 49 50 51 52 53 54 55 56 57 58 59 60 61 62 63 64 
2 22 8 9 10 11 12 38 41 42 7 6 23 24 25 26 27 28 29 30 31 32 55 56 16 15 57 19 18 21 20 1 43 44 45 46 47 48 49 50 51 52 63 35 34 37 36 3 40 39 4 5 58 59 60 61 62 54 53 13 14 17 64 33 
3 25 6 13 14 15 16 2 44 46 8 48 18 20 1 22 33 34 35 36 37 38 9 10 11 12 58 23 60 24 61 26 39 4 41 5 42 7 53 54 55 56 27 28 29 30 31 32 43 64 45 47 17 57 19 21 63 49 50 51 52 59 40 62 
4 29 13 7 17 18 19 45 2 50 51 9 16 33 34 35 21 22 1 39 40 41 8 59 60 23 10 11 12 62 27 28 37 38 3 53 54 55 42 5 6 57 24 25 26 64 43 44 30 31 32 49 56 14 15 63 20 46 47 48 58 52 36 61 
5 10 36 17 6 20 21 46 27 11 30 31 53 3 14 56 18 39 40 1 22 42 58 8 24 61 28 49 50 2 32 52 13 33 63 15 16 37 4 41 57 7 23 43 64 25 26 47 9 51 62 12 34 35 54 38 19 44 45 59 48 29 55 60 
6 11 15 18 20 1 22 25 28 30 2 32 34 36 3 38 39 4 41 5 42 7 44 46 8 48 49 9 51 10 52 12 53 13 55 14 56 16 17 57 19 21 58 23 60 24 61 26 27 62 29 31 33 63 35 37 40 43 64 45 47 50 54 59 
7 12 16 19 21 22 1 26 29 31 32 2 35 37 38 3 40 41 4 42 5 6 45 47 48 8 50 51 9 52 10 11 54 55 13 56 14 15 57 17 18 20 59 60 23 61 24 25 62 27 28 30 63 33 34 36 39 64 43 44 46 49 53 58 
8 16 11 23 24 25 26 22 35 37 38 3 28 30 2 32 43 44 45 46 47 48 41 42 7 6 54 55 13 56 14 15 49 9 51 10 52 12 58 59 60 61 57 19 18 21 20 1 63 33 34 36 27 62 29 31 64 40 39 4 5 53 50 17 
9 18 23 12 27 28 29 34 22 39 4 41 26 43 44 45 31 32 2 49 50 51 38 53 13 55 42 7 6 17 57 19 47 48 8 58 59 60 52 10 11 62 56 16 15 33 63 35 21 20 1 40 61 24 25 64 30 37 36 3 54 5 46 14 
10 42 46 27 11 30 31 37 57 7 21 20 58 8 24 61 28 49 50 2 32 52 54 38 56 14 19 40 39 22 1 5 23 43 64 25 26 47 9 51 62 12 55 63 33 16 15 36 41 4 17 6 44 45 59 48 29 35 34 53 3 18 60 13 
11 7 25 28 30 2 32 16 19 21 22 1 44 46 8 48 49 9 51 10 52 12 35 37 38 3 40 41 4 42 5 6 58 23 60 24 61 26 27 62 29 31 54 55 13 56 14 15 57 17 18 20 43 64 45 47 50 63 33 34 36 39 59 53 
12 6 26 29 31 32 2 15 18 20 1 22 45 47 48 8 50 51 9 52 10 11 34 36 3 38 39 4 41 5 42 7 59 60 23 61 24 25 62 27 28 30 53 13 55 14 56 16 17 57 19 21 64 43 44 46 49 33 63 35 37 40 58 54 
13 60 18 16 33 34 35 29 25 64 45 44 22 39 4 41 37 38 3 53 54 55 2 50 51 9 46 8 48 59 58 23 42 7 6 17 57 19 56 14 15 63 10 11 12 62 27 28 24 61 26 43 21 20 1 40 36 30 31 32 49 47 5 52 
14 46 5 33 15 36 37 30 58 8 24 61 17 6 20 21 34 53 54 3 38 56 49 2 10 52 23 43 64 25 26 47 18 39 40 1 22 42 13 55 63 16 9 27 62 11 12 31 44 45 59 48 4 41 57 7 35 28 29 50 32 60 19 51 
15 8 1 34 36 3 38 11 23 24 25 26 4 5 6 7 53 13 55 14 56 16 28 30 2 32 43 44 45 46 47 48 17 18 19 20 21 22 33 63 35 37 49 9 51 10 52 12 58 59 60 61 39 40 41 42 54 27 62 29 31 64 57 50 
16 48 22 35 37 38 3 12 60 61 26 25 41 42 7 6 54 55 13 56 14 15 29 31 32 2 64 45 44 47 46 8 57 19 18 21 20 1 63 33 34 36 50 51 9 52 10 11 59 58 23 24 40 39 4 5 53 62 27 28 30 43 17 49 
17 50 53 21 18 39 40 64 10 51 62 27 56 13 33 63 22 42 5 4 41 57 46 45 59 58 11 30 31 29 28 49 16 37 36 34 35 54 7 6 20 19 8 24 61 60 23 43 2 32 52 9 38 3 14 55 1 25 26 47 44 12 15 48 
18 51 34 22 39 4 41 60 11 62 29 28 38 53 13 55 42 7 6 17 57 19 25 64 45 44 30 2 32 50 49 9 56 16 15 33 63 35 21 20 1 40 46 8 48 59 58 23 10 52 12 27 37 36 3 54 5 24 61 26 43 31 14 47 
19 9 35 1 40 41 4 23 12 27 28 29 3 54 55 13 5 6 7 57 17 18 26 43 44 45 31 32 2 49 50 51 14 15 16 63 33 34 20 21 22 39 47 48 8 58 59 60 52 10 11 62 36 37 38 53 42 61 24 25 64 30 56 46 
20 30 14 39 1 5 42 24 49 2 10 52 33 15 36 37 4 17 57 6 7 21 43 25 46 47 9 27 62 11 12 31 34 53 54 3 38 56 18 19 40 22 44 58 59 8 48 61 28 29 50 32 13 55 63 16 41 23 60 64 26 51 35 45 
21 31 56 40 22 42 5 61 50 32 52 10 63 16 37 36 41 57 17 7 6 20 64 26 47 46 51 62 27 12 11 30 35 54 53 38 3 14 19 18 39 1 45 59 58 48 8 24 29 28 49 2 55 13 33 15 4 60 23 43 25 9 34 44 
22 32 38 41 42 7 6 48 51 52 12 11 55 56 16 15 57 19 18 21 20 1 60 61 26 25 62 29 28 31 30 2 63 35 34 37 36 3 40 39 4 5 64 45 44 47 46 8 50 49 9 10 54 53 13 14 17 59 58 23 24 27 33 43 
23 13 28 26 43 44 45 18 16 33 34 35 32 49 9 51 47 48 8 58 59 60 22 39 4 41 37 38 3 53 54 55 52 12 11 27 62 29 61 24 25 64 42 7 6 17 57 19 56 14 15 63 31 30 2 50 46 21 20 1 40 36 10 5 
24 37 10 43 25 46 47 21 54 38 56 14 27 11 30 31 44 58 59 8 48 61 40 22 42 5 55 63 33 16 15 36 28 49 50 2 32 52 23 60 64 26 41 57 17 7 6 20 35 34 53 3 9 51 62 12 45 19 18 39 1 13 29 4 
25 38 2 44 46 8 48 7 55 56 16 15 9 10 11 12 58 23 60 24 61 26 19 21 22 1 63 35 34 37 36 3 27 28 29 30 31 32 43 64 45 47 40 41 4 42 5 6 54 53 13 14 49 50 51 52 59 57 17 18 20 33 62 39 
26 3 32 45 47 48 8 6 13 14 15 16 51 52 12 11 59 60 23 61 24 25 18 20 1 22 33 34 35 36 37 38 62 29 28 31 30 2 64 43 44 46 39 4 41 5 42 7 53 54 55 56 50 49 9 10 58 17 57 19 21 63 27 40 
27 39 58 31 28 49 50 33 42 4 17 57 61 23 43 64 32 52 10 9 51 62 37 34 53 54 7 21 20 18 19 40 26 47 46 44 45 59 12 11 30 29 38 56 14 13 55 63 22 1 5 41 48 8 24 60 2 16 15 36 35 6 25 3 
28 4 44 32 49 9 51 13 7 17 18 19 48 58 23 60 52 12 11 27 62 29 16 33 34 35 21 22 1 39 40 41 61 26 25 43 64 45 31 30 2 50 37 38 3 53 54 55 42 5 6 57 47 46 8 59 10 56 14 15 63 20 24 36 
29 41 45 2 50 51 9 55 6 57 19 18 8 59 60 23 10 11 12 62 27 28 15 63 35 34 20 1 22 40 39 4 24 25 26 64 43 44 30 31 32 49 36 3 38 54 53 13 5 42 7 17 46 47 48 58 52 14 56 16 33 21 61 37 
30 21 24 49 2 10 52 56 40 22 42 5 43 25 46 47 9 27 62 11 12 31 63 16 37 36 41 57 17 7 6 20 44 58 59 8 48 61 28 29 50 32 35 54 53 38 3 14 19 18 39 1 23 60 64 26 51 55 13 33 15 4 45 34 
31 20 61 50 32 52 10 14 39 1 5 42 64 26 47 46 51 62 27 12 11 30 33 15 36 37 4 17 57 6 7 21 45 59 58 48 8 24 29 28 49 2 34 53 54 3 38 56 18 19 40 22 60 23 43 25 9 13 55 63 16 41 44 35 
32 1 48 51 52 12 11 3 4 5 6 7 60 61 26 25 62 29 28 31 30 2 13 14 15 16 17 18 19 20 21 22 64 45 44 47 46 8 50 49 9 10 33 34 35 36 37 38 39 40 41 42 59 58 23 24 27 53 54 55 56 57 43 63 
33 64 17 37 34 53 54 62 46 45 59 58 21 18 39 40 38 56 14 13 55 63 30 29 50 49 8 24 61 60 23 43 22 42 5 4 41 57 16 15 36 35 2 10 52 51 9 27 25 26 47 44 7 6 20 19 3 11 12 31 28 48 1 32 
34 45 4 38 53 13 55 51 8 59 60 23 7 17 18 19 56 16 15 33 63 35 11 62 29 28 24 25 26 64 43 44 21 22 1 39 40 41 37 36 3 54 30 2 32 50 49 9 46 47 48 58 42 5 6 57 14 10 52 12 27 61 20 31 
35 44 41 3 54 55 13 9 48 58 23 60 6 57 19 18 14 15 16 63 33 34 12 27 28 29 61 26 25 43 64 45 20 1 22 40 39 4 36 37 38 53 31 32 2 49 50 51 47 46 8 59 5 42 7 17 56 52 10 11 62 24 21 30 
36 24 20 53 3 14 56 10 43 25 46 47 39 1 5 42 13 33 63 15 16 37 27 11 30 31 44 58 59 8 48 61 4 17 57 6 7 21 34 35 54 38 28 49 50 2 32 52 23 60 64 26 18 19 40 22 55 9 51 62 12 45 41 29 
37 61 21 54 38 56 14 52 64 26 47 46 40 22 42 5 55 63 33 16 15 36 62 12 31 30 45 59 58 48 8 24 41 57 17 7 6 20 35 34 53 3 29 50 49 32 2 10 60 23 43 25 19 18 39 1 13 51 9 27 11 44 4 28 
38 26 7 55 56 16 15 32 45 47 48 8 19 21 22 1 63 35 34 37 36 3 51 52 12 11 59 60 23 61 24 25 40 41 4 42 5 6 54 53 13 14 62 29 28 31 30 2 64 43 44 46 57 17 18 20 33 50 49 9 10 58 39 27 
39 62 33 42 4 17 57 59 30 29 50 49 37 34 53 54 7 21 20 18 19 40 24 60 64 43 2 10 52 51 9 27 38 56 14 13 55 63 22 1 5 41 25 46 47 45 44 58 11 12 31 28 16 15 36 35 6 8 48 61 23 32 3 26 
40 27 63 5 41 57 17 58 31 28 49 50 36 35 54 53 6 20 21 19 18 39 61 23 43 64 32 52 10 9 51 62 3 14 56 55 13 33 1 22 42 4 26 47 46 44 45 59 12 11 30 29 15 16 37 34 7 48 8 24 60 2 38 25 
41 28 55 6 57 19 18 44 32 49 9 51 15 63 35 34 20 1 22 40 39 4 48 58 23 60 52 12 11 27 62 29 36 3 38 54 53 13 5 42 7 17 61 26 25 43 64 45 31 30 2 50 14 56 16 33 21 47 46 8 59 10 37 24 
42 52 37 57 7 21 20 47 62 12 31 30 54 38 56 14 19 40 39 22 1 5 59 48 61 24 29 50 49 32 2 10 55 63 33 16 15 36 41 4 17 6 60 64 43 26 25 46 51 9 27 11 35 34 53 3 18 45 44 58 8 28 13 23 
43 33 27 47 44 58 59 17 37 34 53 54 31 28 49 50 48 61 24 23 60 64 21 18 39 40 38 56 14 13 55 63 32 52 10 9 51 62 26 25 46 45 22 42 5 4 41 57 16 15 36 35 12 11 30 29 8 7 6 20 19 3 2 1 
44 34 9 48 58 23 60 4 38 53 13 55 12 27 28 29 61 26 25 43 64 45 7 17 18 19 56 16 15 33 63 35 31 32 2 49 50 51 47 46 8 59 21 22 1 39 40 41 37 36 3 54 52 10 11 62 24 42 5 6 57 14 30 20 
45 35 51 8 59 60 23 41 3 54 55 13 11 62 29 28 24 25 26 64 43 44 6 57 19 18 14 15 16 63 33 34 30 2 32 50 49 9 46 47 48 58 20 1 22 40 39 4 36 37 38 53 10 52 12 27 61 5 42 7 17 56 31 21 
46 56 30 58 8 24 61 42 63 16 37 36 49 2 10 52 23 43 64 25 26 47 57 7 21 20 35 54 53 38 3 14 9 27 62 11 12 31 44 45 59 48 19 40 39 22 1 5 55 13 33 15 28 29 50 32 60 41 4 17 6 34 51 18 
47 14 31 59 48 61 24 5 33 15 36 37 50 32 52 10 60 64 43 26 25 46 17 6 20 21 34 53 54 3 38 56 51 62 27 12 11 30 45 44 58 8 18 39 40 1 22 42 13 55 63 16 29 28 49 2 23 4 41 57 7 35 9 19 
48 15 12 60 61 26 25 1 34 36 3 38 29 31 32 2 64 45 44 47 46 8 4 5 6 7 53 13 55 14 56 16 50 51 9 52 10 11 59 58 23 24 17 18 19 20 21 22 33 63 35 37 62 27 28 30 43 39 40 41 42 54 49 57 
49 17 43 52 9 27 62 53 21 18 39 40 47 44 58 59 12 31 30 28 29 50 56 13 33 63 22 42 5 4 41 57 48 61 24 23 60 64 32 2 10 51 16 37 36 34 35 54 7 6 20 19 26 25 46 45 11 38 3 14 55 1 8 15 
50 57 64 10 51 62 27 54 20 19 40 39 46 45 59 58 11 30 31 29 28 49 14 55 63 33 1 5 42 41 4 17 8 24 61 60 23 43 2 32 52 9 15 36 37 35 34 53 6 7 21 18 25 26 47 44 12 3 38 56 13 22 48 16 
51 19 60 11 62 29 28 35 1 40 41 4 25 64 45 44 30 2 32 50 49 9 3 54 55 13 5 6 7 57 17 18 46 8 48 59 58 23 10 52 12 27 14 15 16 63 33 34 20 21 22 39 24 61 26 43 31 36 37 38 53 42 47 56 
52 5 47 62 12 31 30 36 17 6 20 21 59 48 61 24 29 50 49 32 2 10 53 3 14 56 18 39 40 1 22 42 60 64 43 26 25 46 51 9 27 11 13 33 63 15 16 37 4 41 57 7 45 44 58 8 28 34 35 54 38 19 23 55 
53 59 39 56 13 33 63 50 24 60 64 43 42 4 17 57 16 37 36 34 35 54 10 51 62 27 25 46 47 45 44 58 7 21 20 18 19 40 38 3 14 55 11 30 31 29 28 49 8 48 61 23 22 1 5 41 15 2 32 52 9 26 6 12 
54 58 40 14 55 63 33 49 61 23 43 64 5 41 57 17 15 36 37 35 34 53 52 9 27 62 26 47 46 44 45 59 6 20 21 19 18 39 3 38 56 13 12 31 30 28 29 50 48 8 24 60 1 22 42 4 16 32 2 10 51 25 7 11 
55 23 19 15 63 35 34 28 26 43 44 45 1 40 41 4 36 3 38 54 53 13 32 49 9 51 47 48 8 58 59 60 5 6 7 57 17 18 14 56 16 33 52 12 11 27 62 29 61 24 25 64 20 21 22 39 37 31 30 2 50 46 42 10 
56 47 42 63 16 37 36 31 59 48 61 24 57 7 21 20 35 54 53 38 3 14 50 32 52 10 60 64 43 26 25 46 19 40 39 22 1 5 55 13 33 15 51 62 27 12 11 30 45 44 58 8 41 4 17 6 34 29 28 49 2 23 18 9 
57 49 54 20 19 40 39 43 52 9 27 62 14 55 63 33 1 5 42 41 4 17 47 44 58 59 12 31 30 28 29 50 15 36 37 35 34 53 6 7 21 18 48 61 24 23 60 64 32 2 10 51 3 38 56 13 22 26 25 46 45 11 16 8 
58 53 49 61 23 43 64 39 56 13 33 63 52 9 27 62 26 47 46 44 45 59 42 4 17 57 16 37 36 34 35 54 12 31 30 28 29 50 48 8 24 60 7 21 20 18 19 40 38 3 14 55 32 2 10 51 25 22 1 5 41 15 11 6 
59 54 50 24 60 64 43 40 14 55 63 33 10 51 62 27 25 46 47 45 44 58 5 41 57 17 15 36 37 35 34 53 11 30 31 29 28 49 8 48 61 23 6 20 21 19 18 39 3 38 56 13 2 32 52 9 26 1 22 42 4 16 12 7 
60 55 29 25 64 45 44 19 15 63 35 34 2 50 51 9 46 8 48 59 58 23 1 40 41 4 36 3 38 54 53 13 10 11 12 62 27 28 24 61 26 43 5 6 7 57 17 18 14 56 16 33 30 31 32 49 47 20 21 22 39 37 52 42 
61 36 52 64 26 47 46 20 53 3 14 56 62 12 31 30 45 59 58 48 8 24 39 1 5 42 13 33 63 15 16 37 29 50 49 32 2 10 60 23 43 25 4 17 57 6 7 21 34 35 54 38 51 9 27 11 44 18 19 40 22 55 28 41 
62 40 59 30 29 50 49 63 5 41 57 17 24 60 64 43 2 10 52 51 9 27 36 35 54 53 6 20 21 19 18 39 25 46 47 45 44 58 11 12 31 28 3 14 56 55 13 33 1 22 42 4 8 48 61 23 32 15 16 37 34 7 26 38 
63 43 57 36 35 54 53 27 47 44 58 59 20 19 40 39 3 14 56 55 13 33 31 28 49 50 48 61 24 23 60 64 1 5 42 41 4 17 15 16 37 34 32 52 10 9 51 62 26 25 46 45 6 7 21 18 38 12 11 30 29 8 22 2 
64 63 62 46 45 59 58 57 36 35 54 53 30 29 50 49 8 24 61 60 23 43 20 19 40 39 3 14 56 55 13 33 2 10 52 51 9 27 25 26 47 44 1 5 42 41 4 17 15 16 37 34 11 12 31 28 48 6 7 21 18 38 32 22 
1
0 1 

1 4 
1 
6 
7 
22 
2 8 
1 6 
1 7 
1 22 
5 20 
6 7 
6 22 
7 22 
21 42 
3 12 
1 5 20 
1 6 7 
1 6 22 
1 7 22 
1 21 42 
5 6 20 
5 7 20 
5 20 22 
6 7 22 
6 21 42 
7 21 42 
21 22 42 
4 14 
1 5 6 20 
1 5 7 20 
1 5 20 22 
1 6 7 22 
1 6 21 42 
1 7 21 42 
1 21 22 42 
5 6 7 20 
5 6 20 22 
5 7 20 22 
5 20 21 42 
6 7 21 42 
6 21 22 42 
7 21 22 42 
5 12 
1 5 6 7 20 
1 5 6 20 22 
1 5 7 20 22 
1 5 20 21 42 
1 6 7 21 42 
1 6 21 22 42 
1 7 21 22 42 
5 6 7 20 22 
5 6 20 21 42 
5 7 20 21 42 
5 20 21 22 42 
6 7 21 22 42 
6 8 
1 5 6 7 20 22 
1 5 6 20 21 42 
1 5 7 20 21 42 
1 5 20 21 22 42 
1 6 7 21 22 42 
5 6 7 20 21 42 
5 6 20 21 22 42 
5 7 20 21 22 42 
7 4 
1 5 6 7 20 21 42 
1 5 6 20 21 22 42 
1 5 7 20 21 22 42 
5 6 7 20 21 22 42 
8 1 
1 5 6 7 20 21 22 42 
2
0 1 

1 1 

2 4 
2 32 
10 31 
11 12 
30 52 
3 1 

4 6 
2 10 31 32 
2 11 12 32 
2 30 32 52 
10 11 12 31 
10 30 31 52 
11 12 30 52 
5 1 

6 4 
2 10 11 12 31 32 
2 10 30 31 32 52 
2 11 12 30 32 52 
10 11 12 30 31 52 
7 1 

8 1 
2 10 11 12 30 31 32 52 
3
0 1 

1 1 

2 4 
3 15 
14 36 
16 38 
37 56 
3 1 

4 6 
3 14 15 36 
3 15 16 38 
3 15 37 56 
14 16 36 38 
14 36 37 56 
16 37 38 56 
5 1 

6 4 
3 14 15 16 36 38 
3 14 15 36 37 56 
3 15 16 37 38 56 
14 16 36 37 38 56 
7 1 

8 1 
3 14 15 16 36 37 38 56 
4
0 1 

1 1 

2 4 
4 19 
17 57 
18 41 
39 40 
3 1 

4 6 
4 17 19 57 
4 18 19 41 
4 19 39 40 
17 18 41 57 
17 39 40 57 
18 39 40 41 
5 1 

6 4 
4 17 18 19 41 57 
4 17 19 39 40 57 
4 18 19 39 40 41 
17 18 39 40 41 57 
7 1 

8 1 
4 17 18 19 39 40 41 57 
5
0 1 

1 1 

2 4 
8 48 
24 61 
25 26 
46 47 
3 1 

4 6 
8 24 48 61 
8 25 26 48 
8 46 47 48 
24 25 26 61 
24 46 47 61 
25 26 46 47 
5 1 

6 4 
8 24 25 26 48 61 
8 24 46 47 48 61 
8 25 26 46 47 48 
24 25 26 46 47 61 
7 1 

8 1 
8 24 25 26 46 47 48 61 
6
0 1 

1 1 

2 4 
9 51 
27 50 
28 29 
49 62 
3 1 

4 6 
9 27 50 51 
9 28 29 51 
9 49 51 62 
27 28 29 50 
27 49 50 62 
28 29 49 62 
5 1 

6 4 
9 27 28 29 50 51 
9 27 49 50 51 62 
9 28 29 49 51 62 
27 28 29 49 50 62 
7 1 

8 1 
9 27 28 29 49 50 51 62 
7
0 1 

1 1 

2 4 
13 55 
33 63 
34 35 
53 54 
3 1 

4 6 
13 33 55 63 
13 34 35 55 
13 53 54 55 
33 34 35 63 
33 53 54 63 
34 35 53 54 
5 1 

6 4 
13 33 34 35 55 63 
13 33 53 54 55 63 
13 34 35 53 54 55 
33 34 35 53 54 63 
7 1 

8 1 
13 33 34 35 53 54 55 63 
8
0 1 

1 1 

2 4 
23 60 
43 64 
44 45 
58 59 
3 1 

4 6 
23 43 60 64 
23 44 45 60 
23 58 59 60 
43 44 45 64 
43 58 59 64 
44 45 58 59 
5 1 

6 4 
23 43 44 45 60 64 
23 43 58 59 60 64 
23 44 45 58 59 60 
43 44 45 58 59 64 
7 1 

8 1 
23 43 44 45 58 59 60 64 
