//Table for grp 81:
57
0 0 2 2 4 4 2 4 
0 0 2 4 4 2 4 2 
0 0 4 2 2 4 4 2 
0 0 4 4 2 2 2 4 
0 2 0 2 4 2 4 4 
0 2 0 4 4 4 2 2 
0 2 2 0 2 4 4 4 
0 2 2 2 2 2 2 6 
0 2 2 2 2 2 6 2 
0 2 2 2 2 6 2 2 
0 2 2 2 6 2 2 2 
0 2 2 4 2 0 4 4 
0 2 2 4 2 4 0 4 
0 2 2 4 2 4 4 0 
0 2 2 6 2 2 2 2 
0 2 4 0 4 4 2 2 
0 2 4 2 0 2 4 4 
0 2 4 2 4 2 0 4 
0 2 4 2 4 2 4 0 
0 2 4 4 0 4 2 2 
0 2 4 4 4 0 2 2 
0 2 6 2 2 2 2 2 
0 4 0 2 2 4 4 2 
0 4 0 4 2 2 2 4 
0 4 2 0 4 2 4 2 
0 4 2 2 0 4 2 4 
0 4 2 2 4 0 2 4 
0 4 2 2 4 4 2 0 
0 4 2 4 0 2 4 2 
0 4 2 4 4 2 0 2 
0 4 4 0 2 2 2 4 
0 4 4 2 2 0 4 2 
0 4 4 2 2 4 0 2 
0 4 4 4 2 2 2 0 
0 6 2 2 2 2 2 2 
2 0 2 2 2 2 4 4 
2 0 2 4 2 4 2 2 
2 0 4 2 4 2 2 2 
2 2 0 2 2 4 2 4 
2 2 0 4 2 2 4 2 
2 2 2 0 4 2 2 4 
2 2 2 2 0 4 4 2 
2 2 2 2 4 0 4 2 
2 2 2 2 4 4 0 2 
2 2 2 4 0 2 2 4 
2 2 2 4 4 2 2 0 
2 2 4 0 2 2 4 2 
2 2 4 2 2 0 2 4 
2 2 4 2 2 4 2 0 
2 2 4 4 2 2 0 2 
2 4 0 2 4 2 2 2 
2 4 2 0 2 4 2 2 
2 4 2 2 2 2 0 4 
2 4 2 2 2 2 4 0 
2 4 2 4 2 0 2 2 
2 4 4 2 0 2 2 2 
4 2 2 2 2 2 2 2 
1 2 3 4 5 6 7 8 9 10 11 12 13 14 15 16 17 18 19 20 21 22 23 24 25 26 27 28 29 30 31 32 33 34 35 36 37 38 39 40 41 42 43 44 45 46 47 48 49 50 51 52 53 54 55 56 57 58 59 60 61 62 63 64 
2 5 8 9 10 11 12 14 17 1 20 21 23 24 25 26 27 28 29 30 31 32 33 3 36 37 4 39 40 6 7 42 43 44 45 46 47 48 49 50 51 52 13 53 54 15 16 56 18 19 57 22 58 59 60 61 62 34 35 63 38 41 64 55 
3 24 20 13 14 15 16 11 43 8 46 47 39 6 5 42 33 34 35 36 37 38 28 30 2 32 23 58 59 25 26 61 18 17 57 1 22 21 53 54 55 56 49 9 51 10 52 12 44 45 64 48 4 41 40 7 63 27 62 29 31 60 19 50 
4 28 35 5 17 18 19 60 30 49 9 51 37 54 55 13 1 20 21 39 40 41 61 64 45 44 11 10 52 27 62 29 16 56 14 63 33 34 6 7 42 57 48 47 46 59 58 23 2 32 31 50 38 3 36 53 22 26 25 24 43 12 15 8 
5 10 14 17 1 20 21 24 27 2 30 31 33 3 36 37 4 39 40 6 7 42 43 8 46 47 9 49 50 11 12 52 13 53 54 15 16 56 18 19 57 22 23 58 59 25 26 61 28 29 62 32 34 35 63 38 41 44 45 64 48 51 55 60 
6 11 15 18 20 1 22 25 28 30 2 32 34 36 3 38 39 4 41 5 42 7 44 46 8 48 49 9 51 10 52 12 53 13 55 14 56 16 17 57 19 21 58 23 60 24 61 26 27 62 29 31 33 63 35 37 40 43 64 45 47 50 54 59 
7 12 16 19 21 22 1 26 29 31 32 2 35 37 38 3 40 41 4 42 5 6 45 47 48 8 50 51 9 52 10 11 54 55 13 56 14 15 57 17 18 20 59 60 23 61 24 25 62 27 28 30 63 33 34 36 39 64 43 44 46 49 53 58 
8 3 30 23 24 25 26 20 13 14 15 16 49 11 10 52 43 44 45 46 47 48 39 6 5 42 33 34 35 36 37 38 28 27 62 2 32 31 58 59 60 61 18 17 57 1 22 21 53 54 55 56 9 51 50 12 64 4 41 40 7 63 29 19 
9 39 45 10 27 28 29 63 6 18 17 57 47 59 60 23 2 30 31 49 50 51 38 55 54 53 20 1 22 4 41 40 26 61 24 64 43 44 11 12 52 62 56 16 15 35 34 33 5 42 7 19 48 8 46 58 32 37 36 3 13 21 25 14 
10 1 24 27 2 30 31 3 4 5 6 7 43 8 46 47 9 49 50 11 12 52 13 14 15 16 17 18 19 20 21 22 23 58 59 25 26 61 28 29 62 32 33 34 35 36 37 38 39 40 41 42 44 45 64 48 51 53 54 55 56 57 60 63 
11 20 25 28 30 2 32 36 39 6 5 42 44 46 8 48 49 9 51 10 52 12 53 15 14 56 18 17 57 1 22 21 58 23 60 24 61 26 27 62 29 31 34 33 63 3 38 37 4 41 40 7 43 64 45 47 50 13 55 54 16 19 59 35 
12 21 26 29 31 32 2 37 40 7 42 5 45 47 48 8 50 51 9 52 10 11 54 16 56 14 19 57 17 22 1 20 59 60 23 61 24 25 62 27 28 30 35 63 33 38 3 36 41 4 39 6 64 43 44 46 49 55 13 53 15 18 58 34 
13 58 57 14 33 34 35 29 25 44 43 64 22 41 40 39 3 36 37 53 54 55 31 50 51 9 46 8 48 23 60 59 42 7 6 19 18 17 15 16 56 63 12 52 10 62 27 28 24 61 26 45 21 20 1 4 38 32 2 30 49 47 5 11 
14 8 6 33 3 36 37 30 23 24 25 26 18 20 1 22 13 53 54 15 16 56 49 11 10 52 43 44 45 46 47 48 39 4 41 5 42 7 34 35 63 38 28 27 62 2 32 31 58 59 60 61 17 57 19 21 55 9 51 50 12 64 40 29 
15 46 5 34 36 3 38 2 58 25 24 61 17 1 20 21 53 13 55 14 56 16 9 10 11 12 44 43 64 8 48 47 4 39 40 6 7 42 33 63 35 37 27 28 29 30 31 32 23 60 59 26 18 19 57 22 54 49 50 51 52 45 41 62 
16 47 42 35 37 38 3 32 59 26 61 24 57 22 21 20 54 55 13 56 14 15 51 52 12 11 45 64 43 48 8 46 41 40 39 7 6 5 63 33 34 36 62 29 28 31 30 2 60 23 58 25 19 18 17 1 53 50 49 9 10 44 4 27 
17 49 54 1 4 39 40 64 11 28 27 62 16 35 63 33 5 6 7 18 19 57 48 60 59 58 30 2 32 9 51 50 37 38 3 55 13 53 20 21 22 41 61 26 25 45 44 43 10 52 12 29 56 14 15 34 42 47 46 8 23 31 36 24 
18 9 55 20 39 4 41 45 10 27 28 29 56 63 35 34 6 5 42 17 57 19 47 59 60 23 2 30 31 49 50 51 38 37 36 54 53 13 1 22 21 40 26 61 24 64 43 44 11 12 52 62 16 15 14 33 7 48 8 46 58 32 3 25 
19 51 13 21 40 41 4 44 52 62 29 28 14 33 34 35 7 42 5 57 17 18 46 58 23 60 32 31 30 50 49 9 3 36 37 53 54 55 22 1 20 39 25 24 61 43 64 45 12 11 10 27 15 16 56 63 6 8 48 47 59 2 38 26 
20 30 36 39 6 5 42 46 49 11 10 52 53 15 14 56 18 17 57 1 22 21 58 25 24 61 28 27 62 2 32 31 34 33 63 3 38 37 4 41 40 7 44 43 64 8 48 47 9 51 50 12 13 55 54 16 19 23 60 59 26 29 35 45 
21 31 37 40 7 42 5 47 50 12 52 10 54 16 56 14 19 57 17 22 1 20 59 26 61 24 29 62 27 32 2 30 35 63 33 38 3 36 41 4 39 6 45 64 43 48 8 46 51 9 49 11 55 13 53 15 18 60 23 58 25 28 34 44 
22 32 38 41 42 7 6 48 51 52 12 11 55 56 16 15 57 19 18 21 20 1 60 61 26 25 62 29 28 31 30 2 63 35 34 37 36 3 40 39 4 5 64 45 44 47 46 8 50 49 9 10 54 53 13 14 17 59 58 23 24 27 33 43 
23 34 62 24 43 44 45 40 36 53 13 55 32 51 50 49 8 46 47 58 59 60 7 19 57 17 15 14 56 33 63 35 52 12 11 29 28 27 25 26 61 64 21 22 1 41 4 39 3 38 37 54 31 30 2 9 48 42 5 6 18 16 10 20 
24 14 11 43 8 46 47 6 33 3 36 37 28 30 2 32 23 58 59 25 26 61 18 20 1 22 13 53 54 15 16 56 49 9 51 10 52 12 44 45 64 48 39 4 41 5 42 7 34 35 63 38 27 62 29 31 60 17 57 19 21 55 50 40 
25 15 10 44 46 8 48 5 34 36 3 38 27 2 30 31 58 23 60 24 61 26 17 1 20 21 53 13 55 14 56 16 9 49 50 11 12 52 43 64 45 47 4 39 40 6 7 42 33 63 35 37 28 29 62 32 59 18 19 57 22 54 51 41 
26 16 52 45 47 48 8 42 35 37 38 3 62 32 31 30 59 60 23 61 24 25 57 22 21 20 54 55 13 56 14 15 51 50 49 12 11 10 64 43 44 46 41 40 39 7 6 5 63 33 34 36 29 28 27 2 58 19 18 17 1 53 9 4 
27 18 59 2 9 49 50 55 20 39 4 41 26 45 64 43 10 11 12 28 29 62 56 63 35 34 6 5 42 17 57 19 47 48 8 60 23 58 30 31 32 51 38 37 36 54 53 13 1 22 21 40 61 24 25 44 52 16 15 14 33 7 46 3 
28 17 60 30 49 9 51 54 1 4 39 40 61 64 45 44 11 10 52 27 62 29 16 35 63 33 5 6 7 18 19 57 48 47 46 59 58 23 2 32 31 50 37 38 3 55 13 53 20 21 22 41 26 25 24 43 12 56 14 15 34 42 8 36 
29 57 23 31 50 51 9 53 22 41 40 39 24 43 44 45 12 52 10 62 27 28 15 34 33 63 42 7 6 19 18 17 8 46 47 58 59 60 32 2 30 49 36 3 38 13 55 54 21 20 1 4 25 26 61 64 11 14 56 16 35 5 48 37 
30 6 46 49 11 10 52 15 18 20 1 22 58 25 24 61 28 27 62 2 32 31 34 36 3 38 39 4 41 5 42 7 44 43 64 8 48 47 9 51 50 12 53 13 55 14 56 16 17 57 19 21 23 60 59 26 29 33 63 35 37 40 45 54 
31 7 47 50 12 52 10 16 19 21 22 1 59 26 61 24 29 62 27 32 2 30 35 37 38 3 40 41 4 42 5 6 45 64 43 48 8 46 51 9 49 11 54 55 13 56 14 15 57 17 18 20 60 23 58 25 28 63 33 34 36 39 44 53 
32 42 48 51 52 12 11 56 57 22 21 20 60 61 26 25 62 29 28 31 30 2 63 38 37 36 41 40 39 7 6 5 64 45 44 47 46 8 50 49 9 10 55 54 53 16 15 14 19 18 17 1 59 58 23 24 27 35 34 33 3 4 43 13 
33 44 41 3 13 53 54 50 46 58 23 60 42 57 19 18 14 15 16 34 35 63 12 29 62 27 25 24 61 43 64 45 22 21 20 40 39 4 36 37 38 55 31 32 2 51 9 49 8 48 47 59 7 6 5 17 56 52 10 11 28 26 1 30 
34 43 40 36 53 13 55 51 8 23 58 59 7 19 57 17 15 14 56 33 63 35 52 62 29 28 24 25 26 44 45 64 21 22 1 41 4 39 3 38 37 54 32 31 30 50 49 9 46 47 48 60 42 5 6 18 16 12 11 10 27 61 20 2 
35 64 39 37 54 55 13 9 48 60 59 58 6 18 17 57 16 56 14 63 33 34 10 27 28 29 61 26 25 45 44 43 20 1 22 4 41 40 38 3 36 53 2 30 31 49 50 51 47 46 8 23 5 42 7 19 15 11 12 52 62 24 21 32 
36 25 1 53 15 14 56 10 44 46 8 48 4 5 6 7 34 33 63 3 38 37 27 2 30 31 58 23 60 24 61 26 17 18 19 20 21 22 13 55 54 16 9 49 50 11 12 52 43 64 45 47 39 40 41 42 35 28 29 62 32 59 57 51 
37 26 22 54 16 56 14 52 45 47 48 8 41 42 7 6 35 63 33 38 3 36 62 32 31 30 59 60 23 61 24 25 57 19 18 21 20 1 55 13 53 15 51 50 49 12 11 10 64 43 44 46 40 39 4 5 34 29 28 27 2 58 17 9 
38 61 21 55 56 16 15 12 64 48 47 46 40 7 42 5 63 35 34 37 36 3 29 31 32 2 60 59 58 26 25 24 19 57 17 22 1 20 54 53 13 14 50 51 9 52 10 11 45 44 43 8 41 4 39 6 33 62 27 28 30 23 18 49 
39 27 63 6 18 17 57 59 2 9 49 50 38 55 54 53 20 1 22 4 41 40 26 45 64 43 10 11 12 28 29 62 56 16 15 35 34 33 5 42 7 19 47 48 8 60 23 58 30 31 32 51 37 36 3 13 21 61 24 25 44 52 14 46 
40 62 33 7 19 57 17 58 32 51 50 49 3 13 53 54 21 22 1 41 4 39 25 44 43 64 52 12 11 29 28 27 14 15 16 34 35 63 42 5 6 18 46 8 48 23 60 59 31 30 2 9 36 37 38 55 20 24 61 26 45 10 56 47 
41 29 34 42 57 19 18 23 31 50 51 9 36 53 13 55 22 21 20 40 39 4 24 43 44 45 12 52 10 62 27 28 15 14 56 33 63 35 7 6 5 17 8 46 47 58 59 60 32 2 30 49 3 38 37 54 1 25 26 61 64 11 16 48 
42 52 56 57 22 21 20 61 62 32 31 30 63 38 37 36 41 40 39 7 6 5 64 48 47 46 51 50 49 12 11 10 55 54 53 16 15 14 19 18 17 1 60 59 58 26 25 24 29 28 27 2 35 34 33 3 4 45 44 43 8 9 13 23 
43 53 51 8 23 58 59 19 15 34 33 63 52 62 29 28 24 25 26 44 45 64 21 40 41 4 36 3 38 13 55 54 32 31 30 50 49 9 46 47 48 60 7 42 5 57 17 18 14 56 16 35 12 11 10 27 61 22 1 20 39 37 2 6 
44 13 50 46 58 23 60 57 14 33 34 35 12 29 62 27 25 24 61 43 64 45 22 41 40 39 3 36 37 53 54 55 31 32 2 51 9 49 8 48 47 59 42 7 6 19 18 17 15 16 56 63 52 10 11 28 26 21 20 1 4 38 30 5 
45 55 49 47 59 60 23 17 56 63 35 34 11 28 27 62 26 61 24 64 43 44 1 4 39 40 38 37 36 54 53 13 30 2 32 9 51 50 48 8 46 58 5 6 7 18 19 57 16 15 14 33 10 52 12 29 25 20 21 22 41 3 31 42 
46 36 2 58 25 24 61 1 53 15 14 56 9 10 11 12 44 43 64 8 48 47 4 5 6 7 34 33 63 3 38 37 27 28 29 30 31 32 23 60 59 26 17 18 19 20 21 22 13 55 54 16 49 50 51 52 45 39 40 41 42 35 62 57 
47 37 32 59 26 61 24 22 54 16 56 14 51 52 12 11 45 64 43 48 8 46 41 42 7 6 35 63 33 38 3 36 62 29 28 31 30 2 60 23 58 25 57 19 18 21 20 1 55 13 53 15 50 49 9 10 44 40 39 4 5 34 27 17 
48 38 31 60 61 26 25 21 55 56 16 15 50 12 52 10 64 45 44 47 46 8 40 7 42 5 63 35 34 37 36 3 29 62 27 32 2 30 59 58 23 24 19 57 17 22 1 20 54 53 13 14 51 9 49 11 43 41 4 39 6 33 28 18 
49 4 64 11 28 27 62 35 5 17 18 19 48 60 59 58 30 2 32 9 51 50 37 54 55 13 1 20 21 39 40 41 61 26 25 45 44 43 10 52 12 29 16 56 14 63 33 34 6 7 42 57 47 46 8 23 31 38 3 36 53 22 24 15 
50 41 43 12 29 62 27 34 42 57 19 18 8 23 58 59 31 32 2 51 9 49 36 53 13 55 22 21 20 40 39 4 24 25 26 44 45 64 52 10 11 28 15 14 56 33 63 35 7 6 5 17 46 47 48 60 30 3 38 37 54 1 61 16 
51 40 44 52 62 29 28 33 7 19 57 17 46 58 23 60 32 31 30 50 49 9 3 13 53 54 21 22 1 41 4 39 25 24 61 43 64 45 12 11 10 27 14 15 16 34 35 63 42 5 6 18 8 48 47 59 2 36 37 38 55 20 26 56 
52 22 61 62 32 31 30 38 41 42 7 6 64 48 47 46 51 50 49 12 11 10 55 56 16 15 57 19 18 21 20 1 60 59 58 26 25 24 29 28 27 2 63 35 34 37 36 3 40 39 4 5 45 44 43 8 9 54 53 13 14 17 23 33 
53 23 19 15 34 33 63 62 24 43 44 45 21 40 41 4 36 3 38 13 55 54 32 51 50 49 8 46 47 58 59 60 7 42 5 57 17 18 14 56 16 35 52 12 11 29 28 27 25 26 61 64 22 1 20 39 37 31 30 2 9 48 6 10 
54 60 18 16 35 63 33 27 61 64 45 44 20 39 4 41 37 38 3 55 13 53 2 9 49 50 48 47 46 59 58 23 6 5 42 17 57 19 56 14 15 34 10 11 12 28 29 62 26 25 24 43 1 22 21 40 36 30 31 32 51 8 7 52 
55 59 17 56 63 35 34 28 26 45 64 43 1 4 39 40 38 37 36 54 53 13 30 49 9 51 47 48 8 60 23 58 5 6 7 18 19 57 16 15 14 33 11 10 52 27 62 29 61 24 25 44 20 21 22 41 3 2 32 31 50 46 42 12 
56 48 7 63 38 37 36 31 60 61 26 25 19 21 22 1 55 54 53 16 15 14 50 12 52 10 64 45 44 47 46 8 40 41 4 42 5 6 35 34 33 3 29 62 27 32 2 30 59 58 23 24 57 17 18 20 13 51 9 49 11 43 39 28 
57 50 53 22 41 40 39 43 12 29 62 27 15 34 33 63 42 7 6 19 18 17 8 23 58 59 31 32 2 51 9 49 36 3 38 13 55 54 21 20 1 4 24 25 26 44 45 64 52 10 11 28 14 56 16 35 5 46 47 48 60 30 37 61 
58 33 29 25 44 43 64 41 3 13 53 54 31 50 51 9 46 8 48 23 60 59 42 57 19 18 14 15 16 34 35 63 12 52 10 62 27 28 24 61 26 45 22 21 20 40 39 4 36 37 38 55 32 2 30 49 47 7 6 5 17 56 11 1 
59 63 28 26 45 64 43 4 38 55 54 53 30 49 9 51 47 48 8 60 23 58 5 17 18 19 56 16 15 35 34 33 11 10 52 27 62 29 61 24 25 44 1 20 21 39 40 41 37 36 3 13 2 32 31 50 46 6 7 42 57 14 12 22 
60 35 27 61 64 45 44 39 37 54 55 13 2 9 49 50 48 47 46 59 58 23 6 18 17 57 16 56 14 63 33 34 10 11 12 28 29 62 26 25 24 43 20 1 22 4 41 40 38 3 36 53 30 31 32 51 8 5 42 7 19 15 52 21 
61 56 12 64 48 47 46 7 63 38 37 36 29 31 32 2 60 59 58 26 25 24 19 21 22 1 55 54 53 16 15 14 50 51 9 52 10 11 45 44 43 8 40 41 4 42 5 6 35 34 33 3 62 27 28 30 23 57 17 18 20 13 49 39 
62 19 58 32 51 50 49 13 21 40 41 4 25 44 43 64 52 12 11 29 28 27 14 33 34 35 7 42 5 57 17 18 46 8 48 23 60 59 31 30 2 9 3 36 37 53 54 55 22 1 20 39 24 61 26 45 10 15 16 56 63 6 47 38 
63 45 4 38 55 54 53 49 47 59 60 23 5 17 18 19 56 16 15 35 34 33 11 28 27 62 26 61 24 64 43 44 1 20 21 39 40 41 37 36 3 13 30 2 32 9 51 50 48 8 46 58 6 7 42 57 14 10 52 12 29 25 22 31 
64 54 9 48 60 59 58 18 16 35 63 33 10 27 28 29 61 26 25 45 44 43 20 39 4 41 37 38 3 55 13 53 2 30 31 49 50 51 47 46 8 23 6 5 42 17 57 19 56 14 15 34 11 12 52 62 24 1 22 21 40 36 32 7 
1
0 1 

1 8 
1 
5 
6 
7 
20 
21 
22 
42 
2 28 
1 5 
1 6 
1 7 
1 20 
1 21 
1 22 
1 42 
5 6 
5 7 
5 20 
5 21 
5 22 
5 42 
6 7 
6 20 
6 21 
6 22 
6 42 
7 20 
7 21 
7 22 
7 42 
20 21 
20 22 
20 42 
21 22 
21 42 
22 42 
3 56 
1 5 6 
1 5 7 
1 5 20 
1 5 21 
1 5 22 
1 5 42 
1 6 7 
1 6 20 
1 6 21 
1 6 22 
1 6 42 
1 7 20 
1 7 21 
1 7 22 
1 7 42 
1 20 21 
1 20 22 
1 20 42 
1 21 22 
1 21 42 
1 22 42 
5 6 7 
5 6 20 
5 6 21 
5 6 22 
5 6 42 
5 7 20 
5 7 21 
5 7 22 
5 7 42 
5 20 21 
5 20 22 
5 20 42 
5 21 22 
5 21 42 
5 22 42 
6 7 20 
6 7 21 
6 7 22 
6 7 42 
6 20 21 
6 20 22 
6 20 42 
6 21 22 
6 21 42 
6 22 42 
7 20 21 
7 20 22 
7 20 42 
7 21 22 
7 21 42 
7 22 42 
20 21 22 
20 21 42 
20 22 42 
21 22 42 
4 70 
1 5 6 7 
1 5 6 20 
1 5 6 21 
1 5 6 22 
1 5 6 42 
1 5 7 20 
1 5 7 21 
1 5 7 22 
1 5 7 42 
1 5 20 21 
1 5 20 22 
1 5 20 42 
1 5 21 22 
1 5 21 42 
1 5 22 42 
1 6 7 20 
1 6 7 21 
1 6 7 22 
1 6 7 42 
1 6 20 21 
1 6 20 22 
1 6 20 42 
1 6 21 22 
1 6 21 42 
1 6 22 42 
1 7 20 21 
1 7 20 22 
1 7 20 42 
1 7 21 22 
1 7 21 42 
1 7 22 42 
1 20 21 22 
1 20 21 42 
1 20 22 42 
1 21 22 42 
5 6 7 20 
5 6 7 21 
5 6 7 22 
5 6 7 42 
5 6 20 21 
5 6 20 22 
5 6 20 42 
5 6 21 22 
5 6 21 42 
5 6 22 42 
5 7 20 21 
5 7 20 22 
5 7 20 42 
5 7 21 22 
5 7 21 42 
5 7 22 42 
5 20 21 22 
5 20 21 42 
5 20 22 42 
5 21 22 42 
6 7 20 21 
6 7 20 22 
6 7 20 42 
6 7 21 22 
6 7 21 42 
6 7 22 42 
6 20 21 22 
6 20 21 42 
6 20 22 42 
6 21 22 42 
7 20 21 22 
7 20 21 42 
7 20 22 42 
7 21 22 42 
20 21 22 42 
5 56 
1 5 6 7 20 
1 5 6 7 21 
1 5 6 7 22 
1 5 6 7 42 
1 5 6 20 21 
1 5 6 20 22 
1 5 6 20 42 
1 5 6 21 22 
1 5 6 21 42 
1 5 6 22 42 
1 5 7 20 21 
1 5 7 20 22 
1 5 7 20 42 
1 5 7 21 22 
1 5 7 21 42 
1 5 7 22 42 
1 5 20 21 22 
1 5 20 21 42 
1 5 20 22 42 
1 5 21 22 42 
1 6 7 20 21 
1 6 7 20 22 
1 6 7 20 42 
1 6 7 21 22 
1 6 7 21 42 
1 6 7 22 42 
1 6 20 21 22 
1 6 20 21 42 
1 6 20 22 42 
1 6 21 22 42 
1 7 20 21 22 
1 7 20 21 42 
1 7 20 22 42 
1 7 21 22 42 
1 20 21 22 42 
5 6 7 20 21 
5 6 7 20 22 
5 6 7 20 42 
5 6 7 21 22 
5 6 7 21 42 
5 6 7 22 42 
5 6 20 21 22 
5 6 20 21 42 
5 6 20 22 42 
5 6 21 22 42 
5 7 20 21 22 
5 7 20 21 42 
5 7 20 22 42 
5 7 21 22 42 
5 20 21 22 42 
6 7 20 21 22 
6 7 20 21 42 
6 7 20 22 42 
6 7 21 22 42 
6 20 21 22 42 
7 20 21 22 42 
6 28 
1 5 6 7 20 21 
1 5 6 7 20 22 
1 5 6 7 20 42 
1 5 6 7 21 22 
1 5 6 7 21 42 
1 5 6 7 22 42 
1 5 6 20 21 22 
1 5 6 20 21 42 
1 5 6 20 22 42 
1 5 6 21 22 42 
1 5 7 20 21 22 
1 5 7 20 21 42 
1 5 7 20 22 42 
1 5 7 21 22 42 
1 5 20 21 22 42 
1 6 7 20 21 22 
1 6 7 20 21 42 
1 6 7 20 22 42 
1 6 7 21 22 42 
1 6 20 21 22 42 
1 7 20 21 22 42 
5 6 7 20 21 22 
5 6 7 20 21 42 
5 6 7 20 22 42 
5 6 7 21 22 42 
5 6 20 21 22 42 
5 7 20 21 22 42 
6 7 20 21 22 42 
7 8 
1 5 6 7 20 21 22 
1 5 6 7 20 21 42 
1 5 6 7 20 22 42 
1 5 6 7 21 22 42 
1 5 6 20 21 22 42 
1 5 7 20 21 22 42 
1 6 7 20 21 22 42 
5 6 7 20 21 22 42 
8 1 
1 5 6 7 20 21 22 42 
2
0 1 

1 1 

2 4 
2 10 
11 30 
12 31 
32 52 
3 1 

4 6 
2 10 11 30 
2 10 12 31 
2 10 32 52 
11 12 30 31 
11 30 32 52 
12 31 32 52 
5 1 

6 4 
2 10 11 12 30 31 
2 10 11 30 32 52 
2 10 12 31 32 52 
11 12 30 31 32 52 
7 1 

8 1 
2 10 11 12 30 31 32 52 
3
0 1 

1 1 

2 4 
3 36 
14 15 
16 56 
37 38 
3 1 

4 6 
3 14 15 36 
3 16 36 56 
3 36 37 38 
14 15 16 56 
14 15 37 38 
16 37 38 56 
5 1 

6 4 
3 14 15 16 36 56 
3 14 15 36 37 38 
3 16 36 37 38 56 
14 15 16 37 38 56 
7 1 

8 1 
3 14 15 16 36 37 38 56 
4
0 1 

1 1 

2 4 
4 17 
18 39 
19 40 
41 57 
3 1 

4 6 
4 17 18 39 
4 17 19 40 
4 17 41 57 
18 19 39 40 
18 39 41 57 
19 40 41 57 
5 1 

6 4 
4 17 18 19 39 40 
4 17 18 39 41 57 
4 17 19 40 41 57 
18 19 39 40 41 57 
7 1 

8 1 
4 17 18 19 39 40 41 57 
5
0 1 

1 1 

2 4 
8 46 
24 25 
26 61 
47 48 
3 1 

4 6 
8 24 25 46 
8 26 46 61 
8 46 47 48 
24 25 26 61 
24 25 47 48 
26 47 48 61 
5 1 

6 4 
8 24 25 26 46 61 
8 24 25 46 47 48 
8 26 46 47 48 61 
24 25 26 47 48 61 
7 1 

8 1 
8 24 25 26 46 47 48 61 
6
0 1 

1 1 

2 4 
9 28 
27 49 
29 51 
50 62 
3 1 

4 6 
9 27 28 49 
9 28 29 51 
9 28 50 62 
27 29 49 51 
27 49 50 62 
29 50 51 62 
5 1 

6 4 
9 27 28 29 49 51 
9 27 28 49 50 62 
9 28 29 50 51 62 
27 29 49 50 51 62 
7 1 

8 1 
9 27 28 29 49 50 51 62 
7
0 1 

1 1 

2 4 
13 55 
33 63 
34 35 
53 54 
3 1 

4 6 
13 33 55 63 
13 34 35 55 
13 53 54 55 
33 34 35 63 
33 53 54 63 
34 35 53 54 
5 1 

6 4 
13 33 34 35 55 63 
13 33 53 54 55 63 
13 34 35 53 54 55 
33 34 35 53 54 63 
7 1 

8 1 
13 33 34 35 53 54 55 63 
8
0 1 

1 1 

2 4 
23 45 
43 59 
44 60 
58 64 
3 1 

4 6 
23 43 45 59 
23 44 45 60 
23 45 58 64 
43 44 59 60 
43 58 59 64 
44 58 60 64 
5 1 

6 4 
23 43 44 45 59 60 
23 43 45 58 59 64 
23 44 45 58 60 64 
43 44 58 59 60 64 
7 1 

8 1 
23 43 44 45 58 59 60 64 
