//Table for grp 192:
57
0 0 2 2 4 4 2 4 
0 0 2 4 4 2 4 2 
0 0 4 2 2 4 4 2 
0 0 4 4 2 2 2 4 
0 2 0 2 4 2 4 4 
0 2 0 4 4 4 2 2 
0 2 2 0 2 4 4 4 
0 2 2 2 2 2 2 6 
0 2 2 2 2 2 6 2 
0 2 2 2 2 6 2 2 
0 2 2 2 6 2 2 2 
0 2 2 4 2 0 4 4 
0 2 2 4 2 4 0 4 
0 2 2 4 2 4 4 0 
0 2 2 6 2 2 2 2 
0 2 4 0 4 4 2 2 
0 2 4 2 0 2 4 4 
0 2 4 2 4 2 0 4 
0 2 4 2 4 2 4 0 
0 2 4 4 0 4 2 2 
0 2 4 4 4 0 2 2 
0 2 6 2 2 2 2 2 
0 4 0 2 2 4 4 2 
0 4 0 4 2 2 2 4 
0 4 2 0 4 2 4 2 
0 4 2 2 0 4 2 4 
0 4 2 2 4 0 2 4 
0 4 2 2 4 4 2 0 
0 4 2 4 0 2 4 2 
0 4 2 4 4 2 0 2 
0 4 4 0 2 2 2 4 
0 4 4 2 2 0 4 2 
0 4 4 2 2 4 0 2 
0 4 4 4 2 2 2 0 
0 6 2 2 2 2 2 2 
2 0 2 2 2 2 4 4 
2 0 2 4 2 4 2 2 
2 0 4 2 4 2 2 2 
2 2 0 2 2 4 2 4 
2 2 0 4 2 2 4 2 
2 2 2 0 4 2 2 4 
2 2 2 2 0 4 4 2 
2 2 2 2 4 0 4 2 
2 2 2 2 4 4 0 2 
2 2 2 4 0 2 2 4 
2 2 2 4 4 2 2 0 
2 2 4 0 2 2 4 2 
2 2 4 2 2 0 2 4 
2 2 4 2 2 4 2 0 
2 2 4 4 2 2 0 2 
2 4 0 2 4 2 2 2 
2 4 2 0 2 4 2 2 
2 4 2 2 2 2 0 4 
2 4 2 2 2 2 4 0 
2 4 2 4 2 0 2 2 
2 4 4 2 0 2 2 2 
4 2 2 2 2 2 2 2 
1 2 3 4 5 6 7 8 9 10 11 12 13 14 15 16 17 18 19 20 21 22 23 24 25 26 27 28 29 30 31 32 33 34 35 36 37 38 39 40 41 42 43 44 45 46 47 48 49 50 51 52 53 54 55 56 57 58 59 60 61 62 63 64 
2 6 8 9 10 11 12 15 18 20 1 22 23 24 25 26 27 28 29 30 31 32 34 36 3 38 39 4 41 5 42 7 43 44 45 46 47 48 49 50 51 52 53 13 55 14 56 16 17 57 19 21 58 59 60 61 62 33 63 35 37 40 64 54 
3 8 7 13 14 15 16 12 23 24 25 26 19 21 22 1 33 34 35 36 37 38 29 31 32 2 43 44 45 46 47 48 40 41 4 42 5 6 53 54 55 56 50 51 9 52 10 11 58 59 60 61 57 17 18 20 63 62 27 28 30 64 39 49 
4 9 13 1 17 18 19 23 2 27 28 29 3 33 34 35 5 6 7 39 40 41 8 43 44 45 10 11 12 49 50 51 14 15 16 53 54 55 20 21 22 57 24 25 26 58 59 60 30 31 32 62 36 37 38 63 42 46 47 48 64 52 56 61 
5 10 14 17 1 20 21 24 27 2 30 31 33 3 36 37 4 39 40 6 7 42 43 8 46 47 9 49 50 11 12 52 13 53 54 15 16 56 18 19 57 22 23 58 59 25 26 61 28 29 62 32 34 35 63 38 41 44 45 64 48 51 55 60 
6 11 15 18 20 1 22 25 28 30 2 32 34 36 3 38 39 4 41 5 42 7 44 46 8 48 49 9 51 10 52 12 53 13 55 14 56 16 17 57 19 21 58 23 60 24 61 26 27 62 29 31 33 63 35 37 40 43 64 45 47 50 54 59 
7 12 16 19 21 22 1 26 29 31 32 2 35 37 38 3 40 41 4 42 5 6 45 47 48 8 50 51 9 52 10 11 54 55 13 56 14 15 57 17 18 20 59 60 23 61 24 25 62 27 28 30 63 33 34 36 39 64 43 44 46 49 53 58 
8 15 12 23 24 25 26 22 34 36 3 38 29 31 32 2 43 44 45 46 47 48 41 42 7 6 53 13 55 14 56 16 50 51 9 52 10 11 58 59 60 61 57 19 18 21 20 1 33 63 35 37 62 27 28 30 64 40 39 4 5 54 49 17 
9 18 23 2 27 28 29 34 6 39 4 41 8 43 44 45 10 11 12 49 50 51 15 53 13 55 20 1 22 17 57 19 24 25 26 58 59 60 30 31 32 62 36 3 38 33 63 35 5 42 7 40 46 47 48 64 52 14 56 16 54 21 61 37 
10 20 24 27 2 30 31 36 39 6 5 42 43 8 46 47 9 49 50 11 12 52 53 15 14 56 18 17 57 1 22 21 23 58 59 25 26 61 28 29 62 32 34 33 63 3 38 37 4 41 40 7 44 45 64 48 51 13 55 54 16 19 60 35 
11 1 25 28 30 2 32 3 4 5 6 7 44 46 8 48 49 9 51 10 52 12 13 14 15 16 17 18 19 20 21 22 58 23 60 24 61 26 27 62 29 31 33 34 35 36 37 38 39 40 41 42 43 64 45 47 50 53 54 55 56 57 59 63 
12 22 26 29 31 32 2 38 41 42 7 6 45 47 48 8 50 51 9 52 10 11 55 56 16 15 57 19 18 21 20 1 59 60 23 61 24 25 62 27 28 30 63 35 34 37 36 3 40 39 4 5 64 43 44 46 49 54 53 13 14 17 58 33 
13 23 19 3 33 34 35 29 8 43 44 45 7 40 41 4 14 15 16 53 54 55 12 50 51 9 24 25 26 58 59 60 21 22 1 57 17 18 36 37 38 63 31 32 2 62 27 28 46 47 48 64 42 5 6 39 56 52 10 11 49 61 20 30 
14 24 21 33 3 36 37 31 43 8 46 47 40 7 42 5 13 53 54 15 16 56 50 12 52 10 23 58 59 25 26 61 19 57 17 22 1 20 34 35 63 38 29 62 27 32 2 30 44 45 64 48 41 4 39 6 55 51 9 49 11 60 18 28 
15 25 22 34 36 3 38 32 44 46 8 48 41 42 7 6 53 13 55 14 56 16 51 52 12 11 58 23 60 24 61 26 57 19 18 21 20 1 33 63 35 37 62 29 28 31 30 2 43 64 45 47 40 39 4 5 54 50 49 9 10 59 17 27 
16 26 1 35 37 38 3 2 45 47 48 8 4 5 6 7 54 55 13 56 14 15 9 10 11 12 59 60 23 61 24 25 17 18 19 20 21 22 63 33 34 36 27 28 29 30 31 32 64 43 44 46 39 40 41 42 53 49 50 51 52 58 57 62 
17 27 33 5 4 39 40 43 10 9 49 50 14 13 53 54 1 20 21 18 19 57 24 23 58 59 2 30 31 28 29 62 3 36 37 34 35 63 6 7 42 41 8 46 47 44 45 64 11 12 52 51 15 16 56 55 22 25 26 61 60 32 38 48 
18 28 34 6 39 4 41 44 11 49 9 51 15 53 13 55 20 1 22 17 57 19 25 58 23 60 30 2 32 27 62 29 36 3 38 33 63 35 5 42 7 40 46 8 48 43 64 45 10 52 12 50 14 56 16 54 21 24 61 26 59 31 37 47 
19 29 35 7 40 41 4 45 12 50 51 9 16 54 55 13 21 22 1 57 17 18 26 59 60 23 31 32 2 62 27 28 37 38 3 63 33 34 42 5 6 39 47 48 8 64 43 44 52 10 11 49 56 14 15 53 20 61 24 25 58 30 36 46 
20 30 36 39 6 5 42 46 49 11 10 52 53 15 14 56 18 17 57 1 22 21 58 25 24 61 28 27 62 2 32 31 34 33 63 3 38 37 4 41 40 7 44 43 64 8 48 47 9 51 50 12 13 55 54 16 19 23 60 59 26 29 35 45 
21 31 37 40 7 42 5 47 50 12 52 10 54 16 56 14 19 57 17 22 1 20 59 26 61 24 29 62 27 32 2 30 35 63 33 38 3 36 41 4 39 6 45 64 43 48 8 46 51 9 49 11 55 13 53 15 18 60 23 58 25 28 34 44 
22 32 38 41 42 7 6 48 51 52 12 11 55 56 16 15 57 19 18 21 20 1 60 61 26 25 62 29 28 31 30 2 63 35 34 37 36 3 40 39 4 5 64 45 44 47 46 8 50 49 9 10 54 53 13 14 17 59 58 23 24 27 33 43 
23 34 29 8 43 44 45 41 15 53 13 55 12 50 51 9 24 25 26 58 59 60 22 57 19 18 36 3 38 33 63 35 31 32 2 62 27 28 46 47 48 64 42 7 6 40 39 4 14 56 16 54 52 10 11 49 61 21 20 1 17 37 30 5 
24 36 31 43 8 46 47 42 53 15 14 56 50 12 52 10 23 58 59 25 26 61 57 22 21 20 34 33 63 3 38 37 29 62 27 32 2 30 44 45 64 48 41 40 39 7 6 5 13 55 54 16 51 9 49 11 60 19 18 17 1 35 28 4 
25 3 32 44 46 8 48 7 13 14 15 16 51 52 12 11 58 23 60 24 61 26 19 21 22 1 33 34 35 36 37 38 62 29 28 31 30 2 43 64 45 47 40 41 4 42 5 6 53 54 55 56 50 49 9 10 59 57 17 18 20 63 27 39 
26 38 2 45 47 48 8 6 55 56 16 15 9 10 11 12 59 60 23 61 24 25 18 20 1 22 63 35 34 37 36 3 27 28 29 30 31 32 64 43 44 46 39 4 41 5 42 7 54 53 13 14 49 50 51 52 58 17 57 19 21 33 62 40 
27 39 43 10 9 49 50 53 20 18 17 57 24 23 58 59 2 30 31 28 29 62 36 34 33 63 6 5 42 4 41 40 8 46 47 44 45 64 11 12 52 51 15 14 56 13 55 54 1 22 21 19 25 26 61 60 32 3 38 37 35 7 48 16 
28 4 44 11 49 9 51 13 1 17 18 19 25 58 23 60 30 2 32 27 62 29 3 33 34 35 5 6 7 39 40 41 46 8 48 43 64 45 10 52 12 50 14 15 16 53 54 55 20 21 22 57 24 61 26 59 31 36 37 38 63 42 47 56 
29 41 45 12 50 51 9 55 22 57 19 18 26 59 60 23 31 32 2 62 27 28 38 63 35 34 42 7 6 40 39 4 47 48 8 64 43 44 52 10 11 49 56 16 15 54 53 13 21 20 1 17 61 24 25 58 30 37 36 3 33 5 46 14 
30 5 46 49 11 10 52 14 17 1 20 21 58 25 24 61 28 27 62 2 32 31 33 3 36 37 4 39 40 6 7 42 44 43 64 8 48 47 9 51 50 12 13 53 54 15 16 56 18 19 57 22 23 60 59 26 29 34 35 63 38 41 45 55 
31 42 47 50 12 52 10 56 57 22 21 20 59 26 61 24 29 62 27 32 2 30 63 38 37 36 41 40 39 7 6 5 45 64 43 48 8 46 51 9 49 11 55 54 53 16 15 14 19 18 17 1 60 23 58 25 28 35 34 33 3 4 44 13 
32 7 48 51 52 12 11 16 19 21 22 1 60 61 26 25 62 29 28 31 30 2 35 37 38 3 40 41 4 42 5 6 64 45 44 47 46 8 50 49 9 10 54 55 13 56 14 15 57 17 18 20 59 58 23 24 27 63 33 34 36 39 43 53 
33 43 40 14 13 53 54 50 24 23 58 59 21 19 57 17 3 36 37 34 35 63 31 29 62 27 8 46 47 44 45 64 7 42 5 41 4 39 15 16 56 55 12 52 10 51 9 49 25 26 61 60 22 1 20 18 38 32 2 30 28 48 6 11 
34 44 41 15 53 13 55 51 25 58 23 60 22 57 19 18 36 3 38 33 63 35 32 62 29 28 46 8 48 43 64 45 42 7 6 40 39 4 14 56 16 54 52 12 11 50 49 9 24 61 26 59 21 20 1 17 37 31 30 2 27 47 5 10 
35 45 4 16 54 55 13 9 26 59 60 23 1 17 18 19 37 38 3 63 33 34 2 27 28 29 47 48 8 64 43 44 5 6 7 39 40 41 56 14 15 53 10 11 12 49 50 51 61 24 25 58 20 21 22 57 36 30 31 32 62 46 42 52 
36 46 42 53 15 14 56 52 58 25 24 61 57 22 21 20 34 33 63 3 38 37 62 32 31 30 44 43 64 8 48 47 41 40 39 7 6 5 13 55 54 16 51 50 49 12 11 10 23 60 59 26 19 18 17 1 35 29 28 27 2 45 4 9 
37 47 5 54 16 56 14 10 59 26 61 24 17 1 20 21 35 63 33 38 3 36 27 2 30 31 45 64 43 48 8 46 4 39 40 6 7 42 55 13 53 15 9 49 50 11 12 52 60 23 58 25 18 19 57 22 34 28 29 62 32 44 41 51 
38 48 6 55 56 16 15 11 60 61 26 25 18 20 1 22 63 35 34 37 36 3 28 30 2 32 64 45 44 47 46 8 39 4 41 5 42 7 54 53 13 14 49 9 51 10 52 12 59 58 23 24 17 57 19 21 33 27 62 29 31 43 40 50 
39 49 53 20 18 17 57 58 30 28 27 62 36 34 33 63 6 5 42 4 41 40 46 44 43 64 11 10 52 9 51 50 15 14 56 13 55 54 1 22 21 19 25 24 61 23 60 59 2 32 31 29 3 38 37 35 7 8 48 47 45 12 16 26 
40 50 54 21 19 57 17 59 31 29 62 27 37 35 63 33 7 42 5 41 4 39 47 45 64 43 12 52 10 51 9 49 16 56 14 55 13 53 22 1 20 18 26 61 24 60 23 58 32 2 30 28 38 3 36 34 6 48 8 46 44 11 15 25 
41 51 55 22 57 19 18 60 32 62 29 28 38 63 35 34 42 7 6 40 39 4 48 64 45 44 52 12 11 50 49 9 56 16 15 54 53 13 21 20 1 17 61 26 25 59 58 23 31 30 2 27 37 36 3 33 5 47 46 8 43 10 14 24 
42 52 56 57 22 21 20 61 62 32 31 30 63 38 37 36 41 40 39 7 6 5 64 48 47 46 51 50 49 12 11 10 55 54 53 16 15 14 19 18 17 1 60 59 58 26 25 24 29 28 27 2 35 34 33 3 4 45 44 43 8 9 13 23 
43 53 50 24 23 58 59 57 36 34 33 63 31 29 62 27 8 46 47 44 45 64 42 41 40 39 15 14 56 13 55 54 12 52 10 51 9 49 25 26 61 60 22 21 20 19 18 17 3 38 37 35 32 2 30 28 48 7 6 5 4 16 11 1 
44 13 51 25 58 23 60 19 3 33 34 35 32 62 29 28 46 8 48 43 64 45 7 40 41 4 14 15 16 53 54 55 52 12 11 50 49 9 24 61 26 59 21 22 1 57 17 18 36 37 38 63 31 30 2 27 47 42 5 6 39 56 10 20 
45 55 9 26 59 60 23 18 38 63 35 34 2 27 28 29 47 48 8 64 43 44 6 39 4 41 56 16 15 54 53 13 10 11 12 49 50 51 61 24 25 58 20 1 22 17 57 19 37 36 3 33 30 31 32 62 46 5 42 7 40 14 52 21 
46 14 52 58 25 24 61 21 33 3 36 37 62 32 31 30 44 43 64 8 48 47 40 7 42 5 13 53 54 15 16 56 51 50 49 12 11 10 23 60 59 26 19 57 17 22 1 20 34 35 63 38 29 28 27 2 45 41 4 39 6 55 9 18 
47 56 10 59 26 61 24 20 63 38 37 36 27 2 30 31 45 64 43 48 8 46 39 6 5 42 55 54 53 16 15 14 9 49 50 11 12 52 60 23 58 25 18 17 57 1 22 21 35 34 33 3 28 29 62 32 44 4 41 40 7 13 51 19 
48 16 11 60 61 26 25 1 35 37 38 3 28 30 2 32 64 45 44 47 46 8 4 5 6 7 54 55 13 56 14 15 49 9 51 10 52 12 59 58 23 24 17 18 19 20 21 22 63 33 34 36 27 62 29 31 43 39 40 41 42 53 50 57 
49 17 58 30 28 27 62 33 5 4 39 40 46 44 43 64 11 10 52 9 51 50 14 13 53 54 1 20 21 18 19 57 25 24 61 23 60 59 2 32 31 29 3 36 37 34 35 63 6 7 42 41 8 48 47 45 12 15 16 56 55 22 26 38 
50 57 59 31 29 62 27 63 42 41 40 39 47 45 64 43 12 52 10 51 9 49 56 55 54 53 22 21 20 19 18 17 26 61 24 60 23 58 32 2 30 28 38 37 36 35 34 33 7 6 5 4 48 8 46 44 11 16 15 14 13 1 25 3 
51 19 60 32 62 29 28 35 7 40 41 4 48 64 45 44 52 12 11 50 49 9 16 54 55 13 21 22 1 57 17 18 61 26 25 59 58 23 31 30 2 27 37 38 3 63 33 34 42 5 6 39 47 46 8 43 10 56 14 15 53 20 24 36 
52 21 61 62 32 31 30 37 40 7 42 5 64 48 47 46 51 50 49 12 11 10 54 16 56 14 19 57 17 22 1 20 60 59 58 26 25 24 29 28 27 2 35 63 33 38 3 36 41 4 39 6 45 44 43 8 9 55 13 53 15 18 23 34 
53 58 57 36 34 33 63 62 46 44 43 64 42 41 40 39 15 14 56 13 55 54 52 51 50 49 25 24 61 23 60 59 22 21 20 19 18 17 3 38 37 35 32 31 30 29 28 27 8 48 47 45 7 6 5 4 16 12 11 10 9 26 1 2 
54 59 17 37 35 63 33 27 47 45 64 43 5 4 39 40 16 56 14 55 13 53 10 9 49 50 26 61 24 60 23 58 1 20 21 18 19 57 38 3 36 34 2 30 31 28 29 62 48 8 46 44 6 7 42 41 15 11 12 52 51 25 22 32 
55 60 18 38 63 35 34 28 48 64 45 44 6 39 4 41 56 16 15 54 53 13 11 49 9 51 61 26 25 59 58 23 20 1 22 17 57 19 37 36 3 33 30 2 32 27 62 29 47 46 8 43 5 42 7 40 14 10 52 12 50 24 21 31 
56 61 20 63 38 37 36 30 64 48 47 46 39 6 5 42 55 54 53 16 15 14 49 11 10 52 60 59 58 26 25 24 18 17 57 1 22 21 35 34 33 3 28 27 62 2 32 31 45 44 43 8 4 41 40 7 13 9 51 50 12 23 19 29 
57 62 63 42 41 40 39 64 52 51 50 49 56 55 54 53 22 21 20 19 18 17 61 60 59 58 32 31 30 29 28 27 38 37 36 35 34 33 7 6 5 4 48 47 46 45 44 43 12 11 10 9 16 15 14 13 1 26 25 24 23 2 3 8 
58 33 62 46 44 43 64 40 14 13 53 54 52 51 50 49 25 24 61 23 60 59 21 19 57 17 3 36 37 34 35 63 32 31 30 29 28 27 8 48 47 45 7 42 5 41 4 39 15 16 56 55 12 11 10 9 26 22 1 20 18 38 2 6 
59 63 27 47 45 64 43 39 56 55 54 53 10 9 49 50 26 61 24 60 23 58 20 18 17 57 38 37 36 35 34 33 2 30 31 28 29 62 48 8 46 44 6 5 42 4 41 40 16 15 14 13 11 12 52 51 25 1 22 21 19 3 32 7 
60 35 28 48 64 45 44 4 16 54 55 13 11 49 9 51 61 26 25 59 58 23 1 17 18 19 37 38 3 63 33 34 30 2 32 27 62 29 47 46 8 43 5 6 7 39 40 41 56 14 15 53 10 52 12 50 24 20 21 22 57 36 31 42 
61 37 30 64 48 47 46 5 54 16 56 14 49 11 10 52 60 59 58 26 25 24 17 1 20 21 35 63 33 38 3 36 28 27 62 2 32 31 45 44 43 8 4 39 40 6 7 42 55 13 53 15 9 51 50 12 23 18 19 57 22 34 29 41 
62 40 64 52 51 50 49 54 21 19 57 17 61 60 59 58 32 31 30 29 28 27 37 35 63 33 7 42 5 41 4 39 48 47 46 45 44 43 12 11 10 9 16 56 14 55 13 53 22 1 20 18 26 25 24 23 2 38 3 36 34 6 8 15 
63 64 39 56 55 54 53 49 61 60 59 58 20 18 17 57 38 37 36 35 34 33 30 28 27 62 48 47 46 45 44 43 6 5 42 4 41 40 16 15 14 13 11 10 52 9 51 50 26 25 24 23 1 22 21 19 3 2 32 31 29 8 7 12 
64 54 49 61 60 59 58 17 37 35 63 33 30 28 27 62 48 47 46 45 44 43 5 4 39 40 16 56 14 55 13 53 11 10 52 9 51 50 26 25 24 23 1 20 21 18 19 57 38 3 36 34 2 32 31 29 8 6 7 42 41 15 12 22 
1
0 1 

1 8 
1 
5 
6 
7 
20 
21 
22 
42 
2 28 
1 5 
1 6 
1 7 
1 20 
1 21 
1 22 
1 42 
5 6 
5 7 
5 20 
5 21 
5 22 
5 42 
6 7 
6 20 
6 21 
6 22 
6 42 
7 20 
7 21 
7 22 
7 42 
20 21 
20 22 
20 42 
21 22 
21 42 
22 42 
3 56 
1 5 6 
1 5 7 
1 5 20 
1 5 21 
1 5 22 
1 5 42 
1 6 7 
1 6 20 
1 6 21 
1 6 22 
1 6 42 
1 7 20 
1 7 21 
1 7 22 
1 7 42 
1 20 21 
1 20 22 
1 20 42 
1 21 22 
1 21 42 
1 22 42 
5 6 7 
5 6 20 
5 6 21 
5 6 22 
5 6 42 
5 7 20 
5 7 21 
5 7 22 
5 7 42 
5 20 21 
5 20 22 
5 20 42 
5 21 22 
5 21 42 
5 22 42 
6 7 20 
6 7 21 
6 7 22 
6 7 42 
6 20 21 
6 20 22 
6 20 42 
6 21 22 
6 21 42 
6 22 42 
7 20 21 
7 20 22 
7 20 42 
7 21 22 
7 21 42 
7 22 42 
20 21 22 
20 21 42 
20 22 42 
21 22 42 
4 70 
1 5 6 7 
1 5 6 20 
1 5 6 21 
1 5 6 22 
1 5 6 42 
1 5 7 20 
1 5 7 21 
1 5 7 22 
1 5 7 42 
1 5 20 21 
1 5 20 22 
1 5 20 42 
1 5 21 22 
1 5 21 42 
1 5 22 42 
1 6 7 20 
1 6 7 21 
1 6 7 22 
1 6 7 42 
1 6 20 21 
1 6 20 22 
1 6 20 42 
1 6 21 22 
1 6 21 42 
1 6 22 42 
1 7 20 21 
1 7 20 22 
1 7 20 42 
1 7 21 22 
1 7 21 42 
1 7 22 42 
1 20 21 22 
1 20 21 42 
1 20 22 42 
1 21 22 42 
5 6 7 20 
5 6 7 21 
5 6 7 22 
5 6 7 42 
5 6 20 21 
5 6 20 22 
5 6 20 42 
5 6 21 22 
5 6 21 42 
5 6 22 42 
5 7 20 21 
5 7 20 22 
5 7 20 42 
5 7 21 22 
5 7 21 42 
5 7 22 42 
5 20 21 22 
5 20 21 42 
5 20 22 42 
5 21 22 42 
6 7 20 21 
6 7 20 22 
6 7 20 42 
6 7 21 22 
6 7 21 42 
6 7 22 42 
6 20 21 22 
6 20 21 42 
6 20 22 42 
6 21 22 42 
7 20 21 22 
7 20 21 42 
7 20 22 42 
7 21 22 42 
20 21 22 42 
5 56 
1 5 6 7 20 
1 5 6 7 21 
1 5 6 7 22 
1 5 6 7 42 
1 5 6 20 21 
1 5 6 20 22 
1 5 6 20 42 
1 5 6 21 22 
1 5 6 21 42 
1 5 6 22 42 
1 5 7 20 21 
1 5 7 20 22 
1 5 7 20 42 
1 5 7 21 22 
1 5 7 21 42 
1 5 7 22 42 
1 5 20 21 22 
1 5 20 21 42 
1 5 20 22 42 
1 5 21 22 42 
1 6 7 20 21 
1 6 7 20 22 
1 6 7 20 42 
1 6 7 21 22 
1 6 7 21 42 
1 6 7 22 42 
1 6 20 21 22 
1 6 20 21 42 
1 6 20 22 42 
1 6 21 22 42 
1 7 20 21 22 
1 7 20 21 42 
1 7 20 22 42 
1 7 21 22 42 
1 20 21 22 42 
5 6 7 20 21 
5 6 7 20 22 
5 6 7 20 42 
5 6 7 21 22 
5 6 7 21 42 
5 6 7 22 42 
5 6 20 21 22 
5 6 20 21 42 
5 6 20 22 42 
5 6 21 22 42 
5 7 20 21 22 
5 7 20 21 42 
5 7 20 22 42 
5 7 21 22 42 
5 20 21 22 42 
6 7 20 21 22 
6 7 20 21 42 
6 7 20 22 42 
6 7 21 22 42 
6 20 21 22 42 
7 20 21 22 42 
6 28 
1 5 6 7 20 21 
1 5 6 7 20 22 
1 5 6 7 20 42 
1 5 6 7 21 22 
1 5 6 7 21 42 
1 5 6 7 22 42 
1 5 6 20 21 22 
1 5 6 20 21 42 
1 5 6 20 22 42 
1 5 6 21 22 42 
1 5 7 20 21 22 
1 5 7 20 21 42 
1 5 7 20 22 42 
1 5 7 21 22 42 
1 5 20 21 22 42 
1 6 7 20 21 22 
1 6 7 20 21 42 
1 6 7 20 22 42 
1 6 7 21 22 42 
1 6 20 21 22 42 
1 7 20 21 22 42 
5 6 7 20 21 22 
5 6 7 20 21 42 
5 6 7 20 22 42 
5 6 7 21 22 42 
5 6 20 21 22 42 
5 7 20 21 22 42 
6 7 20 21 22 42 
7 8 
1 5 6 7 20 21 22 
1 5 6 7 20 21 42 
1 5 6 7 20 22 42 
1 5 6 7 21 22 42 
1 5 6 20 21 22 42 
1 5 7 20 21 22 42 
1 6 7 20 21 22 42 
5 6 7 20 21 22 42 
8 1 
1 5 6 7 20 21 22 42 
2
0 1 

1 1 

2 4 
2 11 
10 30 
12 32 
31 52 
3 1 

4 6 
2 10 11 30 
2 11 12 32 
2 11 31 52 
10 12 30 32 
10 30 31 52 
12 31 32 52 
5 1 

6 4 
2 10 11 12 30 32 
2 10 11 30 31 52 
2 11 12 31 32 52 
10 12 30 31 32 52 
7 1 

8 1 
2 10 11 12 30 31 32 52 
3
0 1 

1 1 

2 4 
3 16 
14 37 
15 38 
36 56 
3 1 

4 6 
3 14 16 37 
3 15 16 38 
3 16 36 56 
14 15 37 38 
14 36 37 56 
15 36 38 56 
5 1 

6 4 
3 14 15 16 37 38 
3 14 16 36 37 56 
3 15 16 36 38 56 
14 15 36 37 38 56 
7 1 

8 1 
3 14 15 16 36 37 38 56 
4
0 1 

1 8 
4 
17 
18 
19 
39 
40 
41 
57 
2 28 
4 17 
4 18 
4 19 
4 39 
4 40 
4 41 
4 57 
17 18 
17 19 
17 39 
17 40 
17 41 
17 57 
18 19 
18 39 
18 40 
18 41 
18 57 
19 39 
19 40 
19 41 
19 57 
39 40 
39 41 
39 57 
40 41 
40 57 
41 57 
3 56 
4 17 18 
4 17 19 
4 17 39 
4 17 40 
4 17 41 
4 17 57 
4 18 19 
4 18 39 
4 18 40 
4 18 41 
4 18 57 
4 19 39 
4 19 40 
4 19 41 
4 19 57 
4 39 40 
4 39 41 
4 39 57 
4 40 41 
4 40 57 
4 41 57 
17 18 19 
17 18 39 
17 18 40 
17 18 41 
17 18 57 
17 19 39 
17 19 40 
17 19 41 
17 19 57 
17 39 40 
17 39 41 
17 39 57 
17 40 41 
17 40 57 
17 41 57 
18 19 39 
18 19 40 
18 19 41 
18 19 57 
18 39 40 
18 39 41 
18 39 57 
18 40 41 
18 40 57 
18 41 57 
19 39 40 
19 39 41 
19 39 57 
19 40 41 
19 40 57 
19 41 57 
39 40 41 
39 40 57 
39 41 57 
40 41 57 
4 70 
4 17 18 19 
4 17 18 39 
4 17 18 40 
4 17 18 41 
4 17 18 57 
4 17 19 39 
4 17 19 40 
4 17 19 41 
4 17 19 57 
4 17 39 40 
4 17 39 41 
4 17 39 57 
4 17 40 41 
4 17 40 57 
4 17 41 57 
4 18 19 39 
4 18 19 40 
4 18 19 41 
4 18 19 57 
4 18 39 40 
4 18 39 41 
4 18 39 57 
4 18 40 41 
4 18 40 57 
4 18 41 57 
4 19 39 40 
4 19 39 41 
4 19 39 57 
4 19 40 41 
4 19 40 57 
4 19 41 57 
4 39 40 41 
4 39 40 57 
4 39 41 57 
4 40 41 57 
17 18 19 39 
17 18 19 40 
17 18 19 41 
17 18 19 57 
17 18 39 40 
17 18 39 41 
17 18 39 57 
17 18 40 41 
17 18 40 57 
17 18 41 57 
17 19 39 40 
17 19 39 41 
17 19 39 57 
17 19 40 41 
17 19 40 57 
17 19 41 57 
17 39 40 41 
17 39 40 57 
17 39 41 57 
17 40 41 57 
18 19 39 40 
18 19 39 41 
18 19 39 57 
18 19 40 41 
18 19 40 57 
18 19 41 57 
18 39 40 41 
18 39 40 57 
18 39 41 57 
18 40 41 57 
19 39 40 41 
19 39 40 57 
19 39 41 57 
19 40 41 57 
39 40 41 57 
5 56 
4 17 18 19 39 
4 17 18 19 40 
4 17 18 19 41 
4 17 18 19 57 
4 17 18 39 40 
4 17 18 39 41 
4 17 18 39 57 
4 17 18 40 41 
4 17 18 40 57 
4 17 18 41 57 
4 17 19 39 40 
4 17 19 39 41 
4 17 19 39 57 
4 17 19 40 41 
4 17 19 40 57 
4 17 19 41 57 
4 17 39 40 41 
4 17 39 40 57 
4 17 39 41 57 
4 17 40 41 57 
4 18 19 39 40 
4 18 19 39 41 
4 18 19 39 57 
4 18 19 40 41 
4 18 19 40 57 
4 18 19 41 57 
4 18 39 40 41 
4 18 39 40 57 
4 18 39 41 57 
4 18 40 41 57 
4 19 39 40 41 
4 19 39 40 57 
4 19 39 41 57 
4 19 40 41 57 
4 39 40 41 57 
17 18 19 39 40 
17 18 19 39 41 
17 18 19 39 57 
17 18 19 40 41 
17 18 19 40 57 
17 18 19 41 57 
17 18 39 40 41 
17 18 39 40 57 
17 18 39 41 57 
17 18 40 41 57 
17 19 39 40 41 
17 19 39 40 57 
17 19 39 41 57 
17 19 40 41 57 
17 39 40 41 57 
18 19 39 40 41 
18 19 39 40 57 
18 19 39 41 57 
18 19 40 41 57 
18 39 40 41 57 
19 39 40 41 57 
6 28 
4 17 18 19 39 40 
4 17 18 19 39 41 
4 17 18 19 39 57 
4 17 18 19 40 41 
4 17 18 19 40 57 
4 17 18 19 41 57 
4 17 18 39 40 41 
4 17 18 39 40 57 
4 17 18 39 41 57 
4 17 18 40 41 57 
4 17 19 39 40 41 
4 17 19 39 40 57 
4 17 19 39 41 57 
4 17 19 40 41 57 
4 17 39 40 41 57 
4 18 19 39 40 41 
4 18 19 39 40 57 
4 18 19 39 41 57 
4 18 19 40 41 57 
4 18 39 40 41 57 
4 19 39 40 41 57 
17 18 19 39 40 41 
17 18 19 39 40 57 
17 18 19 39 41 57 
17 18 19 40 41 57 
17 18 39 40 41 57 
17 19 39 40 41 57 
18 19 39 40 41 57 
7 8 
4 17 18 19 39 40 41 
4 17 18 19 39 40 57 
4 17 18 19 39 41 57 
4 17 18 19 40 41 57 
4 17 18 39 40 41 57 
4 17 19 39 40 41 57 
4 18 19 39 40 41 57 
17 18 19 39 40 41 57 
8 1 
4 17 18 19 39 40 41 57 
5
0 1 

1 1 

2 4 
8 48 
24 61 
25 26 
46 47 
3 1 

4 6 
8 24 48 61 
8 25 26 48 
8 46 47 48 
24 25 26 61 
24 46 47 61 
25 26 46 47 
5 1 

6 4 
8 24 25 26 48 61 
8 24 46 47 48 61 
8 25 26 46 47 48 
24 25 26 46 47 61 
7 1 

8 1 
8 24 25 26 46 47 48 61 
6
0 1 

1 1 

2 4 
9 28 
27 49 
29 51 
50 62 
3 1 

4 6 
9 27 28 49 
9 28 29 51 
9 28 50 62 
27 29 49 51 
27 49 50 62 
29 50 51 62 
5 1 

6 4 
9 27 28 29 49 51 
9 27 28 49 50 62 
9 28 29 50 51 62 
27 29 49 50 51 62 
7 1 

8 1 
9 27 28 29 49 50 51 62 
7
0 1 

1 1 

2 4 
13 35 
33 54 
34 55 
53 63 
3 1 

4 6 
13 33 35 54 
13 34 35 55 
13 35 53 63 
33 34 54 55 
33 53 54 63 
34 53 55 63 
5 1 

6 4 
13 33 34 35 54 55 
13 33 35 53 54 63 
13 34 35 53 55 63 
33 34 53 54 55 63 
7 1 

8 1 
13 33 34 35 53 54 55 63 
8
0 1 

1 1 

2 4 
23 60 
43 64 
44 45 
58 59 
3 1 

4 6 
23 43 60 64 
23 44 45 60 
23 58 59 60 
43 44 45 64 
43 58 59 64 
44 45 58 59 
5 1 

6 4 
23 43 44 45 60 64 
23 43 58 59 60 64 
23 44 45 58 59 60 
43 44 45 58 59 64 
7 1 

8 1 
23 43 44 45 58 59 60 64 
