//Table for grp 55:
57
0 0 2 2 4 4 2 4 
0 0 2 4 4 2 4 2 
0 0 4 2 2 4 4 2 
0 0 4 4 2 2 2 4 
0 2 0 2 4 2 4 4 
0 2 0 4 4 4 2 2 
0 2 2 0 2 4 4 4 
0 2 2 2 2 2 2 6 
0 2 2 2 2 2 6 2 
0 2 2 2 2 6 2 2 
0 2 2 2 6 2 2 2 
0 2 2 4 2 0 4 4 
0 2 2 4 2 4 0 4 
0 2 2 4 2 4 4 0 
0 2 2 6 2 2 2 2 
0 2 4 0 4 4 2 2 
0 2 4 2 0 2 4 4 
0 2 4 2 4 2 0 4 
0 2 4 2 4 2 4 0 
0 2 4 4 0 4 2 2 
0 2 4 4 4 0 2 2 
0 2 6 2 2 2 2 2 
0 4 0 2 2 4 4 2 
0 4 0 4 2 2 2 4 
0 4 2 0 4 2 4 2 
0 4 2 2 0 4 2 4 
0 4 2 2 4 0 2 4 
0 4 2 2 4 4 2 0 
0 4 2 4 0 2 4 2 
0 4 2 4 4 2 0 2 
0 4 4 0 2 2 2 4 
0 4 4 2 2 0 4 2 
0 4 4 2 2 4 0 2 
0 4 4 4 2 2 2 0 
0 6 2 2 2 2 2 2 
2 0 2 2 2 2 4 4 
2 0 2 4 2 4 2 2 
2 0 4 2 4 2 2 2 
2 2 0 2 2 4 2 4 
2 2 0 4 2 2 4 2 
2 2 2 0 4 2 2 4 
2 2 2 2 0 4 4 2 
2 2 2 2 4 0 4 2 
2 2 2 2 4 4 0 2 
2 2 2 4 0 2 2 4 
2 2 2 4 4 2 2 0 
2 2 4 0 2 2 4 2 
2 2 4 2 2 0 2 4 
2 2 4 2 2 4 2 0 
2 2 4 4 2 2 0 2 
2 4 0 2 4 2 2 2 
2 4 2 0 2 4 2 2 
2 4 2 2 2 2 0 4 
2 4 2 2 2 2 4 0 
2 4 2 4 2 0 2 2 
2 4 4 2 0 2 2 2 
4 2 2 2 2 2 2 2 
1 2 3 4 5 6 7 8 9 10 11 12 13 14 15 16 17 18 19 20 21 22 23 24 25 26 27 28 29 30 31 32 33 34 35 36 37 38 39 40 41 42 43 44 45 46 47 48 49 50 51 52 53 54 55 56 57 58 59 60 61 62 63 64 
2 5 8 9 10 11 12 14 17 1 20 21 23 24 25 26 27 28 29 30 31 32 33 3 36 37 4 39 40 6 7 42 43 44 45 46 47 48 49 50 51 52 13 53 54 15 16 56 18 19 57 22 58 59 60 61 62 34 35 63 38 41 64 55 
3 8 6 13 14 15 16 11 23 24 25 26 18 20 1 22 33 34 35 36 37 38 28 30 2 32 43 44 45 46 47 48 39 4 41 5 42 7 53 54 55 56 49 9 51 10 52 12 58 59 60 61 17 57 19 21 63 27 62 29 31 64 40 50 
4 9 13 7 17 18 19 23 12 27 28 29 16 33 34 35 21 22 1 39 40 41 26 43 44 45 31 32 2 49 50 51 37 38 3 53 54 55 42 5 6 57 47 48 8 58 59 60 52 10 11 62 56 14 15 63 20 61 24 25 64 30 36 46 
5 10 14 17 1 20 21 24 27 2 30 31 33 3 36 37 4 39 40 6 7 42 43 8 46 47 9 49 50 11 12 52 13 53 54 15 16 56 18 19 57 22 23 58 59 25 26 61 28 29 62 32 34 35 63 38 41 44 45 64 48 51 55 60 
6 11 15 18 20 1 22 25 28 30 2 32 34 36 3 38 39 4 41 5 42 7 44 46 8 48 49 9 51 10 52 12 53 13 55 14 56 16 17 57 19 21 58 23 60 24 61 26 27 62 29 31 33 63 35 37 40 43 64 45 47 50 54 59 
7 12 16 19 21 22 1 26 29 31 32 2 35 37 38 3 40 41 4 42 5 6 45 47 48 8 50 51 9 52 10 11 54 55 13 56 14 15 57 17 18 20 59 60 23 61 24 25 62 27 28 30 63 33 34 36 39 64 43 44 46 49 53 58 
8 14 11 23 24 25 26 20 33 3 36 37 28 30 2 32 43 44 45 46 47 48 39 6 5 42 13 53 54 15 16 56 49 9 51 10 52 12 58 59 60 61 18 17 57 1 22 21 34 35 63 38 27 62 29 31 64 4 41 40 7 55 50 19 
9 17 23 12 27 28 29 33 21 4 39 40 26 43 44 45 31 32 2 49 50 51 37 13 53 54 7 42 5 18 19 57 47 48 8 58 59 60 52 10 11 62 16 56 14 34 35 63 22 1 20 41 61 24 25 64 30 38 3 36 55 6 46 15 
10 1 24 27 2 30 31 3 4 5 6 7 43 8 46 47 9 49 50 11 12 52 13 14 15 16 17 18 19 20 21 22 23 58 59 25 26 61 28 29 62 32 33 34 35 36 37 38 39 40 41 42 44 45 64 48 51 53 54 55 56 57 60 63 
11 20 25 28 30 2 32 36 39 6 5 42 44 46 8 48 49 9 51 10 52 12 53 15 14 56 18 17 57 1 22 21 58 23 60 24 61 26 27 62 29 31 34 33 63 3 38 37 4 41 40 7 43 64 45 47 50 13 55 54 16 19 59 35 
12 21 26 29 31 32 2 37 40 7 42 5 45 47 48 8 50 51 9 52 10 11 54 16 56 14 19 57 17 22 1 20 59 60 23 61 24 25 62 27 28 30 35 63 33 38 3 36 41 4 39 6 64 43 44 46 49 55 13 53 15 18 58 34 
13 23 18 16 33 34 35 28 26 43 44 45 22 39 4 41 37 38 3 53 54 55 32 49 9 51 47 48 8 58 59 60 42 7 6 17 57 19 56 14 15 63 52 12 11 27 62 29 61 24 25 64 21 20 1 40 36 31 30 2 50 46 5 10 
14 24 20 33 3 36 37 30 43 8 46 47 39 6 5 42 13 53 54 15 16 56 49 11 10 52 23 58 59 25 26 61 18 17 57 1 22 21 34 35 63 38 28 27 62 2 32 31 44 45 64 48 4 41 40 7 55 9 51 50 12 60 19 29 
15 25 1 34 36 3 38 2 44 46 8 48 4 5 6 7 53 13 55 14 56 16 9 10 11 12 58 23 60 24 61 26 17 18 19 20 21 22 33 63 35 37 27 28 29 30 31 32 43 64 45 47 39 40 41 42 54 49 50 51 52 59 57 62 
16 26 22 35 37 38 3 32 45 47 48 8 41 42 7 6 54 55 13 56 14 15 51 52 12 11 59 60 23 61 24 25 57 19 18 21 20 1 63 33 34 36 62 29 28 31 30 2 64 43 44 46 40 39 4 5 53 50 49 9 10 58 17 27 
17 27 33 21 4 39 40 43 31 9 49 50 37 13 53 54 7 42 5 18 19 57 47 23 58 59 12 52 10 28 29 62 16 56 14 34 35 63 22 1 20 41 26 61 24 44 45 64 32 2 30 51 38 3 36 55 6 48 8 46 60 11 15 25 
18 28 34 22 39 4 41 44 32 49 9 51 38 53 13 55 42 7 6 17 57 19 48 58 23 60 52 12 11 27 62 29 56 16 15 33 63 35 21 20 1 40 61 26 25 43 64 45 31 30 2 50 37 36 3 54 5 47 46 8 59 10 14 24 
19 29 35 1 40 41 4 45 2 50 51 9 3 54 55 13 5 6 7 57 17 18 8 59 60 23 10 11 12 62 27 28 14 15 16 63 33 34 20 21 22 39 24 25 26 64 43 44 30 31 32 49 36 37 38 53 42 46 47 48 58 52 56 61 
20 30 36 39 6 5 42 46 49 11 10 52 53 15 14 56 18 17 57 1 22 21 58 25 24 61 28 27 62 2 32 31 34 33 63 3 38 37 4 41 40 7 44 43 64 8 48 47 9 51 50 12 13 55 54 16 19 23 60 59 26 29 35 45 
21 31 37 40 7 42 5 47 50 12 52 10 54 16 56 14 19 57 17 22 1 20 59 26 61 24 29 62 27 32 2 30 35 63 33 38 3 36 41 4 39 6 45 64 43 48 8 46 51 9 49 11 55 13 53 15 18 60 23 58 25 28 34 44 
22 32 38 41 42 7 6 48 51 52 12 11 55 56 16 15 57 19 18 21 20 1 60 61 26 25 62 29 28 31 30 2 63 35 34 37 36 3 40 39 4 5 64 45 44 47 46 8 50 49 9 10 54 53 13 14 17 59 58 23 24 27 33 43 
23 33 28 26 43 44 45 39 37 13 53 54 32 49 9 51 47 48 8 58 59 60 42 18 17 57 16 56 14 34 35 63 52 12 11 27 62 29 61 24 25 64 22 21 20 4 41 40 38 3 36 55 31 30 2 50 46 7 6 5 19 15 10 1 
24 3 30 43 8 46 47 6 13 14 15 16 49 11 10 52 23 58 59 25 26 61 18 20 1 22 33 34 35 36 37 38 28 27 62 2 32 31 44 45 64 48 39 4 41 5 42 7 53 54 55 56 9 51 50 12 60 17 57 19 21 63 29 40 
25 36 2 44 46 8 48 5 53 15 14 56 9 10 11 12 58 23 60 24 61 26 17 1 20 21 34 33 63 3 38 37 27 28 29 30 31 32 43 64 45 47 4 39 40 6 7 42 13 55 54 16 49 50 51 52 59 18 19 57 22 35 62 41 
26 37 32 45 47 48 8 42 54 16 56 14 51 52 12 11 59 60 23 61 24 25 57 22 21 20 35 63 33 38 3 36 62 29 28 31 30 2 64 43 44 46 41 40 39 7 6 5 55 13 53 15 50 49 9 10 58 19 18 17 1 34 27 4 
27 4 43 31 9 49 50 13 7 17 18 19 47 23 58 59 12 52 10 28 29 62 16 33 34 35 21 22 1 39 40 41 26 61 24 44 45 64 32 2 30 51 37 38 3 53 54 55 42 5 6 57 48 8 46 60 11 56 14 15 63 20 25 36 
28 39 44 32 49 9 51 53 42 18 17 57 48 58 23 60 52 12 11 27 62 29 56 34 33 63 22 21 20 4 41 40 61 26 25 43 64 45 31 30 2 50 38 37 36 13 55 54 7 6 5 19 47 46 8 59 10 16 15 14 35 1 24 3 
29 40 45 2 50 51 9 54 5 19 57 17 8 59 60 23 10 11 12 62 27 28 14 35 63 33 1 20 21 41 4 39 24 25 26 64 43 44 30 31 32 49 3 36 37 55 13 53 6 7 42 18 46 47 48 58 52 15 16 56 34 22 61 38 
30 6 46 49 11 10 52 15 18 20 1 22 58 25 24 61 28 27 62 2 32 31 34 36 3 38 39 4 41 5 42 7 44 43 64 8 48 47 9 51 50 12 53 13 55 14 56 16 17 57 19 21 23 60 59 26 29 33 63 35 37 40 45 54 
31 7 47 50 12 52 10 16 19 21 22 1 59 26 61 24 29 62 27 32 2 30 35 37 38 3 40 41 4 42 5 6 45 64 43 48 8 46 51 9 49 11 54 55 13 56 14 15 57 17 18 20 60 23 58 25 28 63 33 34 36 39 44 53 
32 42 48 51 52 12 11 56 57 22 21 20 60 61 26 25 62 29 28 31 30 2 63 38 37 36 41 40 39 7 6 5 64 45 44 47 46 8 50 49 9 10 55 54 53 16 15 14 19 18 17 1 59 58 23 24 27 35 34 33 3 4 43 13 
33 43 39 37 13 53 54 49 47 23 58 59 42 18 17 57 16 56 14 34 35 63 52 28 27 62 26 61 24 44 45 64 22 21 20 4 41 40 38 3 36 55 32 31 30 9 51 50 48 8 46 60 7 6 5 19 15 12 11 10 29 25 1 2 
34 44 4 38 53 13 55 9 48 58 23 60 7 17 18 19 56 16 15 33 63 35 12 27 28 29 61 26 25 43 64 45 21 22 1 39 40 41 37 36 3 54 31 32 2 49 50 51 47 46 8 59 42 5 6 57 14 52 10 11 62 24 20 30 
35 45 41 3 54 55 13 51 8 59 60 23 6 57 19 18 14 15 16 63 33 34 11 62 29 28 24 25 26 64 43 44 20 1 22 40 39 4 36 37 38 53 30 2 32 50 49 9 46 47 48 58 5 42 7 17 56 10 52 12 27 61 21 31 
36 46 5 53 15 14 56 10 58 25 24 61 17 1 20 21 34 33 63 3 38 37 27 2 30 31 44 43 64 8 48 47 4 39 40 6 7 42 13 55 54 16 9 49 50 11 12 52 23 60 59 26 18 19 57 22 35 28 29 62 32 45 41 51 
37 47 42 54 16 56 14 52 59 26 61 24 57 22 21 20 35 63 33 38 3 36 62 32 31 30 45 64 43 48 8 46 41 40 39 7 6 5 55 13 53 15 51 50 49 12 11 10 60 23 58 25 19 18 17 1 34 29 28 27 2 44 4 9 
38 48 7 55 56 16 15 12 60 61 26 25 19 21 22 1 63 35 34 37 36 3 29 31 32 2 64 45 44 47 46 8 40 41 4 42 5 6 54 53 13 14 50 51 9 52 10 11 59 58 23 24 57 17 18 20 33 62 27 28 30 43 39 49 
39 49 53 42 18 17 57 58 52 28 27 62 56 34 33 63 22 21 20 4 41 40 61 44 43 64 32 31 30 9 51 50 38 37 36 13 55 54 7 6 5 19 48 47 46 23 60 59 12 11 10 29 16 15 14 35 1 26 25 24 45 2 3 8 
40 50 54 5 19 57 17 59 10 29 62 27 14 35 63 33 1 20 21 41 4 39 24 45 64 43 2 30 31 51 9 49 3 36 37 55 13 53 6 7 42 18 8 46 47 60 23 58 11 12 52 28 15 16 56 34 22 25 26 61 44 32 38 48 
41 51 55 6 57 19 18 60 11 62 29 28 15 63 35 34 20 1 22 40 39 4 25 64 45 44 30 2 32 50 49 9 36 3 38 54 53 13 5 42 7 17 46 8 48 59 58 23 10 52 12 27 14 56 16 33 21 24 61 26 43 31 37 47 
42 52 56 57 22 21 20 61 62 32 31 30 63 38 37 36 41 40 39 7 6 5 64 48 47 46 51 50 49 12 11 10 55 54 53 16 15 14 19 18 17 1 60 59 58 26 25 24 29 28 27 2 35 34 33 3 4 45 44 43 8 9 13 23 
43 13 49 47 23 58 59 18 16 33 34 35 52 28 27 62 26 61 24 44 45 64 22 39 4 41 37 38 3 53 54 55 32 31 30 9 51 50 48 8 46 60 42 7 6 17 57 19 56 14 15 63 12 11 10 29 25 21 20 1 40 36 2 5 
44 53 9 48 58 23 60 17 56 34 33 63 12 27 28 29 61 26 25 43 64 45 21 4 39 40 38 37 36 13 55 54 31 32 2 49 50 51 47 46 8 59 7 42 5 18 19 57 16 15 14 35 52 10 11 62 24 22 1 20 41 3 30 6 
45 54 51 8 59 60 23 57 14 35 63 33 11 62 29 28 24 25 26 64 43 44 20 41 40 39 3 36 37 55 13 53 30 2 32 50 49 9 46 47 48 58 6 5 42 19 18 17 15 16 56 34 10 52 12 27 61 1 22 21 4 38 31 7 
46 15 10 58 25 24 61 1 34 36 3 38 27 2 30 31 44 43 64 8 48 47 4 5 6 7 53 13 55 14 56 16 9 49 50 11 12 52 23 60 59 26 17 18 19 20 21 22 33 63 35 37 28 29 62 32 45 39 40 41 42 54 51 57 
47 16 52 59 26 61 24 22 35 37 38 3 62 32 31 30 45 64 43 48 8 46 41 42 7 6 54 55 13 56 14 15 51 50 49 12 11 10 60 23 58 25 57 19 18 21 20 1 63 33 34 36 29 28 27 2 44 40 39 4 5 53 9 17 
48 56 12 60 61 26 25 21 63 38 37 36 29 31 32 2 64 45 44 47 46 8 40 7 42 5 55 54 53 16 15 14 50 51 9 52 10 11 59 58 23 24 19 57 17 22 1 20 35 34 33 3 62 27 28 30 43 41 4 39 6 13 49 18 
49 18 58 52 28 27 62 34 22 39 4 41 61 44 43 64 32 31 30 9 51 50 38 53 13 55 42 7 6 17 57 19 48 47 46 23 60 59 12 11 10 29 56 16 15 33 63 35 21 20 1 40 26 25 24 45 2 37 36 3 54 5 8 14 
50 19 59 10 29 62 27 35 1 40 41 4 24 45 64 43 2 30 31 51 9 49 3 54 55 13 5 6 7 57 17 18 8 46 47 60 23 58 11 12 52 28 14 15 16 63 33 34 20 21 22 39 25 26 61 44 32 36 37 38 53 42 48 56 
51 57 60 11 62 29 28 63 20 41 40 39 25 64 45 44 30 2 32 50 49 9 36 55 54 53 6 5 42 19 18 17 46 8 48 59 58 23 10 52 12 27 15 14 56 35 34 33 1 22 21 4 24 61 26 43 31 3 38 37 13 7 47 16 
52 22 61 62 32 31 30 38 41 42 7 6 64 48 47 46 51 50 49 12 11 10 55 56 16 15 57 19 18 21 20 1 60 59 58 26 25 24 29 28 27 2 63 35 34 37 36 3 40 39 4 5 45 44 43 8 9 54 53 13 14 17 23 33 
53 58 17 56 34 33 63 27 61 44 43 64 21 4 39 40 38 37 36 13 55 54 31 9 49 50 48 47 46 23 60 59 7 42 5 18 19 57 16 15 14 35 12 52 10 28 29 62 26 25 24 45 22 1 20 41 3 32 2 30 51 8 6 11 
54 59 57 14 35 63 33 62 24 45 64 43 20 41 40 39 3 36 37 55 13 53 30 51 50 49 8 46 47 60 23 58 6 5 42 19 18 17 15 16 56 34 11 10 52 29 28 27 25 26 61 44 1 22 21 4 38 2 32 31 9 48 7 12 
55 60 19 15 63 35 34 29 25 64 45 44 1 40 41 4 36 3 38 54 53 13 2 50 51 9 46 8 48 59 58 23 5 6 7 57 17 18 14 56 16 33 10 11 12 62 27 28 24 61 26 43 20 21 22 39 37 30 31 32 49 47 42 52 
56 61 21 63 38 37 36 31 64 48 47 46 40 7 42 5 55 54 53 16 15 14 50 12 52 10 60 59 58 26 25 24 19 57 17 22 1 20 35 34 33 3 29 62 27 32 2 30 45 44 43 8 41 4 39 6 13 51 9 49 11 23 18 28 
57 62 63 20 41 40 39 64 30 51 50 49 36 55 54 53 6 5 42 19 18 17 46 60 59 58 11 10 52 29 28 27 15 14 56 35 34 33 1 22 21 4 25 24 61 45 44 43 2 32 31 9 3 38 37 13 7 8 48 47 23 12 16 26 
58 34 27 61 44 43 64 4 38 53 13 55 31 9 49 50 48 47 46 23 60 59 7 17 18 19 56 16 15 33 63 35 12 52 10 28 29 62 26 25 24 45 21 22 1 39 40 41 37 36 3 54 32 2 30 51 8 42 5 6 57 14 11 20 
59 35 62 24 45 64 43 41 3 54 55 13 30 51 50 49 8 46 47 60 23 58 6 57 19 18 14 15 16 63 33 34 11 10 52 29 28 27 25 26 61 44 20 1 22 40 39 4 36 37 38 53 2 32 31 9 48 5 42 7 17 56 12 21 
60 63 29 25 64 45 44 40 36 55 54 53 2 50 51 9 46 8 48 59 58 23 5 19 57 17 15 14 56 35 34 33 10 11 12 62 27 28 24 61 26 43 1 20 21 41 4 39 3 38 37 13 30 31 32 49 47 6 7 42 18 16 52 22 
61 38 31 64 48 47 46 7 55 56 16 15 50 12 52 10 60 59 58 26 25 24 19 21 22 1 63 35 34 37 36 3 29 62 27 32 2 30 45 44 43 8 40 41 4 42 5 6 54 53 13 14 51 9 49 11 23 57 17 18 20 33 28 39 
62 41 64 30 51 50 49 55 6 57 19 18 46 60 59 58 11 10 52 29 28 27 15 63 35 34 20 1 22 40 39 4 25 24 61 45 44 43 2 32 31 9 36 3 38 54 53 13 5 42 7 17 8 48 47 23 12 14 56 16 33 21 26 37 
63 64 40 36 55 54 53 50 46 60 59 58 5 19 57 17 15 14 56 35 34 33 10 29 62 27 25 24 61 45 44 43 1 20 21 41 4 39 3 38 37 13 2 30 31 51 9 49 8 48 47 23 6 7 42 18 16 11 12 52 28 26 22 32 
64 55 50 46 60 59 58 19 15 63 35 34 10 29 62 27 25 24 61 45 44 43 1 40 41 4 36 3 38 54 53 13 2 30 31 51 9 49 8 48 47 23 5 6 7 57 17 18 14 56 16 33 11 12 52 28 26 20 21 22 39 37 32 42 
1
0 1 

1 8 
1 
5 
6 
7 
20 
21 
22 
42 
2 28 
1 5 
1 6 
1 7 
1 20 
1 21 
1 22 
1 42 
5 6 
5 7 
5 20 
5 21 
5 22 
5 42 
6 7 
6 20 
6 21 
6 22 
6 42 
7 20 
7 21 
7 22 
7 42 
20 21 
20 22 
20 42 
21 22 
21 42 
22 42 
3 56 
1 5 6 
1 5 7 
1 5 20 
1 5 21 
1 5 22 
1 5 42 
1 6 7 
1 6 20 
1 6 21 
1 6 22 
1 6 42 
1 7 20 
1 7 21 
1 7 22 
1 7 42 
1 20 21 
1 20 22 
1 20 42 
1 21 22 
1 21 42 
1 22 42 
5 6 7 
5 6 20 
5 6 21 
5 6 22 
5 6 42 
5 7 20 
5 7 21 
5 7 22 
5 7 42 
5 20 21 
5 20 22 
5 20 42 
5 21 22 
5 21 42 
5 22 42 
6 7 20 
6 7 21 
6 7 22 
6 7 42 
6 20 21 
6 20 22 
6 20 42 
6 21 22 
6 21 42 
6 22 42 
7 20 21 
7 20 22 
7 20 42 
7 21 22 
7 21 42 
7 22 42 
20 21 22 
20 21 42 
20 22 42 
21 22 42 
4 70 
1 5 6 7 
1 5 6 20 
1 5 6 21 
1 5 6 22 
1 5 6 42 
1 5 7 20 
1 5 7 21 
1 5 7 22 
1 5 7 42 
1 5 20 21 
1 5 20 22 
1 5 20 42 
1 5 21 22 
1 5 21 42 
1 5 22 42 
1 6 7 20 
1 6 7 21 
1 6 7 22 
1 6 7 42 
1 6 20 21 
1 6 20 22 
1 6 20 42 
1 6 21 22 
1 6 21 42 
1 6 22 42 
1 7 20 21 
1 7 20 22 
1 7 20 42 
1 7 21 22 
1 7 21 42 
1 7 22 42 
1 20 21 22 
1 20 21 42 
1 20 22 42 
1 21 22 42 
5 6 7 20 
5 6 7 21 
5 6 7 22 
5 6 7 42 
5 6 20 21 
5 6 20 22 
5 6 20 42 
5 6 21 22 
5 6 21 42 
5 6 22 42 
5 7 20 21 
5 7 20 22 
5 7 20 42 
5 7 21 22 
5 7 21 42 
5 7 22 42 
5 20 21 22 
5 20 21 42 
5 20 22 42 
5 21 22 42 
6 7 20 21 
6 7 20 22 
6 7 20 42 
6 7 21 22 
6 7 21 42 
6 7 22 42 
6 20 21 22 
6 20 21 42 
6 20 22 42 
6 21 22 42 
7 20 21 22 
7 20 21 42 
7 20 22 42 
7 21 22 42 
20 21 22 42 
5 56 
1 5 6 7 20 
1 5 6 7 21 
1 5 6 7 22 
1 5 6 7 42 
1 5 6 20 21 
1 5 6 20 22 
1 5 6 20 42 
1 5 6 21 22 
1 5 6 21 42 
1 5 6 22 42 
1 5 7 20 21 
1 5 7 20 22 
1 5 7 20 42 
1 5 7 21 22 
1 5 7 21 42 
1 5 7 22 42 
1 5 20 21 22 
1 5 20 21 42 
1 5 20 22 42 
1 5 21 22 42 
1 6 7 20 21 
1 6 7 20 22 
1 6 7 20 42 
1 6 7 21 22 
1 6 7 21 42 
1 6 7 22 42 
1 6 20 21 22 
1 6 20 21 42 
1 6 20 22 42 
1 6 21 22 42 
1 7 20 21 22 
1 7 20 21 42 
1 7 20 22 42 
1 7 21 22 42 
1 20 21 22 42 
5 6 7 20 21 
5 6 7 20 22 
5 6 7 20 42 
5 6 7 21 22 
5 6 7 21 42 
5 6 7 22 42 
5 6 20 21 22 
5 6 20 21 42 
5 6 20 22 42 
5 6 21 22 42 
5 7 20 21 22 
5 7 20 21 42 
5 7 20 22 42 
5 7 21 22 42 
5 20 21 22 42 
6 7 20 21 22 
6 7 20 21 42 
6 7 20 22 42 
6 7 21 22 42 
6 20 21 22 42 
7 20 21 22 42 
6 28 
1 5 6 7 20 21 
1 5 6 7 20 22 
1 5 6 7 20 42 
1 5 6 7 21 22 
1 5 6 7 21 42 
1 5 6 7 22 42 
1 5 6 20 21 22 
1 5 6 20 21 42 
1 5 6 20 22 42 
1 5 6 21 22 42 
1 5 7 20 21 22 
1 5 7 20 21 42 
1 5 7 20 22 42 
1 5 7 21 22 42 
1 5 20 21 22 42 
1 6 7 20 21 22 
1 6 7 20 21 42 
1 6 7 20 22 42 
1 6 7 21 22 42 
1 6 20 21 22 42 
1 7 20 21 22 42 
5 6 7 20 21 22 
5 6 7 20 21 42 
5 6 7 20 22 42 
5 6 7 21 22 42 
5 6 20 21 22 42 
5 7 20 21 22 42 
6 7 20 21 22 42 
7 8 
1 5 6 7 20 21 22 
1 5 6 7 20 21 42 
1 5 6 7 20 22 42 
1 5 6 7 21 22 42 
1 5 6 20 21 22 42 
1 5 7 20 21 22 42 
1 6 7 20 21 22 42 
5 6 7 20 21 22 42 
8 1 
1 5 6 7 20 21 22 42 
2
0 1 

1 1 

2 4 
2 10 
11 30 
12 31 
32 52 
3 1 

4 6 
2 10 11 30 
2 10 12 31 
2 10 32 52 
11 12 30 31 
11 30 32 52 
12 31 32 52 
5 1 

6 4 
2 10 11 12 30 31 
2 10 11 30 32 52 
2 10 12 31 32 52 
11 12 30 31 32 52 
7 1 

8 1 
2 10 11 12 30 31 32 52 
3
0 1 

1 1 

2 4 
3 15 
14 36 
16 38 
37 56 
3 1 

4 6 
3 14 15 36 
3 15 16 38 
3 15 37 56 
14 16 36 38 
14 36 37 56 
16 37 38 56 
5 1 

6 4 
3 14 15 16 36 38 
3 14 15 36 37 56 
3 15 16 37 38 56 
14 16 36 37 38 56 
7 1 

8 1 
3 14 15 16 36 37 38 56 
4
0 1 

1 1 

2 4 
4 19 
17 40 
18 41 
39 57 
3 1 

4 6 
4 17 19 40 
4 18 19 41 
4 19 39 57 
17 18 40 41 
17 39 40 57 
18 39 41 57 
5 1 

6 4 
4 17 18 19 40 41 
4 17 19 39 40 57 
4 18 19 39 41 57 
17 18 39 40 41 57 
7 1 

8 1 
4 17 18 19 39 40 41 57 
5
0 1 

1 1 

2 4 
8 46 
24 25 
26 61 
47 48 
3 1 

4 6 
8 24 25 46 
8 26 46 61 
8 46 47 48 
24 25 26 61 
24 25 47 48 
26 47 48 61 
5 1 

6 4 
8 24 25 26 46 61 
8 24 25 46 47 48 
8 26 46 47 48 61 
24 25 26 47 48 61 
7 1 

8 1 
8 24 25 26 46 47 48 61 
6
0 1 

1 1 

2 4 
9 50 
27 29 
28 62 
49 51 
3 1 

4 6 
9 27 29 50 
9 28 50 62 
9 49 50 51 
27 28 29 62 
27 29 49 51 
28 49 51 62 
5 1 

6 4 
9 27 28 29 50 62 
9 27 29 49 50 51 
9 28 49 50 51 62 
27 28 29 49 51 62 
7 1 

8 1 
9 27 28 29 49 50 51 62 
7
0 1 

1 1 

2 4 
13 55 
33 63 
34 35 
53 54 
3 1 

4 6 
13 33 55 63 
13 34 35 55 
13 53 54 55 
33 34 35 63 
33 53 54 63 
34 35 53 54 
5 1 

6 4 
13 33 34 35 55 63 
13 33 53 54 55 63 
13 34 35 53 54 55 
33 34 35 53 54 63 
7 1 

8 1 
13 33 34 35 53 54 55 63 
8
0 1 

1 1 

2 4 
23 64 
43 60 
44 59 
45 58 
3 1 

4 6 
23 43 60 64 
23 44 59 64 
23 45 58 64 
43 44 59 60 
43 45 58 60 
44 45 58 59 
5 1 

6 4 
23 43 44 59 60 64 
23 43 45 58 60 64 
23 44 45 58 59 64 
43 44 45 58 59 60 
7 1 

8 1 
23 43 44 45 58 59 60 64 
