//Table for grp 202:
57
0 0 2 2 4 4 2 4 
0 0 2 4 4 2 4 2 
0 0 4 2 2 4 4 2 
0 0 4 4 2 2 2 4 
0 2 0 2 4 2 4 4 
0 2 0 4 4 4 2 2 
0 2 2 0 2 4 4 4 
0 2 2 2 2 2 2 6 
0 2 2 2 2 2 6 2 
0 2 2 2 2 6 2 2 
0 2 2 2 6 2 2 2 
0 2 2 4 2 0 4 4 
0 2 2 4 2 4 0 4 
0 2 2 4 2 4 4 0 
0 2 2 6 2 2 2 2 
0 2 4 0 4 4 2 2 
0 2 4 2 0 2 4 4 
0 2 4 2 4 2 0 4 
0 2 4 2 4 2 4 0 
0 2 4 4 0 4 2 2 
0 2 4 4 4 0 2 2 
0 2 6 2 2 2 2 2 
0 4 0 2 2 4 4 2 
0 4 0 4 2 2 2 4 
0 4 2 0 4 2 4 2 
0 4 2 2 0 4 2 4 
0 4 2 2 4 0 2 4 
0 4 2 2 4 4 2 0 
0 4 2 4 0 2 4 2 
0 4 2 4 4 2 0 2 
0 4 4 0 2 2 2 4 
0 4 4 2 2 0 4 2 
0 4 4 2 2 4 0 2 
0 4 4 4 2 2 2 0 
0 6 2 2 2 2 2 2 
2 0 2 2 2 2 4 4 
2 0 2 4 2 4 2 2 
2 0 4 2 4 2 2 2 
2 2 0 2 2 4 2 4 
2 2 0 4 2 2 4 2 
2 2 2 0 4 2 2 4 
2 2 2 2 0 4 4 2 
2 2 2 2 4 0 4 2 
2 2 2 2 4 4 0 2 
2 2 2 4 0 2 2 4 
2 2 2 4 4 2 2 0 
2 2 4 0 2 2 4 2 
2 2 4 2 2 0 2 4 
2 2 4 2 2 4 2 0 
2 2 4 4 2 2 0 2 
2 4 0 2 4 2 2 2 
2 4 2 0 2 4 2 2 
2 4 2 2 2 2 0 4 
2 4 2 2 2 2 4 0 
2 4 2 4 2 0 2 2 
2 4 4 2 0 2 2 2 
4 2 2 2 2 2 2 2 
1 2 3 4 5 6 7 8 9 10 11 12 13 14 15 16 17 18 19 20 21 22 23 24 25 26 27 28 29 30 31 32 33 34 35 36 37 38 39 40 41 42 43 44 45 46 47 48 49 50 51 52 53 54 55 56 57 58 59 60 61 62 63 64 
2 1 8 9 10 11 12 3 4 5 6 7 23 24 25 26 27 28 29 30 31 32 13 14 15 16 17 18 19 20 21 22 43 44 45 46 47 48 49 50 51 52 33 34 35 36 37 38 39 40 41 42 58 59 60 61 62 53 54 55 56 57 64 63 
3 25 1 13 14 15 16 11 44 46 8 48 4 5 6 7 33 34 35 36 37 38 28 30 2 32 58 23 60 24 61 26 17 18 19 20 21 22 53 54 55 56 49 9 51 10 52 12 43 64 45 47 39 40 41 42 63 27 62 29 31 59 57 50 
4 29 13 1 17 18 19 45 12 50 51 9 3 33 34 35 5 6 7 39 40 41 26 59 60 23 31 32 2 62 27 28 14 15 16 53 54 55 20 21 22 57 47 48 8 64 43 44 52 10 11 49 36 37 38 63 42 61 24 25 58 30 56 46 
5 10 14 17 1 20 21 24 27 2 30 31 33 3 36 37 4 39 40 6 7 42 43 8 46 47 9 49 50 11 12 52 13 53 54 15 16 56 18 19 57 22 23 58 59 25 26 61 28 29 62 32 34 35 63 38 41 44 45 64 48 51 55 60 
6 11 15 18 20 1 22 25 28 30 2 32 34 36 3 38 39 4 41 5 42 7 44 46 8 48 49 9 51 10 52 12 53 13 55 14 56 16 17 57 19 21 58 23 60 24 61 26 27 62 29 31 33 63 35 37 40 43 64 45 47 50 54 59 
7 12 16 19 21 22 1 26 29 31 32 2 35 37 38 3 40 41 4 42 5 6 45 47 48 8 50 51 9 52 10 11 54 55 13 56 14 15 57 17 18 20 59 60 23 61 24 25 62 27 28 30 63 33 34 36 39 64 43 44 46 49 53 58 
8 15 2 23 24 25 26 6 34 36 3 38 9 10 11 12 43 44 45 46 47 48 18 20 1 22 53 13 55 14 56 16 27 28 29 30 31 32 58 59 60 61 39 4 41 5 42 7 33 63 35 37 49 50 51 52 64 17 57 19 21 54 62 40 
9 19 23 2 27 28 29 35 7 40 41 4 8 43 44 45 10 11 12 49 50 51 16 54 55 13 21 22 1 57 17 18 24 25 26 58 59 60 30 31 32 62 37 38 3 63 33 34 42 5 6 39 46 47 48 64 52 56 14 15 53 20 61 36 
10 5 24 27 2 30 31 14 17 1 20 21 43 8 46 47 9 49 50 11 12 52 33 3 36 37 4 39 40 6 7 42 23 58 59 25 26 61 28 29 62 32 13 53 54 15 16 56 18 19 57 22 44 45 64 48 51 34 35 63 38 41 60 55 
11 6 25 28 30 2 32 15 18 20 1 22 44 46 8 48 49 9 51 10 52 12 34 36 3 38 39 4 41 5 42 7 58 23 60 24 61 26 27 62 29 31 53 13 55 14 56 16 17 57 19 21 43 64 45 47 50 33 63 35 37 40 59 54 
12 7 26 29 31 32 2 16 19 21 22 1 45 47 48 8 50 51 9 52 10 11 35 37 38 3 40 41 4 42 5 6 59 60 23 61 24 25 62 27 28 30 54 55 13 56 14 15 57 17 18 20 64 43 44 46 49 63 33 34 36 39 58 53 
13 60 4 3 33 34 35 51 48 64 45 44 1 17 18 19 14 15 16 53 54 55 32 62 29 28 61 26 25 59 58 23 5 6 7 39 40 41 36 37 38 63 52 12 11 50 49 9 47 46 8 43 20 21 22 57 56 31 30 2 27 24 42 10 
14 46 5 33 3 36 37 30 58 25 24 61 17 1 20 21 13 53 54 15 16 56 49 11 10 52 44 43 64 8 48 47 4 39 40 6 7 42 34 35 63 38 28 27 62 2 32 31 23 60 59 26 18 19 57 22 55 9 51 50 12 45 41 29 
15 8 6 34 36 3 38 2 23 24 25 26 18 20 1 22 53 13 55 14 56 16 9 10 11 12 43 44 45 46 47 48 39 4 41 5 42 7 33 63 35 37 27 28 29 30 31 32 58 59 60 61 17 57 19 21 54 49 50 51 52 64 40 62 
16 48 7 35 37 38 3 32 60 61 26 25 19 21 22 1 54 55 13 56 14 15 51 52 12 11 64 45 44 47 46 8 40 41 4 42 5 6 63 33 34 36 62 29 28 31 30 2 59 58 23 24 57 17 18 20 53 50 49 9 10 43 39 27 
17 50 33 5 4 39 40 59 31 29 62 27 14 13 53 54 1 20 21 18 19 57 47 45 64 43 12 52 10 51 9 49 3 36 37 34 35 63 6 7 42 41 26 61 24 60 23 58 32 2 30 28 15 16 56 55 22 48 8 46 44 11 38 25 
18 51 34 6 39 4 41 60 32 62 29 28 15 53 13 55 20 1 22 17 57 19 48 64 45 44 52 12 11 50 49 9 36 3 38 33 63 35 5 42 7 40 61 26 25 59 58 23 31 30 2 27 14 56 16 54 21 47 46 8 43 10 37 24 
19 9 35 7 40 41 4 23 2 27 28 29 16 54 55 13 21 22 1 57 17 18 8 43 44 45 10 11 12 49 50 51 37 38 3 63 33 34 42 5 6 39 24 25 26 58 59 60 30 31 32 62 56 14 15 53 20 46 47 48 64 52 36 61 
20 30 36 39 6 5 42 46 49 11 10 52 53 15 14 56 18 17 57 1 22 21 58 25 24 61 28 27 62 2 32 31 34 33 63 3 38 37 4 41 40 7 44 43 64 8 48 47 9 51 50 12 13 55 54 16 19 23 60 59 26 29 35 45 
21 31 37 40 7 42 5 47 50 12 52 10 54 16 56 14 19 57 17 22 1 20 59 26 61 24 29 62 27 32 2 30 35 63 33 38 3 36 41 4 39 6 45 64 43 48 8 46 51 9 49 11 55 13 53 15 18 60 23 58 25 28 34 44 
22 32 38 41 42 7 6 48 51 52 12 11 55 56 16 15 57 19 18 21 20 1 60 61 26 25 62 29 28 31 30 2 63 35 34 37 36 3 40 39 4 5 64 45 44 47 46 8 50 49 9 10 54 53 13 14 17 59 58 23 24 27 33 43 
23 55 9 8 43 44 45 41 38 63 35 34 2 27 28 29 24 25 26 58 59 60 22 57 19 18 56 16 15 54 53 13 10 11 12 49 50 51 46 47 48 64 42 7 6 40 39 4 37 36 3 33 30 31 32 62 61 21 20 1 17 14 52 5 
24 36 10 43 8 46 47 20 53 15 14 56 27 2 30 31 23 58 59 25 26 61 39 6 5 42 34 33 63 3 38 37 9 49 50 11 12 52 44 45 64 48 18 17 57 1 22 21 13 55 54 16 28 29 62 32 60 4 41 40 7 35 51 19 
25 3 11 44 46 8 48 1 13 14 15 16 28 30 2 32 58 23 60 24 61 26 4 5 6 7 33 34 35 36 37 38 49 9 51 10 52 12 43 64 45 47 17 18 19 20 21 22 53 54 55 56 27 62 29 31 59 39 40 41 42 63 50 57 
26 38 12 45 47 48 8 22 55 56 16 15 29 31 32 2 59 60 23 61 24 25 41 42 7 6 63 35 34 37 36 3 50 51 9 52 10 11 64 43 44 46 57 19 18 21 20 1 54 53 13 14 62 27 28 30 58 40 39 4 5 33 49 17 
27 40 43 10 9 49 50 54 21 19 57 17 24 23 58 59 2 30 31 28 29 62 37 35 63 33 7 42 5 41 4 39 8 46 47 44 45 64 11 12 52 51 16 56 14 55 13 53 22 1 20 18 25 26 61 60 32 38 3 36 34 6 48 15 
28 41 44 11 49 9 51 55 22 57 19 18 25 58 23 60 30 2 32 27 62 29 38 63 35 34 42 7 6 40 39 4 46 8 48 43 64 45 10 52 12 50 56 16 15 54 53 13 21 20 1 17 24 61 26 59 31 37 36 3 33 5 47 14 
29 4 45 12 50 51 9 13 1 17 18 19 26 59 60 23 31 32 2 62 27 28 3 33 34 35 5 6 7 39 40 41 47 48 8 64 43 44 52 10 11 49 14 15 16 53 54 55 20 21 22 57 61 24 25 58 30 36 37 38 63 42 46 56 
30 20 46 49 11 10 52 36 39 6 5 42 58 25 24 61 28 27 62 2 32 31 53 15 14 56 18 17 57 1 22 21 44 43 64 8 48 47 9 51 50 12 34 33 63 3 38 37 4 41 40 7 23 60 59 26 29 13 55 54 16 19 45 35 
31 21 47 50 12 52 10 37 40 7 42 5 59 26 61 24 29 62 27 32 2 30 54 16 56 14 19 57 17 22 1 20 45 64 43 48 8 46 51 9 49 11 35 63 33 38 3 36 41 4 39 6 60 23 58 25 28 55 13 53 15 18 44 34 
32 22 48 51 52 12 11 38 41 42 7 6 60 61 26 25 62 29 28 31 30 2 55 56 16 15 57 19 18 21 20 1 64 45 44 47 46 8 50 49 9 10 63 35 34 37 36 3 40 39 4 5 59 58 23 24 27 54 53 13 14 17 43 33 
33 64 17 14 13 53 54 62 61 60 59 58 5 4 39 40 3 36 37 34 35 63 52 51 50 49 48 47 46 45 44 43 1 20 21 18 19 57 15 16 56 55 32 31 30 29 28 27 26 25 24 23 6 7 42 41 38 12 11 10 9 8 22 2 
34 45 18 15 53 13 55 29 26 59 60 23 6 39 4 41 36 3 38 33 63 35 12 50 51 9 47 48 8 64 43 44 20 1 22 17 57 19 14 56 16 54 31 32 2 62 27 28 61 24 25 58 5 42 7 40 37 52 10 11 49 46 21 30 
35 44 19 16 54 55 13 28 25 58 23 60 7 40 41 4 37 38 3 63 33 34 11 49 9 51 46 8 48 43 64 45 21 22 1 57 17 18 56 14 15 53 30 2 32 27 62 29 24 61 26 59 42 5 6 39 36 10 52 12 50 47 20 31 
36 24 20 53 15 14 56 10 43 8 46 47 39 6 5 42 34 33 63 3 38 37 27 2 30 31 23 58 59 25 26 61 18 17 57 1 22 21 13 55 54 16 9 49 50 11 12 52 44 45 64 48 4 41 40 7 35 28 29 62 32 60 19 51 
37 61 21 54 16 56 14 52 64 48 47 46 40 7 42 5 35 63 33 38 3 36 62 32 31 30 60 59 58 26 25 24 19 57 17 22 1 20 55 13 53 15 51 50 49 12 11 10 45 44 43 8 41 4 39 6 34 29 28 27 2 23 18 9 
38 26 22 55 56 16 15 12 45 47 48 8 41 42 7 6 63 35 34 37 36 3 29 31 32 2 59 60 23 61 24 25 57 19 18 21 20 1 54 53 13 14 50 51 9 52 10 11 64 43 44 46 40 39 4 5 33 62 27 28 30 58 17 49 
39 62 53 20 18 17 57 64 52 51 50 49 36 34 33 63 6 5 42 4 41 40 61 60 59 58 32 31 30 29 28 27 15 14 56 13 55 54 1 22 21 19 48 47 46 45 44 43 12 11 10 9 3 38 37 35 7 26 25 24 23 2 16 8 
40 27 54 21 19 57 17 43 10 9 49 50 37 35 63 33 7 42 5 41 4 39 24 23 58 59 2 30 31 28 29 62 16 56 14 55 13 53 22 1 20 18 8 46 47 44 45 64 11 12 52 51 38 3 36 34 6 25 26 61 60 32 15 48 
41 28 55 22 57 19 18 44 11 49 9 51 38 63 35 34 42 7 6 40 39 4 25 58 23 60 30 2 32 27 62 29 56 16 15 54 53 13 21 20 1 17 46 8 48 43 64 45 10 52 12 50 37 36 3 33 5 24 61 26 59 31 14 47 
42 52 56 57 22 21 20 61 62 32 31 30 63 38 37 36 41 40 39 7 6 5 64 48 47 46 51 50 49 12 11 10 55 54 53 16 15 14 19 18 17 1 60 59 58 26 25 24 29 28 27 2 35 34 33 3 4 45 44 43 8 9 13 23 
43 63 27 24 23 58 59 57 56 55 54 53 10 9 49 50 8 46 47 44 45 64 42 41 40 39 38 37 36 35 34 33 2 30 31 28 29 62 25 26 61 60 22 21 20 19 18 17 16 15 14 13 11 12 52 51 48 7 6 5 4 3 32 1 
44 35 28 25 58 23 60 19 16 54 55 13 11 49 9 51 46 8 48 43 64 45 7 40 41 4 37 38 3 63 33 34 30 2 32 27 62 29 24 61 26 59 21 22 1 57 17 18 56 14 15 53 10 52 12 50 47 42 5 6 39 36 31 20 
45 34 29 26 59 60 23 18 15 53 13 55 12 50 51 9 47 48 8 64 43 44 6 39 4 41 36 3 38 33 63 35 31 32 2 62 27 28 61 24 25 58 20 1 22 17 57 19 14 56 16 54 52 10 11 49 46 5 42 7 40 37 30 21 
46 14 30 58 25 24 61 5 33 3 36 37 49 11 10 52 44 43 64 8 48 47 17 1 20 21 13 53 54 15 16 56 28 27 62 2 32 31 23 60 59 26 4 39 40 6 7 42 34 35 63 38 9 51 50 12 45 18 19 57 22 55 29 41 
47 56 31 59 26 61 24 42 63 38 37 36 50 12 52 10 45 64 43 48 8 46 57 22 21 20 55 54 53 16 15 14 29 62 27 32 2 30 60 23 58 25 41 40 39 7 6 5 35 34 33 3 51 9 49 11 44 19 18 17 1 13 28 4 
48 16 32 60 61 26 25 7 35 37 38 3 51 52 12 11 64 45 44 47 46 8 19 21 22 1 54 55 13 56 14 15 62 29 28 31 30 2 59 58 23 24 40 41 4 42 5 6 63 33 34 36 50 49 9 10 43 57 17 18 20 53 27 39 
49 57 58 30 28 27 62 63 42 41 40 39 46 44 43 64 11 10 52 9 51 50 56 55 54 53 22 21 20 19 18 17 25 24 61 23 60 59 2 32 31 29 38 37 36 35 34 33 7 6 5 4 8 48 47 45 12 16 15 14 13 1 26 3 
50 17 59 31 29 62 27 33 5 4 39 40 47 45 64 43 12 52 10 51 9 49 14 13 53 54 1 20 21 18 19 57 26 61 24 60 23 58 32 2 30 28 3 36 37 34 35 63 6 7 42 41 48 8 46 44 11 15 16 56 55 22 25 38 
51 18 60 32 62 29 28 34 6 39 4 41 48 64 45 44 52 12 11 50 49 9 15 53 13 55 20 1 22 17 57 19 61 26 25 59 58 23 31 30 2 27 36 3 38 33 63 35 5 42 7 40 47 46 8 43 10 14 56 16 54 21 24 37 
52 42 61 62 32 31 30 56 57 22 21 20 64 48 47 46 51 50 49 12 11 10 63 38 37 36 41 40 39 7 6 5 60 59 58 26 25 24 29 28 27 2 55 54 53 16 15 14 19 18 17 1 45 44 43 8 9 35 34 33 3 4 23 13 
53 59 39 36 34 33 63 50 47 45 64 43 20 18 17 57 15 14 56 13 55 54 31 29 62 27 26 61 24 60 23 58 6 5 42 4 41 40 3 38 37 35 12 52 10 51 9 49 48 8 46 44 1 22 21 19 16 32 2 30 28 25 7 11 
54 58 40 37 35 63 33 49 46 44 43 64 21 19 57 17 16 56 14 55 13 53 30 28 27 62 25 24 61 23 60 59 7 42 5 41 4 39 38 3 36 34 11 10 52 9 51 50 8 48 47 45 22 1 20 18 15 2 32 31 29 26 6 12 
55 23 41 38 63 35 34 9 8 43 44 45 22 57 19 18 56 16 15 54 53 13 2 27 28 29 24 25 26 58 59 60 42 7 6 40 39 4 37 36 3 33 10 11 12 49 50 51 46 47 48 64 21 20 1 17 14 30 31 32 62 61 5 52 
56 47 42 63 38 37 36 31 59 26 61 24 57 22 21 20 55 54 53 16 15 14 50 12 52 10 45 64 43 48 8 46 41 40 39 7 6 5 35 34 33 3 29 62 27 32 2 30 60 23 58 25 19 18 17 1 13 51 9 49 11 44 4 28 
57 49 63 42 41 40 39 58 30 28 27 62 56 55 54 53 22 21 20 19 18 17 46 44 43 64 11 10 52 9 51 50 38 37 36 35 34 33 7 6 5 4 25 24 61 23 60 59 2 32 31 29 16 15 14 13 1 8 48 47 45 12 3 26 
58 54 49 46 44 43 64 40 37 35 63 33 30 28 27 62 25 24 61 23 60 59 21 19 57 17 16 56 14 55 13 53 11 10 52 9 51 50 8 48 47 45 7 42 5 41 4 39 38 3 36 34 2 32 31 29 26 22 1 20 18 15 12 6 
59 53 50 47 45 64 43 39 36 34 33 63 31 29 62 27 26 61 24 60 23 58 20 18 17 57 15 14 56 13 55 54 12 52 10 51 9 49 48 8 46 44 6 5 42 4 41 40 3 38 37 35 32 2 30 28 25 1 22 21 19 16 11 7 
60 13 51 48 64 45 44 4 3 33 34 35 32 62 29 28 61 26 25 59 58 23 1 17 18 19 14 15 16 53 54 55 52 12 11 50 49 9 47 46 8 43 5 6 7 39 40 41 36 37 38 63 31 30 2 27 24 20 21 22 57 56 10 42 
61 37 52 64 48 47 46 21 54 16 56 14 62 32 31 30 60 59 58 26 25 24 40 7 42 5 35 63 33 38 3 36 51 50 49 12 11 10 45 44 43 8 19 57 17 22 1 20 55 13 53 15 29 28 27 2 23 41 4 39 6 34 9 18 
62 39 64 52 51 50 49 53 20 18 17 57 61 60 59 58 32 31 30 29 28 27 36 34 33 63 6 5 42 4 41 40 48 47 46 45 44 43 12 11 10 9 15 14 56 13 55 54 1 22 21 19 26 25 24 23 2 3 38 37 35 7 8 16 
63 43 57 56 55 54 53 27 24 23 58 59 42 41 40 39 38 37 36 35 34 33 10 9 49 50 8 46 47 44 45 64 22 21 20 19 18 17 16 15 14 13 2 30 31 28 29 62 25 26 61 60 7 6 5 4 3 11 12 52 51 48 1 32 
64 33 62 61 60 59 58 17 14 13 53 54 52 51 50 49 48 47 46 45 44 43 5 4 39 40 3 36 37 34 35 63 32 31 30 29 28 27 26 25 24 23 1 20 21 18 19 57 15 16 56 55 12 11 10 9 8 6 7 42 41 38 2 22 
1
0 1 

1 8 
1 
5 
6 
7 
20 
21 
22 
42 
2 28 
1 5 
1 6 
1 7 
1 20 
1 21 
1 22 
1 42 
5 6 
5 7 
5 20 
5 21 
5 22 
5 42 
6 7 
6 20 
6 21 
6 22 
6 42 
7 20 
7 21 
7 22 
7 42 
20 21 
20 22 
20 42 
21 22 
21 42 
22 42 
3 56 
1 5 6 
1 5 7 
1 5 20 
1 5 21 
1 5 22 
1 5 42 
1 6 7 
1 6 20 
1 6 21 
1 6 22 
1 6 42 
1 7 20 
1 7 21 
1 7 22 
1 7 42 
1 20 21 
1 20 22 
1 20 42 
1 21 22 
1 21 42 
1 22 42 
5 6 7 
5 6 20 
5 6 21 
5 6 22 
5 6 42 
5 7 20 
5 7 21 
5 7 22 
5 7 42 
5 20 21 
5 20 22 
5 20 42 
5 21 22 
5 21 42 
5 22 42 
6 7 20 
6 7 21 
6 7 22 
6 7 42 
6 20 21 
6 20 22 
6 20 42 
6 21 22 
6 21 42 
6 22 42 
7 20 21 
7 20 22 
7 20 42 
7 21 22 
7 21 42 
7 22 42 
20 21 22 
20 21 42 
20 22 42 
21 22 42 
4 70 
1 5 6 7 
1 5 6 20 
1 5 6 21 
1 5 6 22 
1 5 6 42 
1 5 7 20 
1 5 7 21 
1 5 7 22 
1 5 7 42 
1 5 20 21 
1 5 20 22 
1 5 20 42 
1 5 21 22 
1 5 21 42 
1 5 22 42 
1 6 7 20 
1 6 7 21 
1 6 7 22 
1 6 7 42 
1 6 20 21 
1 6 20 22 
1 6 20 42 
1 6 21 22 
1 6 21 42 
1 6 22 42 
1 7 20 21 
1 7 20 22 
1 7 20 42 
1 7 21 22 
1 7 21 42 
1 7 22 42 
1 20 21 22 
1 20 21 42 
1 20 22 42 
1 21 22 42 
5 6 7 20 
5 6 7 21 
5 6 7 22 
5 6 7 42 
5 6 20 21 
5 6 20 22 
5 6 20 42 
5 6 21 22 
5 6 21 42 
5 6 22 42 
5 7 20 21 
5 7 20 22 
5 7 20 42 
5 7 21 22 
5 7 21 42 
5 7 22 42 
5 20 21 22 
5 20 21 42 
5 20 22 42 
5 21 22 42 
6 7 20 21 
6 7 20 22 
6 7 20 42 
6 7 21 22 
6 7 21 42 
6 7 22 42 
6 20 21 22 
6 20 21 42 
6 20 22 42 
6 21 22 42 
7 20 21 22 
7 20 21 42 
7 20 22 42 
7 21 22 42 
20 21 22 42 
5 56 
1 5 6 7 20 
1 5 6 7 21 
1 5 6 7 22 
1 5 6 7 42 
1 5 6 20 21 
1 5 6 20 22 
1 5 6 20 42 
1 5 6 21 22 
1 5 6 21 42 
1 5 6 22 42 
1 5 7 20 21 
1 5 7 20 22 
1 5 7 20 42 
1 5 7 21 22 
1 5 7 21 42 
1 5 7 22 42 
1 5 20 21 22 
1 5 20 21 42 
1 5 20 22 42 
1 5 21 22 42 
1 6 7 20 21 
1 6 7 20 22 
1 6 7 20 42 
1 6 7 21 22 
1 6 7 21 42 
1 6 7 22 42 
1 6 20 21 22 
1 6 20 21 42 
1 6 20 22 42 
1 6 21 22 42 
1 7 20 21 22 
1 7 20 21 42 
1 7 20 22 42 
1 7 21 22 42 
1 20 21 22 42 
5 6 7 20 21 
5 6 7 20 22 
5 6 7 20 42 
5 6 7 21 22 
5 6 7 21 42 
5 6 7 22 42 
5 6 20 21 22 
5 6 20 21 42 
5 6 20 22 42 
5 6 21 22 42 
5 7 20 21 22 
5 7 20 21 42 
5 7 20 22 42 
5 7 21 22 42 
5 20 21 22 42 
6 7 20 21 22 
6 7 20 21 42 
6 7 20 22 42 
6 7 21 22 42 
6 20 21 22 42 
7 20 21 22 42 
6 28 
1 5 6 7 20 21 
1 5 6 7 20 22 
1 5 6 7 20 42 
1 5 6 7 21 22 
1 5 6 7 21 42 
1 5 6 7 22 42 
1 5 6 20 21 22 
1 5 6 20 21 42 
1 5 6 20 22 42 
1 5 6 21 22 42 
1 5 7 20 21 22 
1 5 7 20 21 42 
1 5 7 20 22 42 
1 5 7 21 22 42 
1 5 20 21 22 42 
1 6 7 20 21 22 
1 6 7 20 21 42 
1 6 7 20 22 42 
1 6 7 21 22 42 
1 6 20 21 22 42 
1 7 20 21 22 42 
5 6 7 20 21 22 
5 6 7 20 21 42 
5 6 7 20 22 42 
5 6 7 21 22 42 
5 6 20 21 22 42 
5 7 20 21 22 42 
6 7 20 21 22 42 
7 8 
1 5 6 7 20 21 22 
1 5 6 7 20 21 42 
1 5 6 7 20 22 42 
1 5 6 7 21 22 42 
1 5 6 20 21 22 42 
1 5 7 20 21 22 42 
1 6 7 20 21 22 42 
5 6 7 20 21 22 42 
8 1 
1 5 6 7 20 21 22 42 
2
0 1 

1 8 
2 
10 
11 
12 
30 
31 
32 
52 
2 28 
2 10 
2 11 
2 12 
2 30 
2 31 
2 32 
2 52 
10 11 
10 12 
10 30 
10 31 
10 32 
10 52 
11 12 
11 30 
11 31 
11 32 
11 52 
12 30 
12 31 
12 32 
12 52 
30 31 
30 32 
30 52 
31 32 
31 52 
32 52 
3 56 
2 10 11 
2 10 12 
2 10 30 
2 10 31 
2 10 32 
2 10 52 
2 11 12 
2 11 30 
2 11 31 
2 11 32 
2 11 52 
2 12 30 
2 12 31 
2 12 32 
2 12 52 
2 30 31 
2 30 32 
2 30 52 
2 31 32 
2 31 52 
2 32 52 
10 11 12 
10 11 30 
10 11 31 
10 11 32 
10 11 52 
10 12 30 
10 12 31 
10 12 32 
10 12 52 
10 30 31 
10 30 32 
10 30 52 
10 31 32 
10 31 52 
10 32 52 
11 12 30 
11 12 31 
11 12 32 
11 12 52 
11 30 31 
11 30 32 
11 30 52 
11 31 32 
11 31 52 
11 32 52 
12 30 31 
12 30 32 
12 30 52 
12 31 32 
12 31 52 
12 32 52 
30 31 32 
30 31 52 
30 32 52 
31 32 52 
4 70 
2 10 11 12 
2 10 11 30 
2 10 11 31 
2 10 11 32 
2 10 11 52 
2 10 12 30 
2 10 12 31 
2 10 12 32 
2 10 12 52 
2 10 30 31 
2 10 30 32 
2 10 30 52 
2 10 31 32 
2 10 31 52 
2 10 32 52 
2 11 12 30 
2 11 12 31 
2 11 12 32 
2 11 12 52 
2 11 30 31 
2 11 30 32 
2 11 30 52 
2 11 31 32 
2 11 31 52 
2 11 32 52 
2 12 30 31 
2 12 30 32 
2 12 30 52 
2 12 31 32 
2 12 31 52 
2 12 32 52 
2 30 31 32 
2 30 31 52 
2 30 32 52 
2 31 32 52 
10 11 12 30 
10 11 12 31 
10 11 12 32 
10 11 12 52 
10 11 30 31 
10 11 30 32 
10 11 30 52 
10 11 31 32 
10 11 31 52 
10 11 32 52 
10 12 30 31 
10 12 30 32 
10 12 30 52 
10 12 31 32 
10 12 31 52 
10 12 32 52 
10 30 31 32 
10 30 31 52 
10 30 32 52 
10 31 32 52 
11 12 30 31 
11 12 30 32 
11 12 30 52 
11 12 31 32 
11 12 31 52 
11 12 32 52 
11 30 31 32 
11 30 31 52 
11 30 32 52 
11 31 32 52 
12 30 31 32 
12 30 31 52 
12 30 32 52 
12 31 32 52 
30 31 32 52 
5 56 
2 10 11 12 30 
2 10 11 12 31 
2 10 11 12 32 
2 10 11 12 52 
2 10 11 30 31 
2 10 11 30 32 
2 10 11 30 52 
2 10 11 31 32 
2 10 11 31 52 
2 10 11 32 52 
2 10 12 30 31 
2 10 12 30 32 
2 10 12 30 52 
2 10 12 31 32 
2 10 12 31 52 
2 10 12 32 52 
2 10 30 31 32 
2 10 30 31 52 
2 10 30 32 52 
2 10 31 32 52 
2 11 12 30 31 
2 11 12 30 32 
2 11 12 30 52 
2 11 12 31 32 
2 11 12 31 52 
2 11 12 32 52 
2 11 30 31 32 
2 11 30 31 52 
2 11 30 32 52 
2 11 31 32 52 
2 12 30 31 32 
2 12 30 31 52 
2 12 30 32 52 
2 12 31 32 52 
2 30 31 32 52 
10 11 12 30 31 
10 11 12 30 32 
10 11 12 30 52 
10 11 12 31 32 
10 11 12 31 52 
10 11 12 32 52 
10 11 30 31 32 
10 11 30 31 52 
10 11 30 32 52 
10 11 31 32 52 
10 12 30 31 32 
10 12 30 31 52 
10 12 30 32 52 
10 12 31 32 52 
10 30 31 32 52 
11 12 30 31 32 
11 12 30 31 52 
11 12 30 32 52 
11 12 31 32 52 
11 30 31 32 52 
12 30 31 32 52 
6 28 
2 10 11 12 30 31 
2 10 11 12 30 32 
2 10 11 12 30 52 
2 10 11 12 31 32 
2 10 11 12 31 52 
2 10 11 12 32 52 
2 10 11 30 31 32 
2 10 11 30 31 52 
2 10 11 30 32 52 
2 10 11 31 32 52 
2 10 12 30 31 32 
2 10 12 30 31 52 
2 10 12 30 32 52 
2 10 12 31 32 52 
2 10 30 31 32 52 
2 11 12 30 31 32 
2 11 12 30 31 52 
2 11 12 30 32 52 
2 11 12 31 32 52 
2 11 30 31 32 52 
2 12 30 31 32 52 
10 11 12 30 31 32 
10 11 12 30 31 52 
10 11 12 30 32 52 
10 11 12 31 32 52 
10 11 30 31 32 52 
10 12 30 31 32 52 
11 12 30 31 32 52 
7 8 
2 10 11 12 30 31 32 
2 10 11 12 30 31 52 
2 10 11 12 30 32 52 
2 10 11 12 31 32 52 
2 10 11 30 31 32 52 
2 10 12 30 31 32 52 
2 11 12 30 31 32 52 
10 11 12 30 31 32 52 
8 1 
2 10 11 12 30 31 32 52 
3
0 1 

1 8 
3 
14 
15 
16 
36 
37 
38 
56 
2 28 
3 14 
3 15 
3 16 
3 36 
3 37 
3 38 
3 56 
14 15 
14 16 
14 36 
14 37 
14 38 
14 56 
15 16 
15 36 
15 37 
15 38 
15 56 
16 36 
16 37 
16 38 
16 56 
36 37 
36 38 
36 56 
37 38 
37 56 
38 56 
3 56 
3 14 15 
3 14 16 
3 14 36 
3 14 37 
3 14 38 
3 14 56 
3 15 16 
3 15 36 
3 15 37 
3 15 38 
3 15 56 
3 16 36 
3 16 37 
3 16 38 
3 16 56 
3 36 37 
3 36 38 
3 36 56 
3 37 38 
3 37 56 
3 38 56 
14 15 16 
14 15 36 
14 15 37 
14 15 38 
14 15 56 
14 16 36 
14 16 37 
14 16 38 
14 16 56 
14 36 37 
14 36 38 
14 36 56 
14 37 38 
14 37 56 
14 38 56 
15 16 36 
15 16 37 
15 16 38 
15 16 56 
15 36 37 
15 36 38 
15 36 56 
15 37 38 
15 37 56 
15 38 56 
16 36 37 
16 36 38 
16 36 56 
16 37 38 
16 37 56 
16 38 56 
36 37 38 
36 37 56 
36 38 56 
37 38 56 
4 70 
3 14 15 16 
3 14 15 36 
3 14 15 37 
3 14 15 38 
3 14 15 56 
3 14 16 36 
3 14 16 37 
3 14 16 38 
3 14 16 56 
3 14 36 37 
3 14 36 38 
3 14 36 56 
3 14 37 38 
3 14 37 56 
3 14 38 56 
3 15 16 36 
3 15 16 37 
3 15 16 38 
3 15 16 56 
3 15 36 37 
3 15 36 38 
3 15 36 56 
3 15 37 38 
3 15 37 56 
3 15 38 56 
3 16 36 37 
3 16 36 38 
3 16 36 56 
3 16 37 38 
3 16 37 56 
3 16 38 56 
3 36 37 38 
3 36 37 56 
3 36 38 56 
3 37 38 56 
14 15 16 36 
14 15 16 37 
14 15 16 38 
14 15 16 56 
14 15 36 37 
14 15 36 38 
14 15 36 56 
14 15 37 38 
14 15 37 56 
14 15 38 56 
14 16 36 37 
14 16 36 38 
14 16 36 56 
14 16 37 38 
14 16 37 56 
14 16 38 56 
14 36 37 38 
14 36 37 56 
14 36 38 56 
14 37 38 56 
15 16 36 37 
15 16 36 38 
15 16 36 56 
15 16 37 38 
15 16 37 56 
15 16 38 56 
15 36 37 38 
15 36 37 56 
15 36 38 56 
15 37 38 56 
16 36 37 38 
16 36 37 56 
16 36 38 56 
16 37 38 56 
36 37 38 56 
5 56 
3 14 15 16 36 
3 14 15 16 37 
3 14 15 16 38 
3 14 15 16 56 
3 14 15 36 37 
3 14 15 36 38 
3 14 15 36 56 
3 14 15 37 38 
3 14 15 37 56 
3 14 15 38 56 
3 14 16 36 37 
3 14 16 36 38 
3 14 16 36 56 
3 14 16 37 38 
3 14 16 37 56 
3 14 16 38 56 
3 14 36 37 38 
3 14 36 37 56 
3 14 36 38 56 
3 14 37 38 56 
3 15 16 36 37 
3 15 16 36 38 
3 15 16 36 56 
3 15 16 37 38 
3 15 16 37 56 
3 15 16 38 56 
3 15 36 37 38 
3 15 36 37 56 
3 15 36 38 56 
3 15 37 38 56 
3 16 36 37 38 
3 16 36 37 56 
3 16 36 38 56 
3 16 37 38 56 
3 36 37 38 56 
14 15 16 36 37 
14 15 16 36 38 
14 15 16 36 56 
14 15 16 37 38 
14 15 16 37 56 
14 15 16 38 56 
14 15 36 37 38 
14 15 36 37 56 
14 15 36 38 56 
14 15 37 38 56 
14 16 36 37 38 
14 16 36 37 56 
14 16 36 38 56 
14 16 37 38 56 
14 36 37 38 56 
15 16 36 37 38 
15 16 36 37 56 
15 16 36 38 56 
15 16 37 38 56 
15 36 37 38 56 
16 36 37 38 56 
6 28 
3 14 15 16 36 37 
3 14 15 16 36 38 
3 14 15 16 36 56 
3 14 15 16 37 38 
3 14 15 16 37 56 
3 14 15 16 38 56 
3 14 15 36 37 38 
3 14 15 36 37 56 
3 14 15 36 38 56 
3 14 15 37 38 56 
3 14 16 36 37 38 
3 14 16 36 37 56 
3 14 16 36 38 56 
3 14 16 37 38 56 
3 14 36 37 38 56 
3 15 16 36 37 38 
3 15 16 36 37 56 
3 15 16 36 38 56 
3 15 16 37 38 56 
3 15 36 37 38 56 
3 16 36 37 38 56 
14 15 16 36 37 38 
14 15 16 36 37 56 
14 15 16 36 38 56 
14 15 16 37 38 56 
14 15 36 37 38 56 
14 16 36 37 38 56 
15 16 36 37 38 56 
7 8 
3 14 15 16 36 37 38 
3 14 15 16 36 37 56 
3 14 15 16 36 38 56 
3 14 15 16 37 38 56 
3 14 15 36 37 38 56 
3 14 16 36 37 38 56 
3 15 16 36 37 38 56 
14 15 16 36 37 38 56 
8 1 
3 14 15 16 36 37 38 56 
4
0 1 

1 8 
4 
17 
18 
19 
39 
40 
41 
57 
2 28 
4 17 
4 18 
4 19 
4 39 
4 40 
4 41 
4 57 
17 18 
17 19 
17 39 
17 40 
17 41 
17 57 
18 19 
18 39 
18 40 
18 41 
18 57 
19 39 
19 40 
19 41 
19 57 
39 40 
39 41 
39 57 
40 41 
40 57 
41 57 
3 56 
4 17 18 
4 17 19 
4 17 39 
4 17 40 
4 17 41 
4 17 57 
4 18 19 
4 18 39 
4 18 40 
4 18 41 
4 18 57 
4 19 39 
4 19 40 
4 19 41 
4 19 57 
4 39 40 
4 39 41 
4 39 57 
4 40 41 
4 40 57 
4 41 57 
17 18 19 
17 18 39 
17 18 40 
17 18 41 
17 18 57 
17 19 39 
17 19 40 
17 19 41 
17 19 57 
17 39 40 
17 39 41 
17 39 57 
17 40 41 
17 40 57 
17 41 57 
18 19 39 
18 19 40 
18 19 41 
18 19 57 
18 39 40 
18 39 41 
18 39 57 
18 40 41 
18 40 57 
18 41 57 
19 39 40 
19 39 41 
19 39 57 
19 40 41 
19 40 57 
19 41 57 
39 40 41 
39 40 57 
39 41 57 
40 41 57 
4 70 
4 17 18 19 
4 17 18 39 
4 17 18 40 
4 17 18 41 
4 17 18 57 
4 17 19 39 
4 17 19 40 
4 17 19 41 
4 17 19 57 
4 17 39 40 
4 17 39 41 
4 17 39 57 
4 17 40 41 
4 17 40 57 
4 17 41 57 
4 18 19 39 
4 18 19 40 
4 18 19 41 
4 18 19 57 
4 18 39 40 
4 18 39 41 
4 18 39 57 
4 18 40 41 
4 18 40 57 
4 18 41 57 
4 19 39 40 
4 19 39 41 
4 19 39 57 
4 19 40 41 
4 19 40 57 
4 19 41 57 
4 39 40 41 
4 39 40 57 
4 39 41 57 
4 40 41 57 
17 18 19 39 
17 18 19 40 
17 18 19 41 
17 18 19 57 
17 18 39 40 
17 18 39 41 
17 18 39 57 
17 18 40 41 
17 18 40 57 
17 18 41 57 
17 19 39 40 
17 19 39 41 
17 19 39 57 
17 19 40 41 
17 19 40 57 
17 19 41 57 
17 39 40 41 
17 39 40 57 
17 39 41 57 
17 40 41 57 
18 19 39 40 
18 19 39 41 
18 19 39 57 
18 19 40 41 
18 19 40 57 
18 19 41 57 
18 39 40 41 
18 39 40 57 
18 39 41 57 
18 40 41 57 
19 39 40 41 
19 39 40 57 
19 39 41 57 
19 40 41 57 
39 40 41 57 
5 56 
4 17 18 19 39 
4 17 18 19 40 
4 17 18 19 41 
4 17 18 19 57 
4 17 18 39 40 
4 17 18 39 41 
4 17 18 39 57 
4 17 18 40 41 
4 17 18 40 57 
4 17 18 41 57 
4 17 19 39 40 
4 17 19 39 41 
4 17 19 39 57 
4 17 19 40 41 
4 17 19 40 57 
4 17 19 41 57 
4 17 39 40 41 
4 17 39 40 57 
4 17 39 41 57 
4 17 40 41 57 
4 18 19 39 40 
4 18 19 39 41 
4 18 19 39 57 
4 18 19 40 41 
4 18 19 40 57 
4 18 19 41 57 
4 18 39 40 41 
4 18 39 40 57 
4 18 39 41 57 
4 18 40 41 57 
4 19 39 40 41 
4 19 39 40 57 
4 19 39 41 57 
4 19 40 41 57 
4 39 40 41 57 
17 18 19 39 40 
17 18 19 39 41 
17 18 19 39 57 
17 18 19 40 41 
17 18 19 40 57 
17 18 19 41 57 
17 18 39 40 41 
17 18 39 40 57 
17 18 39 41 57 
17 18 40 41 57 
17 19 39 40 41 
17 19 39 40 57 
17 19 39 41 57 
17 19 40 41 57 
17 39 40 41 57 
18 19 39 40 41 
18 19 39 40 57 
18 19 39 41 57 
18 19 40 41 57 
18 39 40 41 57 
19 39 40 41 57 
6 28 
4 17 18 19 39 40 
4 17 18 19 39 41 
4 17 18 19 39 57 
4 17 18 19 40 41 
4 17 18 19 40 57 
4 17 18 19 41 57 
4 17 18 39 40 41 
4 17 18 39 40 57 
4 17 18 39 41 57 
4 17 18 40 41 57 
4 17 19 39 40 41 
4 17 19 39 40 57 
4 17 19 39 41 57 
4 17 19 40 41 57 
4 17 39 40 41 57 
4 18 19 39 40 41 
4 18 19 39 40 57 
4 18 19 39 41 57 
4 18 19 40 41 57 
4 18 39 40 41 57 
4 19 39 40 41 57 
17 18 19 39 40 41 
17 18 19 39 40 57 
17 18 19 39 41 57 
17 18 19 40 41 57 
17 18 39 40 41 57 
17 19 39 40 41 57 
18 19 39 40 41 57 
7 8 
4 17 18 19 39 40 41 
4 17 18 19 39 40 57 
4 17 18 19 39 41 57 
4 17 18 19 40 41 57 
4 17 18 39 40 41 57 
4 17 19 39 40 41 57 
4 18 19 39 40 41 57 
17 18 19 39 40 41 57 
8 1 
4 17 18 19 39 40 41 57 
5
0 1 

1 1 

2 4 
8 25 
24 46 
26 48 
47 61 
3 1 

4 6 
8 24 25 46 
8 25 26 48 
8 25 47 61 
24 26 46 48 
24 46 47 61 
26 47 48 61 
5 1 

6 4 
8 24 25 26 46 48 
8 24 25 46 47 61 
8 25 26 47 48 61 
24 26 46 47 48 61 
7 1 

8 1 
8 24 25 26 46 47 48 61 
6
0 1 

1 1 

2 4 
9 29 
27 50 
28 51 
49 62 
3 1 

4 6 
9 27 29 50 
9 28 29 51 
9 29 49 62 
27 28 50 51 
27 49 50 62 
28 49 51 62 
5 1 

6 4 
9 27 28 29 50 51 
9 27 29 49 50 62 
9 28 29 49 51 62 
27 28 49 50 51 62 
7 1 

8 1 
9 27 28 29 49 50 51 62 
7
0 1 

1 8 
13 
33 
34 
35 
53 
54 
55 
63 
2 28 
13 33 
13 34 
13 35 
13 53 
13 54 
13 55 
13 63 
33 34 
33 35 
33 53 
33 54 
33 55 
33 63 
34 35 
34 53 
34 54 
34 55 
34 63 
35 53 
35 54 
35 55 
35 63 
53 54 
53 55 
53 63 
54 55 
54 63 
55 63 
3 56 
13 33 34 
13 33 35 
13 33 53 
13 33 54 
13 33 55 
13 33 63 
13 34 35 
13 34 53 
13 34 54 
13 34 55 
13 34 63 
13 35 53 
13 35 54 
13 35 55 
13 35 63 
13 53 54 
13 53 55 
13 53 63 
13 54 55 
13 54 63 
13 55 63 
33 34 35 
33 34 53 
33 34 54 
33 34 55 
33 34 63 
33 35 53 
33 35 54 
33 35 55 
33 35 63 
33 53 54 
33 53 55 
33 53 63 
33 54 55 
33 54 63 
33 55 63 
34 35 53 
34 35 54 
34 35 55 
34 35 63 
34 53 54 
34 53 55 
34 53 63 
34 54 55 
34 54 63 
34 55 63 
35 53 54 
35 53 55 
35 53 63 
35 54 55 
35 54 63 
35 55 63 
53 54 55 
53 54 63 
53 55 63 
54 55 63 
4 70 
13 33 34 35 
13 33 34 53 
13 33 34 54 
13 33 34 55 
13 33 34 63 
13 33 35 53 
13 33 35 54 
13 33 35 55 
13 33 35 63 
13 33 53 54 
13 33 53 55 
13 33 53 63 
13 33 54 55 
13 33 54 63 
13 33 55 63 
13 34 35 53 
13 34 35 54 
13 34 35 55 
13 34 35 63 
13 34 53 54 
13 34 53 55 
13 34 53 63 
13 34 54 55 
13 34 54 63 
13 34 55 63 
13 35 53 54 
13 35 53 55 
13 35 53 63 
13 35 54 55 
13 35 54 63 
13 35 55 63 
13 53 54 55 
13 53 54 63 
13 53 55 63 
13 54 55 63 
33 34 35 53 
33 34 35 54 
33 34 35 55 
33 34 35 63 
33 34 53 54 
33 34 53 55 
33 34 53 63 
33 34 54 55 
33 34 54 63 
33 34 55 63 
33 35 53 54 
33 35 53 55 
33 35 53 63 
33 35 54 55 
33 35 54 63 
33 35 55 63 
33 53 54 55 
33 53 54 63 
33 53 55 63 
33 54 55 63 
34 35 53 54 
34 35 53 55 
34 35 53 63 
34 35 54 55 
34 35 54 63 
34 35 55 63 
34 53 54 55 
34 53 54 63 
34 53 55 63 
34 54 55 63 
35 53 54 55 
35 53 54 63 
35 53 55 63 
35 54 55 63 
53 54 55 63 
5 56 
13 33 34 35 53 
13 33 34 35 54 
13 33 34 35 55 
13 33 34 35 63 
13 33 34 53 54 
13 33 34 53 55 
13 33 34 53 63 
13 33 34 54 55 
13 33 34 54 63 
13 33 34 55 63 
13 33 35 53 54 
13 33 35 53 55 
13 33 35 53 63 
13 33 35 54 55 
13 33 35 54 63 
13 33 35 55 63 
13 33 53 54 55 
13 33 53 54 63 
13 33 53 55 63 
13 33 54 55 63 
13 34 35 53 54 
13 34 35 53 55 
13 34 35 53 63 
13 34 35 54 55 
13 34 35 54 63 
13 34 35 55 63 
13 34 53 54 55 
13 34 53 54 63 
13 34 53 55 63 
13 34 54 55 63 
13 35 53 54 55 
13 35 53 54 63 
13 35 53 55 63 
13 35 54 55 63 
13 53 54 55 63 
33 34 35 53 54 
33 34 35 53 55 
33 34 35 53 63 
33 34 35 54 55 
33 34 35 54 63 
33 34 35 55 63 
33 34 53 54 55 
33 34 53 54 63 
33 34 53 55 63 
33 34 54 55 63 
33 35 53 54 55 
33 35 53 54 63 
33 35 53 55 63 
33 35 54 55 63 
33 53 54 55 63 
34 35 53 54 55 
34 35 53 54 63 
34 35 53 55 63 
34 35 54 55 63 
34 53 54 55 63 
35 53 54 55 63 
6 28 
13 33 34 35 53 54 
13 33 34 35 53 55 
13 33 34 35 53 63 
13 33 34 35 54 55 
13 33 34 35 54 63 
13 33 34 35 55 63 
13 33 34 53 54 55 
13 33 34 53 54 63 
13 33 34 53 55 63 
13 33 34 54 55 63 
13 33 35 53 54 55 
13 33 35 53 54 63 
13 33 35 53 55 63 
13 33 35 54 55 63 
13 33 53 54 55 63 
13 34 35 53 54 55 
13 34 35 53 54 63 
13 34 35 53 55 63 
13 34 35 54 55 63 
13 34 53 54 55 63 
13 35 53 54 55 63 
33 34 35 53 54 55 
33 34 35 53 54 63 
33 34 35 53 55 63 
33 34 35 54 55 63 
33 34 53 54 55 63 
33 35 53 54 55 63 
34 35 53 54 55 63 
7 8 
13 33 34 35 53 54 55 
13 33 34 35 53 54 63 
13 33 34 35 53 55 63 
13 33 34 35 54 55 63 
13 33 34 53 54 55 63 
13 33 35 53 54 55 63 
13 34 35 53 54 55 63 
33 34 35 53 54 55 63 
8 1 
13 33 34 35 53 54 55 63 
8
0 1 

1 1 

2 4 
23 60 
43 64 
44 45 
58 59 
3 1 

4 6 
23 43 60 64 
23 44 45 60 
23 58 59 60 
43 44 45 64 
43 58 59 64 
44 45 58 59 
5 1 

6 4 
23 43 44 45 60 64 
23 43 58 59 60 64 
23 44 45 58 59 60 
43 44 45 58 59 64 
7 1 

8 1 
23 43 44 45 58 59 60 64 
