//Table for grp 153:
57
0 0 2 2 4 4 2 4 
0 0 2 4 4 2 4 2 
0 0 4 2 2 4 4 2 
0 0 4 4 2 2 2 4 
0 2 0 2 4 2 4 4 
0 2 0 4 4 4 2 2 
0 2 2 0 2 4 4 4 
0 2 2 2 2 2 2 6 
0 2 2 2 2 2 6 2 
0 2 2 2 2 6 2 2 
0 2 2 2 6 2 2 2 
0 2 2 4 2 0 4 4 
0 2 2 4 2 4 0 4 
0 2 2 4 2 4 4 0 
0 2 2 6 2 2 2 2 
0 2 4 0 4 4 2 2 
0 2 4 2 0 2 4 4 
0 2 4 2 4 2 0 4 
0 2 4 2 4 2 4 0 
0 2 4 4 0 4 2 2 
0 2 4 4 4 0 2 2 
0 2 6 2 2 2 2 2 
0 4 0 2 2 4 4 2 
0 4 0 4 2 2 2 4 
0 4 2 0 4 2 4 2 
0 4 2 2 0 4 2 4 
0 4 2 2 4 0 2 4 
0 4 2 2 4 4 2 0 
0 4 2 4 0 2 4 2 
0 4 2 4 4 2 0 2 
0 4 4 0 2 2 2 4 
0 4 4 2 2 0 4 2 
0 4 4 2 2 4 0 2 
0 4 4 4 2 2 2 0 
0 6 2 2 2 2 2 2 
2 0 2 2 2 2 4 4 
2 0 2 4 2 4 2 2 
2 0 4 2 4 2 2 2 
2 2 0 2 2 4 2 4 
2 2 0 4 2 2 4 2 
2 2 2 0 4 2 2 4 
2 2 2 2 0 4 4 2 
2 2 2 2 4 0 4 2 
2 2 2 2 4 4 0 2 
2 2 2 4 0 2 2 4 
2 2 2 4 4 2 2 0 
2 2 4 0 2 2 4 2 
2 2 4 2 2 0 2 4 
2 2 4 2 2 4 2 0 
2 2 4 4 2 2 0 2 
2 4 0 2 4 2 2 2 
2 4 2 0 2 4 2 2 
2 4 2 2 2 2 0 4 
2 4 2 2 2 2 4 0 
2 4 2 4 2 0 2 2 
2 4 4 2 0 2 2 2 
4 2 2 2 2 2 2 2 
1 2 3 4 5 6 7 8 9 10 11 12 13 14 15 16 17 18 19 20 21 22 23 24 25 26 27 28 29 30 31 32 33 34 35 36 37 38 39 40 41 42 43 44 45 46 47 48 49 50 51 52 53 54 55 56 57 58 59 60 61 62 63 64 
2 1 8 9 10 11 12 3 4 5 6 7 23 24 25 26 27 28 29 30 31 32 13 14 15 16 17 18 19 20 21 22 43 44 45 46 47 48 49 50 51 52 33 34 35 36 37 38 39 40 41 42 58 59 60 61 62 53 54 55 56 57 64 63 
3 24 21 13 14 15 16 2 43 26 46 47 40 1 42 5 33 34 35 36 37 38 9 10 11 12 45 58 59 48 8 61 4 57 17 6 7 20 53 54 55 56 27 28 29 30 31 32 60 23 64 25 18 19 39 22 63 49 50 51 52 44 41 62 
4 28 13 1 17 18 19 44 32 49 29 51 3 33 34 35 5 6 7 39 40 41 48 58 45 60 52 2 11 50 62 9 14 15 16 53 54 55 20 21 22 57 61 8 25 59 64 23 10 30 12 27 36 37 38 63 42 24 46 26 43 31 56 47 
5 31 14 17 7 20 21 47 50 2 52 10 33 16 36 37 19 39 40 22 1 42 59 8 61 24 9 62 27 11 12 30 35 53 54 38 3 56 41 4 57 6 23 64 43 25 26 46 28 29 49 32 55 13 63 15 18 44 45 58 48 51 34 60 
6 32 15 41 20 7 22 48 28 52 2 11 55 36 16 38 57 4 18 21 42 1 44 61 8 25 49 29 51 10 30 12 63 13 34 37 56 3 17 39 19 5 58 45 60 24 46 26 50 62 9 31 33 53 35 14 40 59 64 23 47 27 54 43 
7 12 16 19 21 22 1 26 29 31 32 2 35 37 38 3 40 41 4 42 5 6 45 47 48 8 50 51 9 52 10 11 54 55 13 56 14 15 57 17 18 20 59 60 23 61 24 25 62 27 28 30 63 33 34 36 39 64 43 44 46 49 53 58 
8 14 31 23 24 25 26 1 33 16 36 37 50 2 52 10 43 44 45 46 47 48 4 5 6 7 35 53 54 38 3 56 9 62 27 11 12 30 58 59 60 61 17 18 19 20 21 22 55 13 63 15 28 29 49 32 64 39 40 41 42 34 51 57 
9 18 23 2 27 28 29 34 22 39 19 41 8 43 44 45 10 11 12 49 50 51 38 53 35 55 42 1 6 40 57 4 24 25 26 58 59 60 30 31 32 62 56 3 15 54 63 13 5 20 7 17 46 47 48 64 52 14 36 16 33 21 61 37 
10 21 24 27 12 30 31 37 40 1 42 5 43 26 46 47 29 49 50 32 2 52 54 3 56 14 4 57 17 6 7 20 45 58 59 48 8 61 51 9 62 11 13 63 33 15 16 36 18 19 39 22 60 23 64 25 28 34 35 53 38 41 44 55 
11 22 25 51 30 12 32 38 18 42 1 6 60 46 26 48 62 9 28 31 52 2 34 56 3 15 39 19 41 5 20 7 64 23 44 47 61 8 27 49 29 10 53 35 55 14 36 16 40 57 4 21 43 58 45 24 50 54 63 13 37 17 59 33 
12 7 26 29 31 32 2 16 19 21 22 1 45 47 48 8 50 51 9 52 10 11 35 37 38 3 40 41 4 42 5 6 59 60 23 61 24 25 62 27 28 30 54 55 13 56 14 15 57 17 18 20 64 43 44 46 49 63 33 34 36 39 58 53 
13 58 40 3 33 34 35 28 61 60 59 64 21 4 57 17 14 15 16 53 54 55 32 49 29 51 25 24 46 23 44 43 1 42 5 18 19 39 36 37 38 63 52 2 11 50 62 9 26 48 47 45 6 7 20 41 56 10 30 12 27 8 22 31 
14 8 1 33 16 36 37 31 23 24 25 26 4 5 6 7 35 53 54 38 3 56 50 2 52 10 43 44 45 46 47 48 17 18 19 20 21 22 55 13 63 15 9 62 27 11 12 30 58 59 60 61 39 40 41 42 34 28 29 49 32 64 57 51 
15 61 42 55 36 16 38 32 58 25 24 46 39 6 5 20 63 13 34 37 56 3 28 52 2 11 60 59 64 26 48 47 41 40 57 7 22 21 33 53 35 14 49 29 51 10 30 12 23 44 43 8 4 18 17 1 54 50 62 9 31 45 19 27 
16 47 5 35 37 38 3 12 59 8 61 24 17 7 20 21 54 55 13 56 14 15 29 31 32 2 23 64 43 25 26 46 19 39 40 22 1 42 63 33 34 36 50 51 9 52 10 11 44 45 58 48 41 4 57 6 53 62 27 28 30 60 18 49 
17 62 33 5 19 39 40 64 30 28 27 49 14 35 53 54 7 20 21 41 4 57 46 44 43 58 32 31 52 29 51 50 16 36 37 55 13 63 22 1 42 18 48 47 61 45 60 59 2 11 10 9 38 3 56 34 6 8 25 24 23 12 15 26 
18 9 34 22 39 19 41 23 2 27 28 29 38 53 35 55 42 1 6 40 57 4 8 43 44 45 10 11 12 49 50 51 56 3 15 54 63 13 5 20 7 17 24 25 26 58 59 60 30 31 32 62 14 36 16 33 21 46 47 48 64 52 37 61 
19 51 35 7 40 41 4 60 11 62 9 28 16 54 55 13 21 22 1 57 17 18 25 64 23 44 30 12 32 27 49 29 37 38 3 63 33 34 42 5 6 39 46 26 48 43 58 45 31 52 2 50 56 14 15 53 20 47 61 8 59 10 36 24 
20 30 36 57 22 21 42 46 62 32 31 52 63 38 37 56 18 17 39 1 6 5 64 48 47 61 28 27 49 2 11 10 34 33 53 3 15 14 19 41 40 7 44 43 58 8 25 24 29 51 50 12 35 55 54 16 4 45 60 59 26 9 13 23 
21 10 37 40 1 42 5 24 27 12 30 31 54 3 56 14 4 57 17 6 7 20 43 26 46 47 29 49 50 32 2 52 13 63 33 15 16 36 18 19 39 22 45 58 59 48 8 61 51 9 62 11 34 35 53 38 41 60 23 64 25 28 55 44 
22 11 38 18 42 1 6 25 51 30 12 32 34 56 3 15 39 19 41 5 20 7 60 46 26 48 62 9 28 31 52 2 53 35 55 14 36 16 40 57 4 21 64 23 44 47 61 8 27 49 29 10 54 63 13 37 17 43 58 45 24 50 33 59 
23 53 50 8 43 44 45 18 56 55 54 63 31 9 62 27 24 25 26 58 59 60 22 39 19 41 15 14 36 13 34 33 2 52 10 28 29 49 46 47 48 64 42 1 6 40 57 4 16 38 37 35 11 12 30 51 61 5 20 7 17 3 32 21 
24 3 2 43 26 46 47 21 13 14 15 16 9 10 11 12 45 58 59 48 8 61 40 1 42 5 33 34 35 36 37 38 27 28 29 30 31 32 60 23 64 25 4 57 17 6 7 20 53 54 55 56 49 50 51 52 44 18 19 39 22 63 62 41 
25 56 52 60 46 26 48 22 53 15 14 36 49 11 10 30 64 23 44 47 61 8 18 42 1 6 55 54 63 16 38 37 51 50 62 12 32 31 43 58 45 24 39 19 41 5 20 7 13 34 33 3 9 28 27 2 59 40 57 4 21 35 29 17 
26 37 10 45 47 48 8 7 54 3 56 14 27 12 30 31 59 60 23 61 24 25 19 21 22 1 13 63 33 15 16 36 29 49 50 32 2 52 64 43 44 46 40 41 4 42 5 6 34 35 53 38 51 9 62 11 58 57 17 18 20 55 28 39 
27 57 43 10 29 49 50 63 20 18 17 39 24 45 58 59 12 30 31 51 9 62 36 34 33 53 22 21 42 19 41 40 26 46 47 60 23 64 32 2 52 28 38 37 56 35 55 54 1 6 5 4 48 8 61 44 11 3 15 14 13 7 25 16 
28 4 44 32 49 29 51 13 1 17 18 19 48 58 45 60 52 2 11 50 62 9 3 33 34 35 5 6 7 39 40 41 61 8 25 59 64 23 10 30 12 27 14 15 16 53 54 55 20 21 22 57 24 46 26 43 31 36 37 38 63 42 47 56 
29 41 45 12 50 51 9 55 6 57 4 18 26 59 60 23 31 32 2 62 27 28 15 63 13 34 20 7 22 17 39 19 47 48 8 64 43 44 52 10 11 49 36 16 38 33 53 35 21 42 1 40 61 24 25 58 30 37 56 3 54 5 46 14 
30 20 46 62 32 31 52 36 57 22 21 42 64 48 47 61 28 27 49 2 11 10 63 38 37 56 18 17 39 1 6 5 44 43 58 8 25 24 29 51 50 12 34 33 53 3 15 14 19 41 40 7 45 60 59 26 9 35 55 54 16 4 23 13 
31 5 47 50 2 52 10 14 17 7 20 21 59 8 61 24 9 62 27 11 12 30 33 16 36 37 19 39 40 22 1 42 23 64 43 25 26 46 28 29 49 32 35 53 54 38 3 56 41 4 57 6 44 45 58 48 51 55 13 63 15 18 60 34 
32 6 48 28 52 2 11 15 41 20 7 22 44 61 8 25 49 29 51 10 30 12 55 36 16 38 57 4 18 21 42 1 58 45 60 24 46 26 50 62 9 31 63 13 34 37 56 3 17 39 19 5 59 64 23 47 27 33 53 35 14 40 43 54 
33 44 4 14 35 53 54 62 48 58 45 60 1 17 18 19 16 36 37 55 13 63 30 28 27 49 61 8 25 59 64 23 5 6 7 39 40 41 38 3 56 34 32 31 52 29 51 50 24 46 26 43 20 21 22 57 15 2 11 10 9 47 42 12 
34 43 57 38 53 35 55 9 24 45 58 59 20 18 17 39 56 3 15 54 63 13 2 27 28 29 26 46 47 60 23 64 22 21 42 19 41 40 14 36 16 33 10 11 12 49 50 51 48 8 61 44 1 6 5 4 37 30 31 32 62 25 7 52 
35 64 17 16 54 55 13 51 46 44 43 58 5 19 39 40 37 38 3 63 33 34 11 62 9 28 48 47 61 45 60 59 7 20 21 41 4 57 56 14 15 53 30 12 32 27 49 29 8 25 24 23 22 1 42 18 36 31 52 2 50 26 6 10 
36 48 6 63 38 37 56 30 44 61 8 25 41 20 7 22 34 33 53 3 15 14 62 32 31 52 58 45 60 24 46 26 57 4 18 21 42 1 35 55 54 16 28 27 49 2 11 10 59 64 23 47 17 39 19 5 13 29 51 50 12 43 40 9 
37 26 7 54 3 56 14 10 45 47 48 8 19 21 22 1 13 63 33 15 16 36 27 12 30 31 59 60 23 61 24 25 40 41 4 42 5 6 34 35 53 38 29 49 50 32 2 52 64 43 44 46 57 17 18 20 55 51 9 62 11 58 39 28 
38 46 20 34 56 3 15 11 64 48 47 61 57 22 21 42 53 35 55 14 36 16 51 30 12 32 44 43 58 8 25 24 18 17 39 1 6 5 54 63 13 37 62 9 28 31 52 2 45 60 59 26 19 41 40 7 33 27 49 29 10 23 4 50 
39 50 53 42 41 40 57 59 31 9 62 27 56 55 54 63 6 5 20 4 18 17 47 23 64 43 2 52 10 28 29 49 15 14 36 13 34 33 7 22 21 19 8 61 24 44 45 58 11 12 30 51 16 38 37 35 1 25 26 46 60 32 3 48 
40 49 54 21 4 57 17 58 52 51 50 62 37 13 63 33 1 42 5 18 19 39 61 60 59 64 11 10 30 9 28 27 3 56 14 34 35 53 6 7 20 41 25 24 46 23 44 43 12 32 31 29 15 16 36 55 22 26 48 47 45 2 38 8 
41 29 55 6 57 4 18 45 12 50 51 9 15 63 13 34 20 7 22 17 39 19 26 59 60 23 31 32 2 62 27 28 36 16 38 33 53 35 21 42 1 40 47 48 8 64 43 44 52 10 11 49 37 56 3 54 5 61 24 25 58 30 14 46 
42 52 56 39 6 5 20 61 49 11 10 30 53 15 14 36 41 40 57 7 22 21 58 25 24 46 51 50 62 12 32 31 55 54 63 16 38 37 4 18 17 1 60 59 64 26 48 47 9 28 27 2 13 34 33 3 19 23 44 43 8 29 35 45 
43 34 9 24 45 58 59 57 38 53 35 55 2 27 28 29 26 46 47 60 23 64 20 18 17 39 56 3 15 54 63 13 10 11 12 49 50 51 48 8 61 44 22 21 42 19 41 40 14 36 16 33 30 31 32 62 25 1 6 5 4 37 52 7 
44 33 62 48 58 45 60 4 14 35 53 54 30 28 27 49 61 8 25 59 64 23 1 17 18 19 16 36 37 55 13 63 32 31 52 29 51 50 24 46 26 43 5 6 7 39 40 41 38 3 56 34 2 11 10 9 47 20 21 22 57 15 12 42 
45 63 27 26 59 60 23 41 36 34 33 53 10 29 49 50 47 48 8 64 43 44 6 57 4 18 38 37 56 35 55 54 12 30 31 51 9 62 61 24 25 58 20 7 22 17 39 19 3 15 14 13 32 2 52 28 46 21 42 1 40 16 11 5 
46 38 11 64 48 47 61 20 34 56 3 15 51 30 12 32 44 43 58 8 25 24 57 22 21 42 53 35 55 14 36 16 62 9 28 31 52 2 45 60 59 26 18 17 39 1 6 5 54 63 13 37 27 49 29 10 23 19 41 40 7 33 50 4 
47 16 12 59 8 61 24 5 35 37 38 3 29 31 32 2 23 64 43 25 26 46 17 7 20 21 54 55 13 56 14 15 50 51 9 52 10 11 44 45 58 48 19 39 40 22 1 42 63 33 34 36 62 27 28 30 60 41 4 57 6 53 49 18 
48 36 30 44 61 8 25 6 63 38 37 56 62 32 31 52 58 45 60 24 46 26 41 20 7 22 34 33 53 3 15 14 28 27 49 2 11 10 59 64 23 47 57 4 18 21 42 1 35 55 54 16 29 51 50 12 43 17 39 19 5 13 9 40 
49 40 58 52 51 50 62 54 21 4 57 17 61 60 59 64 11 10 30 9 28 27 37 13 63 33 1 42 5 18 19 39 25 24 46 23 44 43 12 32 31 29 3 56 14 34 35 53 6 7 20 41 26 48 47 45 2 15 16 36 55 22 8 38 
50 39 59 31 9 62 27 53 42 41 40 57 47 23 64 43 2 52 10 28 29 49 56 55 54 63 6 5 20 4 18 17 8 61 24 44 45 58 11 12 30 51 15 14 36 13 34 33 7 22 21 19 25 26 46 60 32 16 38 37 35 1 48 3 
51 19 60 11 62 9 28 35 7 40 41 4 25 64 23 44 30 12 32 27 49 29 16 54 55 13 21 22 1 57 17 18 46 26 48 43 58 45 31 52 2 50 37 38 3 63 33 34 42 5 6 39 47 61 8 59 10 56 14 15 53 20 24 36 
52 42 61 49 11 10 30 56 39 6 5 20 58 25 24 46 51 50 62 12 32 31 53 15 14 36 41 40 57 7 22 21 60 59 64 26 48 47 9 28 27 2 55 54 63 16 38 37 4 18 17 1 23 44 43 8 29 13 34 33 3 19 45 35 
53 23 18 56 55 54 63 50 8 43 44 45 22 39 19 41 15 14 36 13 34 33 31 9 62 27 24 25 26 58 59 60 42 1 6 40 57 4 16 38 37 35 2 52 10 28 29 49 46 47 48 64 5 20 7 17 3 11 12 30 51 61 21 32 
54 60 19 37 13 63 33 49 25 64 23 44 7 40 41 4 3 56 14 34 35 53 52 51 50 62 46 26 48 43 58 45 21 22 1 57 17 18 15 16 36 55 11 10 30 9 28 27 47 61 8 59 42 5 6 39 38 12 32 31 29 24 20 2 
55 59 39 15 63 13 34 29 47 23 64 43 42 41 40 57 36 16 38 33 53 35 12 50 51 9 8 61 24 44 45 58 6 5 20 4 18 17 37 56 3 54 31 32 2 62 27 28 25 26 46 60 7 22 21 19 14 52 10 11 49 48 1 30 
56 25 22 53 15 14 36 52 60 46 26 48 18 42 1 6 55 54 63 16 38 37 49 11 10 30 64 23 44 47 61 8 39 19 41 5 20 7 13 34 33 3 51 50 62 12 32 31 43 58 45 24 40 57 4 21 35 9 28 27 2 59 17 29 
57 27 63 20 18 17 39 43 10 29 49 50 36 34 33 53 22 21 42 19 41 40 24 45 58 59 12 30 31 51 9 62 38 37 56 35 55 54 1 6 5 4 26 46 47 60 23 64 32 2 52 28 3 15 14 13 7 48 8 61 44 11 16 25 
58 13 28 61 60 59 64 40 3 33 34 35 32 49 29 51 25 24 46 23 44 43 21 4 57 17 14 15 16 53 54 55 52 2 11 50 62 9 26 48 47 45 1 42 5 18 19 39 36 37 38 63 10 30 12 27 8 6 7 20 41 56 31 22 
59 55 29 47 23 64 43 39 15 63 13 34 12 50 51 9 8 61 24 44 45 58 42 41 40 57 36 16 38 33 53 35 31 32 2 62 27 28 25 26 46 60 6 5 20 4 18 17 37 56 3 54 52 10 11 49 48 7 22 21 19 14 30 1 
60 54 49 25 64 23 44 19 37 13 63 33 52 51 50 62 46 26 48 43 58 45 7 40 41 4 3 56 14 34 35 53 11 10 30 9 28 27 47 61 8 59 21 22 1 57 17 18 15 16 36 55 12 32 31 29 24 42 5 6 39 38 2 20 
61 15 32 58 25 24 46 42 55 36 16 38 28 52 2 11 60 59 64 26 48 47 39 6 5 20 63 13 34 37 56 3 49 29 51 10 30 12 23 44 43 8 41 40 57 7 22 21 33 53 35 14 50 62 9 31 45 4 18 17 1 54 27 19 
62 17 64 30 28 27 49 33 5 19 39 40 46 44 43 58 32 31 52 29 51 50 14 35 53 54 7 20 21 41 4 57 48 47 61 45 60 59 2 11 10 9 16 36 37 55 13 63 22 1 42 18 8 25 24 23 12 38 3 56 34 6 26 15 
63 45 41 36 34 33 53 27 26 59 60 23 6 57 4 18 38 37 56 35 55 54 10 29 49 50 47 48 8 64 43 44 20 7 22 17 39 19 3 15 14 13 12 30 31 51 9 62 61 24 25 58 21 42 1 40 16 32 2 52 28 46 5 11 
64 35 51 46 44 43 58 17 16 54 55 13 11 62 9 28 48 47 61 45 60 59 5 19 39 40 37 38 3 63 33 34 30 12 32 27 49 29 8 25 24 23 7 20 21 41 4 57 56 14 15 53 31 52 2 50 26 22 1 42 18 36 10 6 
1
0 1 

1 4 
1 
7 
20 
42 
2 8 
1 7 
1 20 
1 42 
5 21 
6 22 
7 20 
7 42 
20 42 
3 12 
1 5 21 
1 6 22 
1 7 20 
1 7 42 
1 20 42 
5 7 21 
5 20 21 
5 21 42 
6 7 22 
6 20 22 
6 22 42 
7 20 42 
4 14 
1 5 7 21 
1 5 20 21 
1 5 21 42 
1 6 7 22 
1 6 20 22 
1 6 22 42 
1 7 20 42 
5 6 21 22 
5 7 20 21 
5 7 21 42 
5 20 21 42 
6 7 20 22 
6 7 22 42 
6 20 22 42 
5 12 
1 5 6 21 22 
1 5 7 20 21 
1 5 7 21 42 
1 5 20 21 42 
1 6 7 20 22 
1 6 7 22 42 
1 6 20 22 42 
5 6 7 21 22 
5 6 20 21 22 
5 6 21 22 42 
5 7 20 21 42 
6 7 20 22 42 
6 8 
1 5 6 7 21 22 
1 5 6 20 21 22 
1 5 6 21 22 42 
1 5 7 20 21 42 
1 6 7 20 22 42 
5 6 7 20 21 22 
5 6 7 21 22 42 
5 6 20 21 22 42 
7 4 
1 5 6 7 20 21 22 
1 5 6 7 21 22 42 
1 5 6 20 21 22 42 
5 6 7 20 21 22 42 
8 1 
1 5 6 7 20 21 22 42 
2
0 1 

1 8 
2 
10 
11 
12 
30 
31 
32 
52 
2 28 
2 10 
2 11 
2 12 
2 30 
2 31 
2 32 
2 52 
10 11 
10 12 
10 30 
10 31 
10 32 
10 52 
11 12 
11 30 
11 31 
11 32 
11 52 
12 30 
12 31 
12 32 
12 52 
30 31 
30 32 
30 52 
31 32 
31 52 
32 52 
3 56 
2 10 11 
2 10 12 
2 10 30 
2 10 31 
2 10 32 
2 10 52 
2 11 12 
2 11 30 
2 11 31 
2 11 32 
2 11 52 
2 12 30 
2 12 31 
2 12 32 
2 12 52 
2 30 31 
2 30 32 
2 30 52 
2 31 32 
2 31 52 
2 32 52 
10 11 12 
10 11 30 
10 11 31 
10 11 32 
10 11 52 
10 12 30 
10 12 31 
10 12 32 
10 12 52 
10 30 31 
10 30 32 
10 30 52 
10 31 32 
10 31 52 
10 32 52 
11 12 30 
11 12 31 
11 12 32 
11 12 52 
11 30 31 
11 30 32 
11 30 52 
11 31 32 
11 31 52 
11 32 52 
12 30 31 
12 30 32 
12 30 52 
12 31 32 
12 31 52 
12 32 52 
30 31 32 
30 31 52 
30 32 52 
31 32 52 
4 70 
2 10 11 12 
2 10 11 30 
2 10 11 31 
2 10 11 32 
2 10 11 52 
2 10 12 30 
2 10 12 31 
2 10 12 32 
2 10 12 52 
2 10 30 31 
2 10 30 32 
2 10 30 52 
2 10 31 32 
2 10 31 52 
2 10 32 52 
2 11 12 30 
2 11 12 31 
2 11 12 32 
2 11 12 52 
2 11 30 31 
2 11 30 32 
2 11 30 52 
2 11 31 32 
2 11 31 52 
2 11 32 52 
2 12 30 31 
2 12 30 32 
2 12 30 52 
2 12 31 32 
2 12 31 52 
2 12 32 52 
2 30 31 32 
2 30 31 52 
2 30 32 52 
2 31 32 52 
10 11 12 30 
10 11 12 31 
10 11 12 32 
10 11 12 52 
10 11 30 31 
10 11 30 32 
10 11 30 52 
10 11 31 32 
10 11 31 52 
10 11 32 52 
10 12 30 31 
10 12 30 32 
10 12 30 52 
10 12 31 32 
10 12 31 52 
10 12 32 52 
10 30 31 32 
10 30 31 52 
10 30 32 52 
10 31 32 52 
11 12 30 31 
11 12 30 32 
11 12 30 52 
11 12 31 32 
11 12 31 52 
11 12 32 52 
11 30 31 32 
11 30 31 52 
11 30 32 52 
11 31 32 52 
12 30 31 32 
12 30 31 52 
12 30 32 52 
12 31 32 52 
30 31 32 52 
5 56 
2 10 11 12 30 
2 10 11 12 31 
2 10 11 12 32 
2 10 11 12 52 
2 10 11 30 31 
2 10 11 30 32 
2 10 11 30 52 
2 10 11 31 32 
2 10 11 31 52 
2 10 11 32 52 
2 10 12 30 31 
2 10 12 30 32 
2 10 12 30 52 
2 10 12 31 32 
2 10 12 31 52 
2 10 12 32 52 
2 10 30 31 32 
2 10 30 31 52 
2 10 30 32 52 
2 10 31 32 52 
2 11 12 30 31 
2 11 12 30 32 
2 11 12 30 52 
2 11 12 31 32 
2 11 12 31 52 
2 11 12 32 52 
2 11 30 31 32 
2 11 30 31 52 
2 11 30 32 52 
2 11 31 32 52 
2 12 30 31 32 
2 12 30 31 52 
2 12 30 32 52 
2 12 31 32 52 
2 30 31 32 52 
10 11 12 30 31 
10 11 12 30 32 
10 11 12 30 52 
10 11 12 31 32 
10 11 12 31 52 
10 11 12 32 52 
10 11 30 31 32 
10 11 30 31 52 
10 11 30 32 52 
10 11 31 32 52 
10 12 30 31 32 
10 12 30 31 52 
10 12 30 32 52 
10 12 31 32 52 
10 30 31 32 52 
11 12 30 31 32 
11 12 30 31 52 
11 12 30 32 52 
11 12 31 32 52 
11 30 31 32 52 
12 30 31 32 52 
6 28 
2 10 11 12 30 31 
2 10 11 12 30 32 
2 10 11 12 30 52 
2 10 11 12 31 32 
2 10 11 12 31 52 
2 10 11 12 32 52 
2 10 11 30 31 32 
2 10 11 30 31 52 
2 10 11 30 32 52 
2 10 11 31 32 52 
2 10 12 30 31 32 
2 10 12 30 31 52 
2 10 12 30 32 52 
2 10 12 31 32 52 
2 10 30 31 32 52 
2 11 12 30 31 32 
2 11 12 30 31 52 
2 11 12 30 32 52 
2 11 12 31 32 52 
2 11 30 31 32 52 
2 12 30 31 32 52 
10 11 12 30 31 32 
10 11 12 30 31 52 
10 11 12 30 32 52 
10 11 12 31 32 52 
10 11 30 31 32 52 
10 12 30 31 32 52 
11 12 30 31 32 52 
7 8 
2 10 11 12 30 31 32 
2 10 11 12 30 31 52 
2 10 11 12 30 32 52 
2 10 11 12 31 32 52 
2 10 11 30 31 32 52 
2 10 12 30 31 32 52 
2 11 12 30 31 32 52 
10 11 12 30 31 32 52 
8 1 
2 10 11 12 30 31 32 52 
3
0 1 

1 1 

2 4 
3 14 
15 56 
16 37 
36 38 
3 1 

4 6 
3 14 15 56 
3 14 16 37 
3 14 36 38 
15 16 37 56 
15 36 38 56 
16 36 37 38 
5 1 

6 4 
3 14 15 16 37 56 
3 14 15 36 38 56 
3 14 16 36 37 38 
15 16 36 37 38 56 
7 1 

8 1 
3 14 15 16 36 37 38 56 
4
0 1 

1 4 
4 
18 
19 
41 
2 8 
4 18 
4 19 
4 41 
17 40 
18 19 
18 41 
19 41 
39 57 
3 12 
4 17 40 
4 18 19 
4 18 41 
4 19 41 
4 39 57 
17 18 40 
17 19 40 
17 40 41 
18 19 41 
18 39 57 
19 39 57 
39 41 57 
4 14 
4 17 18 40 
4 17 19 40 
4 17 40 41 
4 18 19 41 
4 18 39 57 
4 19 39 57 
4 39 41 57 
17 18 19 40 
17 18 40 41 
17 19 40 41 
17 39 40 57 
18 19 39 57 
18 39 41 57 
19 39 41 57 
5 12 
4 17 18 19 40 
4 17 18 40 41 
4 17 19 40 41 
4 17 39 40 57 
4 18 19 39 57 
4 18 39 41 57 
4 19 39 41 57 
17 18 19 40 41 
17 18 39 40 57 
17 19 39 40 57 
17 39 40 41 57 
18 19 39 41 57 
6 8 
4 17 18 19 40 41 
4 17 18 39 40 57 
4 17 19 39 40 57 
4 17 39 40 41 57 
4 18 19 39 41 57 
17 18 19 39 40 57 
17 18 39 40 41 57 
17 19 39 40 41 57 
7 4 
4 17 18 19 39 40 57 
4 17 18 39 40 41 57 
4 17 19 39 40 41 57 
17 18 19 39 40 41 57 
8 1 
4 17 18 19 39 40 41 57 
5
0 1 

1 8 
8 
24 
25 
26 
46 
47 
48 
61 
2 28 
8 24 
8 25 
8 26 
8 46 
8 47 
8 48 
8 61 
24 25 
24 26 
24 46 
24 47 
24 48 
24 61 
25 26 
25 46 
25 47 
25 48 
25 61 
26 46 
26 47 
26 48 
26 61 
46 47 
46 48 
46 61 
47 48 
47 61 
48 61 
3 56 
8 24 25 
8 24 26 
8 24 46 
8 24 47 
8 24 48 
8 24 61 
8 25 26 
8 25 46 
8 25 47 
8 25 48 
8 25 61 
8 26 46 
8 26 47 
8 26 48 
8 26 61 
8 46 47 
8 46 48 
8 46 61 
8 47 48 
8 47 61 
8 48 61 
24 25 26 
24 25 46 
24 25 47 
24 25 48 
24 25 61 
24 26 46 
24 26 47 
24 26 48 
24 26 61 
24 46 47 
24 46 48 
24 46 61 
24 47 48 
24 47 61 
24 48 61 
25 26 46 
25 26 47 
25 26 48 
25 26 61 
25 46 47 
25 46 48 
25 46 61 
25 47 48 
25 47 61 
25 48 61 
26 46 47 
26 46 48 
26 46 61 
26 47 48 
26 47 61 
26 48 61 
46 47 48 
46 47 61 
46 48 61 
47 48 61 
4 70 
8 24 25 26 
8 24 25 46 
8 24 25 47 
8 24 25 48 
8 24 25 61 
8 24 26 46 
8 24 26 47 
8 24 26 48 
8 24 26 61 
8 24 46 47 
8 24 46 48 
8 24 46 61 
8 24 47 48 
8 24 47 61 
8 24 48 61 
8 25 26 46 
8 25 26 47 
8 25 26 48 
8 25 26 61 
8 25 46 47 
8 25 46 48 
8 25 46 61 
8 25 47 48 
8 25 47 61 
8 25 48 61 
8 26 46 47 
8 26 46 48 
8 26 46 61 
8 26 47 48 
8 26 47 61 
8 26 48 61 
8 46 47 48 
8 46 47 61 
8 46 48 61 
8 47 48 61 
24 25 26 46 
24 25 26 47 
24 25 26 48 
24 25 26 61 
24 25 46 47 
24 25 46 48 
24 25 46 61 
24 25 47 48 
24 25 47 61 
24 25 48 61 
24 26 46 47 
24 26 46 48 
24 26 46 61 
24 26 47 48 
24 26 47 61 
24 26 48 61 
24 46 47 48 
24 46 47 61 
24 46 48 61 
24 47 48 61 
25 26 46 47 
25 26 46 48 
25 26 46 61 
25 26 47 48 
25 26 47 61 
25 26 48 61 
25 46 47 48 
25 46 47 61 
25 46 48 61 
25 47 48 61 
26 46 47 48 
26 46 47 61 
26 46 48 61 
26 47 48 61 
46 47 48 61 
5 56 
8 24 25 26 46 
8 24 25 26 47 
8 24 25 26 48 
8 24 25 26 61 
8 24 25 46 47 
8 24 25 46 48 
8 24 25 46 61 
8 24 25 47 48 
8 24 25 47 61 
8 24 25 48 61 
8 24 26 46 47 
8 24 26 46 48 
8 24 26 46 61 
8 24 26 47 48 
8 24 26 47 61 
8 24 26 48 61 
8 24 46 47 48 
8 24 46 47 61 
8 24 46 48 61 
8 24 47 48 61 
8 25 26 46 47 
8 25 26 46 48 
8 25 26 46 61 
8 25 26 47 48 
8 25 26 47 61 
8 25 26 48 61 
8 25 46 47 48 
8 25 46 47 61 
8 25 46 48 61 
8 25 47 48 61 
8 26 46 47 48 
8 26 46 47 61 
8 26 46 48 61 
8 26 47 48 61 
8 46 47 48 61 
24 25 26 46 47 
24 25 26 46 48 
24 25 26 46 61 
24 25 26 47 48 
24 25 26 47 61 
24 25 26 48 61 
24 25 46 47 48 
24 25 46 47 61 
24 25 46 48 61 
24 25 47 48 61 
24 26 46 47 48 
24 26 46 47 61 
24 26 46 48 61 
24 26 47 48 61 
24 46 47 48 61 
25 26 46 47 48 
25 26 46 47 61 
25 26 46 48 61 
25 26 47 48 61 
25 46 47 48 61 
26 46 47 48 61 
6 28 
8 24 25 26 46 47 
8 24 25 26 46 48 
8 24 25 26 46 61 
8 24 25 26 47 48 
8 24 25 26 47 61 
8 24 25 26 48 61 
8 24 25 46 47 48 
8 24 25 46 47 61 
8 24 25 46 48 61 
8 24 25 47 48 61 
8 24 26 46 47 48 
8 24 26 46 47 61 
8 24 26 46 48 61 
8 24 26 47 48 61 
8 24 46 47 48 61 
8 25 26 46 47 48 
8 25 26 46 47 61 
8 25 26 46 48 61 
8 25 26 47 48 61 
8 25 46 47 48 61 
8 26 46 47 48 61 
24 25 26 46 47 48 
24 25 26 46 47 61 
24 25 26 46 48 61 
24 25 26 47 48 61 
24 25 46 47 48 61 
24 26 46 47 48 61 
25 26 46 47 48 61 
7 8 
8 24 25 26 46 47 48 
8 24 25 26 46 47 61 
8 24 25 26 46 48 61 
8 24 25 26 47 48 61 
8 24 25 46 47 48 61 
8 24 26 46 47 48 61 
8 25 26 46 47 48 61 
24 25 26 46 47 48 61 
8 1 
8 24 25 26 46 47 48 61 
6
0 1 

1 1 

2 4 
9 28 
27 49 
29 51 
50 62 
3 1 

4 6 
9 27 28 49 
9 28 29 51 
9 28 50 62 
27 29 49 51 
27 49 50 62 
29 50 51 62 
5 1 

6 4 
9 27 28 29 49 51 
9 27 28 49 50 62 
9 28 29 50 51 62 
27 29 49 50 51 62 
7 1 

8 1 
9 27 28 29 49 50 51 62 
7
0 1 

1 1 

2 4 
13 33 
34 53 
35 54 
55 63 
3 1 

4 6 
13 33 34 53 
13 33 35 54 
13 33 55 63 
34 35 53 54 
34 53 55 63 
35 54 55 63 
5 1 

6 4 
13 33 34 35 53 54 
13 33 34 53 55 63 
13 33 35 54 55 63 
34 35 53 54 55 63 
7 1 

8 1 
13 33 34 35 53 54 55 63 
8
0 1 

1 1 

2 4 
23 44 
43 58 
45 60 
59 64 
3 1 

4 6 
23 43 44 58 
23 44 45 60 
23 44 59 64 
43 45 58 60 
43 58 59 64 
45 59 60 64 
5 1 

6 4 
23 43 44 45 58 60 
23 43 44 58 59 64 
23 44 45 59 60 64 
43 45 58 59 60 64 
7 1 

8 1 
23 43 44 45 58 59 60 64 
