//Table for grp 235:
57
0 0 2 2 4 4 2 4 
0 0 2 4 4 2 4 2 
0 0 4 2 2 4 4 2 
0 0 4 4 2 2 2 4 
0 2 0 2 4 2 4 4 
0 2 0 4 4 4 2 2 
0 2 2 0 2 4 4 4 
0 2 2 2 2 2 2 6 
0 2 2 2 2 2 6 2 
0 2 2 2 2 6 2 2 
0 2 2 2 6 2 2 2 
0 2 2 4 2 0 4 4 
0 2 2 4 2 4 0 4 
0 2 2 4 2 4 4 0 
0 2 2 6 2 2 2 2 
0 2 4 0 4 4 2 2 
0 2 4 2 0 2 4 4 
0 2 4 2 4 2 0 4 
0 2 4 2 4 2 4 0 
0 2 4 4 0 4 2 2 
0 2 4 4 4 0 2 2 
0 2 6 2 2 2 2 2 
0 4 0 2 2 4 4 2 
0 4 0 4 2 2 2 4 
0 4 2 0 4 2 4 2 
0 4 2 2 0 4 2 4 
0 4 2 2 4 0 2 4 
0 4 2 2 4 4 2 0 
0 4 2 4 0 2 4 2 
0 4 2 4 4 2 0 2 
0 4 4 0 2 2 2 4 
0 4 4 2 2 0 4 2 
0 4 4 2 2 4 0 2 
0 4 4 4 2 2 2 0 
0 6 2 2 2 2 2 2 
2 0 2 2 2 2 4 4 
2 0 2 4 2 4 2 2 
2 0 4 2 4 2 2 2 
2 2 0 2 2 4 2 4 
2 2 0 4 2 2 4 2 
2 2 2 0 4 2 2 4 
2 2 2 2 0 4 4 2 
2 2 2 2 4 0 4 2 
2 2 2 2 4 4 0 2 
2 2 2 4 0 2 2 4 
2 2 2 4 4 2 2 0 
2 2 4 0 2 2 4 2 
2 2 4 2 2 0 2 4 
2 2 4 2 2 4 2 0 
2 2 4 4 2 2 0 2 
2 4 0 2 4 2 2 2 
2 4 2 0 2 4 2 2 
2 4 2 2 2 2 0 4 
2 4 2 2 2 2 4 0 
2 4 2 4 2 0 2 2 
2 4 4 2 0 2 2 2 
4 2 2 2 2 2 2 2 
1 2 3 4 5 6 7 8 9 10 11 12 13 14 15 16 17 18 19 20 21 22 23 24 25 26 27 28 29 30 31 32 33 34 35 36 37 38 39 40 41 42 43 44 45 46 47 48 49 50 51 52 53 54 55 56 57 58 59 60 61 62 63 64 
2 6 8 9 10 11 12 15 18 20 1 22 23 24 25 26 27 28 29 30 31 32 34 36 3 38 39 4 41 5 42 7 43 44 45 46 47 48 49 50 51 52 53 13 55 14 56 16 17 57 19 21 58 59 60 61 62 33 63 35 37 40 64 54 
3 25 22 13 14 15 16 12 44 46 8 48 41 42 7 6 33 34 35 36 37 38 29 31 32 2 58 23 60 24 61 26 57 19 18 21 20 1 53 54 55 56 50 51 9 52 10 11 43 64 45 47 40 39 4 5 63 62 27 28 30 59 17 49 
4 29 13 1 17 18 19 45 12 50 51 9 3 33 34 35 5 6 7 39 40 41 26 59 60 23 31 32 2 62 27 28 14 15 16 53 54 55 20 21 22 57 47 48 8 64 43 44 52 10 11 49 36 37 38 63 42 61 24 25 58 30 56 46 
5 10 36 17 6 20 21 46 27 11 30 31 53 3 14 56 18 39 40 1 22 42 58 8 24 61 28 49 50 2 32 52 13 33 63 15 16 37 4 41 57 7 23 43 64 25 26 47 9 51 62 12 34 35 54 38 19 44 45 59 48 29 55 60 
6 11 15 18 20 1 22 25 28 30 2 32 34 36 3 38 39 4 41 5 42 7 44 46 8 48 49 9 51 10 52 12 53 13 55 14 56 16 17 57 19 21 58 23 60 24 61 26 27 62 29 31 33 63 35 37 40 43 64 45 47 50 54 59 
7 12 16 19 21 22 1 26 29 31 32 2 35 37 38 3 40 41 4 42 5 6 45 47 48 8 50 51 9 52 10 11 54 55 13 56 14 15 57 17 18 20 59 60 23 61 24 25 62 27 28 30 63 33 34 36 39 64 43 44 46 49 53 58 
8 3 32 23 24 25 26 22 13 14 15 16 51 52 12 11 43 44 45 46 47 48 41 42 7 6 33 34 35 36 37 38 62 29 28 31 30 2 58 59 60 61 57 19 18 21 20 1 53 54 55 56 50 49 9 10 64 40 39 4 5 63 27 17 
9 41 23 2 27 28 29 55 22 57 19 18 8 43 44 45 10 11 12 49 50 51 38 63 35 34 42 7 6 40 39 4 24 25 26 58 59 60 30 31 32 62 56 16 15 54 53 13 21 20 1 17 46 47 48 64 52 37 36 3 33 5 61 14 
10 20 46 27 11 30 31 14 39 1 5 42 58 8 24 61 28 49 50 2 32 52 33 15 36 37 4 17 57 6 7 21 23 43 64 25 26 47 9 51 62 12 34 53 54 3 38 56 18 19 40 22 44 45 59 48 29 13 55 63 16 41 60 35 
11 1 25 28 30 2 32 3 4 5 6 7 44 46 8 48 49 9 51 10 52 12 13 14 15 16 17 18 19 20 21 22 58 23 60 24 61 26 27 62 29 31 33 34 35 36 37 38 39 40 41 42 43 64 45 47 50 53 54 55 56 57 59 63 
12 22 26 29 31 32 2 38 41 42 7 6 45 47 48 8 50 51 9 52 10 11 55 56 16 15 57 19 18 21 20 1 59 60 23 61 24 25 62 27 28 30 63 35 34 37 36 3 40 39 4 5 64 43 44 46 49 54 53 13 14 17 58 33 
13 60 41 3 33 34 35 9 48 64 45 44 22 57 19 18 14 15 16 53 54 55 2 27 28 29 61 26 25 59 58 23 42 7 6 40 39 4 36 37 38 63 10 11 12 49 50 51 47 46 8 43 21 20 1 17 56 30 31 32 62 24 5 52 
14 46 21 33 15 36 37 52 58 8 24 61 40 22 42 5 34 53 54 3 38 56 62 12 31 30 23 43 64 25 26 47 41 57 17 7 6 20 13 55 63 16 29 50 49 32 2 10 44 45 59 48 19 18 39 1 35 51 9 27 11 60 4 28 
15 8 7 34 36 3 38 32 23 24 25 26 19 21 22 1 53 13 55 14 56 16 51 52 12 11 43 44 45 46 47 48 40 41 4 42 5 6 33 63 35 37 62 29 28 31 30 2 58 59 60 61 57 17 18 20 54 50 49 9 10 64 39 27 
16 48 6 35 37 38 3 2 60 61 26 25 18 20 1 22 54 55 13 56 14 15 9 10 11 12 64 45 44 47 46 8 39 4 41 5 42 7 63 33 34 36 27 28 29 30 31 32 59 58 23 24 17 57 19 21 53 49 50 51 52 43 40 62 
17 50 53 5 18 39 40 64 31 51 62 27 36 13 33 63 6 20 21 4 41 57 61 45 59 58 32 52 10 29 28 49 3 14 56 34 35 54 1 22 42 19 26 47 46 60 23 43 12 11 30 9 15 16 37 55 7 48 8 24 44 2 38 25 
18 51 34 6 39 4 41 60 32 62 29 28 15 53 13 55 20 1 22 17 57 19 48 64 45 44 52 12 11 50 49 9 36 3 38 33 63 35 5 42 7 40 61 26 25 59 58 23 31 30 2 27 14 56 16 54 21 47 46 8 43 10 37 24 
19 9 35 7 40 41 4 23 2 27 28 29 16 54 55 13 21 22 1 57 17 18 8 43 44 45 10 11 12 49 50 51 37 38 3 63 33 34 42 5 6 39 24 25 26 58 59 60 30 31 32 62 56 14 15 53 20 46 47 48 64 52 36 61 
20 30 14 39 1 5 42 24 49 2 10 52 33 15 36 37 4 17 57 6 7 21 43 25 46 47 9 27 62 11 12 31 34 53 54 3 38 56 18 19 40 22 44 58 59 8 48 61 28 29 50 32 13 55 63 16 41 23 60 64 26 51 35 45 
21 31 56 40 22 42 5 61 50 32 52 10 63 16 37 36 41 57 17 7 6 20 64 26 47 46 51 62 27 12 11 30 35 54 53 38 3 14 19 18 39 1 45 59 58 48 8 24 29 28 49 2 55 13 33 15 4 60 23 43 25 9 34 44 
22 32 38 41 42 7 6 48 51 52 12 11 55 56 16 15 57 19 18 21 20 1 60 61 26 25 62 29 28 31 30 2 63 35 34 37 36 3 40 39 4 5 64 45 44 47 46 8 50 49 9 10 54 53 13 14 17 59 58 23 24 27 33 43 
23 35 51 8 43 44 45 18 16 54 55 13 32 62 29 28 24 25 26 58 59 60 6 39 4 41 37 38 3 63 33 34 52 12 11 50 49 9 46 47 48 64 20 1 22 17 57 19 56 14 15 53 31 30 2 27 61 5 42 7 40 36 10 21 
24 14 31 43 25 46 47 21 33 15 36 37 50 32 52 10 44 58 59 8 48 61 40 22 42 5 34 53 54 3 38 56 51 62 27 12 11 30 23 60 64 26 41 57 17 7 6 20 13 55 63 16 29 28 49 2 45 19 18 39 1 35 9 4 
25 15 12 44 46 8 48 7 34 36 3 38 29 31 32 2 58 23 60 24 61 26 19 21 22 1 53 13 55 14 56 16 50 51 9 52 10 11 43 64 45 47 40 41 4 42 5 6 33 63 35 37 62 27 28 30 59 57 17 18 20 54 49 39 
26 16 11 45 47 48 8 6 35 37 38 3 28 30 2 32 59 60 23 61 24 25 18 20 1 22 54 55 13 56 14 15 49 9 51 10 52 12 64 43 44 46 39 4 41 5 42 7 63 33 34 36 27 62 29 31 58 17 57 19 21 53 50 40 
27 57 58 10 28 49 50 54 42 19 40 39 46 23 43 64 11 30 31 9 51 62 37 55 63 33 7 21 20 41 4 17 8 24 61 44 45 59 2 32 52 29 38 56 14 35 34 53 22 1 5 18 25 26 47 60 12 16 15 36 13 6 48 3 
28 19 44 11 49 9 51 35 7 40 41 4 25 58 23 60 30 2 32 27 62 29 16 54 55 13 21 22 1 57 17 18 46 8 48 43 64 45 10 52 12 50 37 38 3 63 33 34 42 5 6 39 24 61 26 59 31 56 14 15 53 20 47 36 
29 18 45 12 50 51 9 34 6 39 4 41 26 59 60 23 31 32 2 62 27 28 15 53 13 55 20 1 22 17 57 19 47 48 8 64 43 44 52 10 11 49 36 3 38 33 63 35 5 42 7 40 61 24 25 58 30 14 56 16 54 21 46 37 
30 5 24 49 2 10 52 36 17 6 20 21 43 25 46 47 9 27 62 11 12 31 53 3 14 56 18 39 40 1 22 42 44 58 59 8 48 61 28 29 50 32 13 33 63 15 16 37 4 41 57 7 23 60 64 26 51 34 35 54 38 19 45 55 
31 42 61 50 32 52 10 37 57 7 21 20 64 26 47 46 51 62 27 12 11 30 54 38 56 14 19 40 39 22 1 5 45 59 58 48 8 24 29 28 49 2 55 63 33 16 15 36 41 4 17 6 60 23 43 25 9 35 34 53 3 18 44 13 
32 7 48 51 52 12 11 16 19 21 22 1 60 61 26 25 62 29 28 31 30 2 35 37 38 3 40 41 4 42 5 6 64 45 44 47 46 8 50 49 9 10 54 55 13 56 14 15 57 17 18 20 59 58 23 24 27 63 33 34 36 39 43 53 
33 64 40 14 34 53 54 49 61 45 59 58 21 41 57 17 15 36 37 13 55 63 30 9 27 62 26 47 46 60 23 43 22 42 5 19 18 39 3 38 56 35 2 10 52 28 29 50 48 8 24 44 7 6 20 4 16 11 12 31 51 25 1 32 
34 45 19 15 53 13 55 28 26 59 60 23 7 40 41 4 36 3 38 33 63 35 11 49 9 51 47 48 8 64 43 44 21 22 1 57 17 18 14 56 16 54 30 2 32 27 62 29 61 24 25 58 42 5 6 39 37 10 52 12 50 46 20 31 
35 44 18 16 54 55 13 29 25 58 23 60 6 39 4 41 37 38 3 63 33 34 12 50 51 9 46 8 48 43 64 45 20 1 22 17 57 19 56 14 15 53 31 32 2 62 27 28 24 61 26 59 5 42 7 40 36 52 10 11 49 47 21 30 
36 24 42 53 3 14 56 31 43 25 46 47 57 7 21 20 13 33 63 15 16 37 50 32 52 10 44 58 59 8 48 61 19 40 39 22 1 5 34 35 54 38 51 62 27 12 11 30 23 60 64 26 41 4 17 6 55 29 28 49 2 45 18 9 
37 61 5 54 38 56 14 30 64 26 47 46 17 6 20 21 55 63 33 16 15 36 49 2 10 52 45 59 58 48 8 24 18 39 40 1 22 42 35 34 53 3 9 27 62 11 12 31 60 23 43 25 4 41 57 7 13 28 29 50 32 44 19 51 
38 26 1 55 56 16 15 11 45 47 48 8 4 5 6 7 63 35 34 37 36 3 28 30 2 32 59 60 23 61 24 25 17 18 19 20 21 22 54 53 13 14 49 9 51 10 52 12 64 43 44 46 39 40 41 42 33 27 62 29 31 58 57 50 
39 62 33 20 4 17 57 59 52 29 50 49 14 34 53 54 1 5 42 18 19 40 47 60 64 43 12 31 30 51 9 27 15 36 37 13 55 63 6 7 21 41 48 61 24 45 44 58 32 2 10 28 3 38 56 35 22 26 25 46 23 11 16 8 
40 27 63 21 41 57 17 58 10 28 49 50 56 35 54 53 22 42 5 19 18 39 46 23 43 64 11 30 31 9 51 62 16 37 36 55 13 33 7 6 20 4 8 24 61 44 45 59 2 32 52 29 38 3 14 34 1 25 26 47 60 12 15 48 
41 28 55 22 57 19 18 44 11 49 9 51 38 63 35 34 42 7 6 40 39 4 25 58 23 60 30 2 32 27 62 29 56 16 15 54 53 13 21 20 1 17 46 8 48 43 64 45 10 52 12 50 37 36 3 33 5 24 61 26 59 31 14 47 
42 52 37 57 7 21 20 47 62 12 31 30 54 38 56 14 19 40 39 22 1 5 59 48 61 24 29 50 49 32 2 10 55 63 33 16 15 36 41 4 17 6 60 64 43 26 25 46 51 9 27 11 35 34 53 3 18 45 44 58 8 28 13 23 
43 54 50 24 44 58 59 17 37 55 63 33 31 51 62 27 25 46 47 23 60 64 5 18 39 40 38 56 14 35 34 53 32 52 10 29 28 49 8 48 61 45 6 20 21 4 41 57 16 15 36 13 12 11 30 9 26 1 22 42 19 3 2 7 
44 55 29 25 58 23 60 4 38 63 35 34 12 50 51 9 46 8 48 43 64 45 1 17 18 19 56 16 15 54 53 13 31 32 2 62 27 28 24 61 26 59 5 6 7 39 40 41 37 36 3 33 52 10 11 49 47 20 21 22 57 14 30 42 
45 13 28 26 59 60 23 41 3 33 34 35 11 49 9 51 47 48 8 64 43 44 22 57 19 18 14 15 16 53 54 55 30 2 32 27 62 29 61 24 25 58 42 7 6 40 39 4 36 37 38 63 10 52 12 50 46 21 20 1 17 56 31 5 
46 36 52 58 8 24 61 42 53 3 14 56 62 12 31 30 23 43 64 25 26 47 57 7 21 20 13 33 63 15 16 37 29 50 49 32 2 10 44 45 59 48 19 40 39 22 1 5 34 35 54 38 51 9 27 11 60 41 4 17 6 55 28 18 
47 37 10 59 48 61 24 5 54 38 56 14 27 11 30 31 60 64 43 26 25 46 17 6 20 21 55 63 33 16 15 36 28 49 50 2 32 52 45 44 58 8 18 39 40 1 22 42 35 34 53 3 9 51 62 12 23 4 41 57 7 13 29 19 
48 38 2 60 61 26 25 1 55 56 16 15 9 10 11 12 64 45 44 47 46 8 4 5 6 7 63 35 34 37 36 3 27 28 29 30 31 32 59 58 23 24 17 18 19 20 21 22 54 53 13 14 49 50 51 52 43 39 40 41 42 33 62 57 
49 40 43 30 9 27 62 63 21 41 57 17 24 44 58 59 2 10 52 28 29 50 56 35 54 53 22 42 5 19 18 39 25 46 47 23 60 64 11 12 31 51 16 37 36 55 13 33 7 6 20 4 8 48 61 45 32 38 3 14 34 1 26 15 
50 39 64 31 51 62 27 33 20 4 17 57 61 45 59 58 32 52 10 29 28 49 14 34 53 54 1 5 42 18 19 40 26 47 46 60 23 43 12 11 30 9 15 36 37 13 55 63 6 7 21 41 48 8 24 44 2 3 38 56 35 22 25 16 
51 4 60 32 62 29 28 13 1 17 18 19 48 64 45 44 52 12 11 50 49 9 3 33 34 35 5 6 7 39 40 41 61 26 25 59 58 23 31 30 2 27 14 15 16 53 54 55 20 21 22 57 47 46 8 43 10 36 37 38 63 42 24 56 
52 21 47 62 12 31 30 56 40 22 42 5 59 48 61 24 29 50 49 32 2 10 63 16 37 36 41 57 17 7 6 20 60 64 43 26 25 46 51 9 27 11 35 54 53 38 3 14 19 18 39 1 45 44 58 8 28 55 13 33 15 4 23 34 
53 59 57 36 13 33 63 27 47 60 64 43 42 19 40 39 3 14 56 34 35 54 10 28 49 50 48 61 24 45 44 58 7 21 20 41 4 17 15 16 37 55 11 30 31 9 51 62 26 25 46 23 22 1 5 18 38 2 32 52 29 8 6 12 
54 58 17 37 55 63 33 62 46 23 43 64 5 18 39 40 38 56 14 35 34 53 52 29 50 49 8 24 61 44 45 59 6 20 21 4 41 57 16 15 36 13 12 31 30 51 9 27 25 26 47 60 1 22 42 19 3 32 2 10 28 48 7 11 
55 23 4 38 63 35 34 51 8 43 44 45 1 17 18 19 56 16 15 54 53 13 32 62 29 28 24 25 26 58 59 60 5 6 7 39 40 41 37 36 3 33 52 12 11 50 49 9 46 47 48 64 20 21 22 57 14 31 30 2 27 61 42 10 
56 47 20 63 16 37 36 10 59 48 61 24 39 1 5 42 35 54 53 38 3 14 27 11 30 31 60 64 43 26 25 46 4 17 57 6 7 21 55 13 33 15 28 49 50 2 32 52 45 44 58 8 18 19 40 22 34 9 51 62 12 23 41 29 
57 49 54 42 19 40 39 43 30 9 27 62 37 55 63 33 7 21 20 41 4 17 24 44 58 59 2 10 52 28 29 50 38 56 14 35 34 53 22 1 5 18 25 46 47 23 60 64 11 12 31 51 16 15 36 13 6 8 48 61 45 32 3 26 
58 63 62 46 23 43 64 39 56 35 54 53 52 29 50 49 8 24 61 44 45 59 20 4 17 57 16 37 36 55 13 33 12 31 30 51 9 27 25 26 47 60 1 5 42 18 19 40 38 3 14 34 32 2 10 28 48 6 7 21 41 15 11 22 
59 33 27 47 60 64 43 40 14 34 53 54 10 28 49 50 48 61 24 45 44 58 21 41 57 17 15 36 37 13 55 63 11 30 31 9 51 62 26 25 46 23 22 42 5 19 18 39 3 38 56 35 2 32 52 29 8 7 6 20 4 16 12 1 
60 34 9 48 64 45 44 19 15 53 13 55 2 27 28 29 61 26 25 59 58 23 7 40 41 4 36 3 38 33 63 35 10 11 12 49 50 51 47 46 8 43 21 22 1 57 17 18 14 56 16 54 30 31 32 62 24 42 5 6 39 37 52 20 
61 56 30 64 26 47 46 20 63 16 37 36 49 2 10 52 45 59 58 48 8 24 39 1 5 42 35 54 53 38 3 14 9 27 62 11 12 31 60 23 43 25 4 17 57 6 7 21 55 13 33 15 28 29 50 32 44 18 19 40 22 34 51 41 
62 17 59 52 29 50 49 53 5 18 39 40 47 60 64 43 12 31 30 51 9 27 36 13 33 63 6 20 21 4 41 57 48 61 24 45 44 58 32 2 10 28 3 14 56 34 35 54 1 22 42 19 26 25 46 23 11 15 16 37 55 7 8 38 
63 43 39 56 35 54 53 50 24 44 58 59 20 4 17 57 16 37 36 55 13 33 31 51 62 27 25 46 47 23 60 64 1 5 42 18 19 40 38 3 14 34 32 52 10 29 28 49 8 48 61 45 6 7 21 41 15 12 11 30 9 26 22 2 
64 53 49 61 45 59 58 57 36 13 33 63 30 9 27 62 26 47 46 60 23 43 42 19 40 39 3 14 56 34 35 54 2 10 52 28 29 50 48 8 24 44 7 21 20 41 4 17 15 16 37 55 11 12 31 51 25 22 1 5 18 38 32 6 
1
0 1 

1 4 
1 
6 
7 
22 
2 8 
1 6 
1 7 
1 22 
5 20 
6 7 
6 22 
7 22 
21 42 
3 12 
1 5 20 
1 6 7 
1 6 22 
1 7 22 
1 21 42 
5 6 20 
5 7 20 
5 20 22 
6 7 22 
6 21 42 
7 21 42 
21 22 42 
4 14 
1 5 6 20 
1 5 7 20 
1 5 20 22 
1 6 7 22 
1 6 21 42 
1 7 21 42 
1 21 22 42 
5 6 7 20 
5 6 20 22 
5 7 20 22 
5 20 21 42 
6 7 21 42 
6 21 22 42 
7 21 22 42 
5 12 
1 5 6 7 20 
1 5 6 20 22 
1 5 7 20 22 
1 5 20 21 42 
1 6 7 21 42 
1 6 21 22 42 
1 7 21 22 42 
5 6 7 20 22 
5 6 20 21 42 
5 7 20 21 42 
5 20 21 22 42 
6 7 21 22 42 
6 8 
1 5 6 7 20 22 
1 5 6 20 21 42 
1 5 7 20 21 42 
1 5 20 21 22 42 
1 6 7 21 22 42 
5 6 7 20 21 42 
5 6 20 21 22 42 
5 7 20 21 22 42 
7 4 
1 5 6 7 20 21 42 
1 5 6 20 21 22 42 
1 5 7 20 21 22 42 
5 6 7 20 21 22 42 
8 1 
1 5 6 7 20 21 22 42 
2
0 1 

1 4 
10 
30 
31 
52 
2 8 
2 11 
10 30 
10 31 
10 52 
12 32 
30 31 
30 52 
31 52 
3 12 
2 10 11 
2 11 30 
2 11 31 
2 11 52 
10 12 32 
10 30 31 
10 30 52 
10 31 52 
12 30 32 
12 31 32 
12 32 52 
30 31 52 
4 14 
2 10 11 30 
2 10 11 31 
2 10 11 52 
2 11 12 32 
2 11 30 31 
2 11 30 52 
2 11 31 52 
10 12 30 32 
10 12 31 32 
10 12 32 52 
10 30 31 52 
12 30 31 32 
12 30 32 52 
12 31 32 52 
5 12 
2 10 11 12 32 
2 10 11 30 31 
2 10 11 30 52 
2 10 11 31 52 
2 11 12 30 32 
2 11 12 31 32 
2 11 12 32 52 
2 11 30 31 52 
10 12 30 31 32 
10 12 30 32 52 
10 12 31 32 52 
12 30 31 32 52 
6 8 
2 10 11 12 30 32 
2 10 11 12 31 32 
2 10 11 12 32 52 
2 10 11 30 31 52 
2 11 12 30 31 32 
2 11 12 30 32 52 
2 11 12 31 32 52 
10 12 30 31 32 52 
7 4 
2 10 11 12 30 31 32 
2 10 11 12 30 32 52 
2 10 11 12 31 32 52 
2 11 12 30 31 32 52 
8 1 
2 10 11 12 30 31 32 52 
3
0 1 

1 1 

2 4 
3 38 
14 56 
15 16 
36 37 
3 1 

4 6 
3 14 38 56 
3 15 16 38 
3 36 37 38 
14 15 16 56 
14 36 37 56 
15 16 36 37 
5 1 

6 4 
3 14 15 16 38 56 
3 14 36 37 38 56 
3 15 16 36 37 38 
14 15 16 36 37 56 
7 1 

8 1 
3 14 15 16 36 37 38 56 
4
0 1 

1 4 
4 
18 
19 
41 
2 8 
4 18 
4 19 
4 41 
17 39 
18 19 
18 41 
19 41 
40 57 
3 12 
4 17 39 
4 18 19 
4 18 41 
4 19 41 
4 40 57 
17 18 39 
17 19 39 
17 39 41 
18 19 41 
18 40 57 
19 40 57 
40 41 57 
4 14 
4 17 18 39 
4 17 19 39 
4 17 39 41 
4 18 19 41 
4 18 40 57 
4 19 40 57 
4 40 41 57 
17 18 19 39 
17 18 39 41 
17 19 39 41 
17 39 40 57 
18 19 40 57 
18 40 41 57 
19 40 41 57 
5 12 
4 17 18 19 39 
4 17 18 39 41 
4 17 19 39 41 
4 17 39 40 57 
4 18 19 40 57 
4 18 40 41 57 
4 19 40 41 57 
17 18 19 39 41 
17 18 39 40 57 
17 19 39 40 57 
17 39 40 41 57 
18 19 40 41 57 
6 8 
4 17 18 19 39 41 
4 17 18 39 40 57 
4 17 19 39 40 57 
4 17 39 40 41 57 
4 18 19 40 41 57 
17 18 19 39 40 57 
17 18 39 40 41 57 
17 19 39 40 41 57 
7 4 
4 17 18 19 39 40 57 
4 17 18 39 40 41 57 
4 17 19 39 40 41 57 
17 18 19 39 40 41 57 
8 1 
4 17 18 19 39 40 41 57 
5
0 1 

1 1 

2 4 
8 48 
24 61 
25 26 
46 47 
3 1 

4 6 
8 24 48 61 
8 25 26 48 
8 46 47 48 
24 25 26 61 
24 46 47 61 
25 26 46 47 
5 1 

6 4 
8 24 25 26 48 61 
8 24 46 47 48 61 
8 25 26 46 47 48 
24 25 26 46 47 61 
7 1 

8 1 
8 24 25 26 46 47 48 61 
6
0 1 

1 1 

2 4 
9 51 
27 50 
28 29 
49 62 
3 1 

4 6 
9 27 50 51 
9 28 29 51 
9 49 51 62 
27 28 29 50 
27 49 50 62 
28 29 49 62 
5 1 

6 4 
9 27 28 29 50 51 
9 27 49 50 51 62 
9 28 29 49 51 62 
27 28 29 49 50 62 
7 1 

8 1 
9 27 28 29 49 50 51 62 
7
0 1 

1 1 

2 4 
13 55 
33 63 
34 35 
53 54 
3 1 

4 6 
13 33 55 63 
13 34 35 55 
13 53 54 55 
33 34 35 63 
33 53 54 63 
34 35 53 54 
5 1 

6 4 
13 33 34 35 55 63 
13 33 53 54 55 63 
13 34 35 53 54 55 
33 34 35 53 54 63 
7 1 

8 1 
13 33 34 35 53 54 55 63 
8
0 1 

1 1 

2 4 
23 44 
43 58 
45 60 
59 64 
3 1 

4 6 
23 43 44 58 
23 44 45 60 
23 44 59 64 
43 45 58 60 
43 58 59 64 
45 59 60 64 
5 1 

6 4 
23 43 44 45 58 60 
23 43 44 58 59 64 
23 44 45 59 60 64 
43 45 58 59 60 64 
7 1 

8 1 
23 43 44 45 58 59 60 64 
