//Table for grp 159:
57
0 0 2 2 4 4 2 4 
0 0 2 4 4 2 4 2 
0 0 4 2 2 4 4 2 
0 0 4 4 2 2 2 4 
0 2 0 2 4 2 4 4 
0 2 0 4 4 4 2 2 
0 2 2 0 2 4 4 4 
0 2 2 2 2 2 2 6 
0 2 2 2 2 2 6 2 
0 2 2 2 2 6 2 2 
0 2 2 2 6 2 2 2 
0 2 2 4 2 0 4 4 
0 2 2 4 2 4 0 4 
0 2 2 4 2 4 4 0 
0 2 2 6 2 2 2 2 
0 2 4 0 4 4 2 2 
0 2 4 2 0 2 4 4 
0 2 4 2 4 2 0 4 
0 2 4 2 4 2 4 0 
0 2 4 4 0 4 2 2 
0 2 4 4 4 0 2 2 
0 2 6 2 2 2 2 2 
0 4 0 2 2 4 4 2 
0 4 0 4 2 2 2 4 
0 4 2 0 4 2 4 2 
0 4 2 2 0 4 2 4 
0 4 2 2 4 0 2 4 
0 4 2 2 4 4 2 0 
0 4 2 4 0 2 4 2 
0 4 2 4 4 2 0 2 
0 4 4 0 2 2 2 4 
0 4 4 2 2 0 4 2 
0 4 4 2 2 4 0 2 
0 4 4 4 2 2 2 0 
0 6 2 2 2 2 2 2 
2 0 2 2 2 2 4 4 
2 0 2 4 2 4 2 2 
2 0 4 2 4 2 2 2 
2 2 0 2 2 4 2 4 
2 2 0 4 2 2 4 2 
2 2 2 0 4 2 2 4 
2 2 2 2 0 4 4 2 
2 2 2 2 4 0 4 2 
2 2 2 2 4 4 0 2 
2 2 2 4 0 2 2 4 
2 2 2 4 4 2 2 0 
2 2 4 0 2 2 4 2 
2 2 4 2 2 0 2 4 
2 2 4 2 2 4 2 0 
2 2 4 4 2 2 0 2 
2 4 0 2 4 2 2 2 
2 4 2 0 2 4 2 2 
2 4 2 2 2 2 0 4 
2 4 2 2 2 2 4 0 
2 4 2 4 2 0 2 2 
2 4 4 2 0 2 2 2 
4 2 2 2 2 2 2 2 
1 2 3 4 5 6 7 8 9 10 11 12 13 14 15 16 17 18 19 20 21 22 23 24 25 26 27 28 29 30 31 32 33 34 35 36 37 38 39 40 41 42 43 44 45 46 47 48 49 50 51 52 53 54 55 56 57 58 59 60 61 62 63 64 
2 5 8 9 10 11 12 14 17 1 20 21 23 24 25 26 27 28 29 30 31 32 33 3 36 37 4 39 40 6 7 42 43 44 45 46 47 48 49 50 51 52 13 53 54 15 16 56 18 19 57 22 58 59 60 61 62 34 35 63 38 41 64 55 
3 24 21 13 14 15 16 12 43 8 46 47 40 7 42 5 33 34 35 36 37 38 29 31 32 2 23 58 59 25 26 61 19 57 17 22 1 20 53 54 55 56 50 51 9 52 10 11 44 45 64 48 41 4 39 6 63 62 27 28 30 60 18 49 
4 28 13 1 17 18 19 44 32 49 29 51 3 33 34 35 5 6 7 39 40 41 48 58 45 60 52 2 11 50 62 9 14 15 16 53 54 55 20 21 22 57 61 8 25 59 64 23 10 30 12 27 36 37 38 63 42 24 46 26 43 31 56 47 
5 10 14 17 1 20 21 24 27 2 30 31 33 3 36 37 4 39 40 6 7 42 43 8 46 47 9 49 50 11 12 52 13 53 54 15 16 56 18 19 57 22 23 58 59 25 26 61 28 29 62 32 34 35 63 38 41 44 45 64 48 51 55 60 
6 32 15 41 20 7 22 48 28 52 2 11 55 36 16 38 57 4 18 21 42 1 44 61 8 25 49 29 51 10 30 12 63 13 34 37 56 3 17 39 19 5 58 45 60 24 46 26 50 62 9 31 33 53 35 14 40 59 64 23 47 27 54 43 
7 12 16 19 21 22 1 26 29 31 32 2 35 37 38 3 40 41 4 42 5 6 45 47 48 8 50 51 9 52 10 11 54 55 13 56 14 15 57 17 18 20 59 60 23 61 24 25 62 27 28 30 63 33 34 36 39 64 43 44 46 49 53 58 
8 3 31 23 24 25 26 21 13 14 15 16 50 12 52 10 43 44 45 46 47 48 40 7 42 5 33 34 35 36 37 38 29 62 27 32 2 30 58 59 60 61 19 57 17 22 1 20 53 54 55 56 51 9 49 11 64 41 4 39 6 63 28 18 
9 39 23 2 27 28 29 53 42 18 40 57 8 43 44 45 10 11 12 49 50 51 56 34 54 63 22 5 20 19 41 17 24 25 26 58 59 60 30 31 32 62 38 14 36 35 55 33 1 6 21 4 46 47 48 64 52 3 15 37 13 7 61 16 
10 1 24 27 2 30 31 3 4 5 6 7 43 8 46 47 9 49 50 11 12 52 13 14 15 16 17 18 19 20 21 22 23 58 59 25 26 61 28 29 62 32 33 34 35 36 37 38 39 40 41 42 44 45 64 48 51 53 54 55 56 57 60 63 
11 42 25 51 30 12 32 56 39 22 5 20 60 46 26 48 62 9 28 31 52 2 53 38 14 36 18 40 57 1 6 21 64 23 44 47 61 8 27 49 29 10 34 54 63 3 15 37 19 41 17 7 43 58 45 24 50 35 55 33 16 4 59 13 
12 21 26 29 31 32 2 37 40 7 42 5 45 47 48 8 50 51 9 52 10 11 54 16 56 14 19 57 17 22 1 20 59 60 23 61 24 25 62 27 28 30 35 63 33 38 3 36 41 4 39 6 64 43 44 46 49 55 13 53 15 18 58 34 
13 58 40 3 33 34 35 51 61 44 59 64 21 19 57 17 14 15 16 53 54 55 11 62 9 28 48 24 46 45 60 43 7 42 5 41 4 39 36 37 38 63 30 12 32 27 49 29 8 25 47 23 22 1 20 18 56 31 52 2 50 26 6 10 
14 8 7 33 3 36 37 31 23 24 25 26 19 21 22 1 13 53 54 15 16 56 50 12 52 10 43 44 45 46 47 48 40 41 4 42 5 6 34 35 63 38 29 62 27 32 2 30 58 59 60 61 57 17 18 20 55 51 9 49 11 64 39 28 
15 61 42 55 36 16 38 11 58 48 24 46 39 22 5 20 63 13 34 37 56 3 51 30 12 32 44 59 64 8 25 47 18 40 57 1 6 21 33 53 35 14 62 9 28 31 52 2 45 60 43 26 19 41 17 7 54 27 49 29 10 23 4 50 
16 47 5 35 37 38 3 2 59 26 61 24 17 1 20 21 54 55 13 56 14 15 9 10 11 12 45 64 43 48 8 46 4 39 40 6 7 42 63 33 34 36 27 28 29 30 31 32 60 23 58 25 18 19 57 22 53 49 50 51 52 44 41 62 
17 49 33 5 4 39 40 58 52 28 50 62 14 13 53 54 1 20 21 18 19 57 61 44 59 64 32 10 30 29 51 27 3 36 37 34 35 63 6 7 42 41 48 24 46 45 60 43 2 11 31 9 15 16 56 55 22 8 25 47 23 12 38 26 
18 9 34 22 39 19 41 23 2 27 28 29 38 53 35 55 42 1 6 40 57 4 8 43 44 45 10 11 12 49 50 51 56 3 15 54 63 13 5 20 7 17 24 25 26 58 59 60 30 31 32 62 14 36 16 33 21 46 47 48 64 52 37 61 
19 51 35 7 40 41 4 60 11 62 9 28 16 54 55 13 21 22 1 57 17 18 25 64 23 44 30 12 32 27 49 29 37 38 3 63 33 34 42 5 6 39 46 26 48 43 58 45 31 52 2 50 56 14 15 53 20 47 61 8 59 10 36 24 
20 52 36 57 6 21 42 61 49 32 10 30 63 15 37 56 41 17 39 7 22 5 58 48 24 46 28 50 62 2 11 31 55 33 53 16 38 14 4 18 40 1 44 59 64 8 25 47 29 51 27 12 13 34 54 3 19 45 60 43 26 9 35 23 
21 31 37 40 7 42 5 47 50 12 52 10 54 16 56 14 19 57 17 22 1 20 59 26 61 24 29 62 27 32 2 30 35 63 33 38 3 36 41 4 39 6 45 64 43 48 8 46 51 9 49 11 55 13 53 15 18 60 23 58 25 28 34 44 
22 11 38 18 42 1 6 25 51 30 12 32 34 56 3 15 39 19 41 5 20 7 60 46 26 48 62 9 28 31 52 2 53 35 55 14 36 16 40 57 4 21 64 23 44 47 61 8 27 49 29 10 54 63 13 37 17 43 58 45 24 50 33 59 
23 34 50 8 43 44 45 57 38 53 35 55 31 29 62 27 24 25 26 58 59 60 20 41 17 39 56 3 15 54 63 13 12 52 10 51 9 49 46 47 48 64 6 21 42 4 18 40 14 36 16 33 32 2 30 28 61 7 22 5 19 37 11 1 
24 14 12 43 8 46 47 7 33 3 36 37 29 31 32 2 23 58 59 25 26 61 19 21 22 1 13 53 54 15 16 56 50 51 9 52 10 11 44 45 64 48 40 41 4 42 5 6 34 35 63 38 62 27 28 30 60 57 17 18 20 55 49 39 
25 38 52 60 46 26 48 20 34 56 3 15 49 32 10 30 64 23 44 47 61 8 57 6 21 42 53 35 55 14 36 16 28 50 62 2 11 31 43 58 45 24 41 17 39 7 22 5 54 63 13 37 29 51 27 12 59 4 18 40 1 33 9 19 
26 16 10 45 47 48 8 5 35 37 38 3 27 2 30 31 59 60 23 61 24 25 17 1 20 21 54 55 13 56 14 15 9 49 50 11 12 52 64 43 44 46 4 39 40 6 7 42 63 33 34 36 28 29 62 32 58 18 19 57 22 53 51 41 
27 18 43 10 9 49 50 34 22 39 19 41 24 23 58 59 2 30 31 28 29 62 38 53 35 55 42 1 6 40 57 4 8 46 47 44 45 64 11 12 52 51 56 3 15 54 63 13 5 20 7 17 25 26 61 60 32 14 36 16 33 21 48 37 
28 17 44 32 49 29 51 33 5 4 39 40 48 58 45 60 52 2 11 50 62 9 14 13 53 54 1 20 21 18 19 57 61 8 25 59 64 23 10 30 12 27 3 36 37 34 35 63 6 7 42 41 24 46 26 43 31 15 16 56 55 22 47 38 
29 57 45 12 50 51 9 63 20 41 17 39 26 59 60 23 31 32 2 62 27 28 36 55 33 53 6 21 42 4 18 40 47 48 8 64 43 44 52 10 11 49 15 37 56 13 34 54 7 22 5 19 61 24 25 58 30 16 38 14 35 1 46 3 
30 22 46 62 11 31 52 38 18 42 1 6 64 25 47 61 51 27 49 12 32 10 34 56 3 15 39 19 41 5 20 7 60 43 58 26 48 24 9 28 50 2 53 35 55 14 36 16 40 57 4 21 23 44 59 8 29 54 63 13 37 17 45 33 
31 7 47 50 12 52 10 16 19 21 22 1 59 26 61 24 29 62 27 32 2 30 35 37 38 3 40 41 4 42 5 6 45 64 43 48 8 46 51 9 49 11 54 55 13 56 14 15 57 17 18 20 60 23 58 25 28 63 33 34 36 39 44 53 
32 20 48 28 52 2 11 36 57 6 21 42 44 61 8 25 49 29 51 10 30 12 63 15 37 56 41 17 39 7 22 5 58 45 60 24 46 26 50 62 9 31 55 33 53 16 38 14 4 18 40 1 59 64 23 47 27 13 34 54 3 19 43 35 
33 44 19 14 13 53 54 62 48 58 45 60 7 40 41 4 3 36 37 34 35 63 30 51 27 49 61 8 25 59 64 23 21 22 1 57 17 18 15 16 56 55 11 31 52 9 28 50 24 46 26 43 42 5 6 39 38 12 32 10 29 47 20 2 
34 43 57 38 53 35 55 29 24 23 58 59 20 41 17 39 56 3 15 54 63 13 12 50 51 9 8 46 47 44 45 64 6 21 42 4 18 40 14 36 16 33 31 32 2 62 27 28 25 26 61 60 7 22 5 19 37 52 10 11 49 48 1 30 
35 64 17 16 54 55 13 28 46 60 43 58 5 4 39 40 37 38 3 63 33 34 32 49 29 51 25 47 61 23 44 59 1 20 21 18 19 57 56 14 15 53 52 2 11 50 62 9 26 48 24 45 6 7 42 41 36 10 30 12 27 8 22 31 
36 48 22 63 15 37 56 30 44 61 8 25 18 42 1 6 55 33 53 16 38 14 62 11 31 52 58 45 60 24 46 26 39 19 41 5 20 7 13 34 54 3 51 27 49 12 32 10 59 64 23 47 40 57 4 21 35 9 28 50 2 43 17 29 
37 26 1 54 16 56 14 10 45 47 48 8 4 5 6 7 35 63 33 38 3 36 27 2 30 31 59 60 23 61 24 25 17 18 19 20 21 22 55 13 53 15 9 49 50 11 12 52 64 43 44 46 39 40 41 42 34 28 29 62 32 58 57 51 
38 46 20 34 56 3 15 32 64 25 47 61 57 6 21 42 53 35 55 14 36 16 28 52 2 11 60 43 58 26 48 24 41 17 39 7 22 5 54 63 13 37 49 29 51 10 30 12 23 44 59 8 4 18 40 1 33 50 62 9 31 45 19 27 
39 27 53 42 18 40 57 43 10 9 49 50 56 34 54 63 22 5 20 19 41 17 24 23 58 59 2 30 31 28 29 62 38 14 36 35 55 33 1 6 21 4 8 46 47 44 45 64 11 12 52 51 3 15 37 13 7 25 26 61 60 32 16 48 
40 62 54 21 19 57 17 64 30 51 27 49 37 35 63 33 7 42 5 41 4 39 46 60 43 58 11 31 52 9 28 50 16 56 14 55 13 53 22 1 20 18 25 47 61 23 44 59 12 32 10 29 38 3 36 34 6 26 48 24 45 2 15 8 
41 29 55 6 57 4 18 45 12 50 51 9 15 63 13 34 20 7 22 17 39 19 26 59 60 23 31 32 2 62 27 28 36 16 38 33 53 35 21 42 1 40 47 48 8 64 43 44 52 10 11 49 37 56 3 54 5 61 24 25 58 30 14 46 
42 30 56 39 22 5 20 46 62 11 31 52 53 38 14 36 18 40 57 1 6 21 64 25 47 61 51 27 49 12 32 10 34 54 63 3 15 37 19 41 17 7 60 43 58 26 48 24 9 28 50 2 35 55 33 16 4 23 44 59 8 29 13 45 
43 53 29 24 23 58 59 41 56 34 54 63 12 50 51 9 8 46 47 44 45 64 6 57 4 18 38 14 36 35 55 33 31 32 2 62 27 28 25 26 61 60 20 7 22 17 39 19 3 15 37 13 52 10 11 49 48 21 42 1 40 16 30 5 
44 13 62 48 58 45 60 40 3 33 34 35 30 51 27 49 61 8 25 59 64 23 21 19 57 17 14 15 16 53 54 55 11 31 52 9 28 50 24 46 26 43 7 42 5 41 4 39 36 37 38 63 12 32 10 29 47 22 1 20 18 56 2 6 
45 55 27 26 59 60 23 39 15 63 13 34 10 9 49 50 47 48 8 64 43 44 42 18 40 57 36 16 38 33 53 35 2 30 31 28 29 62 61 24 25 58 22 5 20 19 41 17 37 56 3 54 11 12 52 51 46 1 6 21 4 14 32 7 
46 56 32 64 25 47 61 6 53 38 14 36 28 52 2 11 60 43 58 26 48 24 41 20 7 22 34 54 63 3 15 37 49 29 51 10 30 12 23 44 59 8 57 4 18 21 42 1 35 55 33 16 50 62 9 31 45 17 39 19 5 13 27 40 
47 37 2 59 26 61 24 1 54 16 56 14 9 10 11 12 45 64 43 48 8 46 4 5 6 7 35 63 33 38 3 36 27 28 29 30 31 32 60 23 58 25 17 18 19 20 21 22 55 13 53 15 49 50 51 52 44 39 40 41 42 34 62 57 
48 15 30 44 61 8 25 42 55 36 16 38 62 11 31 52 58 45 60 24 46 26 39 22 5 20 63 13 34 37 56 3 51 27 49 12 32 10 59 64 23 47 18 40 57 1 6 21 33 53 35 14 9 28 50 2 43 19 41 17 7 54 29 4 
49 4 58 52 28 50 62 13 1 17 18 19 61 44 59 64 32 10 30 29 51 27 3 33 34 35 5 6 7 39 40 41 48 24 46 45 60 43 2 11 31 9 14 15 16 53 54 55 20 21 22 57 8 25 47 23 12 36 37 38 63 42 26 56 
50 41 59 31 29 62 27 55 6 57 4 18 47 45 64 43 12 52 10 51 9 49 15 63 13 34 20 7 22 17 39 19 26 61 24 60 23 58 32 2 30 28 36 16 38 33 53 35 21 42 1 40 48 8 46 44 11 37 56 3 54 5 25 14 
51 40 60 11 62 9 28 54 21 19 57 17 25 64 23 44 30 12 32 27 49 29 37 35 63 33 7 42 5 41 4 39 46 26 48 43 58 45 31 52 2 50 16 56 14 55 13 53 22 1 20 18 47 61 8 59 10 38 3 36 34 6 24 15 
52 6 61 49 32 10 30 15 41 20 7 22 58 48 24 46 28 50 62 2 11 31 55 36 16 38 57 4 18 21 42 1 44 59 64 8 25 47 29 51 27 12 63 13 34 37 56 3 17 39 19 5 45 60 43 26 9 33 53 35 14 40 23 54 
53 23 41 56 34 54 63 50 8 43 44 45 6 57 4 18 38 14 36 35 55 33 31 29 62 27 24 25 26 58 59 60 20 7 22 17 39 19 3 15 37 13 12 52 10 51 9 49 46 47 48 64 21 42 1 40 16 32 2 30 28 61 5 11 
54 60 4 37 35 63 33 49 25 64 23 44 1 17 18 19 16 56 14 55 13 53 52 28 50 62 46 26 48 43 58 45 5 6 7 39 40 41 38 3 36 34 32 10 30 29 51 27 47 61 8 59 20 21 22 57 15 2 11 31 9 24 42 12 
55 59 39 15 63 13 34 9 47 45 64 43 42 18 40 57 36 16 38 33 53 35 2 27 28 29 26 61 24 60 23 58 22 5 20 19 41 17 37 56 3 54 10 11 12 49 50 51 48 8 46 44 1 6 21 4 14 30 31 32 62 25 7 52 
56 25 6 53 38 14 36 52 60 46 26 48 41 20 7 22 34 54 63 3 15 37 49 32 10 30 64 23 44 47 61 8 57 4 18 21 42 1 35 55 33 16 28 50 62 2 11 31 43 58 45 24 17 39 19 5 13 29 51 27 12 59 40 9 
57 50 63 20 41 17 39 59 31 29 62 27 36 55 33 53 6 21 42 4 18 40 47 45 64 43 12 52 10 51 9 49 15 37 56 13 34 54 7 22 5 19 26 61 24 60 23 58 32 2 30 28 16 38 14 35 1 48 8 46 44 11 3 25 
58 33 51 61 44 59 64 19 14 13 53 54 11 62 9 28 48 24 46 45 60 43 7 40 41 4 3 36 37 34 35 63 30 12 32 27 49 29 8 25 47 23 21 22 1 57 17 18 15 16 56 55 31 52 2 50 26 42 5 6 39 38 10 20 
59 63 9 47 45 64 43 18 36 55 33 53 2 27 28 29 26 61 24 60 23 58 22 39 19 41 15 37 56 13 34 54 10 11 12 49 50 51 48 8 46 44 42 1 6 40 57 4 16 38 14 35 30 31 32 62 25 5 20 7 17 3 52 21 
60 35 49 25 64 23 44 17 16 54 55 13 52 28 50 62 46 26 48 43 58 45 5 4 39 40 37 38 3 63 33 34 32 10 30 29 51 27 47 61 8 59 1 20 21 18 19 57 56 14 15 53 2 11 31 9 24 6 7 42 41 36 12 22 
61 36 11 58 48 24 46 22 63 15 37 56 51 30 12 32 44 59 64 8 25 47 18 42 1 6 55 33 53 16 38 14 62 9 28 31 52 2 45 60 43 26 39 19 41 5 20 7 13 34 54 3 27 49 29 10 23 40 57 4 21 35 50 17 
62 19 64 30 51 27 49 35 7 40 41 4 46 60 43 58 11 31 52 9 28 50 16 54 55 13 21 22 1 57 17 18 25 47 61 23 44 59 12 32 10 29 37 38 3 63 33 34 42 5 6 39 26 48 24 45 2 56 14 15 53 20 8 36 
63 45 18 36 55 33 53 27 26 59 60 23 22 39 19 41 15 37 56 13 34 54 10 9 49 50 47 48 8 64 43 44 42 1 6 40 57 4 16 38 14 35 2 30 31 28 29 62 61 24 25 58 5 20 7 17 3 11 12 52 51 46 21 32 
64 54 28 46 60 43 58 4 37 35 63 33 32 49 29 51 25 47 61 23 44 59 1 17 18 19 16 56 14 55 13 53 52 2 11 50 62 9 26 48 24 45 5 6 7 39 40 41 38 3 36 34 10 30 12 27 8 20 21 22 57 15 31 42 
1
0 1 

1 4 
1 
5 
7 
21 
2 8 
1 5 
1 7 
1 21 
5 7 
5 21 
6 22 
7 21 
20 42 
3 12 
1 5 7 
1 5 21 
1 6 22 
1 7 21 
1 20 42 
5 6 22 
5 7 21 
5 20 42 
6 7 22 
6 21 22 
7 20 42 
20 21 42 
4 14 
1 5 6 22 
1 5 7 21 
1 5 20 42 
1 6 7 22 
1 6 21 22 
1 7 20 42 
1 20 21 42 
5 6 7 22 
5 6 21 22 
5 7 20 42 
5 20 21 42 
6 7 21 22 
6 20 22 42 
7 20 21 42 
5 12 
1 5 6 7 22 
1 5 6 21 22 
1 5 7 20 42 
1 5 20 21 42 
1 6 7 21 22 
1 6 20 22 42 
1 7 20 21 42 
5 6 7 21 22 
5 6 20 22 42 
5 7 20 21 42 
6 7 20 22 42 
6 20 21 22 42 
6 8 
1 5 6 7 21 22 
1 5 6 20 22 42 
1 5 7 20 21 42 
1 6 7 20 22 42 
1 6 20 21 22 42 
5 6 7 20 22 42 
5 6 20 21 22 42 
6 7 20 21 22 42 
7 4 
1 5 6 7 20 22 42 
1 5 6 20 21 22 42 
1 6 7 20 21 22 42 
5 6 7 20 21 22 42 
8 1 
1 5 6 7 20 21 22 42 
2
0 1 

1 1 

2 4 
2 10 
11 30 
12 31 
32 52 
3 1 

4 6 
2 10 11 30 
2 10 12 31 
2 10 32 52 
11 12 30 31 
11 30 32 52 
12 31 32 52 
5 1 

6 4 
2 10 11 12 30 31 
2 10 11 30 32 52 
2 10 12 31 32 52 
11 12 30 31 32 52 
7 1 

8 1 
2 10 11 12 30 31 32 52 
3
0 1 

1 1 

2 4 
3 37 
14 16 
15 36 
38 56 
3 1 

4 6 
3 14 16 37 
3 15 36 37 
3 37 38 56 
14 15 16 36 
14 16 38 56 
15 36 38 56 
5 1 

6 4 
3 14 15 16 36 37 
3 14 16 37 38 56 
3 15 36 37 38 56 
14 15 16 36 38 56 
7 1 

8 1 
3 14 15 16 36 37 38 56 
4
0 1 

1 8 
4 
17 
18 
19 
39 
40 
41 
57 
2 28 
4 17 
4 18 
4 19 
4 39 
4 40 
4 41 
4 57 
17 18 
17 19 
17 39 
17 40 
17 41 
17 57 
18 19 
18 39 
18 40 
18 41 
18 57 
19 39 
19 40 
19 41 
19 57 
39 40 
39 41 
39 57 
40 41 
40 57 
41 57 
3 56 
4 17 18 
4 17 19 
4 17 39 
4 17 40 
4 17 41 
4 17 57 
4 18 19 
4 18 39 
4 18 40 
4 18 41 
4 18 57 
4 19 39 
4 19 40 
4 19 41 
4 19 57 
4 39 40 
4 39 41 
4 39 57 
4 40 41 
4 40 57 
4 41 57 
17 18 19 
17 18 39 
17 18 40 
17 18 41 
17 18 57 
17 19 39 
17 19 40 
17 19 41 
17 19 57 
17 39 40 
17 39 41 
17 39 57 
17 40 41 
17 40 57 
17 41 57 
18 19 39 
18 19 40 
18 19 41 
18 19 57 
18 39 40 
18 39 41 
18 39 57 
18 40 41 
18 40 57 
18 41 57 
19 39 40 
19 39 41 
19 39 57 
19 40 41 
19 40 57 
19 41 57 
39 40 41 
39 40 57 
39 41 57 
40 41 57 
4 70 
4 17 18 19 
4 17 18 39 
4 17 18 40 
4 17 18 41 
4 17 18 57 
4 17 19 39 
4 17 19 40 
4 17 19 41 
4 17 19 57 
4 17 39 40 
4 17 39 41 
4 17 39 57 
4 17 40 41 
4 17 40 57 
4 17 41 57 
4 18 19 39 
4 18 19 40 
4 18 19 41 
4 18 19 57 
4 18 39 40 
4 18 39 41 
4 18 39 57 
4 18 40 41 
4 18 40 57 
4 18 41 57 
4 19 39 40 
4 19 39 41 
4 19 39 57 
4 19 40 41 
4 19 40 57 
4 19 41 57 
4 39 40 41 
4 39 40 57 
4 39 41 57 
4 40 41 57 
17 18 19 39 
17 18 19 40 
17 18 19 41 
17 18 19 57 
17 18 39 40 
17 18 39 41 
17 18 39 57 
17 18 40 41 
17 18 40 57 
17 18 41 57 
17 19 39 40 
17 19 39 41 
17 19 39 57 
17 19 40 41 
17 19 40 57 
17 19 41 57 
17 39 40 41 
17 39 40 57 
17 39 41 57 
17 40 41 57 
18 19 39 40 
18 19 39 41 
18 19 39 57 
18 19 40 41 
18 19 40 57 
18 19 41 57 
18 39 40 41 
18 39 40 57 
18 39 41 57 
18 40 41 57 
19 39 40 41 
19 39 40 57 
19 39 41 57 
19 40 41 57 
39 40 41 57 
5 56 
4 17 18 19 39 
4 17 18 19 40 
4 17 18 19 41 
4 17 18 19 57 
4 17 18 39 40 
4 17 18 39 41 
4 17 18 39 57 
4 17 18 40 41 
4 17 18 40 57 
4 17 18 41 57 
4 17 19 39 40 
4 17 19 39 41 
4 17 19 39 57 
4 17 19 40 41 
4 17 19 40 57 
4 17 19 41 57 
4 17 39 40 41 
4 17 39 40 57 
4 17 39 41 57 
4 17 40 41 57 
4 18 19 39 40 
4 18 19 39 41 
4 18 19 39 57 
4 18 19 40 41 
4 18 19 40 57 
4 18 19 41 57 
4 18 39 40 41 
4 18 39 40 57 
4 18 39 41 57 
4 18 40 41 57 
4 19 39 40 41 
4 19 39 40 57 
4 19 39 41 57 
4 19 40 41 57 
4 39 40 41 57 
17 18 19 39 40 
17 18 19 39 41 
17 18 19 39 57 
17 18 19 40 41 
17 18 19 40 57 
17 18 19 41 57 
17 18 39 40 41 
17 18 39 40 57 
17 18 39 41 57 
17 18 40 41 57 
17 19 39 40 41 
17 19 39 40 57 
17 19 39 41 57 
17 19 40 41 57 
17 39 40 41 57 
18 19 39 40 41 
18 19 39 40 57 
18 19 39 41 57 
18 19 40 41 57 
18 39 40 41 57 
19 39 40 41 57 
6 28 
4 17 18 19 39 40 
4 17 18 19 39 41 
4 17 18 19 39 57 
4 17 18 19 40 41 
4 17 18 19 40 57 
4 17 18 19 41 57 
4 17 18 39 40 41 
4 17 18 39 40 57 
4 17 18 39 41 57 
4 17 18 40 41 57 
4 17 19 39 40 41 
4 17 19 39 40 57 
4 17 19 39 41 57 
4 17 19 40 41 57 
4 17 39 40 41 57 
4 18 19 39 40 41 
4 18 19 39 40 57 
4 18 19 39 41 57 
4 18 19 40 41 57 
4 18 39 40 41 57 
4 19 39 40 41 57 
17 18 19 39 40 41 
17 18 19 39 40 57 
17 18 19 39 41 57 
17 18 19 40 41 57 
17 18 39 40 41 57 
17 19 39 40 41 57 
18 19 39 40 41 57 
7 8 
4 17 18 19 39 40 41 
4 17 18 19 39 40 57 
4 17 18 19 39 41 57 
4 17 18 19 40 41 57 
4 17 18 39 40 41 57 
4 17 19 39 40 41 57 
4 18 19 39 40 41 57 
17 18 19 39 40 41 57 
8 1 
4 17 18 19 39 40 41 57 
5
0 1 

1 1 

2 4 
8 47 
24 26 
25 61 
46 48 
3 1 

4 6 
8 24 26 47 
8 25 47 61 
8 46 47 48 
24 25 26 61 
24 26 46 48 
25 46 48 61 
5 1 

6 4 
8 24 25 26 47 61 
8 24 26 46 47 48 
8 25 46 47 48 61 
24 25 26 46 48 61 
7 1 

8 1 
8 24 25 26 46 47 48 61 
6
0 1 

1 1 

2 4 
9 49 
27 28 
29 62 
50 51 
3 1 

4 6 
9 27 28 49 
9 29 49 62 
9 49 50 51 
27 28 29 62 
27 28 50 51 
29 50 51 62 
5 1 

6 4 
9 27 28 29 49 62 
9 27 28 49 50 51 
9 29 49 50 51 62 
27 28 29 50 51 62 
7 1 

8 1 
9 27 28 29 49 50 51 62 
7
0 1 

1 1 

2 4 
13 54 
33 35 
34 63 
53 55 
3 1 

4 6 
13 33 35 54 
13 34 54 63 
13 53 54 55 
33 34 35 63 
33 35 53 55 
34 53 55 63 
5 1 

6 4 
13 33 34 35 54 63 
13 33 35 53 54 55 
13 34 53 54 55 63 
33 34 35 53 55 63 
7 1 

8 1 
13 33 34 35 53 54 55 63 
8
0 1 

1 1 

2 4 
23 64 
43 60 
44 59 
45 58 
3 1 

4 6 
23 43 60 64 
23 44 59 64 
23 45 58 64 
43 44 59 60 
43 45 58 60 
44 45 58 59 
5 1 

6 4 
23 43 44 59 60 64 
23 43 45 58 60 64 
23 44 45 58 59 64 
43 44 45 58 59 60 
7 1 

8 1 
23 43 44 45 58 59 60 64 
