//Table for grp 84:
57
0 0 2 2 4 4 2 4 
0 0 2 4 4 2 4 2 
0 0 4 2 2 4 4 2 
0 0 4 4 2 2 2 4 
0 2 0 2 4 2 4 4 
0 2 0 4 4 4 2 2 
0 2 2 0 2 4 4 4 
0 2 2 2 2 2 2 6 
0 2 2 2 2 2 6 2 
0 2 2 2 2 6 2 2 
0 2 2 2 6 2 2 2 
0 2 2 4 2 0 4 4 
0 2 2 4 2 4 0 4 
0 2 2 4 2 4 4 0 
0 2 2 6 2 2 2 2 
0 2 4 0 4 4 2 2 
0 2 4 2 0 2 4 4 
0 2 4 2 4 2 0 4 
0 2 4 2 4 2 4 0 
0 2 4 4 0 4 2 2 
0 2 4 4 4 0 2 2 
0 2 6 2 2 2 2 2 
0 4 0 2 2 4 4 2 
0 4 0 4 2 2 2 4 
0 4 2 0 4 2 4 2 
0 4 2 2 0 4 2 4 
0 4 2 2 4 0 2 4 
0 4 2 2 4 4 2 0 
0 4 2 4 0 2 4 2 
0 4 2 4 4 2 0 2 
0 4 4 0 2 2 2 4 
0 4 4 2 2 0 4 2 
0 4 4 2 2 4 0 2 
0 4 4 4 2 2 2 0 
0 6 2 2 2 2 2 2 
2 0 2 2 2 2 4 4 
2 0 2 4 2 4 2 2 
2 0 4 2 4 2 2 2 
2 2 0 2 2 4 2 4 
2 2 0 4 2 2 4 2 
2 2 2 0 4 2 2 4 
2 2 2 2 0 4 4 2 
2 2 2 2 4 0 4 2 
2 2 2 2 4 4 0 2 
2 2 2 4 0 2 2 4 
2 2 2 4 4 2 2 0 
2 2 4 0 2 2 4 2 
2 2 4 2 2 0 2 4 
2 2 4 2 2 4 2 0 
2 2 4 4 2 2 0 2 
2 4 0 2 4 2 2 2 
2 4 2 0 2 4 2 2 
2 4 2 2 2 2 0 4 
2 4 2 2 2 2 4 0 
2 4 2 4 2 0 2 2 
2 4 4 2 0 2 2 2 
4 2 2 2 2 2 2 2 
1 2 3 4 5 6 7 8 9 10 11 12 13 14 15 16 17 18 19 20 21 22 23 24 25 26 27 28 29 30 31 32 33 34 35 36 37 38 39 40 41 42 43 44 45 46 47 48 49 50 51 52 53 54 55 56 57 58 59 60 61 62 63 64 
2 5 8 9 10 11 12 14 17 7 20 21 23 24 25 26 27 28 29 30 31 32 33 16 36 37 19 39 40 22 1 42 43 44 45 46 47 48 49 50 51 52 35 53 54 38 3 56 41 4 57 6 58 59 60 61 62 55 13 63 15 18 64 34 
3 26 6 13 14 15 16 32 45 47 48 8 18 20 1 22 33 34 35 36 37 38 51 52 12 11 59 60 23 61 24 25 39 4 41 5 42 7 53 54 55 56 62 29 28 31 30 2 64 43 44 46 17 57 19 21 63 50 49 9 10 58 40 27 
4 9 13 1 17 18 19 23 2 27 28 29 3 33 34 35 5 6 7 39 40 41 8 43 44 45 10 11 12 49 50 51 14 15 16 53 54 55 20 21 22 57 24 25 26 58 59 60 30 31 32 62 36 37 38 63 42 46 47 48 64 52 56 61 
5 10 14 17 7 20 21 24 27 12 30 31 33 16 36 37 19 39 40 22 1 42 43 26 46 47 29 49 50 32 2 52 35 53 54 38 3 56 41 4 57 6 45 58 59 48 8 61 51 9 62 11 55 13 63 15 18 60 23 64 25 28 34 44 
6 11 15 18 20 1 22 25 28 30 2 32 34 36 3 38 39 4 41 5 42 7 44 46 8 48 49 9 51 10 52 12 53 13 55 14 56 16 17 57 19 21 58 23 60 24 61 26 27 62 29 31 33 63 35 37 40 43 64 45 47 50 54 59 
7 12 16 19 21 22 1 26 29 31 32 2 35 37 38 3 40 41 4 42 5 6 45 47 48 8 50 51 9 52 10 11 54 55 13 56 14 15 57 17 18 20 59 60 23 61 24 25 62 27 28 30 63 33 34 36 39 64 43 44 46 49 53 58 
8 37 11 23 24 25 26 42 54 3 56 14 28 30 2 32 43 44 45 46 47 48 57 6 21 20 13 63 33 15 16 36 49 9 51 10 52 12 58 59 60 61 18 40 39 1 22 5 34 35 53 38 27 62 29 31 64 4 41 17 7 55 50 19 
9 17 23 2 27 28 29 33 5 19 39 40 8 43 44 45 10 11 12 49 50 51 14 35 53 54 7 20 21 41 4 57 24 25 26 58 59 60 30 31 32 62 16 36 37 55 13 63 22 1 42 18 46 47 48 64 52 38 3 56 34 6 61 15 
10 7 24 27 12 30 31 16 19 21 22 1 43 26 46 47 29 49 50 32 2 52 35 37 38 3 40 41 4 42 5 6 45 58 59 48 8 61 51 9 62 11 54 55 13 56 14 15 57 17 18 20 60 23 64 25 28 63 33 34 36 39 44 53 
11 20 25 28 30 2 32 36 39 22 5 42 44 46 8 48 49 9 51 10 52 12 53 38 14 56 41 17 57 7 6 21 58 23 60 24 61 26 27 62 29 31 55 33 63 16 15 37 19 18 40 1 43 64 45 47 50 35 34 54 3 4 59 13 
12 21 26 29 31 32 2 37 40 1 42 5 45 47 48 8 50 51 9 52 10 11 54 3 56 14 4 57 17 6 7 20 59 60 23 61 24 25 62 27 28 30 13 63 33 15 16 36 18 19 39 22 64 43 44 46 49 34 35 53 38 41 58 55 
13 45 18 3 33 34 35 51 26 59 60 23 6 39 4 41 14 15 16 53 54 55 32 62 29 28 47 48 8 64 43 44 20 1 22 17 57 19 36 37 38 63 52 12 11 50 49 9 61 24 25 58 5 42 7 40 56 31 30 2 27 46 21 10 
14 47 20 33 16 36 37 52 59 8 61 24 39 22 5 42 35 53 54 38 3 56 62 11 31 30 23 64 43 25 26 46 41 17 57 7 6 21 55 13 63 15 28 50 49 2 32 10 44 45 58 48 19 18 40 1 34 9 51 27 12 60 4 29 
15 48 1 34 36 3 38 12 60 61 26 25 4 5 6 7 53 13 55 14 56 16 29 31 32 2 64 45 44 47 46 8 17 18 19 20 21 22 33 63 35 37 50 51 9 52 10 11 59 58 23 24 39 40 41 42 54 62 27 28 30 43 57 49 
16 8 22 35 37 38 3 11 23 24 25 26 41 42 7 6 54 55 13 56 14 15 28 30 2 32 43 44 45 46 47 48 57 19 18 21 20 1 63 33 34 36 49 9 51 10 52 12 58 59 60 61 40 39 4 5 53 27 62 29 31 64 17 50 
17 27 33 5 19 39 40 43 10 29 49 50 14 35 53 54 7 20 21 41 4 57 24 45 58 59 12 30 31 51 9 62 16 36 37 55 13 63 22 1 42 18 26 46 47 60 23 64 32 2 52 28 38 3 56 34 6 48 8 61 44 11 15 25 
18 28 34 6 39 4 41 44 11 49 9 51 15 53 13 55 20 1 22 17 57 19 25 58 23 60 30 2 32 27 62 29 36 3 38 33 63 35 5 42 7 40 46 8 48 43 64 45 10 52 12 50 14 56 16 54 21 24 61 26 59 31 37 47 
19 29 35 7 40 41 4 45 12 50 51 9 16 54 55 13 21 22 1 57 17 18 26 59 60 23 31 32 2 62 27 28 37 38 3 63 33 34 42 5 6 39 47 48 8 64 43 44 52 10 11 49 56 14 15 53 20 61 24 25 58 30 36 46 
20 30 36 39 22 5 42 46 49 32 10 52 53 38 14 56 41 17 57 7 6 21 58 48 24 61 51 27 62 12 11 31 55 33 63 16 15 37 19 18 40 1 60 43 64 26 25 47 29 28 50 2 35 34 54 3 4 45 44 59 8 9 13 23 
21 31 37 40 1 42 5 47 50 2 52 10 54 3 56 14 4 57 17 6 7 20 59 8 61 24 9 62 27 11 12 30 13 63 33 15 16 36 18 19 39 22 23 64 43 25 26 46 28 29 49 32 34 35 53 38 41 44 45 58 48 51 55 60 
22 32 38 41 42 7 6 48 51 52 12 11 55 56 16 15 57 19 18 21 20 1 60 61 26 25 62 29 28 31 30 2 63 35 34 37 36 3 40 39 4 5 64 45 44 47 46 8 50 49 9 10 54 53 13 14 17 59 58 23 24 27 33 43 
23 54 28 8 43 44 45 57 37 13 63 33 11 49 9 51 24 25 26 58 59 60 42 18 40 39 3 56 14 34 35 53 30 2 32 27 62 29 46 47 48 64 6 21 20 4 41 17 15 16 36 55 10 52 12 50 61 1 22 5 19 38 31 7 
24 3 30 43 26 46 47 6 13 14 15 16 49 32 10 52 45 58 59 48 8 61 18 20 1 22 33 34 35 36 37 38 51 27 62 12 11 31 60 23 64 25 39 4 41 5 42 7 53 54 55 56 29 28 50 2 44 17 57 19 21 63 9 40 
25 56 2 44 46 8 48 21 63 15 37 36 9 10 11 12 58 23 60 24 61 26 40 1 42 5 34 54 53 3 38 14 27 28 29 30 31 32 43 64 45 47 4 57 17 6 7 20 13 55 33 16 49 50 51 52 59 18 19 39 22 35 62 41 
26 14 32 45 47 48 8 20 33 16 36 37 51 52 12 11 59 60 23 61 24 25 39 22 5 42 35 53 54 38 3 56 62 29 28 31 30 2 64 43 44 46 41 17 57 7 6 21 55 13 63 15 50 49 9 10 58 19 18 40 1 34 27 4 
27 19 43 10 29 49 50 35 7 40 41 4 24 45 58 59 12 30 31 51 9 62 16 54 55 13 21 22 1 57 17 18 26 46 47 60 23 64 32 2 52 28 37 38 3 63 33 34 42 5 6 39 48 8 61 44 11 56 14 15 53 20 25 36 
28 39 44 11 49 9 51 53 20 41 17 57 25 58 23 60 30 2 32 27 62 29 36 55 33 63 22 5 42 19 18 40 46 8 48 43 64 45 10 52 12 50 38 14 56 35 34 54 7 6 21 4 24 61 26 59 31 16 15 37 13 1 47 3 
29 40 45 12 50 51 9 54 21 4 57 17 26 59 60 23 31 32 2 62 27 28 37 13 63 33 1 42 5 18 19 39 47 48 8 64 43 44 52 10 11 49 3 56 14 34 35 53 6 7 20 41 61 24 25 58 30 15 16 36 55 22 46 38 
30 22 46 49 32 10 52 38 41 42 7 6 58 48 24 61 51 27 62 12 11 31 55 56 16 15 57 19 18 21 20 1 60 43 64 26 25 47 29 28 50 2 63 35 34 37 36 3 40 39 4 5 45 44 59 8 9 54 53 13 14 17 23 33 
31 1 47 50 2 52 10 3 4 5 6 7 59 8 61 24 9 62 27 11 12 30 13 14 15 16 17 18 19 20 21 22 23 64 43 25 26 46 28 29 49 32 33 34 35 36 37 38 39 40 41 42 44 45 58 48 51 53 54 55 56 57 60 63 
32 42 48 51 52 12 11 56 57 6 21 20 60 61 26 25 62 29 28 31 30 2 63 15 37 36 18 40 39 1 22 5 64 45 44 47 46 8 50 49 9 10 34 54 53 3 38 14 4 41 17 7 59 58 23 24 27 13 55 33 16 19 43 35 
33 59 39 14 35 53 54 62 47 23 64 43 20 41 17 57 16 36 37 55 13 63 52 28 50 49 8 61 24 44 45 58 22 5 42 19 18 40 38 3 56 34 11 31 30 9 51 27 25 26 46 60 7 6 21 4 15 2 32 10 29 48 1 12 
34 60 4 15 53 13 55 29 48 64 45 44 1 17 18 19 36 3 38 33 63 35 12 50 51 9 61 26 25 59 58 23 5 6 7 39 40 41 14 56 16 54 31 32 2 62 27 28 47 46 8 43 20 21 22 57 37 52 10 11 49 24 42 30 
35 23 41 16 54 55 13 28 8 43 44 45 22 57 19 18 37 38 3 63 33 34 11 49 9 51 24 25 26 58 59 60 42 7 6 40 39 4 56 14 15 53 30 2 32 27 62 29 46 47 48 64 21 20 1 17 36 10 52 12 50 61 5 31 
36 61 5 53 38 14 56 31 64 25 47 46 17 7 20 21 55 33 63 16 15 37 50 2 52 10 44 59 58 8 48 24 19 39 40 22 1 42 35 34 54 3 9 62 27 11 12 30 23 60 43 26 41 4 57 6 13 28 29 49 32 45 18 51 
37 24 42 54 3 56 14 30 43 26 46 47 57 6 21 20 13 63 33 15 16 36 49 32 10 52 45 58 59 48 8 61 18 40 39 1 22 5 34 35 53 38 51 27 62 12 11 31 60 23 64 25 4 41 17 7 55 29 28 50 2 44 19 9 
38 25 7 55 56 16 15 2 44 46 8 48 19 21 22 1 63 35 34 37 36 3 9 10 11 12 58 23 60 24 61 26 40 41 4 42 5 6 54 53 13 14 27 28 29 30 31 32 43 64 45 47 57 17 18 20 33 49 50 51 52 59 39 62 
39 49 53 20 41 17 57 58 30 51 27 62 36 55 33 63 22 5 42 19 18 40 46 60 43 64 32 10 52 29 28 50 38 14 56 35 34 54 7 6 21 4 48 24 61 45 44 59 12 11 31 9 16 15 37 13 1 26 25 47 23 2 3 8 
40 50 54 21 4 57 17 59 31 9 62 27 37 13 63 33 1 42 5 18 19 39 47 23 64 43 2 52 10 28 29 49 3 56 14 34 35 53 6 7 20 41 8 61 24 44 45 58 11 12 30 51 15 16 36 55 22 25 26 46 60 32 38 48 
41 51 55 22 57 19 18 60 32 62 29 28 38 63 35 34 42 7 6 40 39 4 48 64 45 44 52 12 11 50 49 9 56 16 15 54 53 13 21 20 1 17 61 26 25 59 58 23 31 30 2 27 37 36 3 33 5 47 46 8 43 10 14 24 
42 52 56 57 6 21 20 61 62 11 31 30 63 15 37 36 18 40 39 1 22 5 64 25 47 46 28 50 49 2 32 10 34 54 53 3 38 14 4 41 17 7 44 59 58 8 48 24 9 51 27 12 13 55 33 16 19 23 60 43 26 29 35 45 
43 13 49 24 45 58 59 18 3 33 34 35 30 51 27 62 26 46 47 60 23 64 6 39 4 41 14 15 16 53 54 55 32 10 52 29 28 50 48 8 61 44 20 1 22 17 57 19 36 37 38 63 12 11 31 9 25 5 42 7 40 56 2 21 
44 63 9 25 58 23 60 40 56 34 54 53 2 27 28 29 46 8 48 43 64 45 21 4 57 17 15 37 36 13 55 33 10 11 12 49 50 51 24 61 26 59 1 42 5 18 19 39 3 38 14 35 30 31 32 62 47 6 7 20 41 16 52 22 
45 33 51 26 59 60 23 39 14 35 53 54 32 62 29 28 47 48 8 64 43 44 20 41 17 57 16 36 37 55 13 63 52 12 11 50 49 9 61 24 25 58 22 5 42 19 18 40 38 3 56 34 31 30 2 27 46 7 6 21 4 15 10 1 
46 15 10 58 48 24 61 1 34 36 3 38 27 12 30 31 60 43 64 26 25 47 4 5 6 7 53 13 55 14 56 16 29 49 50 32 2 52 45 44 59 8 17 18 19 20 21 22 33 63 35 37 51 9 62 11 23 39 40 41 42 54 28 57 
47 16 52 59 8 61 24 22 35 37 38 3 62 11 31 30 23 64 43 25 26 46 41 42 7 6 54 55 13 56 14 15 28 50 49 2 32 10 44 45 58 48 57 19 18 21 20 1 63 33 34 36 9 51 27 12 60 40 39 4 5 53 29 17 
48 36 12 60 61 26 25 5 53 38 14 56 29 31 32 2 64 45 44 47 46 8 17 7 20 21 55 33 63 16 15 37 50 51 9 52 10 11 59 58 23 24 19 39 40 22 1 42 35 34 54 3 62 27 28 30 43 41 4 57 6 13 49 18 
49 41 58 30 51 27 62 55 22 57 19 18 46 60 43 64 32 10 52 29 28 50 38 63 35 34 42 7 6 40 39 4 48 24 61 45 44 59 12 11 31 9 56 16 15 54 53 13 21 20 1 17 26 25 47 23 2 37 36 3 33 5 8 14 
50 4 59 31 9 62 27 13 1 17 18 19 47 23 64 43 2 52 10 28 29 49 3 33 34 35 5 6 7 39 40 41 8 61 24 44 45 58 11 12 30 51 14 15 16 53 54 55 20 21 22 57 25 26 46 60 32 36 37 38 63 42 48 56 
51 57 60 32 62 29 28 63 42 18 40 39 48 64 45 44 52 12 11 50 49 9 56 34 54 53 6 21 20 4 41 17 61 26 25 59 58 23 31 30 2 27 15 37 36 13 55 33 1 22 5 19 47 46 8 43 10 3 38 14 35 7 24 16 
52 6 61 62 11 31 30 15 18 20 1 22 64 25 47 46 28 50 49 2 32 10 34 36 3 38 39 4 41 5 42 7 44 59 58 8 48 24 9 51 27 12 53 13 55 14 56 16 17 57 19 21 23 60 43 26 29 33 63 35 37 40 45 54 
53 64 17 36 55 33 63 50 61 44 59 58 5 19 39 40 38 14 56 35 34 54 31 9 62 27 25 47 46 23 60 43 7 20 21 41 4 57 16 15 37 13 2 52 10 28 29 49 8 48 24 45 22 1 42 18 3 11 12 30 51 26 6 32 
54 43 57 37 13 63 33 49 24 45 58 59 42 18 40 39 3 56 14 34 35 53 30 51 27 62 26 46 47 60 23 64 6 21 20 4 41 17 15 16 36 55 32 10 52 29 28 50 48 8 61 44 1 22 5 19 38 12 11 31 9 25 7 2 
55 44 19 38 63 35 34 9 25 58 23 60 7 40 41 4 56 16 15 54 53 13 2 27 28 29 46 8 48 43 64 45 21 22 1 57 17 18 37 36 3 33 10 11 12 49 50 51 24 61 26 59 42 5 6 39 14 30 31 32 62 47 20 52 
56 46 21 63 15 37 36 10 58 48 24 61 40 1 42 5 34 54 53 3 38 14 27 12 30 31 60 43 64 26 25 47 4 57 17 6 7 20 13 55 33 16 29 49 50 32 2 52 45 44 59 8 18 19 39 22 35 51 9 62 11 23 41 28 
57 62 63 42 18 40 39 64 52 28 50 49 56 34 54 53 6 21 20 4 41 17 61 44 59 58 11 31 30 9 51 27 15 37 36 13 55 33 1 22 5 19 25 47 46 23 60 43 2 32 10 29 3 38 14 35 7 8 48 24 45 12 16 26 
58 34 27 46 60 43 64 4 15 53 13 55 10 29 49 50 48 24 61 45 44 59 1 17 18 19 36 3 38 33 63 35 12 30 31 51 9 62 26 25 47 23 5 6 7 39 40 41 14 56 16 54 32 2 52 28 8 20 21 22 57 37 11 42 
59 35 62 47 23 64 43 41 16 54 55 13 52 28 50 49 8 61 24 44 45 58 22 57 19 18 37 38 3 63 33 34 11 31 30 9 51 27 25 26 46 60 42 7 6 40 39 4 56 14 15 53 2 32 10 29 48 21 20 1 17 36 12 5 
60 53 29 48 64 45 44 17 36 55 33 63 12 50 51 9 61 26 25 59 58 23 5 19 39 40 38 14 56 35 34 54 31 32 2 62 27 28 47 46 8 43 7 20 21 41 4 57 16 15 37 13 52 10 11 49 24 22 1 42 18 3 30 6 
61 38 31 64 25 47 46 7 55 56 16 15 50 2 52 10 44 59 58 8 48 24 19 21 22 1 63 35 34 37 36 3 9 62 27 11 12 30 23 60 43 26 40 41 4 42 5 6 54 53 13 14 28 29 49 32 45 57 17 18 20 33 51 39 
62 18 64 52 28 50 49 34 6 39 4 41 61 44 59 58 11 31 30 9 51 27 15 53 13 55 20 1 22 17 57 19 25 47 46 23 60 43 2 32 10 29 36 3 38 33 63 35 5 42 7 40 8 48 24 45 12 14 56 16 54 21 26 37 
63 58 40 56 34 54 53 27 46 60 43 64 21 4 57 17 15 37 36 13 55 33 10 29 49 50 48 24 61 45 44 59 1 42 5 18 19 39 3 38 14 35 12 30 31 51 9 62 26 25 47 23 6 7 20 41 16 32 2 52 28 8 22 11 
64 55 50 61 44 59 58 19 38 63 35 34 31 9 62 27 25 47 46 23 60 43 7 40 41 4 56 16 15 54 53 13 2 52 10 28 29 49 8 48 24 45 21 22 1 57 17 18 37 36 3 33 11 12 30 51 26 42 5 6 39 14 32 20 
1
0 1 

1 4 
1 
6 
7 
22 
2 8 
1 6 
1 7 
1 22 
5 21 
6 7 
6 22 
7 22 
20 42 
3 12 
1 5 21 
1 6 7 
1 6 22 
1 7 22 
1 20 42 
5 6 21 
5 7 21 
5 21 22 
6 7 22 
6 20 42 
7 20 42 
20 22 42 
4 14 
1 5 6 21 
1 5 7 21 
1 5 21 22 
1 6 7 22 
1 6 20 42 
1 7 20 42 
1 20 22 42 
5 6 7 21 
5 6 21 22 
5 7 21 22 
5 20 21 42 
6 7 20 42 
6 20 22 42 
7 20 22 42 
5 12 
1 5 6 7 21 
1 5 6 21 22 
1 5 7 21 22 
1 5 20 21 42 
1 6 7 20 42 
1 6 20 22 42 
1 7 20 22 42 
5 6 7 21 22 
5 6 20 21 42 
5 7 20 21 42 
5 20 21 22 42 
6 7 20 22 42 
6 8 
1 5 6 7 21 22 
1 5 6 20 21 42 
1 5 7 20 21 42 
1 5 20 21 22 42 
1 6 7 20 22 42 
5 6 7 20 21 42 
5 6 20 21 22 42 
5 7 20 21 22 42 
7 4 
1 5 6 7 20 21 42 
1 5 6 20 21 22 42 
1 5 7 20 21 22 42 
5 6 7 20 21 22 42 
8 1 
1 5 6 7 20 21 22 42 
2
0 1 

1 1 

2 4 
2 31 
10 12 
11 52 
30 32 
3 1 

4 6 
2 10 12 31 
2 11 31 52 
2 30 31 32 
10 11 12 52 
10 12 30 32 
11 30 32 52 
5 1 

6 4 
2 10 11 12 31 52 
2 10 12 30 31 32 
2 11 30 31 32 52 
10 11 12 30 32 52 
7 1 

8 1 
2 10 11 12 30 31 32 52 
3
0 1 

1 1 

2 4 
3 15 
14 56 
16 38 
36 37 
3 1 

4 6 
3 14 15 56 
3 15 16 38 
3 15 36 37 
14 16 38 56 
14 36 37 56 
16 36 37 38 
5 1 

6 4 
3 14 15 16 38 56 
3 14 15 36 37 56 
3 15 16 36 37 38 
14 16 36 37 38 56 
7 1 

8 1 
3 14 15 16 36 37 38 56 
4
0 1 

1 4 
4 
18 
19 
41 
2 8 
4 18 
4 19 
4 41 
17 40 
18 19 
18 41 
19 41 
39 57 
3 12 
4 17 40 
4 18 19 
4 18 41 
4 19 41 
4 39 57 
17 18 40 
17 19 40 
17 40 41 
18 19 41 
18 39 57 
19 39 57 
39 41 57 
4 14 
4 17 18 40 
4 17 19 40 
4 17 40 41 
4 18 19 41 
4 18 39 57 
4 19 39 57 
4 39 41 57 
17 18 19 40 
17 18 40 41 
17 19 40 41 
17 39 40 57 
18 19 39 57 
18 39 41 57 
19 39 41 57 
5 12 
4 17 18 19 40 
4 17 18 40 41 
4 17 19 40 41 
4 17 39 40 57 
4 18 19 39 57 
4 18 39 41 57 
4 19 39 41 57 
17 18 19 40 41 
17 18 39 40 57 
17 19 39 40 57 
17 39 40 41 57 
18 19 39 41 57 
6 8 
4 17 18 19 40 41 
4 17 18 39 40 57 
4 17 19 39 40 57 
4 17 39 40 41 57 
4 18 19 39 41 57 
17 18 19 39 40 57 
17 18 39 40 41 57 
17 19 39 40 41 57 
7 4 
4 17 18 19 39 40 57 
4 17 18 39 40 41 57 
4 17 19 39 40 41 57 
17 18 19 39 40 41 57 
8 1 
4 17 18 19 39 40 41 57 
5
0 1 

1 1 

2 4 
8 46 
24 25 
26 61 
47 48 
3 1 

4 6 
8 24 25 46 
8 26 46 61 
8 46 47 48 
24 25 26 61 
24 25 47 48 
26 47 48 61 
5 1 

6 4 
8 24 25 26 46 61 
8 24 25 46 47 48 
8 26 46 47 48 61 
24 25 26 47 48 61 
7 1 

8 1 
8 24 25 26 46 47 48 61 
6
0 1 

1 1 

2 4 
9 50 
27 29 
28 62 
49 51 
3 1 

4 6 
9 27 29 50 
9 28 50 62 
9 49 50 51 
27 28 29 62 
27 29 49 51 
28 49 51 62 
5 1 

6 4 
9 27 28 29 50 62 
9 27 29 49 50 51 
9 28 49 50 51 62 
27 28 29 49 51 62 
7 1 

8 1 
9 27 28 29 49 50 51 62 
7
0 1 

1 1 

2 4 
13 34 
33 63 
35 55 
53 54 
3 1 

4 6 
13 33 34 63 
13 34 35 55 
13 34 53 54 
33 35 55 63 
33 53 54 63 
35 53 54 55 
5 1 

6 4 
13 33 34 35 55 63 
13 33 34 53 54 63 
13 34 35 53 54 55 
33 35 53 54 55 63 
7 1 

8 1 
13 33 34 35 53 54 55 63 
8
0 1 

1 1 

2 4 
23 58 
43 44 
45 64 
59 60 
3 1 

4 6 
23 43 44 58 
23 45 58 64 
23 58 59 60 
43 44 45 64 
43 44 59 60 
45 59 60 64 
5 1 

6 4 
23 43 44 45 58 64 
23 43 44 58 59 60 
23 45 58 59 60 64 
43 44 45 59 60 64 
7 1 

8 1 
23 43 44 45 58 59 60 64 
