//Table for grp 250:
57
0 0 2 2 4 4 2 4 
0 0 2 4 4 2 4 2 
0 0 4 2 2 4 4 2 
0 0 4 4 2 2 2 4 
0 2 0 2 4 2 4 4 
0 2 0 4 4 4 2 2 
0 2 2 0 2 4 4 4 
0 2 2 2 2 2 2 6 
0 2 2 2 2 2 6 2 
0 2 2 2 2 6 2 2 
0 2 2 2 6 2 2 2 
0 2 2 4 2 0 4 4 
0 2 2 4 2 4 0 4 
0 2 2 4 2 4 4 0 
0 2 2 6 2 2 2 2 
0 2 4 0 4 4 2 2 
0 2 4 2 0 2 4 4 
0 2 4 2 4 2 0 4 
0 2 4 2 4 2 4 0 
0 2 4 4 0 4 2 2 
0 2 4 4 4 0 2 2 
0 2 6 2 2 2 2 2 
0 4 0 2 2 4 4 2 
0 4 0 4 2 2 2 4 
0 4 2 0 4 2 4 2 
0 4 2 2 0 4 2 4 
0 4 2 2 4 0 2 4 
0 4 2 2 4 4 2 0 
0 4 2 4 0 2 4 2 
0 4 2 4 4 2 0 2 
0 4 4 0 2 2 2 4 
0 4 4 2 2 0 4 2 
0 4 4 2 2 4 0 2 
0 4 4 4 2 2 2 0 
0 6 2 2 2 2 2 2 
2 0 2 2 2 2 4 4 
2 0 2 4 2 4 2 2 
2 0 4 2 4 2 2 2 
2 2 0 2 2 4 2 4 
2 2 0 4 2 2 4 2 
2 2 2 0 4 2 2 4 
2 2 2 2 0 4 4 2 
2 2 2 2 4 0 4 2 
2 2 2 2 4 4 0 2 
2 2 2 4 0 2 2 4 
2 2 2 4 4 2 2 0 
2 2 4 0 2 2 4 2 
2 2 4 2 2 0 2 4 
2 2 4 2 2 4 2 0 
2 2 4 4 2 2 0 2 
2 4 0 2 4 2 2 2 
2 4 2 0 2 4 2 2 
2 4 2 2 2 2 0 4 
2 4 2 2 2 2 4 0 
2 4 2 4 2 0 2 2 
2 4 4 2 0 2 2 2 
4 2 2 2 2 2 2 2 
1 2 3 4 5 6 7 8 9 10 11 12 13 14 15 16 17 18 19 20 21 22 23 24 25 26 27 28 29 30 31 32 33 34 35 36 37 38 39 40 41 42 43 44 45 46 47 48 49 50 51 52 53 54 55 56 57 58 59 60 61 62 63 64 
2 1 8 9 10 11 12 3 4 5 6 7 23 24 25 26 27 28 29 30 31 32 13 14 15 16 17 18 19 20 21 22 43 44 45 46 47 48 49 50 51 52 33 34 35 36 37 38 39 40 41 42 58 59 60 61 62 53 54 55 56 57 64 63 
3 25 1 13 14 15 16 32 44 46 26 48 4 5 6 7 33 34 35 36 37 38 51 52 2 11 58 45 60 47 61 8 17 18 19 20 21 22 53 54 55 56 62 9 28 10 30 12 59 64 23 24 39 40 41 42 63 27 49 29 31 43 57 50 
4 9 13 1 17 18 19 23 2 27 28 29 3 33 34 35 5 6 7 39 40 41 8 43 44 45 10 11 12 49 50 51 14 15 16 53 54 55 20 21 22 57 24 25 26 58 59 60 30 31 32 62 36 37 38 63 42 46 47 48 64 52 56 61 
5 10 14 17 1 20 21 24 27 2 30 31 33 3 36 37 4 39 40 6 7 42 43 8 46 47 9 49 50 11 12 52 13 53 54 15 16 56 18 19 57 22 23 58 59 25 26 61 28 29 62 32 34 35 63 38 41 44 45 64 48 51 55 60 
6 32 38 18 20 7 22 25 51 52 2 11 55 56 3 15 39 19 41 21 42 1 44 46 26 48 62 9 28 10 30 12 63 13 34 14 36 16 40 57 4 5 58 45 60 47 61 8 27 49 29 31 33 53 35 37 17 59 64 23 24 50 54 43 
7 12 16 19 21 22 1 26 29 31 32 2 35 37 38 3 40 41 4 42 5 6 45 47 48 8 50 51 9 52 10 11 54 55 13 56 14 15 57 17 18 20 59 60 23 61 24 25 62 27 28 30 63 33 34 36 39 64 43 44 46 49 53 58 
8 15 2 23 24 25 26 22 34 36 16 38 9 10 11 12 43 44 45 46 47 48 41 42 1 6 53 35 55 37 56 3 27 28 29 30 31 32 58 59 60 61 57 4 18 5 20 7 54 63 13 14 49 50 51 52 64 17 39 19 21 33 62 40 
9 4 23 2 27 28 29 13 1 17 18 19 8 43 44 45 10 11 12 49 50 51 3 33 34 35 5 6 7 39 40 41 24 25 26 58 59 60 30 31 32 62 14 15 16 53 54 55 20 21 22 57 46 47 48 64 52 36 37 38 63 42 61 56 
10 5 24 27 2 30 31 14 17 1 20 21 43 8 46 47 9 49 50 11 12 52 33 3 36 37 4 39 40 6 7 42 23 58 59 25 26 61 28 29 62 32 13 53 54 15 16 56 18 19 57 22 44 45 64 48 51 34 35 63 38 41 60 55 
11 22 48 28 30 12 32 15 41 42 1 6 60 61 8 25 49 29 51 31 52 2 34 36 16 38 57 4 18 5 20 7 64 23 44 24 46 26 50 62 9 10 53 35 55 37 56 3 17 39 19 21 43 58 45 47 27 54 63 13 14 40 59 33 
12 7 26 29 31 32 2 16 19 21 22 1 45 47 48 8 50 51 9 52 10 11 35 37 38 3 40 41 4 42 5 6 59 60 23 61 24 25 62 27 28 30 54 55 13 56 14 15 57 17 18 20 64 43 44 46 49 63 33 34 36 39 58 53 
13 44 4 3 33 34 35 51 25 58 45 60 1 17 18 19 14 15 16 53 54 55 32 62 9 28 46 26 48 59 64 23 5 6 7 39 40 41 36 37 38 63 52 2 11 27 49 29 47 61 8 43 20 21 22 57 56 10 30 12 50 24 42 31 
14 46 5 33 3 36 37 52 58 25 47 61 17 1 20 21 13 53 54 15 16 56 62 32 10 30 44 59 64 26 48 24 4 39 40 6 7 42 34 35 63 38 51 27 49 2 11 31 45 60 43 8 18 19 57 22 55 9 28 50 12 23 41 29 
15 8 22 34 36 16 38 2 23 24 25 26 41 42 1 6 53 35 55 37 56 3 9 10 11 12 43 44 45 46 47 48 57 4 18 5 20 7 54 63 13 14 27 28 29 30 31 32 58 59 60 61 17 39 19 21 33 49 50 51 52 64 40 62 
16 48 7 35 37 38 3 11 60 61 8 25 19 21 22 1 54 55 13 56 14 15 28 30 12 32 64 23 44 24 46 26 40 41 4 42 5 6 63 33 34 36 49 29 51 31 52 2 43 58 45 47 57 17 18 20 53 50 62 9 10 59 39 27 
17 27 33 5 4 39 40 43 10 9 49 50 14 13 53 54 1 20 21 18 19 57 24 23 58 59 2 30 31 28 29 62 3 36 37 34 35 63 6 7 42 41 8 46 47 44 45 64 11 12 52 51 15 16 56 55 22 25 26 61 60 32 38 48 
18 51 55 6 39 19 41 44 32 62 9 28 38 63 13 34 20 7 22 40 57 4 25 58 45 60 52 2 11 27 49 29 56 3 15 33 53 35 21 42 1 17 46 26 48 59 64 23 10 30 12 50 14 36 16 54 5 47 61 8 43 31 37 24 
19 29 35 7 40 41 4 45 12 50 51 9 16 54 55 13 21 22 1 57 17 18 26 59 60 23 31 32 2 62 27 28 37 38 3 63 33 34 42 5 6 39 47 48 8 64 43 44 52 10 11 49 56 14 15 53 20 61 24 25 58 30 36 46 
20 52 56 39 6 21 42 46 62 32 10 30 63 38 14 36 18 40 57 7 22 5 58 25 47 61 51 27 49 2 11 31 55 33 53 3 15 37 19 41 17 1 44 59 64 26 48 24 9 28 50 12 13 34 54 16 4 45 60 43 8 29 35 23 
21 31 37 40 7 42 5 47 50 12 52 10 54 16 56 14 19 57 17 22 1 20 59 26 61 24 29 62 27 32 2 30 35 63 33 38 3 36 41 4 39 6 45 64 43 48 8 46 51 9 49 11 55 13 53 15 18 60 23 58 25 28 34 44 
22 11 15 41 42 1 6 48 28 30 12 32 34 36 16 38 57 4 18 5 20 7 60 61 8 25 49 29 51 31 52 2 53 35 55 37 56 3 17 39 19 21 64 23 44 24 46 26 50 62 9 10 54 63 13 14 40 43 58 45 47 27 33 59 
23 34 9 8 43 44 45 41 15 53 35 55 2 27 28 29 24 25 26 58 59 60 22 57 4 18 36 16 38 54 63 13 10 11 12 49 50 51 46 47 48 64 42 1 6 17 39 19 37 56 3 33 30 31 32 62 61 5 20 7 40 14 52 21 
24 36 10 43 8 46 47 42 53 15 37 56 27 2 30 31 23 58 59 25 26 61 57 22 5 20 34 54 63 16 38 14 9 49 50 11 12 52 44 45 64 48 41 17 39 1 6 21 35 55 33 3 28 29 62 32 60 4 18 40 7 13 51 19 
25 3 32 44 46 26 48 1 13 14 15 16 51 52 2 11 58 45 60 47 61 8 4 5 6 7 33 34 35 36 37 38 62 9 28 10 30 12 59 64 23 24 17 18 19 20 21 22 53 54 55 56 27 49 29 31 43 39 40 41 42 63 50 57 
26 38 12 45 47 48 8 6 55 56 3 15 29 31 32 2 59 60 23 61 24 25 18 20 7 22 63 13 34 14 36 16 50 51 9 52 10 11 64 43 44 46 39 19 41 21 42 1 33 53 35 37 62 27 28 30 58 40 57 4 5 54 49 17 
27 17 43 10 9 49 50 33 5 4 39 40 24 23 58 59 2 30 31 28 29 62 14 13 53 54 1 20 21 18 19 57 8 46 47 44 45 64 11 12 52 51 3 36 37 34 35 63 6 7 42 41 25 26 61 60 32 15 16 56 55 22 48 38 
28 41 60 11 49 29 51 34 22 57 4 18 48 64 23 44 30 12 32 50 62 9 15 53 35 55 42 1 6 17 39 19 61 8 25 43 58 45 31 52 2 27 36 16 38 54 63 13 5 20 7 40 24 46 26 59 10 37 56 3 33 21 47 14 
29 19 45 12 50 51 9 35 7 40 41 4 26 59 60 23 31 32 2 62 27 28 16 54 55 13 21 22 1 57 17 18 47 48 8 64 43 44 52 10 11 49 37 38 3 63 33 34 42 5 6 39 61 24 25 58 30 56 14 15 53 20 46 36 
30 42 61 49 11 31 52 36 57 22 5 20 64 48 24 46 28 50 62 12 32 10 53 15 37 56 41 17 39 1 6 21 60 43 58 8 25 47 29 51 27 2 34 54 63 16 38 14 4 18 40 7 23 44 59 26 9 35 55 33 3 19 45 13 
31 21 47 50 12 52 10 37 40 7 42 5 59 26 61 24 29 62 27 32 2 30 54 16 56 14 19 57 17 22 1 20 45 64 43 48 8 46 51 9 49 11 35 63 33 38 3 36 41 4 39 6 60 23 58 25 28 55 13 53 15 18 44 34 
32 6 25 51 52 2 11 38 18 20 7 22 44 46 26 48 62 9 28 10 30 12 55 56 3 15 39 19 41 21 42 1 58 45 60 47 61 8 27 49 29 31 63 13 34 14 36 16 40 57 4 5 59 64 23 24 50 33 53 35 37 17 43 54 
33 58 17 14 13 53 54 62 46 44 59 64 5 4 39 40 3 36 37 34 35 63 52 51 27 49 25 47 61 45 60 43 1 20 21 18 19 57 15 16 56 55 32 10 30 9 28 50 26 48 24 23 6 7 42 41 38 2 11 31 29 8 22 12 
34 23 41 15 53 35 55 9 8 43 44 45 22 57 4 18 36 16 38 54 63 13 2 27 28 29 24 25 26 58 59 60 42 1 6 17 39 19 37 56 3 33 10 11 12 49 50 51 46 47 48 64 5 20 7 40 14 30 31 32 62 61 21 52 
35 60 19 16 54 55 13 28 48 64 23 44 7 40 41 4 37 38 3 63 33 34 11 49 29 51 61 8 25 43 58 45 21 22 1 57 17 18 56 14 15 53 30 12 32 50 62 9 24 46 26 59 42 5 6 39 36 31 52 2 27 47 20 10 
36 24 42 53 15 37 56 10 43 8 46 47 57 22 5 20 34 54 63 16 38 14 27 2 30 31 23 58 59 25 26 61 41 17 39 1 6 21 35 55 33 3 9 49 50 11 12 52 44 45 64 48 4 18 40 7 13 28 29 62 32 60 19 51 
37 61 21 54 16 56 14 30 64 48 24 46 40 7 42 5 35 63 33 38 3 36 49 11 31 52 60 43 58 8 25 47 19 57 17 22 1 20 55 13 53 15 28 50 62 12 32 10 23 44 59 26 41 4 39 6 34 29 51 27 2 45 18 9 
38 26 6 55 56 3 15 12 45 47 48 8 18 20 7 22 63 13 34 14 36 16 29 31 32 2 59 60 23 61 24 25 39 19 41 21 42 1 33 53 35 37 50 51 9 52 10 11 64 43 44 46 40 57 4 5 54 62 27 28 30 58 17 49 
39 62 63 20 18 40 57 58 52 51 27 49 56 55 33 53 6 21 42 19 41 17 46 44 59 64 32 10 30 9 28 50 38 14 36 13 34 54 7 22 5 4 25 47 61 45 60 43 2 11 31 29 3 15 37 35 1 26 48 24 23 12 16 8 
40 50 54 21 19 57 17 59 31 29 62 27 37 35 63 33 7 42 5 41 4 39 47 45 64 43 12 52 10 51 9 49 16 56 14 55 13 53 22 1 20 18 26 61 24 60 23 58 32 2 30 28 38 3 36 34 6 48 8 46 44 11 15 25 
41 28 34 22 57 4 18 60 11 49 29 51 15 53 35 55 42 1 6 17 39 19 48 64 23 44 30 12 32 50 62 9 36 16 38 54 63 13 5 20 7 40 61 8 25 43 58 45 31 52 2 27 37 56 3 33 21 24 46 26 59 10 14 47 
42 30 36 57 22 5 20 61 49 11 31 52 53 15 37 56 41 17 39 1 6 21 64 48 24 46 28 50 62 12 32 10 34 54 63 16 38 14 4 18 40 7 60 43 58 8 25 47 29 51 27 2 35 55 33 3 19 23 44 59 26 9 13 45 
43 53 27 24 23 58 59 57 36 34 54 63 10 9 49 50 8 46 47 44 45 64 42 41 17 39 15 37 56 35 55 33 2 30 31 28 29 62 25 26 61 60 22 5 20 4 18 40 16 38 14 13 11 12 52 51 48 1 6 21 19 3 32 7 
44 13 51 25 58 45 60 4 3 33 34 35 32 62 9 28 46 26 48 59 64 23 1 17 18 19 14 15 16 53 54 55 52 2 11 27 49 29 47 61 8 43 5 6 7 39 40 41 36 37 38 63 10 30 12 50 24 20 21 22 57 56 31 42 
45 55 29 26 59 60 23 18 38 63 13 34 12 50 51 9 47 48 8 64 43 44 6 39 19 41 56 3 15 33 53 35 31 32 2 62 27 28 61 24 25 58 20 7 22 40 57 4 14 36 16 54 52 10 11 49 46 21 42 1 17 37 30 5 
46 14 52 58 25 47 61 5 33 3 36 37 62 32 10 30 44 59 64 26 48 24 17 1 20 21 13 53 54 15 16 56 51 27 49 2 11 31 45 60 43 8 4 39 40 6 7 42 34 35 63 38 9 28 50 12 23 18 19 57 22 55 29 41 
47 56 31 59 26 61 24 20 63 38 14 36 50 12 52 10 45 64 43 48 8 46 39 6 21 42 55 33 53 3 15 37 29 62 27 32 2 30 60 23 58 25 18 40 57 7 22 5 13 34 54 16 51 9 49 11 44 19 41 17 1 35 28 4 
48 16 11 60 61 8 25 7 35 37 38 3 28 30 12 32 64 23 44 24 46 26 19 21 22 1 54 55 13 56 14 15 49 29 51 31 52 2 43 58 45 47 40 41 4 42 5 6 63 33 34 36 50 62 9 10 59 57 17 18 20 53 27 39 
49 57 64 30 28 50 62 53 42 41 17 39 61 60 43 58 11 31 52 29 51 27 36 34 54 63 22 5 20 4 18 40 48 24 46 23 44 59 12 32 10 9 15 37 56 35 55 33 1 6 21 19 8 25 47 45 2 16 38 14 13 7 26 3 
50 40 59 31 29 62 27 54 21 19 57 17 47 45 64 43 12 52 10 51 9 49 37 35 63 33 7 42 5 41 4 39 26 61 24 60 23 58 32 2 30 28 16 56 14 55 13 53 22 1 20 18 48 8 46 44 11 38 3 36 34 6 25 15 
51 18 44 32 62 9 28 55 6 39 19 41 25 58 45 60 52 2 11 27 49 29 38 63 13 34 20 7 22 40 57 4 46 26 48 59 64 23 10 30 12 50 56 3 15 33 53 35 21 42 1 17 47 61 8 43 31 14 36 16 54 5 24 37 
52 20 46 62 32 10 30 56 39 6 21 42 58 25 47 61 51 27 49 2 11 31 63 38 14 36 18 40 57 7 22 5 44 59 64 26 48 24 9 28 50 12 55 33 53 3 15 37 19 41 17 1 45 60 43 8 29 13 34 54 16 4 23 35 
53 43 57 36 34 54 63 27 24 23 58 59 42 41 17 39 15 37 56 35 55 33 10 9 49 50 8 46 47 44 45 64 22 5 20 4 18 40 16 38 14 13 2 30 31 28 29 62 25 26 61 60 1 6 21 19 3 11 12 52 51 48 7 32 
54 64 40 37 35 63 33 49 61 60 43 58 21 19 57 17 16 56 14 55 13 53 30 28 50 62 48 24 46 23 44 59 7 42 5 41 4 39 38 3 36 34 11 31 52 29 51 27 8 25 47 45 22 1 20 18 15 12 32 10 9 26 6 2 
55 45 18 38 63 13 34 29 26 59 60 23 6 39 19 41 56 3 15 33 53 35 12 50 51 9 47 48 8 64 43 44 20 7 22 40 57 4 14 36 16 54 31 32 2 62 27 28 61 24 25 58 21 42 1 17 37 52 10 11 49 46 5 30 
56 47 20 63 38 14 36 31 59 26 61 24 39 6 21 42 55 33 53 3 15 37 50 12 52 10 45 64 43 48 8 46 18 40 57 7 22 5 13 34 54 16 29 62 27 32 2 30 60 23 58 25 19 41 17 1 35 51 9 49 11 44 4 28 
57 49 53 42 41 17 39 64 30 28 50 62 36 34 54 63 22 5 20 4 18 40 61 60 43 58 11 31 52 29 51 27 15 37 56 35 55 33 1 6 21 19 48 24 46 23 44 59 12 32 10 9 16 38 14 13 7 8 25 47 45 2 3 26 
58 33 62 46 44 59 64 17 14 13 53 54 52 51 27 49 25 47 61 45 60 43 5 4 39 40 3 36 37 34 35 63 32 10 30 9 28 50 26 48 24 23 1 20 21 18 19 57 15 16 56 55 2 11 31 29 8 6 7 42 41 38 12 22 
59 63 50 47 45 64 43 39 56 55 33 53 31 29 62 27 26 61 24 60 23 58 20 18 40 57 38 14 36 13 34 54 12 52 10 51 9 49 48 8 46 44 6 21 42 19 41 17 3 15 37 35 32 2 30 28 25 7 22 5 4 16 11 1 
60 35 28 48 64 23 44 19 16 54 55 13 11 49 29 51 61 8 25 43 58 45 7 40 41 4 37 38 3 63 33 34 30 12 32 50 62 9 24 46 26 59 21 22 1 57 17 18 56 14 15 53 31 52 2 27 47 42 5 6 39 36 10 20 
61 37 30 64 48 24 46 21 54 16 56 14 49 11 31 52 60 43 58 8 25 47 40 7 42 5 35 63 33 38 3 36 28 50 62 12 32 10 23 44 59 26 19 57 17 22 1 20 55 13 53 15 29 51 27 2 45 41 4 39 6 34 9 18 
62 39 58 52 51 27 49 63 20 18 40 57 46 44 59 64 32 10 30 9 28 50 56 55 33 53 6 21 42 19 41 17 25 47 61 45 60 43 2 11 31 29 38 14 36 13 34 54 7 22 5 4 26 48 24 23 12 3 15 37 35 1 8 16 
63 59 39 56 55 33 53 50 47 45 64 43 20 18 40 57 38 14 36 13 34 54 31 29 62 27 26 61 24 60 23 58 6 21 42 19 41 17 3 15 37 35 12 52 10 51 9 49 48 8 46 44 7 22 5 4 16 32 2 30 28 25 1 11 
64 54 49 61 60 43 58 40 37 35 63 33 30 28 50 62 48 24 46 23 44 59 21 19 57 17 16 56 14 55 13 53 11 31 52 29 51 27 8 25 47 45 7 42 5 41 4 39 38 3 36 34 12 32 10 9 26 22 1 20 18 15 2 6 
1
0 1 

1 4 
1 
5 
7 
21 
2 8 
1 5 
1 7 
1 21 
5 7 
5 21 
6 22 
7 21 
20 42 
3 12 
1 5 7 
1 5 21 
1 6 22 
1 7 21 
1 20 42 
5 6 22 
5 7 21 
5 20 42 
6 7 22 
6 21 22 
7 20 42 
20 21 42 
4 14 
1 5 6 22 
1 5 7 21 
1 5 20 42 
1 6 7 22 
1 6 21 22 
1 7 20 42 
1 20 21 42 
5 6 7 22 
5 6 21 22 
5 7 20 42 
5 20 21 42 
6 7 21 22 
6 20 22 42 
7 20 21 42 
5 12 
1 5 6 7 22 
1 5 6 21 22 
1 5 7 20 42 
1 5 20 21 42 
1 6 7 21 22 
1 6 20 22 42 
1 7 20 21 42 
5 6 7 21 22 
5 6 20 22 42 
5 7 20 21 42 
6 7 20 22 42 
6 20 21 22 42 
6 8 
1 5 6 7 21 22 
1 5 6 20 22 42 
1 5 7 20 21 42 
1 6 7 20 22 42 
1 6 20 21 22 42 
5 6 7 20 22 42 
5 6 20 21 22 42 
6 7 20 21 22 42 
7 4 
1 5 6 7 20 22 42 
1 5 6 20 21 22 42 
1 6 7 20 21 22 42 
5 6 7 20 21 22 42 
8 1 
1 5 6 7 20 21 22 42 
2
0 1 

1 8 
2 
10 
11 
12 
30 
31 
32 
52 
2 28 
2 10 
2 11 
2 12 
2 30 
2 31 
2 32 
2 52 
10 11 
10 12 
10 30 
10 31 
10 32 
10 52 
11 12 
11 30 
11 31 
11 32 
11 52 
12 30 
12 31 
12 32 
12 52 
30 31 
30 32 
30 52 
31 32 
31 52 
32 52 
3 56 
2 10 11 
2 10 12 
2 10 30 
2 10 31 
2 10 32 
2 10 52 
2 11 12 
2 11 30 
2 11 31 
2 11 32 
2 11 52 
2 12 30 
2 12 31 
2 12 32 
2 12 52 
2 30 31 
2 30 32 
2 30 52 
2 31 32 
2 31 52 
2 32 52 
10 11 12 
10 11 30 
10 11 31 
10 11 32 
10 11 52 
10 12 30 
10 12 31 
10 12 32 
10 12 52 
10 30 31 
10 30 32 
10 30 52 
10 31 32 
10 31 52 
10 32 52 
11 12 30 
11 12 31 
11 12 32 
11 12 52 
11 30 31 
11 30 32 
11 30 52 
11 31 32 
11 31 52 
11 32 52 
12 30 31 
12 30 32 
12 30 52 
12 31 32 
12 31 52 
12 32 52 
30 31 32 
30 31 52 
30 32 52 
31 32 52 
4 70 
2 10 11 12 
2 10 11 30 
2 10 11 31 
2 10 11 32 
2 10 11 52 
2 10 12 30 
2 10 12 31 
2 10 12 32 
2 10 12 52 
2 10 30 31 
2 10 30 32 
2 10 30 52 
2 10 31 32 
2 10 31 52 
2 10 32 52 
2 11 12 30 
2 11 12 31 
2 11 12 32 
2 11 12 52 
2 11 30 31 
2 11 30 32 
2 11 30 52 
2 11 31 32 
2 11 31 52 
2 11 32 52 
2 12 30 31 
2 12 30 32 
2 12 30 52 
2 12 31 32 
2 12 31 52 
2 12 32 52 
2 30 31 32 
2 30 31 52 
2 30 32 52 
2 31 32 52 
10 11 12 30 
10 11 12 31 
10 11 12 32 
10 11 12 52 
10 11 30 31 
10 11 30 32 
10 11 30 52 
10 11 31 32 
10 11 31 52 
10 11 32 52 
10 12 30 31 
10 12 30 32 
10 12 30 52 
10 12 31 32 
10 12 31 52 
10 12 32 52 
10 30 31 32 
10 30 31 52 
10 30 32 52 
10 31 32 52 
11 12 30 31 
11 12 30 32 
11 12 30 52 
11 12 31 32 
11 12 31 52 
11 12 32 52 
11 30 31 32 
11 30 31 52 
11 30 32 52 
11 31 32 52 
12 30 31 32 
12 30 31 52 
12 30 32 52 
12 31 32 52 
30 31 32 52 
5 56 
2 10 11 12 30 
2 10 11 12 31 
2 10 11 12 32 
2 10 11 12 52 
2 10 11 30 31 
2 10 11 30 32 
2 10 11 30 52 
2 10 11 31 32 
2 10 11 31 52 
2 10 11 32 52 
2 10 12 30 31 
2 10 12 30 32 
2 10 12 30 52 
2 10 12 31 32 
2 10 12 31 52 
2 10 12 32 52 
2 10 30 31 32 
2 10 30 31 52 
2 10 30 32 52 
2 10 31 32 52 
2 11 12 30 31 
2 11 12 30 32 
2 11 12 30 52 
2 11 12 31 32 
2 11 12 31 52 
2 11 12 32 52 
2 11 30 31 32 
2 11 30 31 52 
2 11 30 32 52 
2 11 31 32 52 
2 12 30 31 32 
2 12 30 31 52 
2 12 30 32 52 
2 12 31 32 52 
2 30 31 32 52 
10 11 12 30 31 
10 11 12 30 32 
10 11 12 30 52 
10 11 12 31 32 
10 11 12 31 52 
10 11 12 32 52 
10 11 30 31 32 
10 11 30 31 52 
10 11 30 32 52 
10 11 31 32 52 
10 12 30 31 32 
10 12 30 31 52 
10 12 30 32 52 
10 12 31 32 52 
10 30 31 32 52 
11 12 30 31 32 
11 12 30 31 52 
11 12 30 32 52 
11 12 31 32 52 
11 30 31 32 52 
12 30 31 32 52 
6 28 
2 10 11 12 30 31 
2 10 11 12 30 32 
2 10 11 12 30 52 
2 10 11 12 31 32 
2 10 11 12 31 52 
2 10 11 12 32 52 
2 10 11 30 31 32 
2 10 11 30 31 52 
2 10 11 30 32 52 
2 10 11 31 32 52 
2 10 12 30 31 32 
2 10 12 30 31 52 
2 10 12 30 32 52 
2 10 12 31 32 52 
2 10 30 31 32 52 
2 11 12 30 31 32 
2 11 12 30 31 52 
2 11 12 30 32 52 
2 11 12 31 32 52 
2 11 30 31 32 52 
2 12 30 31 32 52 
10 11 12 30 31 32 
10 11 12 30 31 52 
10 11 12 30 32 52 
10 11 12 31 32 52 
10 11 30 31 32 52 
10 12 30 31 32 52 
11 12 30 31 32 52 
7 8 
2 10 11 12 30 31 32 
2 10 11 12 30 31 52 
2 10 11 12 30 32 52 
2 10 11 12 31 32 52 
2 10 11 30 31 32 52 
2 10 12 30 31 32 52 
2 11 12 30 31 32 52 
10 11 12 30 31 32 52 
8 1 
2 10 11 12 30 31 32 52 
3
0 1 

1 8 
3 
14 
15 
16 
36 
37 
38 
56 
2 28 
3 14 
3 15 
3 16 
3 36 
3 37 
3 38 
3 56 
14 15 
14 16 
14 36 
14 37 
14 38 
14 56 
15 16 
15 36 
15 37 
15 38 
15 56 
16 36 
16 37 
16 38 
16 56 
36 37 
36 38 
36 56 
37 38 
37 56 
38 56 
3 56 
3 14 15 
3 14 16 
3 14 36 
3 14 37 
3 14 38 
3 14 56 
3 15 16 
3 15 36 
3 15 37 
3 15 38 
3 15 56 
3 16 36 
3 16 37 
3 16 38 
3 16 56 
3 36 37 
3 36 38 
3 36 56 
3 37 38 
3 37 56 
3 38 56 
14 15 16 
14 15 36 
14 15 37 
14 15 38 
14 15 56 
14 16 36 
14 16 37 
14 16 38 
14 16 56 
14 36 37 
14 36 38 
14 36 56 
14 37 38 
14 37 56 
14 38 56 
15 16 36 
15 16 37 
15 16 38 
15 16 56 
15 36 37 
15 36 38 
15 36 56 
15 37 38 
15 37 56 
15 38 56 
16 36 37 
16 36 38 
16 36 56 
16 37 38 
16 37 56 
16 38 56 
36 37 38 
36 37 56 
36 38 56 
37 38 56 
4 70 
3 14 15 16 
3 14 15 36 
3 14 15 37 
3 14 15 38 
3 14 15 56 
3 14 16 36 
3 14 16 37 
3 14 16 38 
3 14 16 56 
3 14 36 37 
3 14 36 38 
3 14 36 56 
3 14 37 38 
3 14 37 56 
3 14 38 56 
3 15 16 36 
3 15 16 37 
3 15 16 38 
3 15 16 56 
3 15 36 37 
3 15 36 38 
3 15 36 56 
3 15 37 38 
3 15 37 56 
3 15 38 56 
3 16 36 37 
3 16 36 38 
3 16 36 56 
3 16 37 38 
3 16 37 56 
3 16 38 56 
3 36 37 38 
3 36 37 56 
3 36 38 56 
3 37 38 56 
14 15 16 36 
14 15 16 37 
14 15 16 38 
14 15 16 56 
14 15 36 37 
14 15 36 38 
14 15 36 56 
14 15 37 38 
14 15 37 56 
14 15 38 56 
14 16 36 37 
14 16 36 38 
14 16 36 56 
14 16 37 38 
14 16 37 56 
14 16 38 56 
14 36 37 38 
14 36 37 56 
14 36 38 56 
14 37 38 56 
15 16 36 37 
15 16 36 38 
15 16 36 56 
15 16 37 38 
15 16 37 56 
15 16 38 56 
15 36 37 38 
15 36 37 56 
15 36 38 56 
15 37 38 56 
16 36 37 38 
16 36 37 56 
16 36 38 56 
16 37 38 56 
36 37 38 56 
5 56 
3 14 15 16 36 
3 14 15 16 37 
3 14 15 16 38 
3 14 15 16 56 
3 14 15 36 37 
3 14 15 36 38 
3 14 15 36 56 
3 14 15 37 38 
3 14 15 37 56 
3 14 15 38 56 
3 14 16 36 37 
3 14 16 36 38 
3 14 16 36 56 
3 14 16 37 38 
3 14 16 37 56 
3 14 16 38 56 
3 14 36 37 38 
3 14 36 37 56 
3 14 36 38 56 
3 14 37 38 56 
3 15 16 36 37 
3 15 16 36 38 
3 15 16 36 56 
3 15 16 37 38 
3 15 16 37 56 
3 15 16 38 56 
3 15 36 37 38 
3 15 36 37 56 
3 15 36 38 56 
3 15 37 38 56 
3 16 36 37 38 
3 16 36 37 56 
3 16 36 38 56 
3 16 37 38 56 
3 36 37 38 56 
14 15 16 36 37 
14 15 16 36 38 
14 15 16 36 56 
14 15 16 37 38 
14 15 16 37 56 
14 15 16 38 56 
14 15 36 37 38 
14 15 36 37 56 
14 15 36 38 56 
14 15 37 38 56 
14 16 36 37 38 
14 16 36 37 56 
14 16 36 38 56 
14 16 37 38 56 
14 36 37 38 56 
15 16 36 37 38 
15 16 36 37 56 
15 16 36 38 56 
15 16 37 38 56 
15 36 37 38 56 
16 36 37 38 56 
6 28 
3 14 15 16 36 37 
3 14 15 16 36 38 
3 14 15 16 36 56 
3 14 15 16 37 38 
3 14 15 16 37 56 
3 14 15 16 38 56 
3 14 15 36 37 38 
3 14 15 36 37 56 
3 14 15 36 38 56 
3 14 15 37 38 56 
3 14 16 36 37 38 
3 14 16 36 37 56 
3 14 16 36 38 56 
3 14 16 37 38 56 
3 14 36 37 38 56 
3 15 16 36 37 38 
3 15 16 36 37 56 
3 15 16 36 38 56 
3 15 16 37 38 56 
3 15 36 37 38 56 
3 16 36 37 38 56 
14 15 16 36 37 38 
14 15 16 36 37 56 
14 15 16 36 38 56 
14 15 16 37 38 56 
14 15 36 37 38 56 
14 16 36 37 38 56 
15 16 36 37 38 56 
7 8 
3 14 15 16 36 37 38 
3 14 15 16 36 37 56 
3 14 15 16 36 38 56 
3 14 15 16 37 38 56 
3 14 15 36 37 38 56 
3 14 16 36 37 38 56 
3 15 16 36 37 38 56 
14 15 16 36 37 38 56 
8 1 
3 14 15 16 36 37 38 56 
4
0 1 

1 4 
4 
17 
19 
40 
2 8 
4 17 
4 19 
4 40 
17 19 
17 40 
18 41 
19 40 
39 57 
3 12 
4 17 19 
4 17 40 
4 18 41 
4 19 40 
4 39 57 
17 18 41 
17 19 40 
17 39 57 
18 19 41 
18 40 41 
19 39 57 
39 40 57 
4 14 
4 17 18 41 
4 17 19 40 
4 17 39 57 
4 18 19 41 
4 18 40 41 
4 19 39 57 
4 39 40 57 
17 18 19 41 
17 18 40 41 
17 19 39 57 
17 39 40 57 
18 19 40 41 
18 39 41 57 
19 39 40 57 
5 12 
4 17 18 19 41 
4 17 18 40 41 
4 17 19 39 57 
4 17 39 40 57 
4 18 19 40 41 
4 18 39 41 57 
4 19 39 40 57 
17 18 19 40 41 
17 18 39 41 57 
17 19 39 40 57 
18 19 39 41 57 
18 39 40 41 57 
6 8 
4 17 18 19 40 41 
4 17 18 39 41 57 
4 17 19 39 40 57 
4 18 19 39 41 57 
4 18 39 40 41 57 
17 18 19 39 41 57 
17 18 39 40 41 57 
18 19 39 40 41 57 
7 4 
4 17 18 19 39 41 57 
4 17 18 39 40 41 57 
4 18 19 39 40 41 57 
17 18 19 39 40 41 57 
8 1 
4 17 18 19 39 40 41 57 
5
0 1 

1 1 

2 4 
8 25 
24 46 
26 48 
47 61 
3 1 

4 6 
8 24 25 46 
8 25 26 48 
8 25 47 61 
24 26 46 48 
24 46 47 61 
26 47 48 61 
5 1 

6 4 
8 24 25 26 46 48 
8 24 25 46 47 61 
8 25 26 47 48 61 
24 26 46 47 48 61 
7 1 

8 1 
8 24 25 26 46 47 48 61 
6
0 1 

1 8 
9 
27 
28 
29 
49 
50 
51 
62 
2 28 
9 27 
9 28 
9 29 
9 49 
9 50 
9 51 
9 62 
27 28 
27 29 
27 49 
27 50 
27 51 
27 62 
28 29 
28 49 
28 50 
28 51 
28 62 
29 49 
29 50 
29 51 
29 62 
49 50 
49 51 
49 62 
50 51 
50 62 
51 62 
3 56 
9 27 28 
9 27 29 
9 27 49 
9 27 50 
9 27 51 
9 27 62 
9 28 29 
9 28 49 
9 28 50 
9 28 51 
9 28 62 
9 29 49 
9 29 50 
9 29 51 
9 29 62 
9 49 50 
9 49 51 
9 49 62 
9 50 51 
9 50 62 
9 51 62 
27 28 29 
27 28 49 
27 28 50 
27 28 51 
27 28 62 
27 29 49 
27 29 50 
27 29 51 
27 29 62 
27 49 50 
27 49 51 
27 49 62 
27 50 51 
27 50 62 
27 51 62 
28 29 49 
28 29 50 
28 29 51 
28 29 62 
28 49 50 
28 49 51 
28 49 62 
28 50 51 
28 50 62 
28 51 62 
29 49 50 
29 49 51 
29 49 62 
29 50 51 
29 50 62 
29 51 62 
49 50 51 
49 50 62 
49 51 62 
50 51 62 
4 70 
9 27 28 29 
9 27 28 49 
9 27 28 50 
9 27 28 51 
9 27 28 62 
9 27 29 49 
9 27 29 50 
9 27 29 51 
9 27 29 62 
9 27 49 50 
9 27 49 51 
9 27 49 62 
9 27 50 51 
9 27 50 62 
9 27 51 62 
9 28 29 49 
9 28 29 50 
9 28 29 51 
9 28 29 62 
9 28 49 50 
9 28 49 51 
9 28 49 62 
9 28 50 51 
9 28 50 62 
9 28 51 62 
9 29 49 50 
9 29 49 51 
9 29 49 62 
9 29 50 51 
9 29 50 62 
9 29 51 62 
9 49 50 51 
9 49 50 62 
9 49 51 62 
9 50 51 62 
27 28 29 49 
27 28 29 50 
27 28 29 51 
27 28 29 62 
27 28 49 50 
27 28 49 51 
27 28 49 62 
27 28 50 51 
27 28 50 62 
27 28 51 62 
27 29 49 50 
27 29 49 51 
27 29 49 62 
27 29 50 51 
27 29 50 62 
27 29 51 62 
27 49 50 51 
27 49 50 62 
27 49 51 62 
27 50 51 62 
28 29 49 50 
28 29 49 51 
28 29 49 62 
28 29 50 51 
28 29 50 62 
28 29 51 62 
28 49 50 51 
28 49 50 62 
28 49 51 62 
28 50 51 62 
29 49 50 51 
29 49 50 62 
29 49 51 62 
29 50 51 62 
49 50 51 62 
5 56 
9 27 28 29 49 
9 27 28 29 50 
9 27 28 29 51 
9 27 28 29 62 
9 27 28 49 50 
9 27 28 49 51 
9 27 28 49 62 
9 27 28 50 51 
9 27 28 50 62 
9 27 28 51 62 
9 27 29 49 50 
9 27 29 49 51 
9 27 29 49 62 
9 27 29 50 51 
9 27 29 50 62 
9 27 29 51 62 
9 27 49 50 51 
9 27 49 50 62 
9 27 49 51 62 
9 27 50 51 62 
9 28 29 49 50 
9 28 29 49 51 
9 28 29 49 62 
9 28 29 50 51 
9 28 29 50 62 
9 28 29 51 62 
9 28 49 50 51 
9 28 49 50 62 
9 28 49 51 62 
9 28 50 51 62 
9 29 49 50 51 
9 29 49 50 62 
9 29 49 51 62 
9 29 50 51 62 
9 49 50 51 62 
27 28 29 49 50 
27 28 29 49 51 
27 28 29 49 62 
27 28 29 50 51 
27 28 29 50 62 
27 28 29 51 62 
27 28 49 50 51 
27 28 49 50 62 
27 28 49 51 62 
27 28 50 51 62 
27 29 49 50 51 
27 29 49 50 62 
27 29 49 51 62 
27 29 50 51 62 
27 49 50 51 62 
28 29 49 50 51 
28 29 49 50 62 
28 29 49 51 62 
28 29 50 51 62 
28 49 50 51 62 
29 49 50 51 62 
6 28 
9 27 28 29 49 50 
9 27 28 29 49 51 
9 27 28 29 49 62 
9 27 28 29 50 51 
9 27 28 29 50 62 
9 27 28 29 51 62 
9 27 28 49 50 51 
9 27 28 49 50 62 
9 27 28 49 51 62 
9 27 28 50 51 62 
9 27 29 49 50 51 
9 27 29 49 50 62 
9 27 29 49 51 62 
9 27 29 50 51 62 
9 27 49 50 51 62 
9 28 29 49 50 51 
9 28 29 49 50 62 
9 28 29 49 51 62 
9 28 29 50 51 62 
9 28 49 50 51 62 
9 29 49 50 51 62 
27 28 29 49 50 51 
27 28 29 49 50 62 
27 28 29 49 51 62 
27 28 29 50 51 62 
27 28 49 50 51 62 
27 29 49 50 51 62 
28 29 49 50 51 62 
7 8 
9 27 28 29 49 50 51 
9 27 28 29 49 50 62 
9 27 28 29 49 51 62 
9 27 28 29 50 51 62 
9 27 28 49 50 51 62 
9 27 29 49 50 51 62 
9 28 29 49 50 51 62 
27 28 29 49 50 51 62 
8 1 
9 27 28 29 49 50 51 62 
7
0 1 

1 8 
13 
33 
34 
35 
53 
54 
55 
63 
2 28 
13 33 
13 34 
13 35 
13 53 
13 54 
13 55 
13 63 
33 34 
33 35 
33 53 
33 54 
33 55 
33 63 
34 35 
34 53 
34 54 
34 55 
34 63 
35 53 
35 54 
35 55 
35 63 
53 54 
53 55 
53 63 
54 55 
54 63 
55 63 
3 56 
13 33 34 
13 33 35 
13 33 53 
13 33 54 
13 33 55 
13 33 63 
13 34 35 
13 34 53 
13 34 54 
13 34 55 
13 34 63 
13 35 53 
13 35 54 
13 35 55 
13 35 63 
13 53 54 
13 53 55 
13 53 63 
13 54 55 
13 54 63 
13 55 63 
33 34 35 
33 34 53 
33 34 54 
33 34 55 
33 34 63 
33 35 53 
33 35 54 
33 35 55 
33 35 63 
33 53 54 
33 53 55 
33 53 63 
33 54 55 
33 54 63 
33 55 63 
34 35 53 
34 35 54 
34 35 55 
34 35 63 
34 53 54 
34 53 55 
34 53 63 
34 54 55 
34 54 63 
34 55 63 
35 53 54 
35 53 55 
35 53 63 
35 54 55 
35 54 63 
35 55 63 
53 54 55 
53 54 63 
53 55 63 
54 55 63 
4 70 
13 33 34 35 
13 33 34 53 
13 33 34 54 
13 33 34 55 
13 33 34 63 
13 33 35 53 
13 33 35 54 
13 33 35 55 
13 33 35 63 
13 33 53 54 
13 33 53 55 
13 33 53 63 
13 33 54 55 
13 33 54 63 
13 33 55 63 
13 34 35 53 
13 34 35 54 
13 34 35 55 
13 34 35 63 
13 34 53 54 
13 34 53 55 
13 34 53 63 
13 34 54 55 
13 34 54 63 
13 34 55 63 
13 35 53 54 
13 35 53 55 
13 35 53 63 
13 35 54 55 
13 35 54 63 
13 35 55 63 
13 53 54 55 
13 53 54 63 
13 53 55 63 
13 54 55 63 
33 34 35 53 
33 34 35 54 
33 34 35 55 
33 34 35 63 
33 34 53 54 
33 34 53 55 
33 34 53 63 
33 34 54 55 
33 34 54 63 
33 34 55 63 
33 35 53 54 
33 35 53 55 
33 35 53 63 
33 35 54 55 
33 35 54 63 
33 35 55 63 
33 53 54 55 
33 53 54 63 
33 53 55 63 
33 54 55 63 
34 35 53 54 
34 35 53 55 
34 35 53 63 
34 35 54 55 
34 35 54 63 
34 35 55 63 
34 53 54 55 
34 53 54 63 
34 53 55 63 
34 54 55 63 
35 53 54 55 
35 53 54 63 
35 53 55 63 
35 54 55 63 
53 54 55 63 
5 56 
13 33 34 35 53 
13 33 34 35 54 
13 33 34 35 55 
13 33 34 35 63 
13 33 34 53 54 
13 33 34 53 55 
13 33 34 53 63 
13 33 34 54 55 
13 33 34 54 63 
13 33 34 55 63 
13 33 35 53 54 
13 33 35 53 55 
13 33 35 53 63 
13 33 35 54 55 
13 33 35 54 63 
13 33 35 55 63 
13 33 53 54 55 
13 33 53 54 63 
13 33 53 55 63 
13 33 54 55 63 
13 34 35 53 54 
13 34 35 53 55 
13 34 35 53 63 
13 34 35 54 55 
13 34 35 54 63 
13 34 35 55 63 
13 34 53 54 55 
13 34 53 54 63 
13 34 53 55 63 
13 34 54 55 63 
13 35 53 54 55 
13 35 53 54 63 
13 35 53 55 63 
13 35 54 55 63 
13 53 54 55 63 
33 34 35 53 54 
33 34 35 53 55 
33 34 35 53 63 
33 34 35 54 55 
33 34 35 54 63 
33 34 35 55 63 
33 34 53 54 55 
33 34 53 54 63 
33 34 53 55 63 
33 34 54 55 63 
33 35 53 54 55 
33 35 53 54 63 
33 35 53 55 63 
33 35 54 55 63 
33 53 54 55 63 
34 35 53 54 55 
34 35 53 54 63 
34 35 53 55 63 
34 35 54 55 63 
34 53 54 55 63 
35 53 54 55 63 
6 28 
13 33 34 35 53 54 
13 33 34 35 53 55 
13 33 34 35 53 63 
13 33 34 35 54 55 
13 33 34 35 54 63 
13 33 34 35 55 63 
13 33 34 53 54 55 
13 33 34 53 54 63 
13 33 34 53 55 63 
13 33 34 54 55 63 
13 33 35 53 54 55 
13 33 35 53 54 63 
13 33 35 53 55 63 
13 33 35 54 55 63 
13 33 53 54 55 63 
13 34 35 53 54 55 
13 34 35 53 54 63 
13 34 35 53 55 63 
13 34 35 54 55 63 
13 34 53 54 55 63 
13 35 53 54 55 63 
33 34 35 53 54 55 
33 34 35 53 54 63 
33 34 35 53 55 63 
33 34 35 54 55 63 
33 34 53 54 55 63 
33 35 53 54 55 63 
34 35 53 54 55 63 
7 8 
13 33 34 35 53 54 55 
13 33 34 35 53 54 63 
13 33 34 35 53 55 63 
13 33 34 35 54 55 63 
13 33 34 53 54 55 63 
13 33 35 53 54 55 63 
13 34 35 53 54 55 63 
33 34 35 53 54 55 63 
8 1 
13 33 34 35 53 54 55 63 
8
0 1 

1 1 

2 4 
23 44 
43 58 
45 60 
59 64 
3 1 

4 6 
23 43 44 58 
23 44 45 60 
23 44 59 64 
43 45 58 60 
43 58 59 64 
45 59 60 64 
5 1 

6 4 
23 43 44 45 58 60 
23 43 44 58 59 64 
23 44 45 59 60 64 
43 45 58 59 60 64 
7 1 

8 1 
23 43 44 45 58 59 60 64 
