//Table for grp 259:
57
0 0 2 2 4 4 2 4 
0 0 2 4 4 2 4 2 
0 0 4 2 2 4 4 2 
0 0 4 4 2 2 2 4 
0 2 0 2 4 2 4 4 
0 2 0 4 4 4 2 2 
0 2 2 0 2 4 4 4 
0 2 2 2 2 2 2 6 
0 2 2 2 2 2 6 2 
0 2 2 2 2 6 2 2 
0 2 2 2 6 2 2 2 
0 2 2 4 2 0 4 4 
0 2 2 4 2 4 0 4 
0 2 2 4 2 4 4 0 
0 2 2 6 2 2 2 2 
0 2 4 0 4 4 2 2 
0 2 4 2 0 2 4 4 
0 2 4 2 4 2 0 4 
0 2 4 2 4 2 4 0 
0 2 4 4 0 4 2 2 
0 2 4 4 4 0 2 2 
0 2 6 2 2 2 2 2 
0 4 0 2 2 4 4 2 
0 4 0 4 2 2 2 4 
0 4 2 0 4 2 4 2 
0 4 2 2 0 4 2 4 
0 4 2 2 4 0 2 4 
0 4 2 2 4 4 2 0 
0 4 2 4 0 2 4 2 
0 4 2 4 4 2 0 2 
0 4 4 0 2 2 2 4 
0 4 4 2 2 0 4 2 
0 4 4 2 2 4 0 2 
0 4 4 4 2 2 2 0 
0 6 2 2 2 2 2 2 
2 0 2 2 2 2 4 4 
2 0 2 4 2 4 2 2 
2 0 4 2 4 2 2 2 
2 2 0 2 2 4 2 4 
2 2 0 4 2 2 4 2 
2 2 2 0 4 2 2 4 
2 2 2 2 0 4 4 2 
2 2 2 2 4 0 4 2 
2 2 2 2 4 4 0 2 
2 2 2 4 0 2 2 4 
2 2 2 4 4 2 2 0 
2 2 4 0 2 2 4 2 
2 2 4 2 2 0 2 4 
2 2 4 2 2 4 2 0 
2 2 4 4 2 2 0 2 
2 4 0 2 4 2 2 2 
2 4 2 0 2 4 2 2 
2 4 2 2 2 2 0 4 
2 4 2 2 2 2 4 0 
2 4 2 4 2 0 2 2 
2 4 4 2 0 2 2 2 
4 2 2 2 2 2 2 2 
1 2 3 4 5 6 7 8 9 10 11 12 13 14 15 16 17 18 19 20 21 22 23 24 25 26 27 28 29 30 31 32 33 34 35 36 37 38 39 40 41 42 43 44 45 46 47 48 49 50 51 52 53 54 55 56 57 58 59 60 61 62 63 64 
2 7 8 9 10 11 12 16 19 21 22 1 23 24 25 26 27 28 29 30 31 32 35 37 38 3 40 41 4 42 5 6 43 44 45 46 47 48 49 50 51 52 54 55 13 56 14 15 57 17 18 20 58 59 60 61 62 63 33 34 36 39 64 53 
3 25 7 13 14 15 16 11 44 46 26 48 19 21 22 1 33 34 35 36 37 38 28 30 12 32 58 45 60 47 61 8 40 41 4 42 5 6 53 54 55 56 49 29 51 31 52 2 59 64 23 24 57 17 18 20 63 50 62 9 10 43 39 27 
4 9 13 1 17 18 19 23 2 27 28 29 3 33 34 35 5 6 7 39 40 41 8 43 44 45 10 11 12 49 50 51 14 15 16 53 54 55 20 21 22 57 24 25 26 58 59 60 30 31 32 62 36 37 38 63 42 46 47 48 64 52 56 61 
5 10 14 40 1 20 21 24 50 2 30 31 54 3 36 37 19 57 17 6 7 42 59 8 46 47 29 62 27 11 12 52 35 63 33 15 16 56 41 4 39 22 45 64 43 25 26 61 51 9 49 32 55 13 53 38 18 60 23 58 48 28 34 44 
6 32 38 18 20 7 22 25 51 52 2 11 55 56 3 15 39 19 41 21 42 1 44 46 26 48 62 9 28 10 30 12 63 13 34 14 36 16 40 57 4 5 58 45 60 47 61 8 27 49 29 31 33 53 35 37 17 59 64 23 24 50 54 43 
7 12 16 19 21 22 1 26 29 31 32 2 35 37 38 3 40 41 4 42 5 6 45 47 48 8 50 51 9 52 10 11 54 55 13 56 14 15 57 17 18 20 59 60 23 61 24 25 62 27 28 30 63 33 34 36 39 64 43 44 46 49 53 58 
8 38 12 23 24 25 26 22 55 56 3 15 29 31 32 2 43 44 45 46 47 48 41 42 1 6 63 13 34 14 36 16 50 51 9 52 10 11 58 59 60 61 57 4 18 5 20 7 33 53 35 37 62 27 28 30 64 17 39 19 21 54 49 40 
9 19 23 2 27 28 29 35 7 40 41 4 8 43 44 45 10 11 12 49 50 51 16 54 55 13 21 22 1 57 17 18 24 25 26 58 59 60 30 31 32 62 37 38 3 63 33 34 42 5 6 39 46 47 48 64 52 56 14 15 53 20 61 36 
10 21 24 50 2 30 31 37 17 7 42 5 59 8 46 47 29 62 27 11 12 52 33 16 56 14 4 39 40 22 1 20 45 64 43 25 26 61 51 9 49 32 13 53 54 38 3 36 18 19 57 6 60 23 58 48 28 34 35 63 15 41 44 55 
11 6 48 28 30 12 32 38 18 20 7 22 60 61 8 25 49 29 51 31 52 2 55 56 3 15 39 19 41 21 42 1 64 23 44 24 46 26 50 62 9 10 63 13 34 14 36 16 40 57 4 5 43 58 45 47 27 33 53 35 37 17 59 54 
12 1 26 29 31 32 2 3 4 5 6 7 45 47 48 8 50 51 9 52 10 11 13 14 15 16 17 18 19 20 21 22 59 60 23 61 24 25 62 27 28 30 33 34 35 36 37 38 39 40 41 42 64 43 44 46 49 53 54 55 56 57 58 63 
13 44 19 3 33 34 35 28 25 58 45 60 7 40 41 4 14 15 16 53 54 55 11 49 29 51 46 26 48 59 64 23 21 22 1 57 17 18 36 37 38 63 30 12 32 50 62 9 47 61 8 43 42 5 6 39 56 31 52 2 27 24 20 10 
14 46 21 54 3 36 37 30 64 25 47 61 17 7 42 5 35 63 33 15 16 56 62 11 31 52 60 43 58 26 48 24 4 39 40 22 1 20 55 13 53 38 51 27 49 12 32 10 23 44 59 8 18 19 57 6 34 9 28 50 2 45 41 29 
15 8 6 34 36 16 38 12 23 24 25 26 18 20 7 22 53 35 55 37 56 3 29 31 32 2 43 44 45 46 47 48 39 19 41 21 42 1 54 63 13 14 50 51 9 52 10 11 58 59 60 61 40 57 4 5 33 62 27 28 30 64 17 49 
16 48 1 35 37 38 3 32 60 61 8 25 4 5 6 7 54 55 13 56 14 15 51 52 2 11 64 23 44 24 46 26 17 18 19 20 21 22 63 33 34 36 62 9 28 10 30 12 43 58 45 47 39 40 41 42 53 27 49 29 31 59 57 50 
17 27 33 21 4 39 40 43 31 9 49 50 37 13 53 54 7 42 5 18 19 57 47 23 58 59 12 52 10 28 29 62 16 56 14 34 35 63 22 1 20 41 26 61 24 44 45 64 32 2 30 51 38 3 36 55 6 48 8 46 60 11 15 25 
18 51 55 6 39 19 41 44 32 62 9 28 38 63 13 34 20 7 22 40 57 4 25 58 45 60 52 2 11 27 49 29 56 3 15 33 53 35 21 42 1 17 46 26 48 59 64 23 10 30 12 50 14 36 16 54 5 47 61 8 43 31 37 24 
19 29 35 7 40 41 4 45 12 50 51 9 16 54 55 13 21 22 1 57 17 18 26 59 60 23 31 32 2 62 27 28 37 38 3 63 33 34 42 5 6 39 47 48 8 64 43 44 52 10 11 49 56 14 15 53 20 61 24 25 58 30 36 46 
20 52 56 57 6 21 42 46 49 32 10 30 53 38 14 36 41 17 39 7 22 5 64 25 47 61 28 50 62 2 11 31 34 54 63 3 15 37 4 18 40 1 60 43 58 26 48 24 29 51 27 12 35 55 33 16 19 23 44 59 8 9 13 45 
21 31 37 17 7 42 5 47 27 12 52 10 33 16 56 14 4 39 40 22 1 20 43 26 61 24 9 49 50 32 2 30 13 53 54 38 3 36 18 19 57 6 23 58 59 48 8 46 28 29 62 11 34 35 63 15 41 44 45 64 25 51 55 60 
22 11 15 41 42 1 6 48 28 30 12 32 34 36 16 38 57 4 18 5 20 7 60 61 8 25 49 29 51 31 52 2 53 35 55 37 56 3 17 39 19 21 64 23 44 24 46 26 50 62 9 10 54 63 13 14 40 43 58 45 47 27 33 59 
23 55 29 8 43 44 45 41 38 63 13 34 12 50 51 9 24 25 26 58 59 60 22 57 4 18 56 3 15 33 53 35 31 32 2 62 27 28 46 47 48 64 42 1 6 17 39 19 14 36 16 54 52 10 11 49 61 5 20 7 40 37 30 21 
24 56 31 59 8 46 47 42 53 38 14 36 27 12 52 10 45 64 43 25 26 61 39 22 5 20 34 54 63 3 15 37 9 49 50 32 2 30 60 23 58 48 18 40 57 1 6 21 35 55 33 16 28 29 62 11 44 19 41 17 7 13 51 4 
25 16 11 44 46 26 48 1 35 37 38 3 28 30 12 32 58 45 60 47 61 8 4 5 6 7 54 55 13 56 14 15 49 29 51 31 52 2 59 64 23 24 17 18 19 20 21 22 63 33 34 36 50 62 9 10 43 39 40 41 42 53 27 57 
26 15 2 45 47 48 8 6 34 36 16 38 9 10 11 12 59 60 23 61 24 25 18 20 7 22 53 35 55 37 56 3 27 28 29 30 31 32 64 43 44 46 39 19 41 21 42 1 54 63 13 14 49 50 51 52 58 40 57 4 5 33 62 17 
27 40 43 31 9 49 50 54 5 19 57 17 47 23 58 59 12 52 10 28 29 62 14 35 63 33 1 20 21 41 4 39 26 61 24 44 45 64 32 2 30 51 3 36 37 55 13 53 6 7 42 18 48 8 46 60 11 15 16 56 34 22 25 38 
28 18 60 11 49 29 51 55 6 39 19 41 48 64 23 44 30 12 32 50 62 9 38 63 13 34 20 7 22 40 57 4 61 8 25 43 58 45 31 52 2 27 56 3 15 33 53 35 21 42 1 17 24 46 26 59 10 14 36 16 54 5 47 37 
29 4 45 12 50 51 9 13 1 17 18 19 26 59 60 23 31 32 2 62 27 28 3 33 34 35 5 6 7 39 40 41 47 48 8 64 43 44 52 10 11 49 14 15 16 53 54 55 20 21 22 57 61 24 25 58 30 36 37 38 63 42 46 56 
30 20 61 62 11 31 52 56 57 6 21 42 58 48 24 46 51 27 49 12 32 10 53 38 14 36 41 17 39 7 22 5 44 59 64 8 25 47 9 28 50 2 34 54 63 3 15 37 4 18 40 1 45 60 43 26 29 35 55 33 16 19 23 13 
31 5 47 27 12 52 10 14 40 1 20 21 43 26 61 24 9 49 50 32 2 30 54 3 36 37 19 57 17 6 7 42 23 58 59 48 8 46 28 29 62 11 35 63 33 15 16 56 41 4 39 22 44 45 64 25 51 55 13 53 38 18 60 34 
32 22 25 51 52 2 11 15 41 42 1 6 44 46 26 48 62 9 28 10 30 12 34 36 16 38 57 4 18 5 20 7 58 45 60 47 61 8 27 49 29 31 53 35 55 37 56 3 17 39 19 21 59 64 23 24 50 54 63 13 14 40 43 33 
33 58 40 37 13 53 54 49 61 44 59 64 5 19 57 17 16 56 14 34 35 63 52 28 50 62 48 24 46 45 60 43 1 20 21 41 4 39 38 3 36 55 32 10 30 29 51 27 8 25 47 23 6 7 42 18 15 2 11 31 9 26 22 12 
34 23 18 15 53 35 55 29 8 43 44 45 6 39 19 41 36 16 38 54 63 13 12 50 51 9 24 25 26 58 59 60 20 7 22 40 57 4 37 56 3 33 31 32 2 62 27 28 46 47 48 64 21 42 1 17 14 52 10 11 49 61 5 30 
35 60 4 16 54 55 13 51 48 64 23 44 1 17 18 19 37 38 3 63 33 34 32 62 9 28 61 8 25 43 58 45 5 6 7 39 40 41 56 14 15 53 52 2 11 27 49 29 24 46 26 59 20 21 22 57 36 10 30 12 50 47 42 31 
36 24 20 63 15 37 56 31 59 8 46 47 57 6 21 42 55 33 53 16 38 14 27 12 52 10 45 64 43 25 26 61 41 17 39 7 22 5 13 34 54 3 9 49 50 32 2 30 60 23 58 48 4 18 40 1 35 28 29 62 11 44 19 51 
37 61 5 33 16 56 14 52 58 48 24 46 40 1 20 21 13 53 54 38 3 36 49 32 10 30 44 59 64 8 25 47 19 57 17 6 7 42 34 35 63 15 28 50 62 2 11 31 45 60 43 26 41 4 39 22 55 29 51 27 12 23 18 9 
38 26 22 55 56 3 15 2 45 47 48 8 41 42 1 6 63 13 34 14 36 16 9 10 11 12 59 60 23 61 24 25 57 4 18 5 20 7 33 53 35 37 27 28 29 30 31 32 64 43 44 46 17 39 19 21 54 49 50 51 52 58 40 62 
39 62 63 42 18 40 57 58 30 51 27 49 36 55 33 53 22 5 20 19 41 17 61 44 59 64 11 31 52 9 28 50 15 37 56 13 34 54 1 6 21 4 48 24 46 45 60 43 12 32 10 29 16 38 14 35 7 8 25 47 23 2 3 26 
40 50 54 5 19 57 17 59 10 29 62 27 14 35 63 33 1 20 21 41 4 39 24 45 64 43 2 30 31 51 9 49 3 36 37 55 13 53 6 7 42 18 8 46 47 60 23 58 11 12 52 28 15 16 56 34 22 25 26 61 44 32 38 48 
41 28 34 22 57 4 18 60 11 49 29 51 15 53 35 55 42 1 6 17 39 19 48 64 23 44 30 12 32 50 62 9 36 16 38 54 63 13 5 20 7 40 61 8 25 43 58 45 31 52 2 27 37 56 3 33 21 24 46 26 59 10 14 47 
42 30 36 39 22 5 20 61 62 11 31 52 63 15 37 56 18 40 57 1 6 21 58 48 24 46 51 27 49 12 32 10 55 33 53 16 38 14 19 41 17 7 44 59 64 8 25 47 9 28 50 2 13 34 54 3 4 45 60 43 26 29 35 23 
43 63 50 47 23 58 59 57 36 55 33 53 10 29 62 27 26 61 24 44 45 64 20 41 17 39 15 37 56 13 34 54 2 30 31 51 9 49 48 8 46 60 6 21 42 4 18 40 16 38 14 35 11 12 52 28 25 7 22 5 19 3 32 1 
44 35 28 25 58 45 60 4 16 54 55 13 11 49 29 51 46 26 48 59 64 23 1 17 18 19 37 38 3 63 33 34 30 12 32 50 62 9 47 61 8 43 5 6 7 39 40 41 56 14 15 53 31 52 2 27 24 20 21 22 57 36 10 42 
45 34 9 26 59 60 23 18 15 53 35 55 2 27 28 29 47 48 8 64 43 44 6 39 19 41 36 16 38 54 63 13 10 11 12 49 50 51 61 24 25 58 20 7 22 40 57 4 37 56 3 33 30 31 32 62 46 21 42 1 17 14 52 5 
46 37 30 64 25 47 61 5 33 16 56 14 62 11 31 52 60 43 58 26 48 24 40 1 20 21 13 53 54 38 3 36 51 27 49 12 32 10 23 44 59 8 19 57 17 6 7 42 34 35 63 15 9 28 50 2 45 41 4 39 22 55 29 18 
47 36 10 43 26 61 24 20 63 15 37 56 50 2 30 31 23 58 59 48 8 46 57 6 21 42 55 33 53 16 38 14 29 62 27 11 12 52 44 45 64 25 41 17 39 7 22 5 13 34 54 3 51 9 49 32 60 4 18 40 1 35 28 19 
48 3 32 60 61 8 25 7 13 14 15 16 51 52 2 11 64 23 44 24 46 26 19 21 22 1 33 34 35 36 37 38 62 9 28 10 30 12 43 58 45 47 40 41 4 42 5 6 53 54 55 56 27 49 29 31 59 57 17 18 20 63 50 39 
49 39 64 52 28 50 62 63 42 18 40 57 46 60 43 58 32 10 30 29 51 27 36 55 33 53 22 5 20 19 41 17 25 47 61 23 44 59 2 11 31 9 15 37 56 13 34 54 1 6 21 4 26 48 24 45 12 16 38 14 35 7 8 3 
50 17 59 10 29 62 27 33 21 4 39 40 24 45 64 43 2 30 31 51 9 49 37 13 53 54 7 42 5 18 19 57 8 46 47 60 23 58 11 12 52 28 16 56 14 34 35 63 22 1 20 41 25 26 61 44 32 38 3 36 55 6 48 15 
51 41 44 32 62 9 28 34 22 57 4 18 25 58 45 60 52 2 11 27 49 29 15 53 35 55 42 1 6 17 39 19 46 26 48 59 64 23 10 30 12 50 36 16 38 54 63 13 5 20 7 40 47 61 8 43 31 37 56 3 33 21 24 14 
52 42 46 49 32 10 30 36 39 22 5 20 64 25 47 61 28 50 62 2 11 31 63 15 37 56 18 40 57 1 6 21 60 43 58 26 48 24 29 51 27 12 55 33 53 16 38 14 19 41 17 7 23 44 59 8 9 13 34 54 3 4 45 35 
53 43 39 56 34 54 63 50 47 23 58 59 42 18 40 57 38 14 36 35 55 33 10 29 62 27 26 61 24 44 45 64 22 5 20 19 41 17 3 15 37 13 2 30 31 51 9 49 48 8 46 60 1 6 21 4 16 11 12 52 28 25 7 32 
54 64 17 14 35 63 33 62 46 60 43 58 21 4 39 40 3 36 37 55 13 53 30 51 27 49 25 47 61 23 44 59 7 42 5 18 19 57 15 16 56 34 11 31 52 9 28 50 26 48 24 45 22 1 20 41 38 12 32 10 29 8 6 2 
55 45 41 38 63 13 34 9 26 59 60 23 22 57 4 18 56 3 15 33 53 35 2 27 28 29 47 48 8 64 43 44 42 1 6 17 39 19 14 36 16 54 10 11 12 49 50 51 61 24 25 58 5 20 7 40 37 30 31 32 62 46 21 52 
56 47 42 53 38 14 36 10 43 26 61 24 39 22 5 20 34 54 63 3 15 37 50 2 30 31 23 58 59 48 8 46 18 40 57 1 6 21 35 55 33 16 29 62 27 11 12 52 44 45 64 25 19 41 17 7 13 51 9 49 32 60 4 28 
57 49 53 20 41 17 39 64 52 28 50 62 56 34 54 63 6 21 42 4 18 40 46 60 43 58 32 10 30 29 51 27 38 14 36 35 55 33 7 22 5 19 25 47 61 23 44 59 2 11 31 9 3 15 37 13 1 26 48 24 45 12 16 8 
58 54 49 61 44 59 64 17 14 35 63 33 52 28 50 62 48 24 46 45 60 43 21 4 39 40 3 36 37 55 13 53 32 10 30 29 51 27 8 25 47 23 7 42 5 18 19 57 15 16 56 34 2 11 31 9 26 22 1 20 41 38 12 6 
59 53 27 24 45 64 43 39 56 34 54 63 31 9 49 50 8 46 47 60 23 58 42 18 40 57 38 14 36 35 55 33 12 52 10 28 29 62 25 26 61 44 22 5 20 19 41 17 3 15 37 13 32 2 30 51 48 1 6 21 4 16 11 7 
60 13 51 48 64 23 44 19 3 33 34 35 32 62 9 28 61 8 25 43 58 45 7 40 41 4 14 15 16 53 54 55 52 2 11 27 49 29 24 46 26 59 21 22 1 57 17 18 36 37 38 63 10 30 12 50 47 42 5 6 39 56 31 20 
61 14 52 58 48 24 46 21 54 3 36 37 49 32 10 30 44 59 64 8 25 47 17 7 42 5 35 63 33 15 16 56 28 50 62 2 11 31 45 60 43 26 4 39 40 22 1 20 55 13 53 38 29 51 27 12 23 18 19 57 6 34 9 41 
62 57 58 30 51 27 49 53 20 41 17 39 61 44 59 64 11 31 52 9 28 50 56 34 54 63 6 21 42 4 18 40 48 24 46 45 60 43 12 32 10 29 38 14 36 35 55 33 7 22 5 19 8 25 47 23 2 3 15 37 13 1 26 16 
63 59 57 36 55 33 53 27 24 45 64 43 20 41 17 39 15 37 56 13 34 54 31 9 49 50 8 46 47 60 23 58 6 21 42 4 18 40 16 38 14 35 12 52 10 28 29 62 25 26 61 44 7 22 5 19 3 32 2 30 51 48 1 11 
64 33 62 46 60 43 58 40 37 13 53 54 30 51 27 49 25 47 61 23 44 59 5 19 57 17 16 56 14 34 35 63 11 31 52 9 28 50 26 48 24 45 1 20 21 41 4 39 38 3 36 55 12 32 10 29 8 6 7 42 18 15 2 22 
1
0 1 

1 4 
1 
5 
7 
21 
2 8 
1 5 
1 7 
1 21 
5 7 
5 21 
6 22 
7 21 
20 42 
3 12 
1 5 7 
1 5 21 
1 6 22 
1 7 21 
1 20 42 
5 6 22 
5 7 21 
5 20 42 
6 7 22 
6 21 22 
7 20 42 
20 21 42 
4 14 
1 5 6 22 
1 5 7 21 
1 5 20 42 
1 6 7 22 
1 6 21 22 
1 7 20 42 
1 20 21 42 
5 6 7 22 
5 6 21 22 
5 7 20 42 
5 20 21 42 
6 7 21 22 
6 20 22 42 
7 20 21 42 
5 12 
1 5 6 7 22 
1 5 6 21 22 
1 5 7 20 42 
1 5 20 21 42 
1 6 7 21 22 
1 6 20 22 42 
1 7 20 21 42 
5 6 7 21 22 
5 6 20 22 42 
5 7 20 21 42 
6 7 20 22 42 
6 20 21 22 42 
6 8 
1 5 6 7 21 22 
1 5 6 20 22 42 
1 5 7 20 21 42 
1 6 7 20 22 42 
1 6 20 21 22 42 
5 6 7 20 22 42 
5 6 20 21 22 42 
6 7 20 21 22 42 
7 4 
1 5 6 7 20 22 42 
1 5 6 20 21 22 42 
1 6 7 20 21 22 42 
5 6 7 20 21 22 42 
8 1 
1 5 6 7 20 21 22 42 
2
0 1 

1 1 

2 4 
2 12 
10 31 
11 32 
30 52 
3 1 

4 6 
2 10 12 31 
2 11 12 32 
2 12 30 52 
10 11 31 32 
10 30 31 52 
11 30 32 52 
5 1 

6 4 
2 10 11 12 31 32 
2 10 12 30 31 52 
2 11 12 30 32 52 
10 11 30 31 32 52 
7 1 

8 1 
2 10 11 12 30 31 32 52 
3
0 1 

1 1 

2 4 
3 16 
14 37 
15 38 
36 56 
3 1 

4 6 
3 14 16 37 
3 15 16 38 
3 16 36 56 
14 15 37 38 
14 36 37 56 
15 36 38 56 
5 1 

6 4 
3 14 15 16 37 38 
3 14 16 36 37 56 
3 15 16 36 38 56 
14 15 36 37 38 56 
7 1 

8 1 
3 14 15 16 36 37 38 56 
4
0 1 

1 4 
4 
19 
39 
57 
2 8 
4 19 
4 39 
4 57 
17 40 
18 41 
19 39 
19 57 
39 57 
3 12 
4 17 40 
4 18 41 
4 19 39 
4 19 57 
4 39 57 
17 19 40 
17 39 40 
17 40 57 
18 19 41 
18 39 41 
18 41 57 
19 39 57 
4 14 
4 17 19 40 
4 17 39 40 
4 17 40 57 
4 18 19 41 
4 18 39 41 
4 18 41 57 
4 19 39 57 
17 18 40 41 
17 19 39 40 
17 19 40 57 
17 39 40 57 
18 19 39 41 
18 19 41 57 
18 39 41 57 
5 12 
4 17 18 40 41 
4 17 19 39 40 
4 17 19 40 57 
4 17 39 40 57 
4 18 19 39 41 
4 18 19 41 57 
4 18 39 41 57 
17 18 19 40 41 
17 18 39 40 41 
17 18 40 41 57 
17 19 39 40 57 
18 19 39 41 57 
6 8 
4 17 18 19 40 41 
4 17 18 39 40 41 
4 17 18 40 41 57 
4 17 19 39 40 57 
4 18 19 39 41 57 
17 18 19 39 40 41 
17 18 19 40 41 57 
17 18 39 40 41 57 
7 4 
4 17 18 19 39 40 41 
4 17 18 19 40 41 57 
4 17 18 39 40 41 57 
17 18 19 39 40 41 57 
8 1 
4 17 18 19 39 40 41 57 
5
0 1 

1 1 

2 4 
8 25 
24 46 
26 48 
47 61 
3 1 

4 6 
8 24 25 46 
8 25 26 48 
8 25 47 61 
24 26 46 48 
24 46 47 61 
26 47 48 61 
5 1 

6 4 
8 24 25 26 46 48 
8 24 25 46 47 61 
8 25 26 47 48 61 
24 26 46 47 48 61 
7 1 

8 1 
8 24 25 26 46 47 48 61 
6
0 1 

1 4 
27 
49 
50 
62 
2 8 
9 29 
27 49 
27 50 
27 62 
28 51 
49 50 
49 62 
50 62 
3 12 
9 27 29 
9 29 49 
9 29 50 
9 29 62 
27 28 51 
27 49 50 
27 49 62 
27 50 62 
28 49 51 
28 50 51 
28 51 62 
49 50 62 
4 14 
9 27 29 49 
9 27 29 50 
9 27 29 62 
9 28 29 51 
9 29 49 50 
9 29 49 62 
9 29 50 62 
27 28 49 51 
27 28 50 51 
27 28 51 62 
27 49 50 62 
28 49 50 51 
28 49 51 62 
28 50 51 62 
5 12 
9 27 28 29 51 
9 27 29 49 50 
9 27 29 49 62 
9 27 29 50 62 
9 28 29 49 51 
9 28 29 50 51 
9 28 29 51 62 
9 29 49 50 62 
27 28 49 50 51 
27 28 49 51 62 
27 28 50 51 62 
28 49 50 51 62 
6 8 
9 27 28 29 49 51 
9 27 28 29 50 51 
9 27 28 29 51 62 
9 27 29 49 50 62 
9 28 29 49 50 51 
9 28 29 49 51 62 
9 28 29 50 51 62 
27 28 49 50 51 62 
7 4 
9 27 28 29 49 50 51 
9 27 28 29 49 51 62 
9 27 28 29 50 51 62 
9 28 29 49 50 51 62 
8 1 
9 27 28 29 49 50 51 62 
7
0 1 

1 4 
33 
53 
54 
63 
2 8 
13 35 
33 53 
33 54 
33 63 
34 55 
53 54 
53 63 
54 63 
3 12 
13 33 35 
13 35 53 
13 35 54 
13 35 63 
33 34 55 
33 53 54 
33 53 63 
33 54 63 
34 53 55 
34 54 55 
34 55 63 
53 54 63 
4 14 
13 33 35 53 
13 33 35 54 
13 33 35 63 
13 34 35 55 
13 35 53 54 
13 35 53 63 
13 35 54 63 
33 34 53 55 
33 34 54 55 
33 34 55 63 
33 53 54 63 
34 53 54 55 
34 53 55 63 
34 54 55 63 
5 12 
13 33 34 35 55 
13 33 35 53 54 
13 33 35 53 63 
13 33 35 54 63 
13 34 35 53 55 
13 34 35 54 55 
13 34 35 55 63 
13 35 53 54 63 
33 34 53 54 55 
33 34 53 55 63 
33 34 54 55 63 
34 53 54 55 63 
6 8 
13 33 34 35 53 55 
13 33 34 35 54 55 
13 33 34 35 55 63 
13 33 35 53 54 63 
13 34 35 53 54 55 
13 34 35 53 55 63 
13 34 35 54 55 63 
33 34 53 54 55 63 
7 4 
13 33 34 35 53 54 55 
13 33 34 35 53 55 63 
13 33 34 35 54 55 63 
13 34 35 53 54 55 63 
8 1 
13 33 34 35 53 54 55 63 
8
0 1 

1 1 

2 4 
23 44 
43 64 
45 60 
58 59 
3 1 

4 6 
23 43 44 64 
23 44 45 60 
23 44 58 59 
43 45 60 64 
43 58 59 64 
45 58 59 60 
5 1 

6 4 
23 43 44 45 60 64 
23 43 44 58 59 64 
23 44 45 58 59 60 
43 45 58 59 60 64 
7 1 

8 1 
23 43 44 45 58 59 60 64 
