//Table for grp 76:
57
0 0 2 2 4 4 2 4 
0 0 2 4 4 2 4 2 
0 0 4 2 2 4 4 2 
0 0 4 4 2 2 2 4 
0 2 0 2 4 2 4 4 
0 2 0 4 4 4 2 2 
0 2 2 0 2 4 4 4 
0 2 2 2 2 2 2 6 
0 2 2 2 2 2 6 2 
0 2 2 2 2 6 2 2 
0 2 2 2 6 2 2 2 
0 2 2 4 2 0 4 4 
0 2 2 4 2 4 0 4 
0 2 2 4 2 4 4 0 
0 2 2 6 2 2 2 2 
0 2 4 0 4 4 2 2 
0 2 4 2 0 2 4 4 
0 2 4 2 4 2 0 4 
0 2 4 2 4 2 4 0 
0 2 4 4 0 4 2 2 
0 2 4 4 4 0 2 2 
0 2 6 2 2 2 2 2 
0 4 0 2 2 4 4 2 
0 4 0 4 2 2 2 4 
0 4 2 0 4 2 4 2 
0 4 2 2 0 4 2 4 
0 4 2 2 4 0 2 4 
0 4 2 2 4 4 2 0 
0 4 2 4 0 2 4 2 
0 4 2 4 4 2 0 2 
0 4 4 0 2 2 2 4 
0 4 4 2 2 0 4 2 
0 4 4 2 2 4 0 2 
0 4 4 4 2 2 2 0 
0 6 2 2 2 2 2 2 
2 0 2 2 2 2 4 4 
2 0 2 4 2 4 2 2 
2 0 4 2 4 2 2 2 
2 2 0 2 2 4 2 4 
2 2 0 4 2 2 4 2 
2 2 2 0 4 2 2 4 
2 2 2 2 0 4 4 2 
2 2 2 2 4 0 4 2 
2 2 2 2 4 4 0 2 
2 2 2 4 0 2 2 4 
2 2 2 4 4 2 2 0 
2 2 4 0 2 2 4 2 
2 2 4 2 2 0 2 4 
2 2 4 2 2 4 2 0 
2 2 4 4 2 2 0 2 
2 4 0 2 4 2 2 2 
2 4 2 0 2 4 2 2 
2 4 2 2 2 2 0 4 
2 4 2 2 2 2 4 0 
2 4 2 4 2 0 2 2 
2 4 4 2 0 2 2 2 
4 2 2 2 2 2 2 2 
1 2 3 4 5 6 7 8 9 10 11 12 13 14 15 16 17 18 19 20 21 22 23 24 25 26 27 28 29 30 31 32 33 34 35 36 37 38 39 40 41 42 43 44 45 46 47 48 49 50 51 52 53 54 55 56 57 58 59 60 61 62 63 64 
2 5 8 9 10 11 12 14 17 1 20 21 23 24 25 26 27 28 29 30 31 32 33 3 36 37 4 39 40 6 7 42 43 44 45 46 47 48 49 50 51 52 13 53 54 15 16 56 18 19 57 22 58 59 60 61 62 34 35 63 38 41 64 55 
3 24 5 13 14 15 16 2 43 8 46 47 17 1 20 21 33 34 35 36 37 38 9 10 11 12 23 58 59 25 26 61 4 39 40 6 7 42 53 54 55 56 27 28 29 30 31 32 44 45 64 48 18 19 57 22 63 49 50 51 52 60 41 62 
4 28 35 5 17 18 19 60 30 49 9 51 37 54 55 13 1 20 21 39 40 41 61 64 45 44 11 10 52 27 62 29 16 56 14 63 33 34 6 7 42 57 48 47 46 59 58 23 2 32 31 50 38 3 36 53 22 26 25 24 43 12 15 8 
5 10 14 17 1 20 21 24 27 2 30 31 33 3 36 37 4 39 40 6 7 42 43 8 46 47 9 49 50 11 12 52 13 53 54 15 16 56 18 19 57 22 23 58 59 25 26 61 28 29 62 32 34 35 63 38 41 44 45 64 48 51 55 60 
6 11 15 18 20 1 22 25 28 30 2 32 34 36 3 38 39 4 41 5 42 7 44 46 8 48 49 9 51 10 52 12 53 13 55 14 56 16 17 57 19 21 58 23 60 24 61 26 27 62 29 31 33 63 35 37 40 43 64 45 47 50 54 59 
7 12 16 19 21 22 1 26 29 31 32 2 35 37 38 3 40 41 4 42 5 6 45 47 48 8 50 51 9 52 10 11 54 55 13 56 14 15 57 17 18 20 59 60 23 61 24 25 62 27 28 30 63 33 34 36 39 64 43 44 46 49 53 58 
8 3 10 23 24 25 26 5 13 14 15 16 27 2 30 31 43 44 45 46 47 48 17 1 20 21 33 34 35 36 37 38 9 49 50 11 12 52 58 59 60 61 4 39 40 6 7 42 53 54 55 56 28 29 62 32 64 18 19 57 22 63 51 41 
9 39 45 10 27 28 29 63 6 18 17 57 47 59 60 23 2 30 31 49 50 51 38 55 54 53 20 1 22 4 41 40 26 61 24 64 43 44 11 12 52 62 56 16 15 35 34 33 5 42 7 19 48 8 46 58 32 37 36 3 13 21 25 14 
10 1 24 27 2 30 31 3 4 5 6 7 43 8 46 47 9 49 50 11 12 52 13 14 15 16 17 18 19 20 21 22 23 58 59 25 26 61 28 29 62 32 33 34 35 36 37 38 39 40 41 42 44 45 64 48 51 53 54 55 56 57 60 63 
11 20 25 28 30 2 32 36 39 6 5 42 44 46 8 48 49 9 51 10 52 12 53 15 14 56 18 17 57 1 22 21 58 23 60 24 61 26 27 62 29 31 34 33 63 3 38 37 4 41 40 7 43 64 45 47 50 13 55 54 16 19 59 35 
12 21 26 29 31 32 2 37 40 7 42 5 45 47 48 8 50 51 9 52 10 11 54 16 56 14 19 57 17 22 1 20 59 60 23 61 24 25 62 27 28 30 35 63 33 38 3 36 41 4 39 6 64 43 44 46 49 55 13 53 15 18 58 34 
13 58 40 14 33 34 35 51 25 44 43 64 7 19 57 17 3 36 37 53 54 55 52 62 29 28 46 8 48 23 60 59 21 22 1 41 4 39 15 16 56 63 32 31 30 50 49 9 24 61 26 45 42 5 6 18 38 12 11 10 27 47 20 2 
14 8 1 33 3 36 37 10 23 24 25 26 4 5 6 7 13 53 54 15 16 56 27 2 30 31 43 44 45 46 47 48 17 18 19 20 21 22 34 35 63 38 9 49 50 11 12 52 58 59 60 61 39 40 41 42 55 28 29 62 32 64 57 51 
15 46 20 34 36 3 38 11 58 25 24 61 39 6 5 42 53 13 55 14 56 16 28 30 2 32 44 43 64 8 48 47 18 17 57 1 22 21 33 63 35 37 49 9 51 10 52 12 23 60 59 26 4 41 40 7 54 27 62 29 31 45 19 50 
16 47 21 35 37 38 3 12 59 26 61 24 40 7 42 5 54 55 13 56 14 15 29 31 32 2 45 64 43 48 8 46 19 57 17 22 1 20 63 33 34 36 50 51 9 52 10 11 60 23 58 25 41 4 39 6 53 62 27 28 30 44 18 49 
17 49 54 1 4 39 40 64 11 28 27 62 16 35 63 33 5 6 7 18 19 57 48 60 59 58 30 2 32 9 51 50 37 38 3 55 13 53 20 21 22 41 61 26 25 45 44 43 10 52 12 29 56 14 15 34 42 47 46 8 23 31 36 24 
18 9 55 20 39 4 41 45 10 27 28 29 56 63 35 34 6 5 42 17 57 19 47 59 60 23 2 30 31 49 50 51 38 37 36 54 53 13 1 22 21 40 26 61 24 64 43 44 11 12 52 62 16 15 14 33 7 48 8 46 58 32 3 25 
19 51 13 21 40 41 4 44 52 62 29 28 14 33 34 35 7 42 5 57 17 18 46 58 23 60 32 31 30 50 49 9 3 36 37 53 54 55 22 1 20 39 25 24 61 43 64 45 12 11 10 27 15 16 56 63 6 8 48 47 59 2 38 26 
20 30 36 39 6 5 42 46 49 11 10 52 53 15 14 56 18 17 57 1 22 21 58 25 24 61 28 27 62 2 32 31 34 33 63 3 38 37 4 41 40 7 44 43 64 8 48 47 9 51 50 12 13 55 54 16 19 23 60 59 26 29 35 45 
21 31 37 40 7 42 5 47 50 12 52 10 54 16 56 14 19 57 17 22 1 20 59 26 61 24 29 62 27 32 2 30 35 63 33 38 3 36 41 4 39 6 45 64 43 48 8 46 51 9 49 11 55 13 53 15 18 60 23 58 25 28 34 44 
22 32 38 41 42 7 6 48 51 52 12 11 55 56 16 15 57 19 18 21 20 1 60 61 26 25 62 29 28 31 30 2 63 35 34 37 36 3 40 39 4 5 64 45 44 47 46 8 50 49 9 10 54 53 13 14 17 59 58 23 24 27 33 43 
23 34 50 24 43 44 45 57 36 53 13 55 12 29 62 27 8 46 47 58 59 60 22 41 40 39 15 14 56 33 63 35 31 32 2 51 9 49 25 26 61 64 42 7 6 19 18 17 3 38 37 54 52 10 11 28 48 21 20 1 4 16 30 5 
24 14 2 43 8 46 47 1 33 3 36 37 9 10 11 12 23 58 59 25 26 61 4 5 6 7 13 53 54 15 16 56 27 28 29 30 31 32 44 45 64 48 17 18 19 20 21 22 34 35 63 38 49 50 51 52 60 39 40 41 42 55 62 57 
25 15 30 44 46 8 48 20 34 36 3 38 49 11 10 52 58 23 60 24 61 26 39 6 5 42 53 13 55 14 56 16 28 27 62 2 32 31 43 64 45 47 18 17 57 1 22 21 33 63 35 37 9 51 50 12 59 4 41 40 7 54 29 19 
26 16 31 45 47 48 8 21 35 37 38 3 50 12 52 10 59 60 23 61 24 25 40 7 42 5 54 55 13 56 14 15 29 62 27 32 2 30 64 43 44 46 19 57 17 22 1 20 63 33 34 36 51 9 49 11 58 41 4 39 6 53 28 18 
27 18 59 2 9 49 50 55 20 39 4 41 26 45 64 43 10 11 12 28 29 62 56 63 35 34 6 5 42 17 57 19 47 48 8 60 23 58 30 31 32 51 38 37 36 54 53 13 1 22 21 40 61 24 25 44 52 16 15 14 33 7 46 3 
28 17 60 30 49 9 51 54 1 4 39 40 61 64 45 44 11 10 52 27 62 29 16 35 63 33 5 6 7 18 19 57 48 47 46 59 58 23 2 32 31 50 37 38 3 55 13 53 20 21 22 41 26 25 24 43 12 56 14 15 34 42 8 36 
29 57 23 31 50 51 9 53 22 41 40 39 24 43 44 45 12 52 10 62 27 28 15 34 33 63 42 7 6 19 18 17 8 46 47 58 59 60 32 2 30 49 36 3 38 13 55 54 21 20 1 4 25 26 61 64 11 14 56 16 35 5 48 37 
30 6 46 49 11 10 52 15 18 20 1 22 58 25 24 61 28 27 62 2 32 31 34 36 3 38 39 4 41 5 42 7 44 43 64 8 48 47 9 51 50 12 53 13 55 14 56 16 17 57 19 21 23 60 59 26 29 33 63 35 37 40 45 54 
31 7 47 50 12 52 10 16 19 21 22 1 59 26 61 24 29 62 27 32 2 30 35 37 38 3 40 41 4 42 5 6 45 64 43 48 8 46 51 9 49 11 54 55 13 56 14 15 57 17 18 20 60 23 58 25 28 63 33 34 36 39 44 53 
32 42 48 51 52 12 11 56 57 22 21 20 60 61 26 25 62 29 28 31 30 2 63 38 37 36 41 40 39 7 6 5 64 45 44 47 46 8 50 49 9 10 55 54 53 16 15 14 19 18 17 1 59 58 23 24 27 35 34 33 3 4 43 13 
33 44 19 3 13 53 54 62 46 58 23 60 21 40 41 4 14 15 16 34 35 63 32 51 50 49 25 24 61 43 64 45 7 42 5 57 17 18 36 37 38 55 52 12 11 29 28 27 8 48 47 59 22 1 20 39 56 31 30 2 9 26 6 10 
34 43 57 36 53 13 55 29 8 23 58 59 22 41 40 39 15 14 56 33 63 35 31 50 51 9 24 25 26 44 45 64 42 7 6 19 18 17 3 38 37 54 12 52 10 62 27 28 46 47 48 60 21 20 1 4 16 32 2 30 49 61 5 11 
35 64 17 37 54 55 13 28 48 60 59 58 1 4 39 40 16 56 14 63 33 34 30 49 9 51 61 26 25 45 44 43 5 6 7 18 19 57 38 3 36 53 11 10 52 27 62 29 47 46 8 23 20 21 22 41 15 2 32 31 50 24 42 12 
36 25 6 53 15 14 56 30 44 46 8 48 18 20 1 22 34 33 63 3 38 37 49 11 10 52 58 23 60 24 61 26 39 4 41 5 42 7 13 55 54 16 28 27 62 2 32 31 43 64 45 47 17 57 19 21 35 9 51 50 12 59 40 29 
37 26 7 54 16 56 14 31 45 47 48 8 19 21 22 1 35 63 33 38 3 36 50 12 52 10 59 60 23 61 24 25 40 41 4 42 5 6 55 13 53 15 29 62 27 32 2 30 64 43 44 46 57 17 18 20 34 51 9 49 11 58 39 28 
38 61 42 55 56 16 15 32 64 48 47 46 57 22 21 20 63 35 34 37 36 3 51 52 12 11 60 59 58 26 25 24 41 40 39 7 6 5 54 53 13 14 62 29 28 31 30 2 45 44 43 8 19 18 17 1 33 50 49 9 10 23 4 27 
39 27 63 6 18 17 57 59 2 9 49 50 38 55 54 53 20 1 22 4 41 40 26 45 64 43 10 11 12 28 29 62 56 16 15 35 34 33 5 42 7 19 47 48 8 60 23 58 30 31 32 51 37 36 3 13 21 61 24 25 44 52 14 46 
40 62 33 7 19 57 17 58 32 51 50 49 3 13 53 54 21 22 1 41 4 39 25 44 43 64 52 12 11 29 28 27 14 15 16 34 35 63 42 5 6 18 46 8 48 23 60 59 31 30 2 9 36 37 38 55 20 24 61 26 45 10 56 47 
41 29 34 42 57 19 18 23 31 50 51 9 36 53 13 55 22 21 20 40 39 4 24 43 44 45 12 52 10 62 27 28 15 14 56 33 63 35 7 6 5 17 8 46 47 58 59 60 32 2 30 49 3 38 37 54 1 25 26 61 64 11 16 48 
42 52 56 57 22 21 20 61 62 32 31 30 63 38 37 36 41 40 39 7 6 5 64 48 47 46 51 50 49 12 11 10 55 54 53 16 15 14 19 18 17 1 60 59 58 26 25 24 29 28 27 2 35 34 33 3 4 45 44 43 8 9 13 23 
43 53 29 8 23 58 59 41 15 34 33 63 31 50 51 9 24 25 26 44 45 64 42 57 19 18 36 3 38 13 55 54 12 52 10 62 27 28 46 47 48 60 22 21 20 40 39 4 14 56 16 35 32 2 30 49 61 7 6 5 17 37 11 1 
44 13 62 46 58 23 60 40 14 33 34 35 32 51 50 49 25 24 61 43 64 45 7 19 57 17 3 36 37 53 54 55 52 12 11 29 28 27 8 48 47 59 21 22 1 41 4 39 15 16 56 63 31 30 2 9 26 42 5 6 18 38 10 20 
45 55 27 47 59 60 23 39 56 63 35 34 2 9 49 50 26 61 24 64 43 44 6 18 17 57 38 37 36 54 53 13 10 11 12 28 29 62 48 8 46 58 20 1 22 4 41 40 16 15 14 33 30 31 32 51 25 5 42 7 19 3 52 21 
46 36 11 58 25 24 61 6 53 15 14 56 28 30 2 32 44 43 64 8 48 47 18 20 1 22 34 33 63 3 38 37 49 9 51 10 52 12 23 60 59 26 39 4 41 5 42 7 13 55 54 16 27 62 29 31 45 17 57 19 21 35 50 40 
47 37 12 59 26 61 24 7 54 16 56 14 29 31 32 2 45 64 43 48 8 46 19 21 22 1 35 63 33 38 3 36 50 51 9 52 10 11 60 23 58 25 40 41 4 42 5 6 55 13 53 15 62 27 28 30 44 57 17 18 20 34 49 39 
48 38 52 60 61 26 25 42 55 56 16 15 62 32 31 30 64 45 44 47 46 8 57 22 21 20 63 35 34 37 36 3 51 50 49 12 11 10 59 58 23 24 41 40 39 7 6 5 54 53 13 14 29 28 27 2 43 19 18 17 1 33 9 4 
49 4 64 11 28 27 62 35 5 17 18 19 48 60 59 58 30 2 32 9 51 50 37 54 55 13 1 20 21 39 40 41 61 26 25 45 44 43 10 52 12 29 16 56 14 63 33 34 6 7 42 57 47 46 8 23 31 38 3 36 53 22 24 15 
50 41 43 12 29 62 27 34 42 57 19 18 8 23 58 59 31 32 2 51 9 49 36 53 13 55 22 21 20 40 39 4 24 25 26 44 45 64 52 10 11 28 15 14 56 33 63 35 7 6 5 17 46 47 48 60 30 3 38 37 54 1 61 16 
51 40 44 52 62 29 28 33 7 19 57 17 46 58 23 60 32 31 30 50 49 9 3 13 53 54 21 22 1 41 4 39 25 24 61 43 64 45 12 11 10 27 14 15 16 34 35 63 42 5 6 18 8 48 47 59 2 36 37 38 55 20 26 56 
52 22 61 62 32 31 30 38 41 42 7 6 64 48 47 46 51 50 49 12 11 10 55 56 16 15 57 19 18 21 20 1 60 59 58 26 25 24 29 28 27 2 63 35 34 37 36 3 40 39 4 5 45 44 43 8 9 54 53 13 14 17 23 33 
53 23 41 15 34 33 63 50 24 43 44 45 42 57 19 18 36 3 38 13 55 54 12 29 62 27 8 46 47 58 59 60 22 21 20 40 39 4 14 56 16 35 31 32 2 51 9 49 25 26 61 64 7 6 5 17 37 52 10 11 28 48 1 30 
54 60 4 16 35 63 33 49 61 64 45 44 5 17 18 19 37 38 3 55 13 53 11 28 27 62 48 47 46 59 58 23 1 20 21 39 40 41 56 14 15 34 30 2 32 9 51 50 26 25 24 43 6 7 42 57 36 10 52 12 29 8 22 31 
55 59 39 56 63 35 34 9 26 45 64 43 6 18 17 57 38 37 36 54 53 13 10 27 28 29 47 48 8 60 23 58 20 1 22 4 41 40 16 15 14 33 2 30 31 49 50 51 61 24 25 44 5 42 7 19 3 11 12 52 62 46 21 32 
56 48 22 63 38 37 36 52 60 61 26 25 41 42 7 6 55 54 53 16 15 14 62 32 31 30 64 45 44 47 46 8 57 19 18 21 20 1 35 34 33 3 51 50 49 12 11 10 59 58 23 24 40 39 4 5 13 29 28 27 2 43 17 9 
57 50 53 22 41 40 39 43 12 29 62 27 15 34 33 63 42 7 6 19 18 17 8 23 58 59 31 32 2 51 9 49 36 3 38 13 55 54 21 20 1 4 24 25 26 44 45 64 52 10 11 28 14 56 16 35 5 46 47 48 60 30 37 61 
58 33 51 25 44 43 64 19 3 13 53 54 52 62 29 28 46 8 48 23 60 59 21 40 41 4 14 15 16 34 35 63 32 31 30 50 49 9 24 61 26 45 7 42 5 57 17 18 36 37 38 55 12 11 10 27 47 22 1 20 39 56 2 6 
59 63 9 26 45 64 43 18 38 55 54 53 10 27 28 29 47 48 8 60 23 58 20 39 4 41 56 16 15 35 34 33 2 30 31 49 50 51 61 24 25 44 6 5 42 17 57 19 37 36 3 13 11 12 52 62 46 1 22 21 40 14 32 7 
60 35 49 61 64 45 44 17 37 54 55 13 11 28 27 62 48 47 46 59 58 23 1 4 39 40 16 56 14 63 33 34 30 2 32 9 51 50 26 25 24 43 5 6 7 18 19 57 38 3 36 53 10 52 12 29 8 20 21 22 41 15 31 42 
61 56 32 64 48 47 46 22 63 38 37 36 51 52 12 11 60 59 58 26 25 24 41 42 7 6 55 54 53 16 15 14 62 29 28 31 30 2 45 44 43 8 57 19 18 21 20 1 35 34 33 3 50 49 9 10 23 40 39 4 5 13 27 17 
62 19 58 32 51 50 49 13 21 40 41 4 25 44 43 64 52 12 11 29 28 27 14 33 34 35 7 42 5 57 17 18 46 8 48 23 60 59 31 30 2 9 3 36 37 53 54 55 22 1 20 39 24 61 26 45 10 15 16 56 63 6 47 38 
63 45 18 38 55 54 53 27 47 59 60 23 20 39 4 41 56 16 15 35 34 33 2 9 49 50 26 61 24 64 43 44 6 5 42 17 57 19 37 36 3 13 10 11 12 28 29 62 48 8 46 58 1 22 21 40 14 30 31 32 51 25 7 52 
64 54 28 48 60 59 58 4 16 35 63 33 30 49 9 51 61 26 25 45 44 43 5 17 18 19 37 38 3 55 13 53 11 10 52 27 62 29 47 46 8 23 1 20 21 39 40 41 56 14 15 34 2 32 31 50 24 6 7 42 57 36 12 22 
1
0 1 

1 8 
1 
5 
6 
7 
20 
21 
22 
42 
2 28 
1 5 
1 6 
1 7 
1 20 
1 21 
1 22 
1 42 
5 6 
5 7 
5 20 
5 21 
5 22 
5 42 
6 7 
6 20 
6 21 
6 22 
6 42 
7 20 
7 21 
7 22 
7 42 
20 21 
20 22 
20 42 
21 22 
21 42 
22 42 
3 56 
1 5 6 
1 5 7 
1 5 20 
1 5 21 
1 5 22 
1 5 42 
1 6 7 
1 6 20 
1 6 21 
1 6 22 
1 6 42 
1 7 20 
1 7 21 
1 7 22 
1 7 42 
1 20 21 
1 20 22 
1 20 42 
1 21 22 
1 21 42 
1 22 42 
5 6 7 
5 6 20 
5 6 21 
5 6 22 
5 6 42 
5 7 20 
5 7 21 
5 7 22 
5 7 42 
5 20 21 
5 20 22 
5 20 42 
5 21 22 
5 21 42 
5 22 42 
6 7 20 
6 7 21 
6 7 22 
6 7 42 
6 20 21 
6 20 22 
6 20 42 
6 21 22 
6 21 42 
6 22 42 
7 20 21 
7 20 22 
7 20 42 
7 21 22 
7 21 42 
7 22 42 
20 21 22 
20 21 42 
20 22 42 
21 22 42 
4 70 
1 5 6 7 
1 5 6 20 
1 5 6 21 
1 5 6 22 
1 5 6 42 
1 5 7 20 
1 5 7 21 
1 5 7 22 
1 5 7 42 
1 5 20 21 
1 5 20 22 
1 5 20 42 
1 5 21 22 
1 5 21 42 
1 5 22 42 
1 6 7 20 
1 6 7 21 
1 6 7 22 
1 6 7 42 
1 6 20 21 
1 6 20 22 
1 6 20 42 
1 6 21 22 
1 6 21 42 
1 6 22 42 
1 7 20 21 
1 7 20 22 
1 7 20 42 
1 7 21 22 
1 7 21 42 
1 7 22 42 
1 20 21 22 
1 20 21 42 
1 20 22 42 
1 21 22 42 
5 6 7 20 
5 6 7 21 
5 6 7 22 
5 6 7 42 
5 6 20 21 
5 6 20 22 
5 6 20 42 
5 6 21 22 
5 6 21 42 
5 6 22 42 
5 7 20 21 
5 7 20 22 
5 7 20 42 
5 7 21 22 
5 7 21 42 
5 7 22 42 
5 20 21 22 
5 20 21 42 
5 20 22 42 
5 21 22 42 
6 7 20 21 
6 7 20 22 
6 7 20 42 
6 7 21 22 
6 7 21 42 
6 7 22 42 
6 20 21 22 
6 20 21 42 
6 20 22 42 
6 21 22 42 
7 20 21 22 
7 20 21 42 
7 20 22 42 
7 21 22 42 
20 21 22 42 
5 56 
1 5 6 7 20 
1 5 6 7 21 
1 5 6 7 22 
1 5 6 7 42 
1 5 6 20 21 
1 5 6 20 22 
1 5 6 20 42 
1 5 6 21 22 
1 5 6 21 42 
1 5 6 22 42 
1 5 7 20 21 
1 5 7 20 22 
1 5 7 20 42 
1 5 7 21 22 
1 5 7 21 42 
1 5 7 22 42 
1 5 20 21 22 
1 5 20 21 42 
1 5 20 22 42 
1 5 21 22 42 
1 6 7 20 21 
1 6 7 20 22 
1 6 7 20 42 
1 6 7 21 22 
1 6 7 21 42 
1 6 7 22 42 
1 6 20 21 22 
1 6 20 21 42 
1 6 20 22 42 
1 6 21 22 42 
1 7 20 21 22 
1 7 20 21 42 
1 7 20 22 42 
1 7 21 22 42 
1 20 21 22 42 
5 6 7 20 21 
5 6 7 20 22 
5 6 7 20 42 
5 6 7 21 22 
5 6 7 21 42 
5 6 7 22 42 
5 6 20 21 22 
5 6 20 21 42 
5 6 20 22 42 
5 6 21 22 42 
5 7 20 21 22 
5 7 20 21 42 
5 7 20 22 42 
5 7 21 22 42 
5 20 21 22 42 
6 7 20 21 22 
6 7 20 21 42 
6 7 20 22 42 
6 7 21 22 42 
6 20 21 22 42 
7 20 21 22 42 
6 28 
1 5 6 7 20 21 
1 5 6 7 20 22 
1 5 6 7 20 42 
1 5 6 7 21 22 
1 5 6 7 21 42 
1 5 6 7 22 42 
1 5 6 20 21 22 
1 5 6 20 21 42 
1 5 6 20 22 42 
1 5 6 21 22 42 
1 5 7 20 21 22 
1 5 7 20 21 42 
1 5 7 20 22 42 
1 5 7 21 22 42 
1 5 20 21 22 42 
1 6 7 20 21 22 
1 6 7 20 21 42 
1 6 7 20 22 42 
1 6 7 21 22 42 
1 6 20 21 22 42 
1 7 20 21 22 42 
5 6 7 20 21 22 
5 6 7 20 21 42 
5 6 7 20 22 42 
5 6 7 21 22 42 
5 6 20 21 22 42 
5 7 20 21 22 42 
6 7 20 21 22 42 
7 8 
1 5 6 7 20 21 22 
1 5 6 7 20 21 42 
1 5 6 7 20 22 42 
1 5 6 7 21 22 42 
1 5 6 20 21 22 42 
1 5 7 20 21 22 42 
1 6 7 20 21 22 42 
5 6 7 20 21 22 42 
8 1 
1 5 6 7 20 21 22 42 
2
0 1 

1 1 

2 4 
2 10 
11 30 
12 31 
32 52 
3 1 

4 6 
2 10 11 30 
2 10 12 31 
2 10 32 52 
11 12 30 31 
11 30 32 52 
12 31 32 52 
5 1 

6 4 
2 10 11 12 30 31 
2 10 11 30 32 52 
2 10 12 31 32 52 
11 12 30 31 32 52 
7 1 

8 1 
2 10 11 12 30 31 32 52 
3
0 1 

1 1 

2 4 
3 14 
15 36 
16 37 
38 56 
3 1 

4 6 
3 14 15 36 
3 14 16 37 
3 14 38 56 
15 16 36 37 
15 36 38 56 
16 37 38 56 
5 1 

6 4 
3 14 15 16 36 37 
3 14 15 36 38 56 
3 14 16 37 38 56 
15 16 36 37 38 56 
7 1 

8 1 
3 14 15 16 36 37 38 56 
4
0 1 

1 1 

2 4 
4 17 
18 39 
19 40 
41 57 
3 1 

4 6 
4 17 18 39 
4 17 19 40 
4 17 41 57 
18 19 39 40 
18 39 41 57 
19 40 41 57 
5 1 

6 4 
4 17 18 19 39 40 
4 17 18 39 41 57 
4 17 19 40 41 57 
18 19 39 40 41 57 
7 1 

8 1 
4 17 18 19 39 40 41 57 
5
0 1 

1 1 

2 4 
8 24 
25 46 
26 47 
48 61 
3 1 

4 6 
8 24 25 46 
8 24 26 47 
8 24 48 61 
25 26 46 47 
25 46 48 61 
26 47 48 61 
5 1 

6 4 
8 24 25 26 46 47 
8 24 25 46 48 61 
8 24 26 47 48 61 
25 26 46 47 48 61 
7 1 

8 1 
8 24 25 26 46 47 48 61 
6
0 1 

1 1 

2 4 
9 28 
27 49 
29 51 
50 62 
3 1 

4 6 
9 27 28 49 
9 28 29 51 
9 28 50 62 
27 29 49 51 
27 49 50 62 
29 50 51 62 
5 1 

6 4 
9 27 28 29 49 51 
9 27 28 49 50 62 
9 28 29 50 51 62 
27 29 49 50 51 62 
7 1 

8 1 
9 27 28 29 49 50 51 62 
7
0 1 

1 1 

2 4 
13 35 
33 54 
34 55 
53 63 
3 1 

4 6 
13 33 35 54 
13 34 35 55 
13 35 53 63 
33 34 54 55 
33 53 54 63 
34 53 55 63 
5 1 

6 4 
13 33 34 35 54 55 
13 33 35 53 54 63 
13 34 35 53 55 63 
33 34 53 54 55 63 
7 1 

8 1 
13 33 34 35 53 54 55 63 
8
0 1 

1 1 

2 4 
23 60 
43 64 
44 45 
58 59 
3 1 

4 6 
23 43 60 64 
23 44 45 60 
23 58 59 60 
43 44 45 64 
43 58 59 64 
44 45 58 59 
5 1 

6 4 
23 43 44 45 60 64 
23 43 58 59 60 64 
23 44 45 58 59 60 
43 44 45 58 59 64 
7 1 

8 1 
23 43 44 45 58 59 60 64 
