//Table for grp 119:
57
0 0 2 2 4 4 2 4 
0 0 2 4 4 2 4 2 
0 0 4 2 2 4 4 2 
0 0 4 4 2 2 2 4 
0 2 0 2 4 2 4 4 
0 2 0 4 4 4 2 2 
0 2 2 0 2 4 4 4 
0 2 2 2 2 2 2 6 
0 2 2 2 2 2 6 2 
0 2 2 2 2 6 2 2 
0 2 2 2 6 2 2 2 
0 2 2 4 2 0 4 4 
0 2 2 4 2 4 0 4 
0 2 2 4 2 4 4 0 
0 2 2 6 2 2 2 2 
0 2 4 0 4 4 2 2 
0 2 4 2 0 2 4 4 
0 2 4 2 4 2 0 4 
0 2 4 2 4 2 4 0 
0 2 4 4 0 4 2 2 
0 2 4 4 4 0 2 2 
0 2 6 2 2 2 2 2 
0 4 0 2 2 4 4 2 
0 4 0 4 2 2 2 4 
0 4 2 0 4 2 4 2 
0 4 2 2 0 4 2 4 
0 4 2 2 4 0 2 4 
0 4 2 2 4 4 2 0 
0 4 2 4 0 2 4 2 
0 4 2 4 4 2 0 2 
0 4 4 0 2 2 2 4 
0 4 4 2 2 0 4 2 
0 4 4 2 2 4 0 2 
0 4 4 4 2 2 2 0 
0 6 2 2 2 2 2 2 
2 0 2 2 2 2 4 4 
2 0 2 4 2 4 2 2 
2 0 4 2 4 2 2 2 
2 2 0 2 2 4 2 4 
2 2 0 4 2 2 4 2 
2 2 2 0 4 2 2 4 
2 2 2 2 0 4 4 2 
2 2 2 2 4 0 4 2 
2 2 2 2 4 4 0 2 
2 2 2 4 0 2 2 4 
2 2 2 4 4 2 2 0 
2 2 4 0 2 2 4 2 
2 2 4 2 2 0 2 4 
2 2 4 2 2 4 2 0 
2 2 4 4 2 2 0 2 
2 4 0 2 4 2 2 2 
2 4 2 0 2 4 2 2 
2 4 2 2 2 2 0 4 
2 4 2 2 2 2 4 0 
2 4 2 4 2 0 2 2 
2 4 4 2 0 2 2 2 
4 2 2 2 2 2 2 2 
1 2 3 4 5 6 7 8 9 10 11 12 13 14 15 16 17 18 19 20 21 22 23 24 25 26 27 28 29 30 31 32 33 34 35 36 37 38 39 40 41 42 43 44 45 46 47 48 49 50 51 52 53 54 55 56 57 58 59 60 61 62 63 64 
2 6 8 9 10 11 12 15 18 20 1 22 23 24 25 26 27 28 29 30 31 32 34 36 3 38 39 4 41 5 42 7 43 44 45 46 47 48 49 50 51 52 53 13 55 14 56 16 17 57 19 21 58 59 60 61 62 33 63 35 37 40 64 54 
3 24 7 13 14 15 16 10 43 26 46 47 19 21 22 1 33 34 35 36 37 38 27 12 30 31 45 58 59 48 8 61 40 41 4 42 5 6 53 54 55 56 29 49 50 32 2 52 60 23 64 25 57 17 18 20 63 51 9 62 11 44 39 28 
4 9 13 6 17 18 19 23 11 27 28 29 15 33 34 35 20 1 22 39 40 41 25 43 44 45 30 2 32 49 50 51 36 3 38 53 54 55 5 42 7 57 46 8 48 58 59 60 10 52 12 62 14 56 16 63 21 24 61 26 64 31 37 47 
5 31 37 17 7 20 21 24 50 2 52 10 54 3 56 14 19 39 40 22 1 42 43 26 46 47 9 62 27 11 12 30 13 63 33 15 16 36 41 4 57 6 45 58 59 48 8 61 28 29 49 32 34 35 53 38 18 60 23 64 25 51 55 44 
6 11 15 18 20 1 22 25 28 30 2 32 34 36 3 38 39 4 41 5 42 7 44 46 8 48 49 9 51 10 52 12 53 13 55 14 56 16 17 57 19 21 58 23 60 24 61 26 27 62 29 31 33 63 35 37 40 43 64 45 47 50 54 59 
7 12 16 19 21 22 1 26 29 31 32 2 35 37 38 3 40 41 4 42 5 6 45 47 48 8 50 51 9 52 10 11 54 55 13 56 14 15 57 17 18 20 59 60 23 61 24 25 62 27 28 30 63 33 34 36 39 64 43 44 46 49 53 58 
8 36 12 23 24 25 26 20 53 38 14 56 29 31 32 2 43 44 45 46 47 48 39 22 5 42 55 33 63 16 15 37 50 51 9 52 10 11 58 59 60 61 41 17 57 7 6 21 35 34 54 3 62 27 28 30 64 19 18 40 1 13 49 4 
9 18 23 11 27 28 29 34 1 39 4 41 25 43 44 45 30 2 32 49 50 51 3 53 13 55 5 6 7 17 57 19 46 8 48 58 59 60 10 52 12 62 14 15 16 33 63 35 20 21 22 40 24 61 26 64 31 36 37 38 54 42 47 56 
10 42 47 27 12 30 31 36 57 6 21 20 59 8 61 24 29 49 50 32 2 52 53 38 14 56 18 40 39 1 22 5 23 64 43 25 26 46 51 9 62 11 55 33 63 16 15 37 4 41 17 7 44 45 58 48 28 35 34 54 3 19 60 13 
11 1 25 28 30 2 32 3 4 5 6 7 44 46 8 48 49 9 51 10 52 12 13 14 15 16 17 18 19 20 21 22 58 23 60 24 61 26 27 62 29 31 33 34 35 36 37 38 39 40 41 42 43 64 45 47 50 53 54 55 56 57 59 63 
12 22 26 29 31 32 2 38 41 42 7 6 45 47 48 8 50 51 9 52 10 11 55 56 16 15 57 19 18 21 20 1 59 60 23 61 24 25 62 27 28 30 63 35 34 37 36 3 40 39 4 5 64 43 44 46 49 54 53 13 14 17 58 33 
13 43 19 15 33 34 35 27 46 45 58 59 22 40 41 4 36 3 38 53 54 55 30 29 49 50 48 24 61 60 23 64 42 7 6 57 17 18 14 56 16 63 32 10 52 51 9 62 26 25 47 44 21 20 1 39 37 12 11 31 28 8 5 2 
14 8 5 33 16 36 37 12 23 24 25 26 17 7 20 21 35 53 54 38 3 56 29 31 32 2 43 44 45 46 47 48 19 39 40 22 1 42 55 13 63 15 50 51 9 52 10 11 58 59 60 61 41 4 57 6 34 62 27 28 30 64 18 49 
15 46 22 34 36 3 38 30 58 48 24 61 41 42 7 6 53 13 55 14 56 16 49 32 10 52 60 43 64 26 25 47 57 19 18 21 20 1 33 63 35 37 51 27 62 12 11 31 45 44 59 8 40 39 4 5 54 29 28 50 2 23 17 9 
16 47 1 35 37 38 3 31 59 8 61 24 4 5 6 7 54 55 13 56 14 15 50 2 52 10 23 64 43 25 26 46 17 18 19 20 21 22 63 33 34 36 9 62 27 11 12 30 44 45 58 48 39 40 41 42 53 28 29 49 32 60 57 51 
17 50 54 20 19 39 40 43 52 9 62 27 56 13 63 33 22 5 42 41 4 57 46 45 58 59 11 31 30 28 29 49 15 37 36 34 35 53 7 6 21 18 48 24 61 60 23 64 2 32 10 51 3 38 14 55 1 26 25 47 44 12 16 8 
18 28 34 1 39 4 41 44 2 49 9 51 3 53 13 55 5 6 7 17 57 19 8 58 23 60 10 11 12 27 62 29 14 15 16 33 63 35 20 21 22 40 24 25 26 43 64 45 30 31 32 50 36 37 38 54 42 46 47 48 59 52 56 61 
19 29 35 22 40 41 4 45 32 50 51 9 38 54 55 13 42 7 6 57 17 18 48 59 60 23 52 12 11 62 27 28 56 16 15 63 33 34 21 20 1 39 61 26 25 64 43 44 31 30 2 49 37 36 3 53 5 47 46 8 58 10 14 24 
20 52 56 39 22 5 42 46 62 11 31 30 63 15 37 36 41 17 57 7 6 21 58 48 24 61 28 50 49 2 32 10 34 54 53 3 38 14 19 18 40 1 60 43 64 26 25 47 9 51 27 12 13 55 33 16 4 45 44 59 8 29 35 23 
21 10 14 40 1 42 5 47 27 12 30 31 33 16 36 37 4 57 17 6 7 20 59 8 61 24 29 49 50 32 2 52 35 53 54 38 3 56 18 19 39 22 23 64 43 25 26 46 51 9 62 11 55 13 63 15 41 44 45 58 48 28 34 60 
22 32 38 41 42 7 6 48 51 52 12 11 55 56 16 15 57 19 18 21 20 1 60 61 26 25 62 29 28 31 30 2 63 35 34 37 36 3 40 39 4 5 64 45 44 47 46 8 50 49 9 10 54 53 13 14 17 59 58 23 24 27 33 43 
23 53 29 25 43 44 45 39 14 55 33 63 32 50 51 9 46 8 48 58 59 60 5 41 17 57 16 36 37 35 34 54 52 12 11 62 27 28 24 61 26 64 7 20 21 19 18 40 38 3 56 13 31 30 2 49 47 22 1 42 4 15 10 6 
24 15 10 43 26 46 47 22 34 36 3 38 27 12 30 31 45 58 59 48 8 61 41 42 7 6 53 13 55 14 56 16 29 49 50 32 2 52 60 23 64 25 57 19 18 21 20 1 33 63 35 37 51 9 62 11 44 40 39 4 5 54 28 17 
25 14 32 44 46 8 48 5 33 16 36 37 51 52 12 11 58 23 60 24 61 26 17 7 20 21 35 53 54 38 3 56 62 29 28 31 30 2 43 64 45 47 19 39 40 22 1 42 55 13 63 15 50 49 9 10 59 41 4 57 6 34 27 18 
26 56 2 45 47 48 8 42 63 15 37 36 9 10 11 12 59 60 23 61 24 25 57 6 21 20 34 54 53 3 38 14 27 28 29 30 31 32 64 43 44 46 18 40 39 1 22 5 13 55 33 16 49 50 51 52 58 4 41 17 7 35 62 19 
27 57 59 30 29 49 50 53 21 18 40 39 61 23 64 43 32 10 52 51 9 62 14 55 33 63 1 42 5 4 41 17 25 47 46 44 45 58 12 11 31 28 16 36 37 35 34 54 6 7 20 19 8 48 24 60 2 38 3 56 13 22 26 15 
28 4 44 2 49 9 51 13 6 17 18 19 8 58 23 60 10 11 12 27 62 29 15 33 34 35 20 1 22 39 40 41 24 25 26 43 64 45 30 31 32 50 36 3 38 53 54 55 5 42 7 57 46 47 48 59 52 14 56 16 63 21 61 37 
29 41 45 32 50 51 9 55 7 57 19 18 48 59 60 23 52 12 11 62 27 28 16 63 35 34 21 22 1 40 39 4 61 26 25 64 43 44 31 30 2 49 37 38 3 54 53 13 42 5 6 17 47 46 8 58 10 56 14 15 33 20 24 36 
30 21 61 49 32 10 52 14 40 1 42 5 64 25 47 46 51 27 62 12 11 31 33 16 36 37 4 57 17 6 7 20 44 59 58 8 48 24 29 28 50 2 35 53 54 38 3 56 18 19 39 22 23 60 43 26 9 55 13 63 15 41 45 34 
31 20 24 50 2 52 10 56 39 22 5 42 43 26 46 47 9 62 27 11 12 30 63 15 37 36 41 17 57 7 6 21 45 58 59 48 8 61 28 29 49 32 34 54 53 3 38 14 19 18 40 1 60 23 64 25 51 13 55 33 16 4 44 35 
32 7 48 51 52 12 11 16 19 21 22 1 60 61 26 25 62 29 28 31 30 2 35 37 38 3 40 41 4 42 5 6 64 45 44 47 46 8 50 49 9 10 54 55 13 56 14 15 57 17 18 20 59 58 23 24 27 63 33 34 36 39 43 53 
33 23 17 36 35 53 54 29 25 43 44 45 20 19 39 40 38 14 56 55 13 63 32 50 51 9 46 8 48 58 59 60 22 5 42 41 4 57 16 15 37 34 52 12 11 62 27 28 24 61 26 64 7 6 21 18 3 31 30 2 49 47 1 10 
34 58 41 3 53 13 55 49 24 60 43 64 7 57 19 18 14 15 16 33 63 35 10 51 27 62 26 46 47 45 44 59 21 22 1 40 39 4 36 37 38 54 12 30 31 29 28 50 48 8 61 23 42 5 6 17 56 32 2 52 9 25 20 11 
35 59 4 38 54 55 13 50 61 23 64 43 6 17 18 19 56 16 15 63 33 34 52 9 62 27 25 47 46 44 45 58 20 1 22 39 40 41 37 36 3 53 11 31 30 28 29 49 8 48 24 60 5 42 7 57 14 2 32 10 51 26 21 12 
36 25 20 53 38 14 56 32 44 46 8 48 39 22 5 42 55 33 63 16 15 37 51 52 12 11 58 23 60 24 61 26 41 17 57 7 6 21 35 34 54 3 62 29 28 31 30 2 43 64 45 47 19 18 40 1 13 50 49 9 10 59 4 27 
37 26 21 54 3 56 14 2 45 47 48 8 40 1 42 5 13 63 33 15 16 36 9 10 11 12 59 60 23 61 24 25 4 57 17 6 7 20 34 35 53 38 27 28 29 30 31 32 64 43 44 46 18 19 39 22 55 49 50 51 52 58 41 62 
38 61 6 55 56 16 15 52 64 25 47 46 18 20 1 22 63 35 34 37 36 3 62 11 31 30 44 59 58 8 48 24 39 4 41 5 42 7 54 53 13 14 28 50 49 2 32 10 23 60 43 26 17 57 19 21 33 9 51 27 12 45 40 29 
39 62 63 5 41 17 57 58 31 28 50 49 37 34 54 53 7 20 21 19 18 40 24 60 43 64 2 52 10 9 51 27 3 56 14 13 55 33 22 1 42 4 26 46 47 45 44 59 11 12 30 29 15 16 36 35 6 48 8 61 23 32 38 25 
40 27 33 42 4 57 17 59 30 29 49 50 36 35 53 54 6 21 20 18 19 39 61 23 64 43 32 10 52 51 9 62 38 14 56 55 13 63 1 22 5 41 25 47 46 44 45 58 12 11 31 28 16 15 37 34 7 8 48 24 60 2 3 26 
41 51 55 7 57 19 18 60 12 62 29 28 16 63 35 34 21 22 1 40 39 4 26 64 45 44 31 32 2 50 49 9 37 38 3 54 53 13 42 5 6 17 47 48 8 59 58 23 52 10 11 27 56 14 15 33 20 61 24 25 43 30 36 46 
42 30 36 57 6 21 20 61 49 32 10 52 53 38 14 56 18 40 39 1 22 5 64 25 47 46 51 27 62 12 11 31 55 33 63 16 15 37 4 41 17 7 44 59 58 8 48 24 29 28 50 2 35 34 54 3 19 23 60 43 26 9 13 45 
43 34 27 46 45 58 59 41 3 53 13 55 30 29 49 50 48 24 61 60 23 64 7 57 19 18 14 15 16 33 63 35 32 10 52 51 9 62 26 25 47 44 21 22 1 40 39 4 36 37 38 54 12 11 31 28 8 42 5 6 17 56 2 20 
44 33 51 8 58 23 60 17 36 35 53 54 12 62 29 28 24 25 26 43 64 45 20 19 39 40 38 14 56 55 13 63 31 32 2 50 49 9 46 47 48 59 22 5 42 41 4 57 16 15 37 34 52 10 11 27 61 7 6 21 18 3 30 1 
45 63 9 48 59 60 23 57 37 34 54 53 11 27 28 29 61 26 25 64 43 44 21 18 40 39 3 56 14 13 55 33 30 2 32 49 50 51 47 46 8 58 1 42 5 4 41 17 15 16 36 35 10 52 12 62 24 6 7 20 19 38 31 22 
46 3 30 58 48 24 61 7 13 14 15 16 49 32 10 52 60 43 64 26 25 47 19 21 22 1 33 34 35 36 37 38 51 27 62 12 11 31 45 44 59 8 40 41 4 42 5 6 53 54 55 56 29 28 50 2 23 57 17 18 20 63 9 39 
47 38 31 59 8 61 24 6 55 56 16 15 50 2 52 10 23 64 43 25 26 46 18 20 1 22 63 35 34 37 36 3 9 62 27 11 12 30 44 45 58 48 39 4 41 5 42 7 54 53 13 14 28 29 49 32 60 17 57 19 21 33 51 40 
48 37 11 60 61 26 25 21 54 3 56 14 28 30 2 32 64 45 44 47 46 8 40 1 42 5 13 63 33 15 16 36 49 9 51 10 52 12 59 58 23 24 4 57 17 6 7 20 34 35 53 38 27 62 29 31 43 18 19 39 22 55 50 41 
49 40 64 10 51 27 62 33 42 4 57 17 47 44 59 58 12 30 31 29 28 50 36 35 53 54 6 21 20 18 19 39 8 61 24 23 60 43 32 2 52 9 38 14 56 55 13 63 1 22 5 41 25 26 46 45 11 16 15 37 34 7 48 3 
50 39 43 52 9 62 27 63 5 41 17 57 46 45 58 59 11 31 30 28 29 49 37 34 54 53 7 20 21 19 18 40 48 24 61 60 23 64 2 32 10 51 3 56 14 13 55 33 22 1 42 4 26 25 47 44 12 15 16 36 35 6 8 38 
51 19 60 12 62 29 28 35 22 40 41 4 26 64 45 44 31 32 2 50 49 9 38 54 55 13 42 7 6 57 17 18 47 48 8 59 58 23 52 10 11 27 56 16 15 63 33 34 21 20 1 39 61 24 25 43 30 37 36 3 53 5 46 14 
52 5 46 62 11 31 30 37 17 7 20 21 58 48 24 61 28 50 49 2 32 10 54 3 56 14 19 39 40 22 1 42 60 43 64 26 25 47 9 51 27 12 13 63 33 15 16 36 41 4 57 6 45 44 59 8 29 34 35 53 38 18 23 55 
53 44 39 14 55 33 63 51 8 58 23 60 5 41 17 57 16 36 37 35 34 54 12 62 29 28 24 25 26 43 64 45 7 20 21 19 18 40 38 3 56 13 31 32 2 50 49 9 46 47 48 59 22 1 42 4 15 52 10 11 27 61 6 30 
54 45 40 56 13 63 33 9 48 59 60 23 42 4 57 17 15 37 36 34 35 53 11 27 28 29 61 26 25 64 43 44 6 21 20 18 19 39 3 38 14 55 30 2 32 49 50 51 47 46 8 58 1 22 5 41 16 10 52 12 62 24 7 31 
55 64 18 16 63 35 34 62 47 44 59 58 1 39 4 41 37 38 3 54 53 13 31 28 50 49 8 61 24 23 60 43 5 6 7 17 57 19 56 14 15 33 2 52 10 9 51 27 25 26 46 45 20 21 22 40 36 11 12 30 29 48 42 32 
56 48 42 63 15 37 36 11 60 61 26 25 57 6 21 20 34 54 53 3 38 14 28 30 2 32 64 45 44 47 46 8 18 40 39 1 22 5 13 55 33 16 49 9 51 10 52 12 59 58 23 24 4 41 17 7 35 27 62 29 31 43 19 50 
57 49 53 21 18 40 39 64 10 51 27 62 14 55 33 63 1 42 5 4 41 17 47 44 59 58 12 30 31 29 28 50 16 36 37 35 34 54 6 7 20 19 8 61 24 23 60 43 32 2 52 9 38 3 56 13 22 25 26 46 45 11 15 48 
58 13 49 24 60 43 64 19 15 33 34 35 10 51 27 62 26 46 47 45 44 59 22 40 41 4 36 3 38 53 54 55 12 30 31 29 28 50 48 8 61 23 42 7 6 57 17 18 14 56 16 63 32 2 52 9 25 21 20 1 39 37 11 5 
59 55 50 61 23 64 43 18 16 63 35 34 52 9 62 27 25 47 46 44 45 58 1 39 4 41 37 38 3 54 53 13 11 31 30 28 29 49 8 48 24 60 5 6 7 17 57 19 56 14 15 33 2 32 10 51 26 20 21 22 40 36 12 42 
60 54 28 26 64 45 44 40 56 13 63 33 2 49 9 51 47 48 8 59 58 23 42 4 57 17 15 37 36 34 35 53 10 11 12 27 62 29 61 24 25 43 6 21 20 18 19 39 3 38 14 55 30 31 32 50 46 1 22 5 41 16 52 7 
61 16 52 64 25 47 46 1 35 37 38 3 62 11 31 30 44 59 58 8 48 24 4 5 6 7 54 55 13 56 14 15 28 50 49 2 32 10 23 60 43 26 17 18 19 20 21 22 63 33 34 36 9 51 27 12 45 39 40 41 42 53 29 57 
62 17 58 31 28 50 49 54 20 19 39 40 24 60 43 64 2 52 10 9 51 27 56 13 63 33 22 5 42 41 4 57 26 46 47 45 44 59 11 12 30 29 15 37 36 34 35 53 7 6 21 18 48 8 61 23 32 3 38 14 55 1 25 16 
63 60 57 37 34 54 53 28 26 64 45 44 21 18 40 39 3 56 14 13 55 33 2 49 9 51 47 48 8 59 58 23 1 42 5 4 41 17 15 16 36 35 10 11 12 27 62 29 61 24 25 43 6 7 20 19 38 30 31 32 50 46 22 52 
64 35 62 47 44 59 58 4 38 54 55 13 31 28 50 49 8 61 24 23 60 43 6 17 18 19 56 16 15 63 33 34 2 52 10 9 51 27 25 26 46 45 20 1 22 39 40 41 37 36 3 53 11 12 30 29 48 5 42 7 57 14 32 21 
1
0 1 

1 4 
1 
6 
7 
22 
2 8 
1 6 
1 7 
1 22 
5 21 
6 7 
6 22 
7 22 
20 42 
3 12 
1 5 21 
1 6 7 
1 6 22 
1 7 22 
1 20 42 
5 6 21 
5 7 21 
5 21 22 
6 7 22 
6 20 42 
7 20 42 
20 22 42 
4 14 
1 5 6 21 
1 5 7 21 
1 5 21 22 
1 6 7 22 
1 6 20 42 
1 7 20 42 
1 20 22 42 
5 6 7 21 
5 6 21 22 
5 7 21 22 
5 20 21 42 
6 7 20 42 
6 20 22 42 
7 20 22 42 
5 12 
1 5 6 7 21 
1 5 6 21 22 
1 5 7 21 22 
1 5 20 21 42 
1 6 7 20 42 
1 6 20 22 42 
1 7 20 22 42 
5 6 7 21 22 
5 6 20 21 42 
5 7 20 21 42 
5 20 21 22 42 
6 7 20 22 42 
6 8 
1 5 6 7 21 22 
1 5 6 20 21 42 
1 5 7 20 21 42 
1 5 20 21 22 42 
1 6 7 20 22 42 
5 6 7 20 21 42 
5 6 20 21 22 42 
5 7 20 21 22 42 
7 4 
1 5 6 7 20 21 42 
1 5 6 20 21 22 42 
1 5 7 20 21 22 42 
5 6 7 20 21 22 42 
8 1 
1 5 6 7 20 21 22 42 
2
0 1 

1 1 

2 4 
2 11 
10 30 
12 32 
31 52 
3 1 

4 6 
2 10 11 30 
2 11 12 32 
2 11 31 52 
10 12 30 32 
10 30 31 52 
12 31 32 52 
5 1 

6 4 
2 10 11 12 30 32 
2 10 11 30 31 52 
2 11 12 31 32 52 
10 12 30 31 32 52 
7 1 

8 1 
2 10 11 12 30 31 32 52 
3
0 1 

1 1 

2 4 
3 16 
14 37 
15 38 
36 56 
3 1 

4 6 
3 14 16 37 
3 15 16 38 
3 16 36 56 
14 15 37 38 
14 36 37 56 
15 36 38 56 
5 1 

6 4 
3 14 15 16 37 38 
3 14 16 36 37 56 
3 15 16 36 38 56 
14 15 36 37 38 56 
7 1 

8 1 
3 14 15 16 36 37 38 56 
4
0 1 

1 1 

2 4 
4 18 
17 57 
19 41 
39 40 
3 1 

4 6 
4 17 18 57 
4 18 19 41 
4 18 39 40 
17 19 41 57 
17 39 40 57 
19 39 40 41 
5 1 

6 4 
4 17 18 19 41 57 
4 17 18 39 40 57 
4 18 19 39 40 41 
17 19 39 40 41 57 
7 1 

8 1 
4 17 18 19 39 40 41 57 
5
0 1 

1 1 

2 4 
8 61 
24 48 
25 47 
26 46 
3 1 

4 6 
8 24 48 61 
8 25 47 61 
8 26 46 61 
24 25 47 48 
24 26 46 48 
25 26 46 47 
5 1 

6 4 
8 24 25 47 48 61 
8 24 26 46 48 61 
8 25 26 46 47 61 
24 25 26 46 47 48 
7 1 

8 1 
8 24 25 26 46 47 48 61 
6
0 1 

1 8 
9 
27 
28 
29 
49 
50 
51 
62 
2 28 
9 27 
9 28 
9 29 
9 49 
9 50 
9 51 
9 62 
27 28 
27 29 
27 49 
27 50 
27 51 
27 62 
28 29 
28 49 
28 50 
28 51 
28 62 
29 49 
29 50 
29 51 
29 62 
49 50 
49 51 
49 62 
50 51 
50 62 
51 62 
3 56 
9 27 28 
9 27 29 
9 27 49 
9 27 50 
9 27 51 
9 27 62 
9 28 29 
9 28 49 
9 28 50 
9 28 51 
9 28 62 
9 29 49 
9 29 50 
9 29 51 
9 29 62 
9 49 50 
9 49 51 
9 49 62 
9 50 51 
9 50 62 
9 51 62 
27 28 29 
27 28 49 
27 28 50 
27 28 51 
27 28 62 
27 29 49 
27 29 50 
27 29 51 
27 29 62 
27 49 50 
27 49 51 
27 49 62 
27 50 51 
27 50 62 
27 51 62 
28 29 49 
28 29 50 
28 29 51 
28 29 62 
28 49 50 
28 49 51 
28 49 62 
28 50 51 
28 50 62 
28 51 62 
29 49 50 
29 49 51 
29 49 62 
29 50 51 
29 50 62 
29 51 62 
49 50 51 
49 50 62 
49 51 62 
50 51 62 
4 70 
9 27 28 29 
9 27 28 49 
9 27 28 50 
9 27 28 51 
9 27 28 62 
9 27 29 49 
9 27 29 50 
9 27 29 51 
9 27 29 62 
9 27 49 50 
9 27 49 51 
9 27 49 62 
9 27 50 51 
9 27 50 62 
9 27 51 62 
9 28 29 49 
9 28 29 50 
9 28 29 51 
9 28 29 62 
9 28 49 50 
9 28 49 51 
9 28 49 62 
9 28 50 51 
9 28 50 62 
9 28 51 62 
9 29 49 50 
9 29 49 51 
9 29 49 62 
9 29 50 51 
9 29 50 62 
9 29 51 62 
9 49 50 51 
9 49 50 62 
9 49 51 62 
9 50 51 62 
27 28 29 49 
27 28 29 50 
27 28 29 51 
27 28 29 62 
27 28 49 50 
27 28 49 51 
27 28 49 62 
27 28 50 51 
27 28 50 62 
27 28 51 62 
27 29 49 50 
27 29 49 51 
27 29 49 62 
27 29 50 51 
27 29 50 62 
27 29 51 62 
27 49 50 51 
27 49 50 62 
27 49 51 62 
27 50 51 62 
28 29 49 50 
28 29 49 51 
28 29 49 62 
28 29 50 51 
28 29 50 62 
28 29 51 62 
28 49 50 51 
28 49 50 62 
28 49 51 62 
28 50 51 62 
29 49 50 51 
29 49 50 62 
29 49 51 62 
29 50 51 62 
49 50 51 62 
5 56 
9 27 28 29 49 
9 27 28 29 50 
9 27 28 29 51 
9 27 28 29 62 
9 27 28 49 50 
9 27 28 49 51 
9 27 28 49 62 
9 27 28 50 51 
9 27 28 50 62 
9 27 28 51 62 
9 27 29 49 50 
9 27 29 49 51 
9 27 29 49 62 
9 27 29 50 51 
9 27 29 50 62 
9 27 29 51 62 
9 27 49 50 51 
9 27 49 50 62 
9 27 49 51 62 
9 27 50 51 62 
9 28 29 49 50 
9 28 29 49 51 
9 28 29 49 62 
9 28 29 50 51 
9 28 29 50 62 
9 28 29 51 62 
9 28 49 50 51 
9 28 49 50 62 
9 28 49 51 62 
9 28 50 51 62 
9 29 49 50 51 
9 29 49 50 62 
9 29 49 51 62 
9 29 50 51 62 
9 49 50 51 62 
27 28 29 49 50 
27 28 29 49 51 
27 28 29 49 62 
27 28 29 50 51 
27 28 29 50 62 
27 28 29 51 62 
27 28 49 50 51 
27 28 49 50 62 
27 28 49 51 62 
27 28 50 51 62 
27 29 49 50 51 
27 29 49 50 62 
27 29 49 51 62 
27 29 50 51 62 
27 49 50 51 62 
28 29 49 50 51 
28 29 49 50 62 
28 29 49 51 62 
28 29 50 51 62 
28 49 50 51 62 
29 49 50 51 62 
6 28 
9 27 28 29 49 50 
9 27 28 29 49 51 
9 27 28 29 49 62 
9 27 28 29 50 51 
9 27 28 29 50 62 
9 27 28 29 51 62 
9 27 28 49 50 51 
9 27 28 49 50 62 
9 27 28 49 51 62 
9 27 28 50 51 62 
9 27 29 49 50 51 
9 27 29 49 50 62 
9 27 29 49 51 62 
9 27 29 50 51 62 
9 27 49 50 51 62 
9 28 29 49 50 51 
9 28 29 49 50 62 
9 28 29 49 51 62 
9 28 29 50 51 62 
9 28 49 50 51 62 
9 29 49 50 51 62 
27 28 29 49 50 51 
27 28 29 49 50 62 
27 28 29 49 51 62 
27 28 29 50 51 62 
27 28 49 50 51 62 
27 29 49 50 51 62 
28 29 49 50 51 62 
7 8 
9 27 28 29 49 50 51 
9 27 28 29 49 50 62 
9 27 28 29 49 51 62 
9 27 28 29 50 51 62 
9 27 28 49 50 51 62 
9 27 29 49 50 51 62 
9 28 29 49 50 51 62 
27 28 29 49 50 51 62 
8 1 
9 27 28 29 49 50 51 62 
7
0 1 

1 1 

2 4 
13 55 
33 63 
34 35 
53 54 
3 1 

4 6 
13 33 55 63 
13 34 35 55 
13 53 54 55 
33 34 35 63 
33 53 54 63 
34 35 53 54 
5 1 

6 4 
13 33 34 35 55 63 
13 33 53 54 55 63 
13 34 35 53 54 55 
33 34 35 53 54 63 
7 1 

8 1 
13 33 34 35 53 54 55 63 
8
0 1 

1 1 

2 4 
23 59 
43 45 
44 64 
58 60 
3 1 

4 6 
23 43 45 59 
23 44 59 64 
23 58 59 60 
43 44 45 64 
43 45 58 60 
44 58 60 64 
5 1 

6 4 
23 43 44 45 59 64 
23 43 45 58 59 60 
23 44 58 59 60 64 
43 44 45 58 60 64 
7 1 

8 1 
23 43 44 45 58 59 60 64 
