//Table for grp 195:
57
0 0 2 2 4 4 2 4 
0 0 2 4 4 2 4 2 
0 0 4 2 2 4 4 2 
0 0 4 4 2 2 2 4 
0 2 0 2 4 2 4 4 
0 2 0 4 4 4 2 2 
0 2 2 0 2 4 4 4 
0 2 2 2 2 2 2 6 
0 2 2 2 2 2 6 2 
0 2 2 2 2 6 2 2 
0 2 2 2 6 2 2 2 
0 2 2 4 2 0 4 4 
0 2 2 4 2 4 0 4 
0 2 2 4 2 4 4 0 
0 2 2 6 2 2 2 2 
0 2 4 0 4 4 2 2 
0 2 4 2 0 2 4 4 
0 2 4 2 4 2 0 4 
0 2 4 2 4 2 4 0 
0 2 4 4 0 4 2 2 
0 2 4 4 4 0 2 2 
0 2 6 2 2 2 2 2 
0 4 0 2 2 4 4 2 
0 4 0 4 2 2 2 4 
0 4 2 0 4 2 4 2 
0 4 2 2 0 4 2 4 
0 4 2 2 4 0 2 4 
0 4 2 2 4 4 2 0 
0 4 2 4 0 2 4 2 
0 4 2 4 4 2 0 2 
0 4 4 0 2 2 2 4 
0 4 4 2 2 0 4 2 
0 4 4 2 2 4 0 2 
0 4 4 4 2 2 2 0 
0 6 2 2 2 2 2 2 
2 0 2 2 2 2 4 4 
2 0 2 4 2 4 2 2 
2 0 4 2 4 2 2 2 
2 2 0 2 2 4 2 4 
2 2 0 4 2 2 4 2 
2 2 2 0 4 2 2 4 
2 2 2 2 0 4 4 2 
2 2 2 2 4 0 4 2 
2 2 2 2 4 4 0 2 
2 2 2 4 0 2 2 4 
2 2 2 4 4 2 2 0 
2 2 4 0 2 2 4 2 
2 2 4 2 2 0 2 4 
2 2 4 2 2 4 2 0 
2 2 4 4 2 2 0 2 
2 4 0 2 4 2 2 2 
2 4 2 0 2 4 2 2 
2 4 2 2 2 2 0 4 
2 4 2 2 2 2 4 0 
2 4 2 4 2 0 2 2 
2 4 4 2 0 2 2 2 
4 2 2 2 2 2 2 2 
1 2 3 4 5 6 7 8 9 10 11 12 13 14 15 16 17 18 19 20 21 22 23 24 25 26 27 28 29 30 31 32 33 34 35 36 37 38 39 40 41 42 43 44 45 46 47 48 49 50 51 52 53 54 55 56 57 58 59 60 61 62 63 64 
2 7 8 9 10 11 12 16 19 21 22 1 23 24 25 26 27 28 29 30 31 32 35 37 38 3 40 41 4 42 5 6 43 44 45 46 47 48 49 50 51 52 54 55 13 56 14 15 57 17 18 20 58 59 60 61 62 63 33 34 36 39 64 53 
3 25 1 13 14 15 16 11 44 46 8 48 4 5 6 7 33 34 35 36 37 38 28 30 2 32 58 23 60 24 61 26 17 18 19 20 21 22 53 54 55 56 49 9 51 10 52 12 43 64 45 47 39 40 41 42 63 27 62 29 31 59 57 50 
4 9 13 6 17 18 19 23 11 27 28 29 15 33 34 35 20 1 22 39 40 41 25 43 44 45 30 2 32 49 50 51 36 3 38 53 54 55 5 42 7 57 46 8 48 58 59 60 10 52 12 62 14 56 16 63 21 24 61 26 64 31 37 47 
5 10 14 17 1 20 21 24 27 2 30 31 33 3 36 37 4 39 40 6 7 42 43 8 46 47 9 49 50 11 12 52 13 53 54 15 16 56 18 19 57 22 23 58 59 25 26 61 28 29 62 32 34 35 63 38 41 44 45 64 48 51 55 60 
6 11 15 18 20 1 22 25 28 30 2 32 34 36 3 38 39 4 41 5 42 7 44 46 8 48 49 9 51 10 52 12 53 13 55 14 56 16 17 57 19 21 58 23 60 24 61 26 27 62 29 31 33 63 35 37 40 43 64 45 47 50 54 59 
7 12 16 19 21 22 1 26 29 31 32 2 35 37 38 3 40 41 4 42 5 6 45 47 48 8 50 51 9 52 10 11 54 55 13 56 14 15 57 17 18 20 59 60 23 61 24 25 62 27 28 30 63 33 34 36 39 64 43 44 46 49 53 58 
8 38 2 23 24 25 26 22 55 56 16 15 9 10 11 12 43 44 45 46 47 48 41 42 7 6 63 35 34 37 36 3 27 28 29 30 31 32 58 59 60 61 57 19 18 21 20 1 54 53 13 14 49 50 51 52 64 40 39 4 5 33 62 17 
9 19 23 11 27 28 29 35 22 40 41 4 25 43 44 45 30 2 32 49 50 51 38 54 55 13 42 7 6 57 17 18 46 8 48 58 59 60 10 52 12 62 56 16 15 63 33 34 21 20 1 39 24 61 26 64 31 37 36 3 53 5 47 14 
10 21 24 27 2 30 31 37 40 7 42 5 43 8 46 47 9 49 50 11 12 52 54 16 56 14 19 57 17 22 1 20 23 58 59 25 26 61 28 29 62 32 35 63 33 38 3 36 41 4 39 6 44 45 64 48 51 55 13 53 15 18 60 34 
11 22 25 28 30 2 32 38 41 42 7 6 44 46 8 48 49 9 51 10 52 12 55 56 16 15 57 19 18 21 20 1 58 23 60 24 61 26 27 62 29 31 63 35 34 37 36 3 40 39 4 5 43 64 45 47 50 54 53 13 14 17 59 33 
12 1 26 29 31 32 2 3 4 5 6 7 45 47 48 8 50 51 9 52 10 11 13 14 15 16 17 18 19 20 21 22 59 60 23 61 24 25 62 27 28 30 33 34 35 36 37 38 39 40 41 42 64 43 44 46 49 53 54 55 56 57 58 63 
13 44 4 15 33 34 35 28 8 58 23 60 6 17 18 19 36 3 38 53 54 55 2 49 9 51 24 25 26 43 64 45 20 1 22 39 40 41 14 56 16 63 10 11 12 27 62 29 46 47 48 59 5 42 7 57 37 30 31 32 50 61 21 52 
14 46 5 33 3 36 37 30 58 25 24 61 17 1 20 21 13 53 54 15 16 56 49 11 10 52 44 43 64 8 48 47 4 39 40 6 7 42 34 35 63 38 28 27 62 2 32 31 23 60 59 26 18 19 57 22 55 9 51 50 12 45 41 29 
15 8 6 34 36 3 38 2 23 24 25 26 18 20 1 22 53 13 55 14 56 16 9 10 11 12 43 44 45 46 47 48 39 4 41 5 42 7 33 63 35 37 27 28 29 30 31 32 58 59 60 61 17 57 19 21 54 49 50 51 52 64 40 62 
16 48 7 35 37 38 3 32 60 61 26 25 19 21 22 1 54 55 13 56 14 15 51 52 12 11 64 45 44 47 46 8 40 41 4 42 5 6 63 33 34 36 62 29 28 31 30 2 59 58 23 24 57 17 18 20 53 50 49 9 10 43 39 27 
17 27 33 20 4 39 40 43 30 9 49 50 36 13 53 54 6 5 42 18 19 57 46 23 58 59 11 10 52 28 29 62 15 14 56 34 35 63 1 22 21 41 25 24 61 44 45 64 2 32 31 51 3 38 37 55 7 8 48 47 60 12 16 26 
18 28 34 1 39 4 41 44 2 49 9 51 3 53 13 55 5 6 7 17 57 19 8 58 23 60 10 11 12 27 62 29 14 15 16 33 63 35 20 21 22 40 24 25 26 43 64 45 30 31 32 50 36 37 38 54 42 46 47 48 59 52 56 61 
19 29 35 22 40 41 4 45 32 50 51 9 38 54 55 13 42 7 6 57 17 18 48 59 60 23 52 12 11 62 27 28 56 16 15 63 33 34 21 20 1 39 61 26 25 64 43 44 31 30 2 49 37 36 3 53 5 47 46 8 58 10 14 24 
20 30 36 39 6 5 42 46 49 11 10 52 53 15 14 56 18 17 57 1 22 21 58 25 24 61 28 27 62 2 32 31 34 33 63 3 38 37 4 41 40 7 44 43 64 8 48 47 9 51 50 12 13 55 54 16 19 23 60 59 26 29 35 45 
21 31 37 40 7 42 5 47 50 12 52 10 54 16 56 14 19 57 17 22 1 20 59 26 61 24 29 62 27 32 2 30 35 63 33 38 3 36 41 4 39 6 45 64 43 48 8 46 51 9 49 11 55 13 53 15 18 60 23 58 25 28 34 44 
22 32 38 41 42 7 6 48 51 52 12 11 55 56 16 15 57 19 18 21 20 1 60 61 26 25 62 29 28 31 30 2 63 35 34 37 36 3 40 39 4 5 64 45 44 47 46 8 50 49 9 10 54 53 13 14 17 59 58 23 24 27 33 43 
23 55 9 25 43 44 45 41 16 63 35 34 11 27 28 29 46 8 48 58 59 60 7 57 19 18 37 38 3 54 53 13 30 2 32 49 50 51 24 61 26 64 21 22 1 40 39 4 56 14 15 33 10 52 12 62 47 42 5 6 17 36 31 20 
24 56 10 43 8 46 47 42 63 38 37 36 27 2 30 31 23 58 59 25 26 61 57 22 21 20 55 54 53 16 15 14 9 49 50 11 12 52 44 45 64 48 41 40 39 7 6 5 35 34 33 3 28 29 62 32 60 19 18 17 1 13 51 4 
25 16 11 44 46 8 48 7 35 37 38 3 28 30 2 32 58 23 60 24 61 26 19 21 22 1 54 55 13 56 14 15 49 9 51 10 52 12 43 64 45 47 40 41 4 42 5 6 63 33 34 36 27 62 29 31 59 57 17 18 20 53 50 39 
26 15 12 45 47 48 8 6 34 36 3 38 29 31 32 2 59 60 23 61 24 25 18 20 1 22 53 13 55 14 56 16 50 51 9 52 10 11 64 43 44 46 39 4 41 5 42 7 33 63 35 37 62 27 28 30 58 17 57 19 21 54 49 40 
27 40 43 30 9 49 50 54 42 19 57 17 46 23 58 59 11 10 52 28 29 62 56 35 63 33 22 21 20 41 4 39 25 24 61 44 45 64 2 32 31 51 38 37 36 55 13 53 7 6 5 18 8 48 47 60 12 16 15 14 34 1 26 3 
28 41 44 2 49 9 51 55 7 57 19 18 8 58 23 60 10 11 12 27 62 29 16 63 35 34 21 22 1 40 39 4 24 25 26 43 64 45 30 31 32 50 37 38 3 54 53 13 42 5 6 17 46 47 48 59 52 56 14 15 33 20 61 36 
29 4 45 32 50 51 9 13 6 17 18 19 48 59 60 23 52 12 11 62 27 28 15 33 34 35 20 1 22 39 40 41 61 26 25 64 43 44 31 30 2 49 36 3 38 53 54 55 5 42 7 57 47 46 8 58 10 14 56 16 63 21 24 37 
30 42 46 49 11 10 52 56 57 22 21 20 58 25 24 61 28 27 62 2 32 31 63 38 37 36 41 40 39 7 6 5 44 43 64 8 48 47 9 51 50 12 55 54 53 16 15 14 19 18 17 1 23 60 59 26 29 35 34 33 3 4 45 13 
31 5 47 50 12 52 10 14 17 1 20 21 59 26 61 24 29 62 27 32 2 30 33 3 36 37 4 39 40 6 7 42 45 64 43 48 8 46 51 9 49 11 13 53 54 15 16 56 18 19 57 22 60 23 58 25 28 34 35 63 38 41 44 55 
32 6 48 51 52 12 11 15 18 20 1 22 60 61 26 25 62 29 28 31 30 2 34 36 3 38 39 4 41 5 42 7 64 45 44 47 46 8 50 49 9 10 53 13 55 14 56 16 17 57 19 21 59 58 23 24 27 33 63 35 37 40 43 54 
33 58 17 36 13 53 54 49 24 44 43 64 20 4 39 40 15 14 56 34 35 63 10 28 27 62 8 46 47 23 60 59 6 5 42 18 19 57 3 38 37 55 2 30 31 9 51 50 25 26 61 45 1 22 21 41 16 11 12 52 29 48 7 32 
34 23 18 3 53 13 55 9 25 43 44 45 1 39 4 41 14 15 16 33 63 35 11 27 28 29 46 8 48 58 59 60 5 6 7 17 57 19 36 37 38 54 30 2 32 49 50 51 24 61 26 64 20 21 22 40 56 10 52 12 62 47 42 31 
35 60 19 38 54 55 13 51 26 64 45 44 22 40 41 4 56 16 15 63 33 34 12 62 29 28 47 48 8 59 58 23 42 7 6 57 17 18 37 36 3 53 31 32 2 50 49 9 61 24 25 43 21 20 1 39 14 52 10 11 27 46 5 30 
36 24 20 53 15 14 56 10 43 8 46 47 39 6 5 42 34 33 63 3 38 37 27 2 30 31 23 58 59 25 26 61 18 17 57 1 22 21 13 55 54 16 9 49 50 11 12 52 44 45 64 48 4 41 40 7 35 28 29 62 32 60 19 51 
37 61 21 54 16 56 14 52 64 48 47 46 40 7 42 5 35 63 33 38 3 36 62 32 31 30 60 59 58 26 25 24 19 57 17 22 1 20 55 13 53 15 51 50 49 12 11 10 45 44 43 8 41 4 39 6 34 29 28 27 2 23 18 9 
38 26 22 55 56 16 15 12 45 47 48 8 41 42 7 6 63 35 34 37 36 3 29 31 32 2 59 60 23 61 24 25 57 19 18 21 20 1 54 53 13 14 50 51 9 52 10 11 64 43 44 46 40 39 4 5 33 62 27 28 30 58 17 49 
39 49 53 5 18 17 57 58 10 28 27 62 14 34 33 63 1 20 21 4 41 40 24 44 43 64 2 30 31 9 51 50 3 36 37 13 55 54 6 7 42 19 8 46 47 23 60 59 11 12 52 29 15 16 56 35 22 25 26 61 45 32 38 48 
40 50 54 42 19 57 17 59 52 29 62 27 56 35 63 33 22 21 20 41 4 39 61 45 64 43 32 31 30 51 9 49 38 37 36 55 13 53 7 6 5 18 48 47 46 60 23 58 12 11 10 28 16 15 14 34 1 26 25 24 44 2 3 8 
41 51 55 7 57 19 18 60 12 62 29 28 16 63 35 34 21 22 1 40 39 4 26 64 45 44 31 32 2 50 49 9 37 38 3 54 53 13 42 5 6 17 47 48 8 59 58 23 52 10 11 27 56 14 15 33 20 61 24 25 43 30 36 46 
42 52 56 57 22 21 20 61 62 32 31 30 63 38 37 36 41 40 39 7 6 5 64 48 47 46 51 50 49 12 11 10 55 54 53 16 15 14 19 18 17 1 60 59 58 26 25 24 29 28 27 2 35 34 33 3 4 45 44 43 8 9 13 23 
43 63 27 46 23 58 59 57 37 55 54 53 30 9 49 50 25 24 61 44 45 64 21 41 40 39 16 56 14 35 34 33 11 10 52 28 29 62 8 48 47 60 7 42 5 19 18 17 38 3 36 13 2 32 31 51 26 22 1 20 4 15 12 6 
44 35 28 8 58 23 60 19 38 54 55 13 2 49 9 51 24 25 26 43 64 45 22 40 41 4 56 16 15 63 33 34 10 11 12 27 62 29 46 47 48 59 42 7 6 57 17 18 37 36 3 53 30 31 32 50 61 21 20 1 39 14 52 5 
45 34 29 48 59 60 23 18 3 53 13 55 32 50 51 9 61 26 25 64 43 44 1 39 4 41 14 15 16 33 63 35 52 12 11 62 27 28 47 46 8 58 5 6 7 17 57 19 36 37 38 54 31 30 2 49 24 20 21 22 40 56 10 42 
46 37 30 58 25 24 61 21 54 16 56 14 49 11 10 52 44 43 64 8 48 47 40 7 42 5 35 63 33 38 3 36 28 27 62 2 32 31 23 60 59 26 19 57 17 22 1 20 55 13 53 15 9 51 50 12 45 41 4 39 6 34 29 18 
47 36 31 59 26 61 24 20 53 15 14 56 50 12 52 10 45 64 43 48 8 46 39 6 5 42 34 33 63 3 38 37 29 62 27 32 2 30 60 23 58 25 18 17 57 1 22 21 13 55 54 16 51 9 49 11 44 4 41 40 7 35 28 19 
48 3 32 60 61 26 25 1 13 14 15 16 51 52 12 11 64 45 44 47 46 8 4 5 6 7 33 34 35 36 37 38 62 29 28 31 30 2 59 58 23 24 17 18 19 20 21 22 53 54 55 56 50 49 9 10 43 39 40 41 42 63 27 57 
49 57 58 10 28 27 62 63 21 41 40 39 24 44 43 64 2 30 31 9 51 50 37 55 54 53 7 42 5 19 18 17 8 46 47 23 60 59 11 12 52 29 16 56 14 35 34 33 22 1 20 4 25 26 61 45 32 38 3 36 13 6 48 15 
50 17 59 52 29 62 27 33 20 4 39 40 61 45 64 43 32 31 30 51 9 49 36 13 53 54 6 5 42 18 19 57 48 47 46 60 23 58 12 11 10 28 15 14 56 34 35 63 1 22 21 41 26 25 24 44 2 3 38 37 55 7 8 16 
51 18 60 12 62 29 28 34 1 39 4 41 26 64 45 44 31 32 2 50 49 9 3 53 13 55 5 6 7 17 57 19 47 48 8 59 58 23 52 10 11 27 14 15 16 33 63 35 20 21 22 40 61 24 25 43 30 36 37 38 54 42 46 56 
52 20 61 62 32 31 30 36 39 6 5 42 64 48 47 46 51 50 49 12 11 10 53 15 14 56 18 17 57 1 22 21 60 59 58 26 25 24 29 28 27 2 34 33 63 3 38 37 4 41 40 7 45 44 43 8 9 13 55 54 16 19 23 35 
53 43 39 14 34 33 63 27 46 23 58 59 5 18 17 57 3 36 37 13 55 54 30 9 49 50 25 24 61 44 45 64 1 20 21 4 41 40 15 16 56 35 11 10 52 28 29 62 8 48 47 60 6 7 42 19 38 2 32 31 51 26 22 12 
54 64 40 56 35 63 33 62 47 60 59 58 42 19 57 17 38 37 36 55 13 53 31 51 50 49 26 61 24 45 44 43 22 21 20 41 4 39 16 15 14 34 12 52 10 29 28 27 48 8 46 23 7 6 5 18 3 32 2 30 9 25 1 11 
55 45 41 16 63 35 34 29 48 59 60 23 7 57 19 18 37 38 3 54 53 13 32 50 51 9 61 26 25 64 43 44 21 22 1 40 39 4 56 14 15 33 52 12 11 62 27 28 47 46 8 58 42 5 6 17 36 31 30 2 49 24 20 10 
56 47 42 63 38 37 36 31 59 26 61 24 57 22 21 20 55 54 53 16 15 14 50 12 52 10 45 64 43 48 8 46 41 40 39 7 6 5 35 34 33 3 29 62 27 32 2 30 60 23 58 25 19 18 17 1 13 51 9 49 11 44 4 28 
57 62 63 21 41 40 39 64 31 51 50 49 37 55 54 53 7 42 5 19 18 17 47 60 59 58 12 52 10 29 28 27 16 56 14 35 34 33 22 1 20 4 26 61 24 45 44 43 32 2 30 9 38 3 36 13 6 48 8 46 23 11 15 25 
58 54 49 24 44 43 64 40 56 35 63 33 10 28 27 62 8 46 47 23 60 59 42 19 57 17 38 37 36 55 13 53 2 30 31 9 51 50 25 26 61 45 22 21 20 41 4 39 16 15 14 34 11 12 52 29 48 7 6 5 18 3 32 1 
59 53 50 61 45 64 43 39 14 34 33 63 52 29 62 27 48 47 46 60 23 58 5 18 17 57 3 36 37 13 55 54 32 31 30 51 9 49 26 25 24 44 1 20 21 4 41 40 15 16 56 35 12 11 10 28 8 6 7 42 19 38 2 22 
60 13 51 26 64 45 44 4 15 33 34 35 12 62 29 28 47 48 8 59 58 23 6 17 18 19 36 3 38 53 54 55 31 32 2 50 49 9 61 24 25 43 20 1 22 39 40 41 14 56 16 63 52 10 11 27 46 5 42 7 57 37 30 21 
61 14 52 64 48 47 46 5 33 3 36 37 62 32 31 30 60 59 58 26 25 24 17 1 20 21 13 53 54 15 16 56 51 50 49 12 11 10 45 44 43 8 4 39 40 6 7 42 34 35 63 38 29 28 27 2 23 18 19 57 22 55 9 41 
62 39 64 31 51 50 49 53 5 18 17 57 47 60 59 58 12 52 10 29 28 27 14 34 33 63 1 20 21 4 41 40 26 61 24 45 44 43 32 2 30 9 3 36 37 13 55 54 6 7 42 19 48 8 46 23 11 15 16 56 35 22 25 38 
63 59 57 37 55 54 53 50 61 45 64 43 21 41 40 39 16 56 14 35 34 33 52 29 62 27 48 47 46 60 23 58 7 42 5 19 18 17 38 3 36 13 32 31 30 51 9 49 26 25 24 44 22 1 20 4 15 12 11 10 28 8 6 2 
64 33 62 47 60 59 58 17 36 13 53 54 31 51 50 49 26 61 24 45 44 43 20 4 39 40 15 14 56 34 35 63 12 52 10 29 28 27 48 8 46 23 6 5 42 18 19 57 3 38 37 55 32 2 30 9 25 1 22 21 41 16 11 7 
1
0 1 

1 8 
1 
5 
6 
7 
20 
21 
22 
42 
2 28 
1 5 
1 6 
1 7 
1 20 
1 21 
1 22 
1 42 
5 6 
5 7 
5 20 
5 21 
5 22 
5 42 
6 7 
6 20 
6 21 
6 22 
6 42 
7 20 
7 21 
7 22 
7 42 
20 21 
20 22 
20 42 
21 22 
21 42 
22 42 
3 56 
1 5 6 
1 5 7 
1 5 20 
1 5 21 
1 5 22 
1 5 42 
1 6 7 
1 6 20 
1 6 21 
1 6 22 
1 6 42 
1 7 20 
1 7 21 
1 7 22 
1 7 42 
1 20 21 
1 20 22 
1 20 42 
1 21 22 
1 21 42 
1 22 42 
5 6 7 
5 6 20 
5 6 21 
5 6 22 
5 6 42 
5 7 20 
5 7 21 
5 7 22 
5 7 42 
5 20 21 
5 20 22 
5 20 42 
5 21 22 
5 21 42 
5 22 42 
6 7 20 
6 7 21 
6 7 22 
6 7 42 
6 20 21 
6 20 22 
6 20 42 
6 21 22 
6 21 42 
6 22 42 
7 20 21 
7 20 22 
7 20 42 
7 21 22 
7 21 42 
7 22 42 
20 21 22 
20 21 42 
20 22 42 
21 22 42 
4 70 
1 5 6 7 
1 5 6 20 
1 5 6 21 
1 5 6 22 
1 5 6 42 
1 5 7 20 
1 5 7 21 
1 5 7 22 
1 5 7 42 
1 5 20 21 
1 5 20 22 
1 5 20 42 
1 5 21 22 
1 5 21 42 
1 5 22 42 
1 6 7 20 
1 6 7 21 
1 6 7 22 
1 6 7 42 
1 6 20 21 
1 6 20 22 
1 6 20 42 
1 6 21 22 
1 6 21 42 
1 6 22 42 
1 7 20 21 
1 7 20 22 
1 7 20 42 
1 7 21 22 
1 7 21 42 
1 7 22 42 
1 20 21 22 
1 20 21 42 
1 20 22 42 
1 21 22 42 
5 6 7 20 
5 6 7 21 
5 6 7 22 
5 6 7 42 
5 6 20 21 
5 6 20 22 
5 6 20 42 
5 6 21 22 
5 6 21 42 
5 6 22 42 
5 7 20 21 
5 7 20 22 
5 7 20 42 
5 7 21 22 
5 7 21 42 
5 7 22 42 
5 20 21 22 
5 20 21 42 
5 20 22 42 
5 21 22 42 
6 7 20 21 
6 7 20 22 
6 7 20 42 
6 7 21 22 
6 7 21 42 
6 7 22 42 
6 20 21 22 
6 20 21 42 
6 20 22 42 
6 21 22 42 
7 20 21 22 
7 20 21 42 
7 20 22 42 
7 21 22 42 
20 21 22 42 
5 56 
1 5 6 7 20 
1 5 6 7 21 
1 5 6 7 22 
1 5 6 7 42 
1 5 6 20 21 
1 5 6 20 22 
1 5 6 20 42 
1 5 6 21 22 
1 5 6 21 42 
1 5 6 22 42 
1 5 7 20 21 
1 5 7 20 22 
1 5 7 20 42 
1 5 7 21 22 
1 5 7 21 42 
1 5 7 22 42 
1 5 20 21 22 
1 5 20 21 42 
1 5 20 22 42 
1 5 21 22 42 
1 6 7 20 21 
1 6 7 20 22 
1 6 7 20 42 
1 6 7 21 22 
1 6 7 21 42 
1 6 7 22 42 
1 6 20 21 22 
1 6 20 21 42 
1 6 20 22 42 
1 6 21 22 42 
1 7 20 21 22 
1 7 20 21 42 
1 7 20 22 42 
1 7 21 22 42 
1 20 21 22 42 
5 6 7 20 21 
5 6 7 20 22 
5 6 7 20 42 
5 6 7 21 22 
5 6 7 21 42 
5 6 7 22 42 
5 6 20 21 22 
5 6 20 21 42 
5 6 20 22 42 
5 6 21 22 42 
5 7 20 21 22 
5 7 20 21 42 
5 7 20 22 42 
5 7 21 22 42 
5 20 21 22 42 
6 7 20 21 22 
6 7 20 21 42 
6 7 20 22 42 
6 7 21 22 42 
6 20 21 22 42 
7 20 21 22 42 
6 28 
1 5 6 7 20 21 
1 5 6 7 20 22 
1 5 6 7 20 42 
1 5 6 7 21 22 
1 5 6 7 21 42 
1 5 6 7 22 42 
1 5 6 20 21 22 
1 5 6 20 21 42 
1 5 6 20 22 42 
1 5 6 21 22 42 
1 5 7 20 21 22 
1 5 7 20 21 42 
1 5 7 20 22 42 
1 5 7 21 22 42 
1 5 20 21 22 42 
1 6 7 20 21 22 
1 6 7 20 21 42 
1 6 7 20 22 42 
1 6 7 21 22 42 
1 6 20 21 22 42 
1 7 20 21 22 42 
5 6 7 20 21 22 
5 6 7 20 21 42 
5 6 7 20 22 42 
5 6 7 21 22 42 
5 6 20 21 22 42 
5 7 20 21 22 42 
6 7 20 21 22 42 
7 8 
1 5 6 7 20 21 22 
1 5 6 7 20 21 42 
1 5 6 7 20 22 42 
1 5 6 7 21 22 42 
1 5 6 20 21 22 42 
1 5 7 20 21 22 42 
1 6 7 20 21 22 42 
5 6 7 20 21 22 42 
8 1 
1 5 6 7 20 21 22 42 
2
0 1 

1 1 

2 4 
2 12 
10 31 
11 32 
30 52 
3 1 

4 6 
2 10 12 31 
2 11 12 32 
2 12 30 52 
10 11 31 32 
10 30 31 52 
11 30 32 52 
5 1 

6 4 
2 10 11 12 31 32 
2 10 12 30 31 52 
2 11 12 30 32 52 
10 11 30 31 32 52 
7 1 

8 1 
2 10 11 12 30 31 32 52 
3
0 1 

1 8 
3 
14 
15 
16 
36 
37 
38 
56 
2 28 
3 14 
3 15 
3 16 
3 36 
3 37 
3 38 
3 56 
14 15 
14 16 
14 36 
14 37 
14 38 
14 56 
15 16 
15 36 
15 37 
15 38 
15 56 
16 36 
16 37 
16 38 
16 56 
36 37 
36 38 
36 56 
37 38 
37 56 
38 56 
3 56 
3 14 15 
3 14 16 
3 14 36 
3 14 37 
3 14 38 
3 14 56 
3 15 16 
3 15 36 
3 15 37 
3 15 38 
3 15 56 
3 16 36 
3 16 37 
3 16 38 
3 16 56 
3 36 37 
3 36 38 
3 36 56 
3 37 38 
3 37 56 
3 38 56 
14 15 16 
14 15 36 
14 15 37 
14 15 38 
14 15 56 
14 16 36 
14 16 37 
14 16 38 
14 16 56 
14 36 37 
14 36 38 
14 36 56 
14 37 38 
14 37 56 
14 38 56 
15 16 36 
15 16 37 
15 16 38 
15 16 56 
15 36 37 
15 36 38 
15 36 56 
15 37 38 
15 37 56 
15 38 56 
16 36 37 
16 36 38 
16 36 56 
16 37 38 
16 37 56 
16 38 56 
36 37 38 
36 37 56 
36 38 56 
37 38 56 
4 70 
3 14 15 16 
3 14 15 36 
3 14 15 37 
3 14 15 38 
3 14 15 56 
3 14 16 36 
3 14 16 37 
3 14 16 38 
3 14 16 56 
3 14 36 37 
3 14 36 38 
3 14 36 56 
3 14 37 38 
3 14 37 56 
3 14 38 56 
3 15 16 36 
3 15 16 37 
3 15 16 38 
3 15 16 56 
3 15 36 37 
3 15 36 38 
3 15 36 56 
3 15 37 38 
3 15 37 56 
3 15 38 56 
3 16 36 37 
3 16 36 38 
3 16 36 56 
3 16 37 38 
3 16 37 56 
3 16 38 56 
3 36 37 38 
3 36 37 56 
3 36 38 56 
3 37 38 56 
14 15 16 36 
14 15 16 37 
14 15 16 38 
14 15 16 56 
14 15 36 37 
14 15 36 38 
14 15 36 56 
14 15 37 38 
14 15 37 56 
14 15 38 56 
14 16 36 37 
14 16 36 38 
14 16 36 56 
14 16 37 38 
14 16 37 56 
14 16 38 56 
14 36 37 38 
14 36 37 56 
14 36 38 56 
14 37 38 56 
15 16 36 37 
15 16 36 38 
15 16 36 56 
15 16 37 38 
15 16 37 56 
15 16 38 56 
15 36 37 38 
15 36 37 56 
15 36 38 56 
15 37 38 56 
16 36 37 38 
16 36 37 56 
16 36 38 56 
16 37 38 56 
36 37 38 56 
5 56 
3 14 15 16 36 
3 14 15 16 37 
3 14 15 16 38 
3 14 15 16 56 
3 14 15 36 37 
3 14 15 36 38 
3 14 15 36 56 
3 14 15 37 38 
3 14 15 37 56 
3 14 15 38 56 
3 14 16 36 37 
3 14 16 36 38 
3 14 16 36 56 
3 14 16 37 38 
3 14 16 37 56 
3 14 16 38 56 
3 14 36 37 38 
3 14 36 37 56 
3 14 36 38 56 
3 14 37 38 56 
3 15 16 36 37 
3 15 16 36 38 
3 15 16 36 56 
3 15 16 37 38 
3 15 16 37 56 
3 15 16 38 56 
3 15 36 37 38 
3 15 36 37 56 
3 15 36 38 56 
3 15 37 38 56 
3 16 36 37 38 
3 16 36 37 56 
3 16 36 38 56 
3 16 37 38 56 
3 36 37 38 56 
14 15 16 36 37 
14 15 16 36 38 
14 15 16 36 56 
14 15 16 37 38 
14 15 16 37 56 
14 15 16 38 56 
14 15 36 37 38 
14 15 36 37 56 
14 15 36 38 56 
14 15 37 38 56 
14 16 36 37 38 
14 16 36 37 56 
14 16 36 38 56 
14 16 37 38 56 
14 36 37 38 56 
15 16 36 37 38 
15 16 36 37 56 
15 16 36 38 56 
15 16 37 38 56 
15 36 37 38 56 
16 36 37 38 56 
6 28 
3 14 15 16 36 37 
3 14 15 16 36 38 
3 14 15 16 36 56 
3 14 15 16 37 38 
3 14 15 16 37 56 
3 14 15 16 38 56 
3 14 15 36 37 38 
3 14 15 36 37 56 
3 14 15 36 38 56 
3 14 15 37 38 56 
3 14 16 36 37 38 
3 14 16 36 37 56 
3 14 16 36 38 56 
3 14 16 37 38 56 
3 14 36 37 38 56 
3 15 16 36 37 38 
3 15 16 36 37 56 
3 15 16 36 38 56 
3 15 16 37 38 56 
3 15 36 37 38 56 
3 16 36 37 38 56 
14 15 16 36 37 38 
14 15 16 36 37 56 
14 15 16 36 38 56 
14 15 16 37 38 56 
14 15 36 37 38 56 
14 16 36 37 38 56 
15 16 36 37 38 56 
7 8 
3 14 15 16 36 37 38 
3 14 15 16 36 37 56 
3 14 15 16 36 38 56 
3 14 15 16 37 38 56 
3 14 15 36 37 38 56 
3 14 16 36 37 38 56 
3 15 16 36 37 38 56 
14 15 16 36 37 38 56 
8 1 
3 14 15 16 36 37 38 56 
4
0 1 

1 1 

2 4 
4 18 
17 39 
19 41 
40 57 
3 1 

4 6 
4 17 18 39 
4 18 19 41 
4 18 40 57 
17 19 39 41 
17 39 40 57 
19 40 41 57 
5 1 

6 4 
4 17 18 19 39 41 
4 17 18 39 40 57 
4 18 19 40 41 57 
17 19 39 40 41 57 
7 1 

8 1 
4 17 18 19 39 40 41 57 
5
0 1 

1 1 

2 4 
8 48 
24 61 
25 26 
46 47 
3 1 

4 6 
8 24 48 61 
8 25 26 48 
8 46 47 48 
24 25 26 61 
24 46 47 61 
25 26 46 47 
5 1 

6 4 
8 24 25 26 48 61 
8 24 46 47 48 61 
8 25 26 46 47 48 
24 25 26 46 47 61 
7 1 

8 1 
8 24 25 26 46 47 48 61 
6
0 1 

1 1 

2 4 
9 51 
27 62 
28 29 
49 50 
3 1 

4 6 
9 27 51 62 
9 28 29 51 
9 49 50 51 
27 28 29 62 
27 49 50 62 
28 29 49 50 
5 1 

6 4 
9 27 28 29 51 62 
9 27 49 50 51 62 
9 28 29 49 50 51 
27 28 29 49 50 62 
7 1 

8 1 
9 27 28 29 49 50 51 62 
7
0 1 

1 1 

2 4 
13 34 
33 53 
35 55 
54 63 
3 1 

4 6 
13 33 34 53 
13 34 35 55 
13 34 54 63 
33 35 53 55 
33 53 54 63 
35 54 55 63 
5 1 

6 4 
13 33 34 35 53 55 
13 33 34 53 54 63 
13 34 35 54 55 63 
33 35 53 54 55 63 
7 1 

8 1 
13 33 34 35 53 54 55 63 
8
0 1 

1 1 

2 4 
23 45 
43 59 
44 60 
58 64 
3 1 

4 6 
23 43 45 59 
23 44 45 60 
23 45 58 64 
43 44 59 60 
43 58 59 64 
44 58 60 64 
5 1 

6 4 
23 43 44 45 59 60 
23 43 45 58 59 64 
23 44 45 58 60 64 
43 44 58 59 60 64 
7 1 

8 1 
23 43 44 45 58 59 60 64 
