//Table for grp 217:
57
0 0 2 2 4 4 2 4 
0 0 2 4 4 2 4 2 
0 0 4 2 2 4 4 2 
0 0 4 4 2 2 2 4 
0 2 0 2 4 2 4 4 
0 2 0 4 4 4 2 2 
0 2 2 0 2 4 4 4 
0 2 2 2 2 2 2 6 
0 2 2 2 2 2 6 2 
0 2 2 2 2 6 2 2 
0 2 2 2 6 2 2 2 
0 2 2 4 2 0 4 4 
0 2 2 4 2 4 0 4 
0 2 2 4 2 4 4 0 
0 2 2 6 2 2 2 2 
0 2 4 0 4 4 2 2 
0 2 4 2 0 2 4 4 
0 2 4 2 4 2 0 4 
0 2 4 2 4 2 4 0 
0 2 4 4 0 4 2 2 
0 2 4 4 4 0 2 2 
0 2 6 2 2 2 2 2 
0 4 0 2 2 4 4 2 
0 4 0 4 2 2 2 4 
0 4 2 0 4 2 4 2 
0 4 2 2 0 4 2 4 
0 4 2 2 4 0 2 4 
0 4 2 2 4 4 2 0 
0 4 2 4 0 2 4 2 
0 4 2 4 4 2 0 2 
0 4 4 0 2 2 2 4 
0 4 4 2 2 0 4 2 
0 4 4 2 2 4 0 2 
0 4 4 4 2 2 2 0 
0 6 2 2 2 2 2 2 
2 0 2 2 2 2 4 4 
2 0 2 4 2 4 2 2 
2 0 4 2 4 2 2 2 
2 2 0 2 2 4 2 4 
2 2 0 4 2 2 4 2 
2 2 2 0 4 2 2 4 
2 2 2 2 0 4 4 2 
2 2 2 2 4 0 4 2 
2 2 2 2 4 4 0 2 
2 2 2 4 0 2 2 4 
2 2 2 4 4 2 2 0 
2 2 4 0 2 2 4 2 
2 2 4 2 2 0 2 4 
2 2 4 2 2 4 2 0 
2 2 4 4 2 2 0 2 
2 4 0 2 4 2 2 2 
2 4 2 0 2 4 2 2 
2 4 2 2 2 2 0 4 
2 4 2 2 2 2 4 0 
2 4 2 4 2 0 2 2 
2 4 4 2 0 2 2 2 
4 2 2 2 2 2 2 2 
1 2 3 4 5 6 7 8 9 10 11 12 13 14 15 16 17 18 19 20 21 22 23 24 25 26 27 28 29 30 31 32 33 34 35 36 37 38 39 40 41 42 43 44 45 46 47 48 49 50 51 52 53 54 55 56 57 58 59 60 61 62 63 64 
2 1 8 9 10 11 12 3 4 5 6 7 23 24 25 26 27 28 29 30 31 32 13 14 15 16 17 18 19 20 21 22 43 44 45 46 47 48 49 50 51 52 33 34 35 36 37 38 39 40 41 42 58 59 60 61 62 53 54 55 56 57 64 63 
3 25 6 13 14 15 16 2 44 46 8 48 18 20 1 22 33 34 35 36 37 38 9 10 11 12 58 23 60 24 61 26 39 4 41 5 42 7 53 54 55 56 27 28 29 30 31 32 43 64 45 47 17 57 19 21 63 49 50 51 52 59 40 62 
4 29 34 6 17 18 19 60 32 50 51 9 3 53 13 55 20 1 22 39 40 41 26 64 45 44 52 12 11 62 27 28 14 15 16 33 63 35 5 42 7 57 47 48 8 59 58 23 31 30 2 49 36 37 38 54 21 61 24 25 43 10 56 46 
5 30 14 17 1 20 21 46 49 11 10 52 33 3 36 37 4 39 40 6 7 42 58 25 24 61 28 27 62 2 32 31 13 53 54 15 16 56 18 19 57 22 44 43 64 8 48 47 9 51 50 12 34 35 63 38 41 23 60 59 26 29 55 45 
6 11 15 18 20 1 22 25 28 30 2 32 34 36 3 38 39 4 41 5 42 7 44 46 8 48 49 9 51 10 52 12 53 13 55 14 56 16 17 57 19 21 58 23 60 24 61 26 27 62 29 31 33 63 35 37 40 43 64 45 47 50 54 59 
7 12 16 19 21 22 1 26 29 31 32 2 35 37 38 3 40 41 4 42 5 6 45 47 48 8 50 51 9 52 10 11 54 55 13 56 14 15 57 17 18 20 59 60 23 61 24 25 62 27 28 30 63 33 34 36 39 64 43 44 46 49 53 58 
8 15 11 23 24 25 26 1 34 36 3 38 28 30 2 32 43 44 45 46 47 48 4 5 6 7 53 13 55 14 56 16 49 9 51 10 52 12 58 59 60 61 17 18 19 20 21 22 33 63 35 37 27 62 29 31 64 39 40 41 42 54 50 57 
9 19 44 11 27 28 29 55 22 40 41 4 8 58 23 60 30 2 32 49 50 51 16 63 35 34 42 7 6 57 17 18 24 25 26 43 64 45 10 52 12 62 37 38 3 54 53 13 21 20 1 39 46 47 48 59 31 56 14 15 33 5 61 36 
10 20 24 27 2 30 31 36 39 6 5 42 43 8 46 47 9 49 50 11 12 52 53 15 14 56 18 17 57 1 22 21 23 58 59 25 26 61 28 29 62 32 34 33 63 3 38 37 4 41 40 7 44 45 64 48 51 13 55 54 16 19 60 35 
11 6 25 28 30 2 32 15 18 20 1 22 44 46 8 48 49 9 51 10 52 12 34 36 3 38 39 4 41 5 42 7 58 23 60 24 61 26 27 62 29 31 53 13 55 14 56 16 17 57 19 21 43 64 45 47 50 33 63 35 37 40 59 54 
12 7 26 29 31 32 2 16 19 21 22 1 45 47 48 8 50 51 9 52 10 11 35 37 38 3 40 41 4 42 5 6 59 60 23 61 24 25 62 27 28 30 54 55 13 56 14 15 57 17 18 20 64 43 44 46 49 63 33 34 36 39 58 53 
13 60 4 15 33 34 35 51 26 64 45 44 6 17 18 19 36 3 38 53 54 55 12 62 29 28 47 48 8 59 58 23 20 1 22 39 40 41 14 56 16 63 31 32 2 50 49 9 61 24 25 43 5 42 7 57 37 52 10 11 27 46 21 30 
14 24 20 33 3 36 37 30 43 8 46 47 39 6 5 42 13 53 54 15 16 56 49 11 10 52 23 58 59 25 26 61 18 17 57 1 22 21 34 35 63 38 28 27 62 2 32 31 44 45 64 48 4 41 40 7 55 9 51 50 12 60 19 29 
15 8 1 34 36 3 38 11 23 24 25 26 4 5 6 7 53 13 55 14 56 16 28 30 2 32 43 44 45 46 47 48 17 18 19 20 21 22 33 63 35 37 49 9 51 10 52 12 58 59 60 61 39 40 41 42 54 27 62 29 31 64 57 50 
16 48 22 35 37 38 3 12 60 61 26 25 41 42 7 6 54 55 13 56 14 15 29 31 32 2 64 45 44 47 46 8 57 19 18 21 20 1 63 33 34 36 50 51 9 52 10 11 59 58 23 24 40 39 4 5 53 62 27 28 30 43 17 49 
17 62 53 20 4 39 40 59 31 51 50 49 14 34 33 63 6 5 42 18 19 57 61 45 64 43 12 52 10 29 28 27 3 36 37 13 55 54 1 22 21 41 48 47 46 60 23 58 32 2 30 9 15 16 56 35 7 26 25 24 44 11 38 8 
18 51 13 1 39 4 41 45 12 62 29 28 15 33 34 35 5 6 7 17 57 19 48 59 60 23 31 32 2 50 49 9 36 3 38 53 54 55 20 21 22 40 61 26 25 64 43 44 52 10 11 27 14 56 16 63 42 47 46 8 58 30 37 24 
19 9 55 22 40 41 4 44 11 27 28 29 16 63 35 34 42 7 6 57 17 18 8 58 23 60 30 2 32 49 50 51 37 38 3 54 53 13 21 20 1 39 24 25 26 43 64 45 10 52 12 62 56 14 15 33 5 46 47 48 59 31 36 61 
20 10 36 39 6 5 42 24 27 2 30 31 53 15 14 56 18 17 57 1 22 21 43 8 46 47 9 49 50 11 12 52 34 33 63 3 38 37 4 41 40 7 23 58 59 25 26 61 28 29 62 32 13 55 54 16 19 44 45 64 48 51 35 60 
21 52 37 40 7 42 5 61 62 32 31 30 54 16 56 14 19 57 17 22 1 20 64 48 47 46 51 50 49 12 11 10 35 63 33 38 3 36 41 4 39 6 60 59 58 26 25 24 29 28 27 2 55 13 53 15 18 45 44 43 8 9 34 23 
22 32 38 41 42 7 6 48 51 52 12 11 55 56 16 15 57 19 18 21 20 1 60 61 26 25 62 29 28 31 30 2 63 35 34 37 36 3 40 39 4 5 64 45 44 47 46 8 50 49 9 10 54 53 13 14 17 59 58 23 24 27 33 43 
23 55 9 25 43 44 45 41 16 63 35 34 11 27 28 29 46 8 48 58 59 60 7 57 19 18 37 38 3 54 53 13 30 2 32 49 50 51 24 61 26 64 21 22 1 40 39 4 56 14 15 33 10 52 12 62 47 42 5 6 17 36 31 20 
24 14 30 43 8 46 47 20 33 3 36 37 49 11 10 52 23 58 59 25 26 61 39 6 5 42 13 53 54 15 16 56 28 27 62 2 32 31 44 45 64 48 18 17 57 1 22 21 34 35 63 38 9 51 50 12 60 4 41 40 7 55 29 19 
25 3 2 44 46 8 48 6 13 14 15 16 9 10 11 12 58 23 60 24 61 26 18 20 1 22 33 34 35 36 37 38 27 28 29 30 31 32 43 64 45 47 39 4 41 5 42 7 53 54 55 56 49 50 51 52 59 17 57 19 21 63 62 40 
26 38 32 45 47 48 8 7 55 56 16 15 51 52 12 11 59 60 23 61 24 25 19 21 22 1 63 35 34 37 36 3 62 29 28 31 30 2 64 43 44 46 40 41 4 42 5 6 54 53 13 14 50 49 9 10 58 57 17 18 20 33 27 39 
27 57 58 30 9 49 50 54 21 41 40 39 24 44 43 64 11 10 52 28 29 62 56 35 63 33 7 42 5 19 18 17 8 46 47 23 60 59 2 32 31 51 38 37 36 55 13 53 22 1 20 4 25 26 61 45 12 16 15 14 34 6 48 3 
28 41 23 2 49 9 51 35 7 57 19 18 25 43 44 45 10 11 12 27 62 29 38 54 55 13 21 22 1 40 39 4 46 8 48 58 59 60 30 31 32 50 56 16 15 63 33 34 42 5 6 17 24 61 26 64 52 37 36 3 53 20 47 14 
29 4 60 32 50 51 9 34 6 17 18 19 26 64 45 44 52 12 11 62 27 28 3 53 13 55 20 1 22 39 40 41 47 48 8 59 58 23 31 30 2 49 14 15 16 33 63 35 5 42 7 57 61 24 25 43 10 36 37 38 54 21 46 56 
30 5 46 49 11 10 52 14 17 1 20 21 58 25 24 61 28 27 62 2 32 31 33 3 36 37 4 39 40 6 7 42 44 43 64 8 48 47 9 51 50 12 13 53 54 15 16 56 18 19 57 22 23 60 59 26 29 34 35 63 38 41 45 55 
31 42 47 50 12 52 10 56 57 22 21 20 59 26 61 24 29 62 27 32 2 30 63 38 37 36 41 40 39 7 6 5 45 64 43 48 8 46 51 9 49 11 55 54 53 16 15 14 19 18 17 1 60 23 58 25 28 35 34 33 3 4 44 13 
32 22 48 51 52 12 11 38 41 42 7 6 60 61 26 25 62 29 28 31 30 2 55 56 16 15 57 19 18 21 20 1 64 45 44 47 46 8 50 49 9 10 63 35 34 37 36 3 40 39 4 5 59 58 23 24 27 54 53 13 14 17 43 33 
33 59 17 36 13 53 54 50 61 45 64 43 20 4 39 40 15 14 56 34 35 63 52 29 62 27 48 47 46 60 23 58 6 5 42 18 19 57 3 38 37 55 32 31 30 51 9 49 26 25 24 44 1 22 21 41 16 12 11 10 28 8 7 2 
34 45 18 3 53 13 55 29 48 59 60 23 1 39 4 41 14 15 16 33 63 35 32 50 51 9 61 26 25 64 43 44 5 6 7 17 57 19 36 37 38 54 52 12 11 62 27 28 47 46 8 58 20 21 22 40 56 31 30 2 49 24 42 10 
35 44 19 38 54 55 13 28 8 58 23 60 22 40 41 4 56 16 15 63 33 34 2 49 9 51 24 25 26 43 64 45 42 7 6 57 17 18 37 36 3 53 10 11 12 27 62 29 46 47 48 59 21 20 1 39 14 30 31 32 50 61 5 52 
36 46 5 53 15 14 56 10 58 25 24 61 17 1 20 21 34 33 63 3 38 37 27 2 30 31 44 43 64 8 48 47 4 39 40 6 7 42 13 55 54 16 9 49 50 11 12 52 23 60 59 26 18 19 57 22 35 28 29 62 32 45 41 51 
37 47 42 54 16 56 14 52 59 26 61 24 57 22 21 20 35 63 33 38 3 36 62 32 31 30 45 64 43 48 8 46 41 40 39 7 6 5 55 13 53 15 51 50 49 12 11 10 60 23 58 25 19 18 17 1 34 29 28 27 2 44 4 9 
38 26 7 55 56 16 15 32 45 47 48 8 19 21 22 1 63 35 34 37 36 3 51 52 12 11 59 60 23 61 24 25 40 41 4 42 5 6 54 53 13 14 62 29 28 31 30 2 64 43 44 46 57 17 18 20 33 50 49 9 10 58 39 27 
39 50 33 5 18 17 57 64 52 29 62 27 36 13 53 54 1 20 21 4 41 40 47 60 59 58 32 31 30 51 9 49 15 14 56 34 35 63 6 7 42 19 26 61 24 45 44 43 12 11 10 28 3 38 37 55 22 48 8 46 23 2 16 25 
40 49 63 42 19 57 17 43 10 28 27 62 37 55 54 53 22 21 20 41 4 39 46 23 58 59 2 30 31 9 51 50 16 56 14 35 34 33 7 6 5 18 25 24 61 44 45 64 11 12 52 29 38 3 36 13 1 8 48 47 60 32 15 26 
41 28 35 7 57 19 18 23 2 49 9 51 38 54 55 13 21 22 1 40 39 4 25 43 44 45 10 11 12 27 62 29 56 16 15 63 33 34 42 5 6 17 46 8 48 58 59 60 30 31 32 50 37 36 3 53 20 24 61 26 64 52 14 47 
42 31 56 57 22 21 20 47 50 12 52 10 63 38 37 36 41 40 39 7 6 5 59 26 61 24 29 62 27 32 2 30 55 54 53 16 15 14 19 18 17 1 45 64 43 48 8 46 51 9 49 11 35 34 33 3 4 60 23 58 25 28 13 44 
43 54 27 46 23 58 59 40 56 35 63 33 30 9 49 50 25 24 61 44 45 64 42 19 57 17 38 37 36 55 13 53 11 10 52 28 29 62 8 48 47 60 22 21 20 41 4 39 16 15 14 34 2 32 31 51 26 7 6 5 18 3 12 1 
44 35 28 8 58 23 60 19 38 54 55 13 2 49 9 51 24 25 26 43 64 45 22 40 41 4 56 16 15 63 33 34 10 11 12 27 62 29 46 47 48 59 42 7 6 57 17 18 37 36 3 53 30 31 32 50 61 21 20 1 39 14 52 5 
45 34 29 48 59 60 23 18 3 53 13 55 32 50 51 9 61 26 25 64 43 44 1 39 4 41 14 15 16 33 63 35 52 12 11 62 27 28 47 46 8 58 5 6 7 17 57 19 36 37 38 54 31 30 2 49 24 20 21 22 40 56 10 42 
46 36 10 58 25 24 61 5 53 15 14 56 27 2 30 31 44 43 64 8 48 47 17 1 20 21 34 33 63 3 38 37 9 49 50 11 12 52 23 60 59 26 4 39 40 6 7 42 13 55 54 16 28 29 62 32 45 18 19 57 22 35 51 41 
47 37 52 59 26 61 24 42 54 16 56 14 62 32 31 30 45 64 43 48 8 46 57 22 21 20 35 63 33 38 3 36 51 50 49 12 11 10 60 23 58 25 41 40 39 7 6 5 55 13 53 15 29 28 27 2 44 19 18 17 1 34 9 4 
48 16 12 60 61 26 25 22 35 37 38 3 29 31 32 2 64 45 44 47 46 8 41 42 7 6 54 55 13 56 14 15 50 51 9 52 10 11 59 58 23 24 57 19 18 21 20 1 63 33 34 36 62 27 28 30 43 40 39 4 5 53 49 17 
49 40 43 10 28 27 62 63 42 19 57 17 46 23 58 59 2 30 31 9 51 50 37 55 54 53 22 21 20 41 4 39 25 24 61 44 45 64 11 12 52 29 16 56 14 35 34 33 7 6 5 18 8 48 47 60 32 38 3 36 13 1 26 15 
50 39 64 52 29 62 27 33 5 18 17 57 47 60 59 58 32 31 30 51 9 49 36 13 53 54 1 20 21 4 41 40 26 61 24 45 44 43 12 11 10 28 15 14 56 34 35 63 6 7 42 19 48 8 46 23 2 3 38 37 55 22 25 16 
51 18 45 12 62 29 28 13 1 39 4 41 48 59 60 23 31 32 2 50 49 9 15 33 34 35 5 6 7 17 57 19 61 26 25 64 43 44 52 10 11 27 36 3 38 53 54 55 20 21 22 40 47 46 8 58 30 14 56 16 63 42 24 37 
52 21 61 62 32 31 30 37 40 7 42 5 64 48 47 46 51 50 49 12 11 10 54 16 56 14 19 57 17 22 1 20 60 59 58 26 25 24 29 28 27 2 35 63 33 38 3 36 41 4 39 6 45 44 43 8 9 55 13 53 15 18 23 34 
53 64 39 14 34 33 63 62 47 60 59 58 5 18 17 57 3 36 37 13 55 54 31 51 50 49 26 61 24 45 44 43 1 20 21 4 41 40 15 16 56 35 12 52 10 29 28 27 48 8 46 23 6 7 42 19 38 32 2 30 9 25 22 11 
54 43 40 56 35 63 33 27 46 23 58 59 42 19 57 17 38 37 36 55 13 53 30 9 49 50 25 24 61 44 45 64 22 21 20 41 4 39 16 15 14 34 11 10 52 28 29 62 8 48 47 60 7 6 5 18 3 2 32 31 51 26 1 12 
55 23 41 16 63 35 34 9 25 43 44 45 7 57 19 18 37 38 3 54 53 13 11 27 28 29 46 8 48 58 59 60 21 22 1 40 39 4 56 14 15 33 30 2 32 49 50 51 24 61 26 64 42 5 6 17 36 10 52 12 62 47 20 31 
56 61 21 63 38 37 36 31 64 48 47 46 40 7 42 5 55 54 53 16 15 14 50 12 52 10 60 59 58 26 25 24 19 57 17 22 1 20 35 34 33 3 29 62 27 32 2 30 45 44 43 8 41 4 39 6 13 51 9 49 11 23 18 28 
57 27 54 21 41 40 39 58 30 9 49 50 56 35 63 33 7 42 5 19 18 17 24 44 43 64 11 10 52 28 29 62 38 37 36 55 13 53 22 1 20 4 8 46 47 23 60 59 2 32 31 51 16 15 14 34 6 25 26 61 45 12 3 48 
58 63 49 24 44 43 64 57 37 55 54 53 10 28 27 62 8 46 47 23 60 59 21 41 40 39 16 56 14 35 34 33 2 30 31 9 51 50 25 26 61 45 7 42 5 19 18 17 38 3 36 13 11 12 52 29 48 22 1 20 4 15 32 6 
59 33 50 61 45 64 43 17 36 13 53 54 52 29 62 27 48 47 46 60 23 58 20 4 39 40 15 14 56 34 35 63 32 31 30 51 9 49 26 25 24 44 6 5 42 18 19 57 3 38 37 55 12 11 10 28 8 1 22 21 41 16 2 7 
60 13 51 26 64 45 44 4 15 33 34 35 12 62 29 28 47 48 8 59 58 23 6 17 18 19 36 3 38 53 54 55 31 32 2 50 49 9 61 24 25 43 20 1 22 39 40 41 14 56 16 63 52 10 11 27 46 5 42 7 57 37 30 21 
61 56 31 64 48 47 46 21 63 38 37 36 50 12 52 10 60 59 58 26 25 24 40 7 42 5 55 54 53 16 15 14 29 62 27 32 2 30 45 44 43 8 19 57 17 22 1 20 35 34 33 3 51 9 49 11 23 41 4 39 6 13 28 18 
62 17 59 31 51 50 49 53 20 4 39 40 61 45 64 43 12 52 10 29 28 27 14 34 33 63 6 5 42 18 19 57 48 47 46 60 23 58 32 2 30 9 3 36 37 13 55 54 1 22 21 41 26 25 24 44 11 15 16 56 35 7 8 38 
63 58 57 37 55 54 53 49 24 44 43 64 21 41 40 39 16 56 14 35 34 33 10 28 27 62 8 46 47 23 60 59 7 42 5 19 18 17 38 3 36 13 2 30 31 9 51 50 25 26 61 45 22 1 20 4 15 11 12 52 29 48 6 32 
64 53 62 47 60 59 58 39 14 34 33 63 31 51 50 49 26 61 24 45 44 43 5 18 17 57 3 36 37 13 55 54 12 52 10 29 28 27 48 8 46 23 1 20 21 4 41 40 15 16 56 35 32 2 30 9 25 6 7 42 19 38 11 22 
1
0 1 

1 8 
1 
5 
6 
7 
20 
21 
22 
42 
2 28 
1 5 
1 6 
1 7 
1 20 
1 21 
1 22 
1 42 
5 6 
5 7 
5 20 
5 21 
5 22 
5 42 
6 7 
6 20 
6 21 
6 22 
6 42 
7 20 
7 21 
7 22 
7 42 
20 21 
20 22 
20 42 
21 22 
21 42 
22 42 
3 56 
1 5 6 
1 5 7 
1 5 20 
1 5 21 
1 5 22 
1 5 42 
1 6 7 
1 6 20 
1 6 21 
1 6 22 
1 6 42 
1 7 20 
1 7 21 
1 7 22 
1 7 42 
1 20 21 
1 20 22 
1 20 42 
1 21 22 
1 21 42 
1 22 42 
5 6 7 
5 6 20 
5 6 21 
5 6 22 
5 6 42 
5 7 20 
5 7 21 
5 7 22 
5 7 42 
5 20 21 
5 20 22 
5 20 42 
5 21 22 
5 21 42 
5 22 42 
6 7 20 
6 7 21 
6 7 22 
6 7 42 
6 20 21 
6 20 22 
6 20 42 
6 21 22 
6 21 42 
6 22 42 
7 20 21 
7 20 22 
7 20 42 
7 21 22 
7 21 42 
7 22 42 
20 21 22 
20 21 42 
20 22 42 
21 22 42 
4 70 
1 5 6 7 
1 5 6 20 
1 5 6 21 
1 5 6 22 
1 5 6 42 
1 5 7 20 
1 5 7 21 
1 5 7 22 
1 5 7 42 
1 5 20 21 
1 5 20 22 
1 5 20 42 
1 5 21 22 
1 5 21 42 
1 5 22 42 
1 6 7 20 
1 6 7 21 
1 6 7 22 
1 6 7 42 
1 6 20 21 
1 6 20 22 
1 6 20 42 
1 6 21 22 
1 6 21 42 
1 6 22 42 
1 7 20 21 
1 7 20 22 
1 7 20 42 
1 7 21 22 
1 7 21 42 
1 7 22 42 
1 20 21 22 
1 20 21 42 
1 20 22 42 
1 21 22 42 
5 6 7 20 
5 6 7 21 
5 6 7 22 
5 6 7 42 
5 6 20 21 
5 6 20 22 
5 6 20 42 
5 6 21 22 
5 6 21 42 
5 6 22 42 
5 7 20 21 
5 7 20 22 
5 7 20 42 
5 7 21 22 
5 7 21 42 
5 7 22 42 
5 20 21 22 
5 20 21 42 
5 20 22 42 
5 21 22 42 
6 7 20 21 
6 7 20 22 
6 7 20 42 
6 7 21 22 
6 7 21 42 
6 7 22 42 
6 20 21 22 
6 20 21 42 
6 20 22 42 
6 21 22 42 
7 20 21 22 
7 20 21 42 
7 20 22 42 
7 21 22 42 
20 21 22 42 
5 56 
1 5 6 7 20 
1 5 6 7 21 
1 5 6 7 22 
1 5 6 7 42 
1 5 6 20 21 
1 5 6 20 22 
1 5 6 20 42 
1 5 6 21 22 
1 5 6 21 42 
1 5 6 22 42 
1 5 7 20 21 
1 5 7 20 22 
1 5 7 20 42 
1 5 7 21 22 
1 5 7 21 42 
1 5 7 22 42 
1 5 20 21 22 
1 5 20 21 42 
1 5 20 22 42 
1 5 21 22 42 
1 6 7 20 21 
1 6 7 20 22 
1 6 7 20 42 
1 6 7 21 22 
1 6 7 21 42 
1 6 7 22 42 
1 6 20 21 22 
1 6 20 21 42 
1 6 20 22 42 
1 6 21 22 42 
1 7 20 21 22 
1 7 20 21 42 
1 7 20 22 42 
1 7 21 22 42 
1 20 21 22 42 
5 6 7 20 21 
5 6 7 20 22 
5 6 7 20 42 
5 6 7 21 22 
5 6 7 21 42 
5 6 7 22 42 
5 6 20 21 22 
5 6 20 21 42 
5 6 20 22 42 
5 6 21 22 42 
5 7 20 21 22 
5 7 20 21 42 
5 7 20 22 42 
5 7 21 22 42 
5 20 21 22 42 
6 7 20 21 22 
6 7 20 21 42 
6 7 20 22 42 
6 7 21 22 42 
6 20 21 22 42 
7 20 21 22 42 
6 28 
1 5 6 7 20 21 
1 5 6 7 20 22 
1 5 6 7 20 42 
1 5 6 7 21 22 
1 5 6 7 21 42 
1 5 6 7 22 42 
1 5 6 20 21 22 
1 5 6 20 21 42 
1 5 6 20 22 42 
1 5 6 21 22 42 
1 5 7 20 21 22 
1 5 7 20 21 42 
1 5 7 20 22 42 
1 5 7 21 22 42 
1 5 20 21 22 42 
1 6 7 20 21 22 
1 6 7 20 21 42 
1 6 7 20 22 42 
1 6 7 21 22 42 
1 6 20 21 22 42 
1 7 20 21 22 42 
5 6 7 20 21 22 
5 6 7 20 21 42 
5 6 7 20 22 42 
5 6 7 21 22 42 
5 6 20 21 22 42 
5 7 20 21 22 42 
6 7 20 21 22 42 
7 8 
1 5 6 7 20 21 22 
1 5 6 7 20 21 42 
1 5 6 7 20 22 42 
1 5 6 7 21 22 42 
1 5 6 20 21 22 42 
1 5 7 20 21 22 42 
1 6 7 20 21 22 42 
5 6 7 20 21 22 42 
8 1 
1 5 6 7 20 21 22 42 
2
0 1 

1 4 
2 
11 
12 
32 
2 8 
2 11 
2 12 
2 32 
10 30 
11 12 
11 32 
12 32 
31 52 
3 12 
2 10 30 
2 11 12 
2 11 32 
2 12 32 
2 31 52 
10 11 30 
10 12 30 
10 30 32 
11 12 32 
11 31 52 
12 31 52 
31 32 52 
4 14 
2 10 11 30 
2 10 12 30 
2 10 30 32 
2 11 12 32 
2 11 31 52 
2 12 31 52 
2 31 32 52 
10 11 12 30 
10 11 30 32 
10 12 30 32 
10 30 31 52 
11 12 31 52 
11 31 32 52 
12 31 32 52 
5 12 
2 10 11 12 30 
2 10 11 30 32 
2 10 12 30 32 
2 10 30 31 52 
2 11 12 31 52 
2 11 31 32 52 
2 12 31 32 52 
10 11 12 30 32 
10 11 30 31 52 
10 12 30 31 52 
10 30 31 32 52 
11 12 31 32 52 
6 8 
2 10 11 12 30 32 
2 10 11 30 31 52 
2 10 12 30 31 52 
2 10 30 31 32 52 
2 11 12 31 32 52 
10 11 12 30 31 52 
10 11 30 31 32 52 
10 12 30 31 32 52 
7 4 
2 10 11 12 30 31 52 
2 10 11 30 31 32 52 
2 10 12 30 31 32 52 
10 11 12 30 31 32 52 
8 1 
2 10 11 12 30 31 32 52 
3
0 1 

1 1 

2 4 
3 15 
14 36 
16 38 
37 56 
3 1 

4 6 
3 14 15 36 
3 15 16 38 
3 15 37 56 
14 16 36 38 
14 36 37 56 
16 37 38 56 
5 1 

6 4 
3 14 15 16 36 38 
3 14 15 36 37 56 
3 15 16 37 38 56 
14 16 36 37 38 56 
7 1 

8 1 
3 14 15 16 36 37 38 56 
4
0 1 

1 1 

2 4 
4 18 
17 39 
19 41 
40 57 
3 1 

4 6 
4 17 18 39 
4 18 19 41 
4 18 40 57 
17 19 39 41 
17 39 40 57 
19 40 41 57 
5 1 

6 4 
4 17 18 19 39 41 
4 17 18 39 40 57 
4 18 19 40 41 57 
17 19 39 40 41 57 
7 1 

8 1 
4 17 18 19 39 40 41 57 
5
0 1 

1 4 
8 
25 
26 
48 
2 8 
8 25 
8 26 
8 48 
24 46 
25 26 
25 48 
26 48 
47 61 
3 12 
8 24 46 
8 25 26 
8 25 48 
8 26 48 
8 47 61 
24 25 46 
24 26 46 
24 46 48 
25 26 48 
25 47 61 
26 47 61 
47 48 61 
4 14 
8 24 25 46 
8 24 26 46 
8 24 46 48 
8 25 26 48 
8 25 47 61 
8 26 47 61 
8 47 48 61 
24 25 26 46 
24 25 46 48 
24 26 46 48 
24 46 47 61 
25 26 47 61 
25 47 48 61 
26 47 48 61 
5 12 
8 24 25 26 46 
8 24 25 46 48 
8 24 26 46 48 
8 24 46 47 61 
8 25 26 47 61 
8 25 47 48 61 
8 26 47 48 61 
24 25 26 46 48 
24 25 46 47 61 
24 26 46 47 61 
24 46 47 48 61 
25 26 47 48 61 
6 8 
8 24 25 26 46 48 
8 24 25 46 47 61 
8 24 26 46 47 61 
8 24 46 47 48 61 
8 25 26 47 48 61 
24 25 26 46 47 61 
24 25 46 47 48 61 
24 26 46 47 48 61 
7 4 
8 24 25 26 46 47 61 
8 24 25 46 47 48 61 
8 24 26 46 47 48 61 
24 25 26 46 47 48 61 
8 1 
8 24 25 26 46 47 48 61 
6
0 1 

1 1 

2 4 
9 51 
27 50 
28 29 
49 62 
3 1 

4 6 
9 27 50 51 
9 28 29 51 
9 49 51 62 
27 28 29 50 
27 49 50 62 
28 29 49 62 
5 1 

6 4 
9 27 28 29 50 51 
9 27 49 50 51 62 
9 28 29 49 51 62 
27 28 29 49 50 62 
7 1 

8 1 
9 27 28 29 49 50 51 62 
7
0 1 

1 1 

2 4 
13 34 
33 53 
35 55 
54 63 
3 1 

4 6 
13 33 34 53 
13 34 35 55 
13 34 54 63 
33 35 53 55 
33 53 54 63 
35 54 55 63 
5 1 

6 4 
13 33 34 35 53 55 
13 33 34 53 54 63 
13 34 35 54 55 63 
33 35 53 54 55 63 
7 1 

8 1 
13 33 34 35 53 54 55 63 
8
0 1 

1 1 

2 4 
23 45 
43 64 
44 60 
58 59 
3 1 

4 6 
23 43 45 64 
23 44 45 60 
23 45 58 59 
43 44 60 64 
43 58 59 64 
44 58 59 60 
5 1 

6 4 
23 43 44 45 60 64 
23 43 45 58 59 64 
23 44 45 58 59 60 
43 44 58 59 60 64 
7 1 

8 1 
23 43 44 45 58 59 60 64 
