//Table for grp 110:
57
0 0 2 2 4 4 2 4 
0 0 2 4 4 2 4 2 
0 0 4 2 2 4 4 2 
0 0 4 4 2 2 2 4 
0 2 0 2 4 2 4 4 
0 2 0 4 4 4 2 2 
0 2 2 0 2 4 4 4 
0 2 2 2 2 2 2 6 
0 2 2 2 2 2 6 2 
0 2 2 2 2 6 2 2 
0 2 2 2 6 2 2 2 
0 2 2 4 2 0 4 4 
0 2 2 4 2 4 0 4 
0 2 2 4 2 4 4 0 
0 2 2 6 2 2 2 2 
0 2 4 0 4 4 2 2 
0 2 4 2 0 2 4 4 
0 2 4 2 4 2 0 4 
0 2 4 2 4 2 4 0 
0 2 4 4 0 4 2 2 
0 2 4 4 4 0 2 2 
0 2 6 2 2 2 2 2 
0 4 0 2 2 4 4 2 
0 4 0 4 2 2 2 4 
0 4 2 0 4 2 4 2 
0 4 2 2 0 4 2 4 
0 4 2 2 4 0 2 4 
0 4 2 2 4 4 2 0 
0 4 2 4 0 2 4 2 
0 4 2 4 4 2 0 2 
0 4 4 0 2 2 2 4 
0 4 4 2 2 0 4 2 
0 4 4 2 2 4 0 2 
0 4 4 4 2 2 2 0 
0 6 2 2 2 2 2 2 
2 0 2 2 2 2 4 4 
2 0 2 4 2 4 2 2 
2 0 4 2 4 2 2 2 
2 2 0 2 2 4 2 4 
2 2 0 4 2 2 4 2 
2 2 2 0 4 2 2 4 
2 2 2 2 0 4 4 2 
2 2 2 2 4 0 4 2 
2 2 2 2 4 4 0 2 
2 2 2 4 0 2 2 4 
2 2 2 4 4 2 2 0 
2 2 4 0 2 2 4 2 
2 2 4 2 2 0 2 4 
2 2 4 2 2 4 2 0 
2 2 4 4 2 2 0 2 
2 4 0 2 4 2 2 2 
2 4 2 0 2 4 2 2 
2 4 2 2 2 2 0 4 
2 4 2 2 2 2 4 0 
2 4 2 4 2 0 2 2 
2 4 4 2 0 2 2 2 
4 2 2 2 2 2 2 2 
1 2 3 4 5 6 7 8 9 10 11 12 13 14 15 16 17 18 19 20 21 22 23 24 25 26 27 28 29 30 31 32 33 34 35 36 37 38 39 40 41 42 43 44 45 46 47 48 49 50 51 52 53 54 55 56 57 58 59 60 61 62 63 64 
2 6 8 9 10 11 12 15 18 20 7 22 23 24 25 26 27 28 29 30 31 32 34 36 16 38 39 19 41 21 42 1 43 44 45 46 47 48 49 50 51 52 53 35 55 37 56 3 40 57 4 5 58 59 60 61 62 54 63 13 14 17 64 33 
3 24 5 13 14 15 16 12 43 26 46 47 17 7 20 21 33 34 35 36 37 38 29 31 32 2 45 58 59 48 8 61 19 39 40 22 1 42 53 54 55 56 50 51 9 52 10 11 60 23 64 25 41 4 57 6 63 62 27 28 30 44 18 49 
4 9 13 1 17 18 19 23 2 27 28 29 3 33 34 35 5 6 7 39 40 41 8 43 44 45 10 11 12 49 50 51 14 15 16 53 54 55 20 21 22 57 24 25 26 58 59 60 30 31 32 62 36 37 38 63 42 46 47 48 64 52 56 61 
5 31 14 17 7 20 21 47 50 2 52 10 33 16 36 37 19 39 40 22 1 42 59 8 61 24 9 62 27 11 12 30 35 53 54 38 3 56 41 4 57 6 23 64 43 25 26 46 28 29 49 32 55 13 63 15 18 44 45 58 48 51 34 60 
6 11 15 18 20 7 22 25 28 30 12 32 34 36 16 38 39 19 41 21 42 1 44 46 26 48 49 29 51 31 52 2 53 35 55 37 56 3 40 57 4 5 58 45 60 47 61 8 50 62 9 10 54 63 13 14 17 59 64 23 24 27 33 43 
7 12 16 19 21 22 1 26 29 31 32 2 35 37 38 3 40 41 4 42 5 6 45 47 48 8 50 51 9 52 10 11 54 55 13 56 14 15 57 17 18 20 59 60 23 61 24 25 62 27 28 30 63 33 34 36 39 64 43 44 46 49 53 58 
8 36 10 23 24 25 26 22 53 38 37 56 27 12 30 31 43 44 45 46 47 48 41 42 1 6 55 54 63 3 15 14 29 49 50 32 2 52 58 59 60 61 57 4 18 5 20 7 13 34 33 16 51 9 62 11 64 17 39 19 21 35 28 40 
9 18 23 2 27 28 29 34 6 39 19 41 8 43 44 45 10 11 12 49 50 51 15 53 35 55 20 7 22 40 57 4 24 25 26 58 59 60 30 31 32 62 36 16 38 54 63 13 21 42 1 17 46 47 48 64 52 37 56 3 33 5 61 14 
10 42 24 27 12 30 31 56 57 6 5 20 43 26 46 47 29 49 50 32 2 52 63 15 14 36 18 17 39 7 22 21 45 58 59 48 8 61 51 9 62 11 34 33 53 16 38 37 19 41 40 1 60 23 64 25 28 35 55 54 3 4 44 13 
11 7 25 28 30 12 32 16 19 21 22 1 44 46 26 48 49 29 51 31 52 2 35 37 38 3 40 41 4 42 5 6 58 45 60 47 61 8 50 62 9 10 54 55 13 56 14 15 57 17 18 20 59 64 23 24 27 63 33 34 36 39 43 53 
12 22 26 29 31 32 2 38 41 42 1 6 45 47 48 8 50 51 9 52 10 11 55 56 3 15 57 4 18 5 20 7 59 60 23 61 24 25 62 27 28 30 63 13 34 14 36 16 17 39 19 21 64 43 44 46 49 33 53 35 37 40 58 54 
13 43 17 3 33 34 35 29 24 45 58 59 5 19 39 40 14 15 16 53 54 55 12 50 51 9 26 46 47 60 23 64 7 20 21 41 4 57 36 37 38 63 31 32 2 62 27 28 48 8 61 44 22 1 42 18 56 52 10 11 49 25 6 30 
14 8 7 33 16 36 37 10 23 24 25 26 19 21 22 1 35 53 54 38 3 56 27 12 30 31 43 44 45 46 47 48 40 41 4 42 5 6 55 13 63 15 29 49 50 32 2 52 58 59 60 61 57 17 18 20 34 51 9 62 11 64 39 28 
15 46 20 34 36 16 38 32 58 48 47 61 39 22 21 42 53 35 55 37 56 3 51 52 2 11 60 59 64 8 25 24 41 40 57 1 6 5 54 63 13 14 62 9 28 10 30 12 23 44 43 26 4 18 17 7 33 27 49 29 31 45 19 50 
16 47 21 35 37 38 3 2 59 8 61 24 40 1 42 5 54 55 13 56 14 15 9 10 11 12 23 64 43 25 26 46 4 57 17 6 7 20 63 33 34 36 27 28 29 30 31 32 44 45 58 48 18 19 39 22 53 49 50 51 52 60 41 62 
17 50 33 5 19 39 40 59 31 9 62 27 14 35 53 54 7 20 21 41 4 57 47 23 64 43 2 52 10 28 29 49 16 36 37 55 13 63 22 1 42 18 8 61 24 44 45 58 11 12 30 51 38 3 56 34 6 25 26 46 60 32 15 48 
18 28 34 6 39 19 41 44 11 49 29 51 15 53 35 55 20 7 22 40 57 4 25 58 45 60 30 12 32 50 62 9 36 16 38 54 63 13 21 42 1 17 46 26 48 59 64 23 31 52 2 27 37 56 3 33 5 47 61 8 43 10 14 24 
19 29 35 7 40 41 4 45 12 50 51 9 16 54 55 13 21 22 1 57 17 18 26 59 60 23 31 32 2 62 27 28 37 38 3 63 33 34 42 5 6 39 47 48 8 64 43 44 52 10 11 49 56 14 15 53 20 61 24 25 58 30 36 46 
20 52 36 39 22 21 42 61 62 11 10 30 53 38 37 56 41 40 57 1 6 5 64 25 24 46 28 27 49 12 32 31 55 54 63 3 15 14 4 18 17 7 44 43 58 26 48 47 29 51 50 2 13 34 33 16 19 45 60 59 8 9 35 23 
21 10 37 40 1 42 5 24 27 12 30 31 54 3 56 14 4 57 17 6 7 20 43 26 46 47 29 49 50 32 2 52 13 63 33 15 16 36 18 19 39 22 45 58 59 48 8 61 51 9 62 11 34 35 53 38 41 60 23 64 25 28 55 44 
22 32 38 41 42 1 6 48 51 52 2 11 55 56 3 15 57 4 18 5 20 7 60 61 8 25 62 9 28 10 30 12 63 13 34 14 36 16 17 39 19 21 64 23 44 24 46 26 27 49 29 31 33 53 35 37 40 43 58 45 47 50 54 59 
23 53 27 8 43 44 45 41 36 55 54 63 10 29 49 50 24 25 26 58 59 60 22 57 4 18 38 37 56 13 34 33 12 30 31 51 9 62 46 47 48 64 42 1 6 17 39 19 3 15 14 35 32 2 52 28 61 5 20 7 40 16 11 21 
24 15 12 43 26 46 47 20 34 36 16 38 29 31 32 2 45 58 59 48 8 61 39 22 21 42 53 35 55 37 56 3 50 51 9 52 10 11 60 23 64 25 41 40 57 1 6 5 54 63 13 14 62 27 28 30 44 4 18 17 7 33 49 19 
25 37 30 44 46 26 48 1 54 3 56 14 49 32 31 52 58 45 60 47 61 8 4 5 6 7 13 63 33 15 16 36 51 50 62 2 11 10 59 64 23 24 17 18 19 20 21 22 34 35 53 38 9 28 27 12 43 39 40 41 42 55 29 57 
26 56 31 45 47 48 8 6 63 15 14 36 50 2 52 10 59 60 23 61 24 25 18 20 7 22 34 33 53 16 38 37 9 62 27 11 12 30 64 43 44 46 39 19 41 21 42 1 35 55 54 3 28 29 49 32 58 40 57 4 5 13 51 17 
27 57 43 10 29 49 50 63 42 18 17 39 24 45 58 59 12 30 31 51 9 62 56 34 33 53 6 5 20 19 41 40 26 46 47 60 23 64 32 2 52 28 15 14 36 35 55 54 7 22 21 4 48 8 61 44 11 16 38 37 13 1 25 3 
28 19 44 11 49 29 51 35 7 40 41 4 25 58 45 60 30 12 32 50 62 9 16 54 55 13 21 22 1 57 17 18 46 26 48 59 64 23 31 52 2 27 37 38 3 63 33 34 42 5 6 39 47 61 8 43 10 56 14 15 53 20 24 36 
29 41 45 12 50 51 9 55 22 57 4 18 26 59 60 23 31 32 2 62 27 28 38 63 13 34 42 1 6 17 39 19 47 48 8 64 43 44 52 10 11 49 56 3 15 33 53 35 5 20 7 40 61 24 25 58 30 14 36 16 54 21 46 37 
30 5 46 49 32 31 52 14 17 7 20 21 58 48 47 61 51 50 62 2 11 10 33 16 36 37 19 39 40 22 1 42 60 59 64 8 25 24 9 28 27 12 35 53 54 38 3 56 41 4 57 6 23 44 43 26 29 55 13 63 15 18 45 34 
31 20 47 50 2 52 10 36 39 22 21 42 59 8 61 24 9 62 27 11 12 30 53 38 37 56 41 40 57 1 6 5 23 64 43 25 26 46 28 29 49 32 55 54 63 3 15 14 4 18 17 7 44 45 58 48 51 13 34 33 16 19 60 35 
32 1 48 51 52 2 11 3 4 5 6 7 60 61 8 25 62 9 28 10 30 12 13 14 15 16 17 18 19 20 21 22 64 23 44 24 46 26 27 49 29 31 33 34 35 36 37 38 39 40 41 42 43 58 45 47 50 53 54 55 56 57 59 63 
33 23 19 14 35 53 54 27 8 43 44 45 7 40 41 4 16 36 37 55 13 63 10 29 49 50 24 25 26 58 59 60 21 22 1 57 17 18 38 3 56 34 12 30 31 51 9 62 46 47 48 64 42 5 6 39 15 32 2 52 28 61 20 11 
34 58 39 15 53 35 55 51 46 60 59 64 20 41 40 57 36 16 38 54 63 13 32 62 9 28 48 47 61 23 44 43 22 21 42 4 18 17 37 56 3 33 52 2 11 27 49 29 8 25 24 45 1 6 5 19 14 10 30 12 50 26 7 31 
35 59 40 16 54 55 13 9 47 23 64 43 21 4 57 17 37 38 3 63 33 34 2 27 28 29 8 61 24 44 45 58 1 42 5 18 19 39 56 14 15 53 10 11 12 49 50 51 25 26 46 60 6 7 20 41 36 30 31 32 62 48 22 52 
36 25 22 53 38 37 56 30 44 46 26 48 41 42 1 6 55 54 63 3 15 14 49 32 31 52 58 45 60 47 61 8 57 4 18 5 20 7 13 34 33 16 51 50 62 2 11 10 59 64 23 24 17 39 19 21 35 9 28 27 12 43 40 29 
37 26 1 54 3 56 14 31 45 47 48 8 4 5 6 7 13 63 33 15 16 36 50 2 52 10 59 60 23 61 24 25 17 18 19 20 21 22 34 35 53 38 9 62 27 11 12 30 64 43 44 46 39 40 41 42 55 28 29 49 32 58 57 51 
38 61 42 55 56 3 15 11 64 25 24 46 57 6 5 20 63 13 34 14 36 16 28 30 12 32 44 43 58 26 48 47 18 17 39 7 22 21 33 53 35 37 49 29 51 31 52 2 45 60 59 8 19 41 40 1 54 50 62 9 10 23 4 27 
39 62 53 20 41 40 57 64 52 28 27 49 36 55 54 63 22 21 42 4 18 17 61 44 43 58 11 10 30 29 51 50 38 37 56 13 34 33 1 6 5 19 25 24 46 45 60 59 12 32 31 9 3 15 14 35 7 26 48 47 23 2 16 8 
40 27 54 21 4 57 17 43 10 29 49 50 37 13 63 33 1 42 5 18 19 39 24 45 58 59 12 30 31 51 9 62 3 56 14 34 35 53 6 7 20 41 26 46 47 60 23 64 32 2 52 28 15 16 36 55 22 48 8 61 44 11 38 25 
41 51 55 22 57 4 18 60 32 62 9 28 38 63 13 34 42 1 6 17 39 19 48 64 23 44 52 2 11 27 49 29 56 3 15 33 53 35 5 20 7 40 61 8 25 43 58 45 10 30 12 50 14 36 16 54 21 24 46 26 59 31 37 47 
42 30 56 57 6 5 20 46 49 32 31 52 63 15 14 36 18 17 39 7 22 21 58 48 47 61 51 50 62 2 11 10 34 33 53 16 38 37 19 41 40 1 60 59 64 8 25 24 9 28 27 12 35 55 54 3 4 23 44 43 26 29 13 45 
43 34 29 24 45 58 59 39 15 53 35 55 12 50 51 9 26 46 47 60 23 64 20 41 40 57 36 16 38 54 63 13 31 32 2 62 27 28 48 8 61 44 22 21 42 4 18 17 37 56 3 33 52 10 11 49 25 1 6 5 19 14 30 7 
44 54 49 25 58 45 60 4 37 13 63 33 30 51 50 62 46 26 48 59 64 23 1 17 18 19 3 56 14 34 35 53 32 31 52 9 28 27 47 61 8 43 5 6 7 39 40 41 15 16 36 55 2 11 10 29 24 20 21 22 57 38 12 42 
45 63 50 26 59 60 23 18 56 34 33 53 31 9 62 27 47 48 8 64 43 44 6 39 19 41 15 14 36 35 55 54 2 52 10 28 29 49 61 24 25 58 20 7 22 40 57 4 16 38 37 13 11 12 30 51 46 21 42 1 17 3 32 5 
46 16 32 58 48 47 61 21 35 37 38 3 51 52 2 11 60 59 64 8 25 24 40 1 42 5 54 55 13 56 14 15 62 9 28 10 30 12 23 44 43 26 4 57 17 6 7 20 63 33 34 36 27 49 29 31 45 18 19 39 22 53 50 41 
47 38 2 59 8 61 24 42 55 56 3 15 9 10 11 12 23 64 43 25 26 46 57 6 5 20 63 13 34 14 36 16 27 28 29 30 31 32 44 45 58 48 18 17 39 7 22 21 33 53 35 37 49 50 51 52 60 19 41 40 1 54 62 4 
48 14 52 60 61 8 25 7 33 16 36 37 62 11 10 30 64 23 44 24 46 26 19 21 22 1 35 53 54 38 3 56 28 27 49 12 32 31 43 58 45 47 40 41 4 42 5 6 55 13 63 15 29 51 50 2 59 57 17 18 20 34 9 39 
49 17 58 30 51 50 62 33 5 19 39 40 46 60 59 64 32 31 52 9 28 27 14 35 53 54 7 20 21 41 4 57 48 47 61 23 44 43 2 11 10 29 16 36 37 55 13 63 22 1 42 18 8 25 24 45 12 38 3 56 34 6 26 15 
50 39 59 31 9 62 27 53 20 41 40 57 47 23 64 43 2 52 10 28 29 49 36 55 54 63 22 21 42 4 18 17 8 61 24 44 45 58 11 12 30 51 38 37 56 13 34 33 1 6 5 19 25 26 46 60 32 3 15 14 35 7 48 16 
51 4 60 32 62 9 28 13 1 17 18 19 48 64 23 44 52 2 11 27 49 29 3 33 34 35 5 6 7 39 40 41 61 8 25 43 58 45 10 30 12 50 14 15 16 53 54 55 20 21 22 57 24 46 26 59 31 36 37 38 63 42 47 56 
52 21 61 62 11 10 30 37 40 1 42 5 64 25 24 46 28 27 49 12 32 31 54 3 56 14 4 57 17 6 7 20 44 43 58 26 48 47 29 51 50 2 13 63 33 15 16 36 18 19 39 22 45 60 59 8 9 34 35 53 38 41 23 55 
53 44 41 36 55 54 63 49 25 58 45 60 22 57 4 18 38 37 56 13 34 33 30 51 50 62 46 26 48 59 64 23 42 1 6 17 39 19 3 15 14 35 32 31 52 9 28 27 47 61 8 43 5 20 7 40 16 2 11 10 29 24 21 12 
54 45 4 37 13 63 33 50 26 59 60 23 1 17 18 19 3 56 14 34 35 53 31 9 62 27 47 48 8 64 43 44 5 6 7 39 40 41 15 16 36 55 2 52 10 28 29 49 61 24 25 58 20 21 22 57 38 11 12 30 51 46 42 32 
55 64 57 38 63 13 34 28 61 44 43 58 42 18 17 39 56 3 15 33 53 35 11 49 29 51 25 24 46 45 60 59 6 5 20 19 41 40 14 36 16 54 30 12 32 50 62 9 26 48 47 23 7 22 21 4 37 31 52 2 27 8 1 10 
56 48 6 63 15 14 36 52 60 61 8 25 18 20 7 22 34 33 53 16 38 37 62 11 10 30 64 23 44 24 46 26 39 19 41 21 42 1 35 55 54 3 28 27 49 12 32 31 43 58 45 47 40 57 4 5 13 29 51 50 2 59 17 9 
57 49 63 42 18 17 39 58 30 51 50 62 56 34 33 53 6 5 20 19 41 40 46 60 59 64 32 31 52 9 28 27 15 14 36 35 55 54 7 22 21 4 48 47 61 23 44 43 2 11 10 29 16 38 37 13 1 8 25 24 45 12 3 26 
58 35 51 46 60 59 64 40 16 54 55 13 32 62 9 28 48 47 61 23 44 43 21 4 57 17 37 38 3 63 33 34 52 2 11 27 49 29 8 25 24 45 1 42 5 18 19 39 56 14 15 53 10 30 12 50 26 6 7 20 41 36 31 22 
59 55 9 47 23 64 43 57 38 63 13 34 2 27 28 29 8 61 24 44 45 58 42 18 17 39 56 3 15 33 53 35 10 11 12 49 50 51 25 26 46 60 6 5 20 19 41 40 14 36 16 54 30 31 32 62 48 7 22 21 4 37 52 1 
60 33 62 48 64 23 44 19 14 35 53 54 52 28 27 49 61 8 25 43 58 45 7 40 41 4 16 36 37 55 13 63 11 10 30 29 51 50 24 46 26 59 21 22 1 57 17 18 38 3 56 34 12 32 31 9 47 42 5 6 39 15 2 20 
61 3 11 64 25 24 46 5 13 14 15 16 28 30 12 32 44 43 58 26 48 47 17 7 20 21 33 34 35 36 37 38 49 29 51 31 52 2 45 60 59 8 19 39 40 22 1 42 53 54 55 56 50 62 9 10 23 41 4 57 6 63 27 18 
62 40 64 52 28 27 49 54 21 4 57 17 61 44 43 58 11 10 30 29 51 50 37 13 63 33 1 42 5 18 19 39 25 24 46 45 60 59 12 32 31 9 3 56 14 34 35 53 6 7 20 41 26 48 47 23 2 15 16 36 55 22 8 38 
63 60 18 56 34 33 53 62 48 64 23 44 6 39 19 41 15 14 36 35 55 54 52 28 27 49 61 8 25 43 58 45 20 7 22 40 57 4 16 38 37 13 11 10 30 29 51 50 24 46 26 59 21 42 1 17 3 12 32 31 9 47 5 2 
64 13 28 61 44 43 58 17 3 33 34 35 11 49 29 51 25 24 46 45 60 59 5 19 39 40 14 15 16 53 54 55 30 12 32 50 62 9 26 48 47 23 7 20 21 41 4 57 36 37 38 63 31 52 2 27 8 22 1 42 18 56 10 6 
1
0 1 

1 4 
1 
7 
20 
42 
2 8 
1 7 
1 20 
1 42 
5 21 
6 22 
7 20 
7 42 
20 42 
3 12 
1 5 21 
1 6 22 
1 7 20 
1 7 42 
1 20 42 
5 7 21 
5 20 21 
5 21 42 
6 7 22 
6 20 22 
6 22 42 
7 20 42 
4 14 
1 5 7 21 
1 5 20 21 
1 5 21 42 
1 6 7 22 
1 6 20 22 
1 6 22 42 
1 7 20 42 
5 6 21 22 
5 7 20 21 
5 7 21 42 
5 20 21 42 
6 7 20 22 
6 7 22 42 
6 20 22 42 
5 12 
1 5 6 21 22 
1 5 7 20 21 
1 5 7 21 42 
1 5 20 21 42 
1 6 7 20 22 
1 6 7 22 42 
1 6 20 22 42 
5 6 7 21 22 
5 6 20 21 22 
5 6 21 22 42 
5 7 20 21 42 
6 7 20 22 42 
6 8 
1 5 6 7 21 22 
1 5 6 20 21 22 
1 5 6 21 22 42 
1 5 7 20 21 42 
1 6 7 20 22 42 
5 6 7 20 21 22 
5 6 7 21 22 42 
5 6 20 21 22 42 
7 4 
1 5 6 7 20 21 22 
1 5 6 7 21 22 42 
1 5 6 20 21 22 42 
5 6 7 20 21 22 42 
8 1 
1 5 6 7 20 21 22 42 
2
0 1 

1 1 

2 4 
2 32 
10 52 
11 12 
30 31 
3 1 

4 6 
2 10 32 52 
2 11 12 32 
2 30 31 32 
10 11 12 52 
10 30 31 52 
11 12 30 31 
5 1 

6 4 
2 10 11 12 32 52 
2 10 30 31 32 52 
2 11 12 30 31 32 
10 11 12 30 31 52 
7 1 

8 1 
2 10 11 12 30 31 32 52 
3
0 1 

1 1 

2 4 
3 37 
14 16 
15 36 
38 56 
3 1 

4 6 
3 14 16 37 
3 15 36 37 
3 37 38 56 
14 15 16 36 
14 16 38 56 
15 36 38 56 
5 1 

6 4 
3 14 15 16 36 37 
3 14 16 37 38 56 
3 15 36 37 38 56 
14 15 16 36 38 56 
7 1 

8 1 
3 14 15 16 36 37 38 56 
4
0 1 

1 4 
4 
19 
39 
57 
2 8 
4 19 
4 39 
4 57 
17 40 
18 41 
19 39 
19 57 
39 57 
3 12 
4 17 40 
4 18 41 
4 19 39 
4 19 57 
4 39 57 
17 19 40 
17 39 40 
17 40 57 
18 19 41 
18 39 41 
18 41 57 
19 39 57 
4 14 
4 17 19 40 
4 17 39 40 
4 17 40 57 
4 18 19 41 
4 18 39 41 
4 18 41 57 
4 19 39 57 
17 18 40 41 
17 19 39 40 
17 19 40 57 
17 39 40 57 
18 19 39 41 
18 19 41 57 
18 39 41 57 
5 12 
4 17 18 40 41 
4 17 19 39 40 
4 17 19 40 57 
4 17 39 40 57 
4 18 19 39 41 
4 18 19 41 57 
4 18 39 41 57 
17 18 19 40 41 
17 18 39 40 41 
17 18 40 41 57 
17 19 39 40 57 
18 19 39 41 57 
6 8 
4 17 18 19 40 41 
4 17 18 39 40 41 
4 17 18 40 41 57 
4 17 19 39 40 57 
4 18 19 39 41 57 
17 18 19 39 40 41 
17 18 19 40 41 57 
17 18 39 40 41 57 
7 4 
4 17 18 19 39 40 41 
4 17 18 19 40 41 57 
4 17 18 39 40 41 57 
17 18 19 39 40 41 57 
8 1 
4 17 18 19 39 40 41 57 
5
0 1 

1 1 

2 4 
8 25 
24 46 
26 48 
47 61 
3 1 

4 6 
8 24 25 46 
8 25 26 48 
8 25 47 61 
24 26 46 48 
24 46 47 61 
26 47 48 61 
5 1 

6 4 
8 24 25 26 46 48 
8 24 25 46 47 61 
8 25 26 47 48 61 
24 26 46 47 48 61 
7 1 

8 1 
8 24 25 26 46 47 48 61 
6
0 1 

1 1 

2 4 
9 51 
27 62 
28 29 
49 50 
3 1 

4 6 
9 27 51 62 
9 28 29 51 
9 49 50 51 
27 28 29 62 
27 49 50 62 
28 29 49 50 
5 1 

6 4 
9 27 28 29 51 62 
9 27 49 50 51 62 
9 28 29 49 50 51 
27 28 29 49 50 62 
7 1 

8 1 
9 27 28 29 49 50 51 62 
7
0 1 

1 1 

2 4 
13 54 
33 35 
34 53 
55 63 
3 1 

4 6 
13 33 35 54 
13 34 53 54 
13 54 55 63 
33 34 35 53 
33 35 55 63 
34 53 55 63 
5 1 

6 4 
13 33 34 35 53 54 
13 33 35 54 55 63 
13 34 53 54 55 63 
33 34 35 53 55 63 
7 1 

8 1 
13 33 34 35 53 54 55 63 
8
0 1 

1 1 

2 4 
23 44 
43 58 
45 60 
59 64 
3 1 

4 6 
23 43 44 58 
23 44 45 60 
23 44 59 64 
43 45 58 60 
43 58 59 64 
45 59 60 64 
5 1 

6 4 
23 43 44 45 58 60 
23 43 44 58 59 64 
23 44 45 59 60 64 
43 45 58 59 60 64 
7 1 

8 1 
23 43 44 45 58 59 60 64 
