//Table for grp 228:
57
0 0 2 2 4 4 2 4 
0 0 2 4 4 2 4 2 
0 0 4 2 2 4 4 2 
0 0 4 4 2 2 2 4 
0 2 0 2 4 2 4 4 
0 2 0 4 4 4 2 2 
0 2 2 0 2 4 4 4 
0 2 2 2 2 2 2 6 
0 2 2 2 2 2 6 2 
0 2 2 2 2 6 2 2 
0 2 2 2 6 2 2 2 
0 2 2 4 2 0 4 4 
0 2 2 4 2 4 0 4 
0 2 2 4 2 4 4 0 
0 2 2 6 2 2 2 2 
0 2 4 0 4 4 2 2 
0 2 4 2 0 2 4 4 
0 2 4 2 4 2 0 4 
0 2 4 2 4 2 4 0 
0 2 4 4 0 4 2 2 
0 2 4 4 4 0 2 2 
0 2 6 2 2 2 2 2 
0 4 0 2 2 4 4 2 
0 4 0 4 2 2 2 4 
0 4 2 0 4 2 4 2 
0 4 2 2 0 4 2 4 
0 4 2 2 4 0 2 4 
0 4 2 2 4 4 2 0 
0 4 2 4 0 2 4 2 
0 4 2 4 4 2 0 2 
0 4 4 0 2 2 2 4 
0 4 4 2 2 0 4 2 
0 4 4 2 2 4 0 2 
0 4 4 4 2 2 2 0 
0 6 2 2 2 2 2 2 
2 0 2 2 2 2 4 4 
2 0 2 4 2 4 2 2 
2 0 4 2 4 2 2 2 
2 2 0 2 2 4 2 4 
2 2 0 4 2 2 4 2 
2 2 2 0 4 2 2 4 
2 2 2 2 0 4 4 2 
2 2 2 2 4 0 4 2 
2 2 2 2 4 4 0 2 
2 2 2 4 0 2 2 4 
2 2 2 4 4 2 2 0 
2 2 4 0 2 2 4 2 
2 2 4 2 2 0 2 4 
2 2 4 2 2 4 2 0 
2 2 4 4 2 2 0 2 
2 4 0 2 4 2 2 2 
2 4 2 0 2 4 2 2 
2 4 2 2 2 2 0 4 
2 4 2 2 2 2 4 0 
2 4 2 4 2 0 2 2 
2 4 4 2 0 2 2 2 
4 2 2 2 2 2 2 2 
1 2 3 4 5 6 7 8 9 10 11 12 13 14 15 16 17 18 19 20 21 22 23 24 25 26 27 28 29 30 31 32 33 34 35 36 37 38 39 40 41 42 43 44 45 46 47 48 49 50 51 52 53 54 55 56 57 58 59 60 61 62 63 64 
2 6 8 9 10 11 12 15 18 20 1 22 23 24 25 26 27 28 29 30 31 32 34 36 3 38 39 4 41 5 42 7 43 44 45 46 47 48 49 50 51 52 53 13 55 14 56 16 17 57 19 21 58 59 60 61 62 33 63 35 37 40 64 54 
3 25 1 13 14 15 16 11 44 46 8 48 4 5 6 7 33 34 35 36 37 38 28 30 2 32 58 23 60 24 61 26 17 18 19 20 21 22 53 54 55 56 49 9 51 10 52 12 43 64 45 47 39 40 41 42 63 27 62 29 31 59 57 50 
4 29 13 6 17 18 19 45 32 50 51 9 15 33 34 35 20 1 22 39 40 41 48 59 60 23 52 12 11 62 27 28 36 3 38 53 54 55 5 42 7 57 61 26 25 64 43 44 31 30 2 49 14 56 16 63 21 47 46 8 58 10 37 24 
5 10 36 17 1 20 21 46 27 2 30 31 53 15 14 56 4 39 40 6 7 42 58 25 24 61 9 49 50 11 12 52 34 33 63 3 38 37 18 19 57 22 44 43 64 8 48 47 28 29 62 32 13 55 54 16 41 23 60 59 26 51 35 45 
6 11 15 18 20 1 22 25 28 30 2 32 34 36 3 38 39 4 41 5 42 7 44 46 8 48 49 9 51 10 52 12 53 13 55 14 56 16 17 57 19 21 58 23 60 24 61 26 27 62 29 31 33 63 35 37 40 43 64 45 47 50 54 59 
7 12 16 19 21 22 1 26 29 31 32 2 35 37 38 3 40 41 4 42 5 6 45 47 48 8 50 51 9 52 10 11 54 55 13 56 14 15 57 17 18 20 59 60 23 61 24 25 62 27 28 30 63 33 34 36 39 64 43 44 46 49 53 58 
8 3 2 23 24 25 26 1 13 14 15 16 9 10 11 12 43 44 45 46 47 48 4 5 6 7 33 34 35 36 37 38 27 28 29 30 31 32 58 59 60 61 17 18 19 20 21 22 53 54 55 56 49 50 51 52 64 39 40 41 42 63 62 57 
9 41 23 11 27 28 29 55 7 57 19 18 25 43 44 45 30 2 32 49 50 51 16 63 35 34 21 22 1 40 39 4 46 8 48 58 59 60 10 52 12 62 37 38 3 54 53 13 42 5 6 17 24 61 26 64 31 56 14 15 33 20 47 36 
10 20 46 27 2 30 31 14 39 6 5 42 58 25 24 61 9 49 50 11 12 52 33 3 36 37 18 17 57 1 22 21 44 43 64 8 48 47 28 29 62 32 13 53 54 15 16 56 4 41 40 7 23 60 59 26 51 34 35 63 38 19 45 55 
11 1 25 28 30 2 32 3 4 5 6 7 44 46 8 48 49 9 51 10 52 12 13 14 15 16 17 18 19 20 21 22 58 23 60 24 61 26 27 62 29 31 33 34 35 36 37 38 39 40 41 42 43 64 45 47 50 53 54 55 56 57 59 63 
12 22 26 29 31 32 2 38 41 42 7 6 45 47 48 8 50 51 9 52 10 11 55 56 16 15 57 19 18 21 20 1 59 60 23 61 24 25 62 27 28 30 63 35 34 37 36 3 40 39 4 5 64 43 44 46 49 54 53 13 14 17 58 33 
13 60 4 15 33 34 35 51 26 64 45 44 6 17 18 19 36 3 38 53 54 55 12 62 29 28 47 48 8 59 58 23 20 1 22 39 40 41 14 56 16 63 31 32 2 50 49 9 61 24 25 43 5 42 7 57 37 52 10 11 27 46 21 30 
14 46 20 33 3 36 37 10 58 25 24 61 39 6 5 42 13 53 54 15 16 56 27 2 30 31 44 43 64 8 48 47 18 17 57 1 22 21 34 35 63 38 9 49 50 11 12 52 23 60 59 26 4 41 40 7 55 28 29 62 32 45 19 51 
15 8 6 34 36 3 38 2 23 24 25 26 18 20 1 22 53 13 55 14 56 16 9 10 11 12 43 44 45 46 47 48 39 4 41 5 42 7 33 63 35 37 27 28 29 30 31 32 58 59 60 61 17 57 19 21 54 49 50 51 52 64 40 62 
16 48 7 35 37 38 3 32 60 61 26 25 19 21 22 1 54 55 13 56 14 15 51 52 12 11 64 45 44 47 46 8 40 41 4 42 5 6 63 33 34 36 62 29 28 31 30 2 59 58 23 24 57 17 18 20 53 50 49 9 10 43 39 27 
17 50 53 20 4 39 40 64 52 29 62 27 14 34 33 63 6 5 42 18 19 57 47 60 59 58 32 31 30 51 9 49 3 36 37 13 55 54 1 22 21 41 26 61 24 45 44 43 12 11 10 28 15 16 56 35 7 48 8 46 23 2 38 25 
18 51 34 1 39 4 41 60 12 62 29 28 3 53 13 55 5 6 7 17 57 19 26 64 45 44 31 32 2 50 49 9 14 15 16 33 63 35 20 21 22 40 47 48 8 59 58 23 52 10 11 27 36 37 38 54 42 61 24 25 43 30 56 46 
19 9 35 22 40 41 4 23 11 27 28 29 38 54 55 13 42 7 6 57 17 18 25 43 44 45 30 2 32 49 50 51 56 16 15 63 33 34 21 20 1 39 46 8 48 58 59 60 10 52 12 62 37 36 3 53 5 24 61 26 64 31 14 47 
20 30 14 39 6 5 42 24 49 11 10 52 33 3 36 37 18 17 57 1 22 21 43 8 46 47 28 27 62 2 32 31 13 53 54 15 16 56 4 41 40 7 23 58 59 25 26 61 9 51 50 12 34 35 63 38 19 44 45 64 48 29 55 60 
21 31 56 40 7 42 5 61 50 12 52 10 63 38 37 36 19 57 17 22 1 20 64 48 47 46 29 62 27 32 2 30 55 54 53 16 15 14 41 4 39 6 60 59 58 26 25 24 51 9 49 11 35 34 33 3 18 45 44 43 8 28 13 23 
22 32 38 41 42 7 6 48 51 52 12 11 55 56 16 15 57 19 18 21 20 1 60 61 26 25 62 29 28 31 30 2 63 35 34 37 36 3 40 39 4 5 64 45 44 47 46 8 50 49 9 10 54 53 13 14 17 59 58 23 24 27 33 43 
23 35 9 25 43 44 45 19 38 54 55 13 11 27 28 29 46 8 48 58 59 60 22 40 41 4 56 16 15 63 33 34 30 2 32 49 50 51 24 61 26 64 42 7 6 57 17 18 37 36 3 53 10 52 12 62 47 21 20 1 39 14 31 5 
24 14 30 43 8 46 47 20 33 3 36 37 49 11 10 52 23 58 59 25 26 61 39 6 5 42 13 53 54 15 16 56 28 27 62 2 32 31 44 45 64 48 18 17 57 1 22 21 34 35 63 38 9 51 50 12 60 4 41 40 7 55 29 19 
25 15 11 44 46 8 48 6 34 36 3 38 28 30 2 32 58 23 60 24 61 26 18 20 1 22 53 13 55 14 56 16 49 9 51 10 52 12 43 64 45 47 39 4 41 5 42 7 33 63 35 37 27 62 29 31 59 17 57 19 21 54 50 40 
26 16 12 45 47 48 8 7 35 37 38 3 29 31 32 2 59 60 23 61 24 25 19 21 22 1 54 55 13 56 14 15 50 51 9 52 10 11 64 43 44 46 40 41 4 42 5 6 63 33 34 36 62 27 28 30 58 57 17 18 20 53 49 39 
27 57 58 30 9 49 50 54 21 41 40 39 24 44 43 64 11 10 52 28 29 62 56 35 63 33 7 42 5 19 18 17 8 46 47 23 60 59 2 32 31 51 38 37 36 55 13 53 22 1 20 4 25 26 61 45 12 16 15 14 34 6 48 3 
28 19 44 2 49 9 51 35 22 40 41 4 8 58 23 60 10 11 12 27 62 29 38 54 55 13 42 7 6 57 17 18 24 25 26 43 64 45 30 31 32 50 56 16 15 63 33 34 21 20 1 39 46 47 48 59 52 37 36 3 53 5 61 14 
29 18 45 32 50 51 9 34 1 39 4 41 48 59 60 23 52 12 11 62 27 28 3 53 13 55 5 6 7 17 57 19 61 26 25 64 43 44 31 30 2 49 14 15 16 33 63 35 20 21 22 40 47 46 8 58 10 36 37 38 54 42 24 56 
30 5 24 49 11 10 52 36 17 1 20 21 43 8 46 47 28 27 62 2 32 31 53 15 14 56 4 39 40 6 7 42 23 58 59 25 26 61 9 51 50 12 34 33 63 3 38 37 18 19 57 22 44 45 64 48 29 13 55 54 16 41 60 35 
31 42 61 50 12 52 10 37 57 22 21 20 64 48 47 46 29 62 27 32 2 30 54 16 56 14 41 40 39 7 6 5 60 59 58 26 25 24 51 9 49 11 35 63 33 38 3 36 19 18 17 1 45 44 43 8 28 55 13 53 15 4 23 34 
32 7 48 51 52 12 11 16 19 21 22 1 60 61 26 25 62 29 28 31 30 2 35 37 38 3 40 41 4 42 5 6 64 45 44 47 46 8 50 49 9 10 54 55 13 56 14 15 57 17 18 20 59 58 23 24 27 63 33 34 36 39 43 53 
33 64 39 36 13 53 54 50 47 60 59 58 5 18 17 57 15 14 56 34 35 63 52 29 62 27 26 61 24 45 44 43 1 20 21 4 41 40 3 38 37 55 32 31 30 51 9 49 48 8 46 23 6 7 42 19 16 12 11 10 28 25 22 2 
34 45 18 3 53 13 55 29 48 59 60 23 1 39 4 41 14 15 16 33 63 35 32 50 51 9 61 26 25 64 43 44 5 6 7 17 57 19 36 37 38 54 52 12 11 62 27 28 47 46 8 58 20 21 22 40 56 31 30 2 49 24 42 10 
35 44 19 38 54 55 13 28 8 58 23 60 22 40 41 4 56 16 15 63 33 34 2 49 9 51 24 25 26 43 64 45 42 7 6 57 17 18 37 36 3 53 10 11 12 27 62 29 46 47 48 59 21 20 1 39 14 30 31 32 50 61 5 52 
36 24 5 53 15 14 56 30 43 8 46 47 17 1 20 21 34 33 63 3 38 37 49 11 10 52 23 58 59 25 26 61 4 39 40 6 7 42 13 55 54 16 28 27 62 2 32 31 44 45 64 48 18 19 57 22 35 9 51 50 12 60 41 29 
37 61 42 54 16 56 14 31 64 48 47 46 57 22 21 20 35 63 33 38 3 36 50 12 52 10 60 59 58 26 25 24 41 40 39 7 6 5 55 13 53 15 29 62 27 32 2 30 45 44 43 8 19 18 17 1 34 51 9 49 11 23 4 28 
38 26 22 55 56 16 15 12 45 47 48 8 41 42 7 6 63 35 34 37 36 3 29 31 32 2 59 60 23 61 24 25 57 19 18 21 20 1 54 53 13 14 50 51 9 52 10 11 64 43 44 46 40 39 4 5 33 62 27 28 30 58 17 49 
39 62 33 5 18 17 57 59 31 51 50 49 36 13 53 54 1 20 21 4 41 40 61 45 64 43 12 52 10 29 28 27 15 14 56 34 35 63 6 7 42 19 48 47 46 60 23 58 32 2 30 9 3 38 37 55 22 26 25 24 44 11 16 8 
40 27 63 42 19 57 17 58 30 9 49 50 37 55 54 53 22 21 20 41 4 39 24 44 43 64 11 10 52 28 29 62 16 56 14 35 34 33 7 6 5 18 8 46 47 23 60 59 2 32 31 51 38 3 36 13 1 25 26 61 45 12 15 48 
41 28 55 7 57 19 18 44 2 49 9 51 16 63 35 34 21 22 1 40 39 4 8 58 23 60 10 11 12 27 62 29 37 38 3 54 53 13 42 5 6 17 24 25 26 43 64 45 30 31 32 50 56 14 15 33 20 46 47 48 59 52 36 61 
42 52 37 57 22 21 20 47 62 32 31 30 54 16 56 14 41 40 39 7 6 5 59 26 61 24 51 50 49 12 11 10 35 63 33 38 3 36 19 18 17 1 45 64 43 48 8 46 29 28 27 2 55 13 53 15 4 60 23 58 25 9 34 44 
43 54 49 46 23 58 59 57 56 35 63 33 10 28 27 62 25 24 61 44 45 64 21 41 40 39 38 37 36 55 13 53 2 30 31 9 51 50 8 48 47 60 7 42 5 19 18 17 16 15 14 34 11 12 52 29 26 22 1 20 4 3 32 6 
44 55 28 8 58 23 60 41 16 63 35 34 2 49 9 51 24 25 26 43 64 45 7 57 19 18 37 38 3 54 53 13 10 11 12 27 62 29 46 47 48 59 21 22 1 40 39 4 56 14 15 33 30 31 32 50 61 42 5 6 17 36 52 20 
45 13 29 48 59 60 23 4 15 33 34 35 32 50 51 9 61 26 25 64 43 44 6 17 18 19 36 3 38 53 54 55 52 12 11 62 27 28 47 46 8 58 20 1 22 39 40 41 14 56 16 63 31 30 2 49 24 5 42 7 57 37 10 21 
46 36 10 58 25 24 61 5 53 15 14 56 27 2 30 31 44 43 64 8 48 47 17 1 20 21 34 33 63 3 38 37 9 49 50 11 12 52 23 60 59 26 4 39 40 6 7 42 13 55 54 16 28 29 62 32 45 18 19 57 22 35 51 41 
47 37 52 59 26 61 24 42 54 16 56 14 62 32 31 30 45 64 43 48 8 46 57 22 21 20 35 63 33 38 3 36 51 50 49 12 11 10 60 23 58 25 41 40 39 7 6 5 55 13 53 15 29 28 27 2 44 19 18 17 1 34 9 4 
48 38 32 60 61 26 25 22 55 56 16 15 51 52 12 11 64 45 44 47 46 8 41 42 7 6 63 35 34 37 36 3 62 29 28 31 30 2 59 58 23 24 57 19 18 21 20 1 54 53 13 14 50 49 9 10 43 40 39 4 5 33 27 17 
49 40 43 10 28 27 62 63 42 19 57 17 46 23 58 59 2 30 31 9 51 50 37 55 54 53 22 21 20 41 4 39 25 24 61 44 45 64 11 12 52 29 16 56 14 35 34 33 7 6 5 18 8 48 47 60 32 38 3 36 13 1 26 15 
50 39 64 52 29 62 27 33 5 18 17 57 47 60 59 58 32 31 30 51 9 49 36 13 53 54 1 20 21 4 41 40 26 61 24 45 44 43 12 11 10 28 15 14 56 34 35 63 6 7 42 19 48 8 46 23 2 3 38 37 55 22 25 16 
51 4 60 12 62 29 28 13 6 17 18 19 26 64 45 44 31 32 2 50 49 9 15 33 34 35 20 1 22 39 40 41 47 48 8 59 58 23 52 10 11 27 36 3 38 53 54 55 5 42 7 57 61 24 25 43 30 14 56 16 63 21 46 37 
52 21 47 62 32 31 30 56 40 7 42 5 59 26 61 24 51 50 49 12 11 10 63 38 37 36 19 57 17 22 1 20 45 64 43 48 8 46 29 28 27 2 55 54 53 16 15 14 41 4 39 6 60 23 58 25 9 35 34 33 3 18 44 13 
53 59 17 14 34 33 63 62 61 45 64 43 20 4 39 40 3 36 37 13 55 54 31 51 50 49 48 47 46 60 23 58 6 5 42 18 19 57 15 16 56 35 12 52 10 29 28 27 26 25 24 44 1 22 21 41 38 32 2 30 9 8 7 11 
54 58 57 56 35 63 33 27 24 44 43 64 21 41 40 39 38 37 36 55 13 53 30 9 49 50 8 46 47 23 60 59 7 42 5 19 18 17 16 15 14 34 11 10 52 28 29 62 25 26 61 45 22 1 20 4 3 2 32 31 51 48 6 12 
55 23 41 16 63 35 34 9 25 43 44 45 7 57 19 18 37 38 3 54 53 13 11 27 28 29 46 8 48 58 59 60 21 22 1 40 39 4 56 14 15 33 30 2 32 49 50 51 24 61 26 64 42 5 6 17 36 10 52 12 62 47 20 31 
56 47 21 63 38 37 36 52 59 26 61 24 40 7 42 5 55 54 53 16 15 14 62 32 31 30 45 64 43 48 8 46 19 57 17 22 1 20 35 34 33 3 51 50 49 12 11 10 60 23 58 25 41 4 39 6 13 29 28 27 2 44 18 9 
57 49 54 21 41 40 39 43 10 28 27 62 56 35 63 33 7 42 5 19 18 17 46 23 58 59 2 30 31 9 51 50 38 37 36 55 13 53 22 1 20 4 25 24 61 44 45 64 11 12 52 29 16 15 14 34 6 8 48 47 60 32 3 26 
58 63 27 24 44 43 64 40 37 55 54 53 30 9 49 50 8 46 47 23 60 59 42 19 57 17 16 56 14 35 34 33 11 10 52 28 29 62 25 26 61 45 22 21 20 41 4 39 38 3 36 13 2 32 31 51 48 7 6 5 18 15 12 1 
59 33 62 61 45 64 43 39 36 13 53 54 31 51 50 49 48 47 46 60 23 58 5 18 17 57 15 14 56 34 35 63 12 52 10 29 28 27 26 25 24 44 1 20 21 4 41 40 3 38 37 55 32 2 30 9 8 6 7 42 19 16 11 22 
60 34 51 26 64 45 44 18 3 53 13 55 12 62 29 28 47 48 8 59 58 23 1 39 4 41 14 15 16 33 63 35 31 32 2 50 49 9 61 24 25 43 5 6 7 17 57 19 36 37 38 54 52 10 11 27 46 20 21 22 40 56 30 42 
61 56 31 64 48 47 46 21 63 38 37 36 50 12 52 10 60 59 58 26 25 24 40 7 42 5 55 54 53 16 15 14 29 62 27 32 2 30 45 44 43 8 19 57 17 22 1 20 35 34 33 3 51 9 49 11 23 41 4 39 6 13 28 18 
62 17 59 31 51 50 49 53 20 4 39 40 61 45 64 43 12 52 10 29 28 27 14 34 33 63 6 5 42 18 19 57 48 47 46 60 23 58 32 2 30 9 3 36 37 13 55 54 1 22 21 41 26 25 24 44 11 15 16 56 35 7 8 38 
63 43 40 37 55 54 53 49 46 23 58 59 42 19 57 17 16 56 14 35 34 33 10 28 27 62 25 24 61 44 45 64 22 21 20 41 4 39 38 3 36 13 2 30 31 9 51 50 8 48 47 60 7 6 5 18 15 11 12 52 29 26 1 32 
64 53 50 47 60 59 58 17 14 34 33 63 52 29 62 27 26 61 24 45 44 43 20 4 39 40 3 36 37 13 55 54 32 31 30 51 9 49 48 8 46 23 6 5 42 18 19 57 15 16 56 35 12 11 10 28 25 1 22 21 41 38 2 7 
1
0 1 

1 8 
1 
5 
6 
7 
20 
21 
22 
42 
2 28 
1 5 
1 6 
1 7 
1 20 
1 21 
1 22 
1 42 
5 6 
5 7 
5 20 
5 21 
5 22 
5 42 
6 7 
6 20 
6 21 
6 22 
6 42 
7 20 
7 21 
7 22 
7 42 
20 21 
20 22 
20 42 
21 22 
21 42 
22 42 
3 56 
1 5 6 
1 5 7 
1 5 20 
1 5 21 
1 5 22 
1 5 42 
1 6 7 
1 6 20 
1 6 21 
1 6 22 
1 6 42 
1 7 20 
1 7 21 
1 7 22 
1 7 42 
1 20 21 
1 20 22 
1 20 42 
1 21 22 
1 21 42 
1 22 42 
5 6 7 
5 6 20 
5 6 21 
5 6 22 
5 6 42 
5 7 20 
5 7 21 
5 7 22 
5 7 42 
5 20 21 
5 20 22 
5 20 42 
5 21 22 
5 21 42 
5 22 42 
6 7 20 
6 7 21 
6 7 22 
6 7 42 
6 20 21 
6 20 22 
6 20 42 
6 21 22 
6 21 42 
6 22 42 
7 20 21 
7 20 22 
7 20 42 
7 21 22 
7 21 42 
7 22 42 
20 21 22 
20 21 42 
20 22 42 
21 22 42 
4 70 
1 5 6 7 
1 5 6 20 
1 5 6 21 
1 5 6 22 
1 5 6 42 
1 5 7 20 
1 5 7 21 
1 5 7 22 
1 5 7 42 
1 5 20 21 
1 5 20 22 
1 5 20 42 
1 5 21 22 
1 5 21 42 
1 5 22 42 
1 6 7 20 
1 6 7 21 
1 6 7 22 
1 6 7 42 
1 6 20 21 
1 6 20 22 
1 6 20 42 
1 6 21 22 
1 6 21 42 
1 6 22 42 
1 7 20 21 
1 7 20 22 
1 7 20 42 
1 7 21 22 
1 7 21 42 
1 7 22 42 
1 20 21 22 
1 20 21 42 
1 20 22 42 
1 21 22 42 
5 6 7 20 
5 6 7 21 
5 6 7 22 
5 6 7 42 
5 6 20 21 
5 6 20 22 
5 6 20 42 
5 6 21 22 
5 6 21 42 
5 6 22 42 
5 7 20 21 
5 7 20 22 
5 7 20 42 
5 7 21 22 
5 7 21 42 
5 7 22 42 
5 20 21 22 
5 20 21 42 
5 20 22 42 
5 21 22 42 
6 7 20 21 
6 7 20 22 
6 7 20 42 
6 7 21 22 
6 7 21 42 
6 7 22 42 
6 20 21 22 
6 20 21 42 
6 20 22 42 
6 21 22 42 
7 20 21 22 
7 20 21 42 
7 20 22 42 
7 21 22 42 
20 21 22 42 
5 56 
1 5 6 7 20 
1 5 6 7 21 
1 5 6 7 22 
1 5 6 7 42 
1 5 6 20 21 
1 5 6 20 22 
1 5 6 20 42 
1 5 6 21 22 
1 5 6 21 42 
1 5 6 22 42 
1 5 7 20 21 
1 5 7 20 22 
1 5 7 20 42 
1 5 7 21 22 
1 5 7 21 42 
1 5 7 22 42 
1 5 20 21 22 
1 5 20 21 42 
1 5 20 22 42 
1 5 21 22 42 
1 6 7 20 21 
1 6 7 20 22 
1 6 7 20 42 
1 6 7 21 22 
1 6 7 21 42 
1 6 7 22 42 
1 6 20 21 22 
1 6 20 21 42 
1 6 20 22 42 
1 6 21 22 42 
1 7 20 21 22 
1 7 20 21 42 
1 7 20 22 42 
1 7 21 22 42 
1 20 21 22 42 
5 6 7 20 21 
5 6 7 20 22 
5 6 7 20 42 
5 6 7 21 22 
5 6 7 21 42 
5 6 7 22 42 
5 6 20 21 22 
5 6 20 21 42 
5 6 20 22 42 
5 6 21 22 42 
5 7 20 21 22 
5 7 20 21 42 
5 7 20 22 42 
5 7 21 22 42 
5 20 21 22 42 
6 7 20 21 22 
6 7 20 21 42 
6 7 20 22 42 
6 7 21 22 42 
6 20 21 22 42 
7 20 21 22 42 
6 28 
1 5 6 7 20 21 
1 5 6 7 20 22 
1 5 6 7 20 42 
1 5 6 7 21 22 
1 5 6 7 21 42 
1 5 6 7 22 42 
1 5 6 20 21 22 
1 5 6 20 21 42 
1 5 6 20 22 42 
1 5 6 21 22 42 
1 5 7 20 21 22 
1 5 7 20 21 42 
1 5 7 20 22 42 
1 5 7 21 22 42 
1 5 20 21 22 42 
1 6 7 20 21 22 
1 6 7 20 21 42 
1 6 7 20 22 42 
1 6 7 21 22 42 
1 6 20 21 22 42 
1 7 20 21 22 42 
5 6 7 20 21 22 
5 6 7 20 21 42 
5 6 7 20 22 42 
5 6 7 21 22 42 
5 6 20 21 22 42 
5 7 20 21 22 42 
6 7 20 21 22 42 
7 8 
1 5 6 7 20 21 22 
1 5 6 7 20 21 42 
1 5 6 7 20 22 42 
1 5 6 7 21 22 42 
1 5 6 20 21 22 42 
1 5 7 20 21 22 42 
1 6 7 20 21 22 42 
5 6 7 20 21 22 42 
8 1 
1 5 6 7 20 21 22 42 
2
0 1 

1 1 

2 4 
2 11 
10 30 
12 32 
31 52 
3 1 

4 6 
2 10 11 30 
2 11 12 32 
2 11 31 52 
10 12 30 32 
10 30 31 52 
12 31 32 52 
5 1 

6 4 
2 10 11 12 30 32 
2 10 11 30 31 52 
2 11 12 31 32 52 
10 12 30 31 32 52 
7 1 

8 1 
2 10 11 12 30 31 32 52 
3
0 1 

1 4 
3 
15 
16 
38 
2 8 
3 15 
3 16 
3 38 
14 36 
15 16 
15 38 
16 38 
37 56 
3 12 
3 14 36 
3 15 16 
3 15 38 
3 16 38 
3 37 56 
14 15 36 
14 16 36 
14 36 38 
15 16 38 
15 37 56 
16 37 56 
37 38 56 
4 14 
3 14 15 36 
3 14 16 36 
3 14 36 38 
3 15 16 38 
3 15 37 56 
3 16 37 56 
3 37 38 56 
14 15 16 36 
14 15 36 38 
14 16 36 38 
14 36 37 56 
15 16 37 56 
15 37 38 56 
16 37 38 56 
5 12 
3 14 15 16 36 
3 14 15 36 38 
3 14 16 36 38 
3 14 36 37 56 
3 15 16 37 56 
3 15 37 38 56 
3 16 37 38 56 
14 15 16 36 38 
14 15 36 37 56 
14 16 36 37 56 
14 36 37 38 56 
15 16 37 38 56 
6 8 
3 14 15 16 36 38 
3 14 15 36 37 56 
3 14 16 36 37 56 
3 14 36 37 38 56 
3 15 16 37 38 56 
14 15 16 36 37 56 
14 15 36 37 38 56 
14 16 36 37 38 56 
7 4 
3 14 15 16 36 37 56 
3 14 15 36 37 38 56 
3 14 16 36 37 38 56 
14 15 16 36 37 38 56 
8 1 
3 14 15 16 36 37 38 56 
4
0 1 

1 1 

2 4 
4 18 
17 39 
19 41 
40 57 
3 1 

4 6 
4 17 18 39 
4 18 19 41 
4 18 40 57 
17 19 39 41 
17 39 40 57 
19 40 41 57 
5 1 

6 4 
4 17 18 19 39 41 
4 17 18 39 40 57 
4 18 19 40 41 57 
17 19 39 40 41 57 
7 1 

8 1 
4 17 18 19 39 40 41 57 
5
0 1 

1 4 
8 
25 
26 
48 
2 8 
8 25 
8 26 
8 48 
24 46 
25 26 
25 48 
26 48 
47 61 
3 12 
8 24 46 
8 25 26 
8 25 48 
8 26 48 
8 47 61 
24 25 46 
24 26 46 
24 46 48 
25 26 48 
25 47 61 
26 47 61 
47 48 61 
4 14 
8 24 25 46 
8 24 26 46 
8 24 46 48 
8 25 26 48 
8 25 47 61 
8 26 47 61 
8 47 48 61 
24 25 26 46 
24 25 46 48 
24 26 46 48 
24 46 47 61 
25 26 47 61 
25 47 48 61 
26 47 48 61 
5 12 
8 24 25 26 46 
8 24 25 46 48 
8 24 26 46 48 
8 24 46 47 61 
8 25 26 47 61 
8 25 47 48 61 
8 26 47 48 61 
24 25 26 46 48 
24 25 46 47 61 
24 26 46 47 61 
24 46 47 48 61 
25 26 47 48 61 
6 8 
8 24 25 26 46 48 
8 24 25 46 47 61 
8 24 26 46 47 61 
8 24 46 47 48 61 
8 25 26 47 48 61 
24 25 26 46 47 61 
24 25 46 47 48 61 
24 26 46 47 48 61 
7 4 
8 24 25 26 46 47 61 
8 24 25 46 47 48 61 
8 24 26 46 47 48 61 
24 25 26 46 47 48 61 
8 1 
8 24 25 26 46 47 48 61 
6
0 1 

1 1 

2 4 
9 29 
27 50 
28 51 
49 62 
3 1 

4 6 
9 27 29 50 
9 28 29 51 
9 29 49 62 
27 28 50 51 
27 49 50 62 
28 49 51 62 
5 1 

6 4 
9 27 28 29 50 51 
9 27 29 49 50 62 
9 28 29 49 51 62 
27 28 49 50 51 62 
7 1 

8 1 
9 27 28 29 49 50 51 62 
7
0 1 

1 4 
33 
53 
54 
63 
2 8 
13 34 
33 53 
33 54 
33 63 
35 55 
53 54 
53 63 
54 63 
3 12 
13 33 34 
13 34 53 
13 34 54 
13 34 63 
33 35 55 
33 53 54 
33 53 63 
33 54 63 
35 53 55 
35 54 55 
35 55 63 
53 54 63 
4 14 
13 33 34 53 
13 33 34 54 
13 33 34 63 
13 34 35 55 
13 34 53 54 
13 34 53 63 
13 34 54 63 
33 35 53 55 
33 35 54 55 
33 35 55 63 
33 53 54 63 
35 53 54 55 
35 53 55 63 
35 54 55 63 
5 12 
13 33 34 35 55 
13 33 34 53 54 
13 33 34 53 63 
13 33 34 54 63 
13 34 35 53 55 
13 34 35 54 55 
13 34 35 55 63 
13 34 53 54 63 
33 35 53 54 55 
33 35 53 55 63 
33 35 54 55 63 
35 53 54 55 63 
6 8 
13 33 34 35 53 55 
13 33 34 35 54 55 
13 33 34 35 55 63 
13 33 34 53 54 63 
13 34 35 53 54 55 
13 34 35 53 55 63 
13 34 35 54 55 63 
33 35 53 54 55 63 
7 4 
13 33 34 35 53 54 55 
13 33 34 35 53 55 63 
13 33 34 35 54 55 63 
13 34 35 53 54 55 63 
8 1 
13 33 34 35 53 54 55 63 
8
0 1 

1 1 

2 4 
23 60 
43 59 
44 45 
58 64 
3 1 

4 6 
23 43 59 60 
23 44 45 60 
23 58 60 64 
43 44 45 59 
43 58 59 64 
44 45 58 64 
5 1 

6 4 
23 43 44 45 59 60 
23 43 58 59 60 64 
23 44 45 58 60 64 
43 44 45 58 59 64 
7 1 

8 1 
23 43 44 45 58 59 60 64 
