//Table for grp 155:
57
0 0 2 2 4 4 2 4 
0 0 2 4 4 2 4 2 
0 0 4 2 2 4 4 2 
0 0 4 4 2 2 2 4 
0 2 0 2 4 2 4 4 
0 2 0 4 4 4 2 2 
0 2 2 0 2 4 4 4 
0 2 2 2 2 2 2 6 
0 2 2 2 2 2 6 2 
0 2 2 2 2 6 2 2 
0 2 2 2 6 2 2 2 
0 2 2 4 2 0 4 4 
0 2 2 4 2 4 0 4 
0 2 2 4 2 4 4 0 
0 2 2 6 2 2 2 2 
0 2 4 0 4 4 2 2 
0 2 4 2 0 2 4 4 
0 2 4 2 4 2 0 4 
0 2 4 2 4 2 4 0 
0 2 4 4 0 4 2 2 
0 2 4 4 4 0 2 2 
0 2 6 2 2 2 2 2 
0 4 0 2 2 4 4 2 
0 4 0 4 2 2 2 4 
0 4 2 0 4 2 4 2 
0 4 2 2 0 4 2 4 
0 4 2 2 4 0 2 4 
0 4 2 2 4 4 2 0 
0 4 2 4 0 2 4 2 
0 4 2 4 4 2 0 2 
0 4 4 0 2 2 2 4 
0 4 4 2 2 0 4 2 
0 4 4 2 2 4 0 2 
0 4 4 4 2 2 2 0 
0 6 2 2 2 2 2 2 
2 0 2 2 2 2 4 4 
2 0 2 4 2 4 2 2 
2 0 4 2 4 2 2 2 
2 2 0 2 2 4 2 4 
2 2 0 4 2 2 4 2 
2 2 2 0 4 2 2 4 
2 2 2 2 0 4 4 2 
2 2 2 2 4 0 4 2 
2 2 2 2 4 4 0 2 
2 2 2 4 0 2 2 4 
2 2 2 4 4 2 2 0 
2 2 4 0 2 2 4 2 
2 2 4 2 2 0 2 4 
2 2 4 2 2 4 2 0 
2 2 4 4 2 2 0 2 
2 4 0 2 4 2 2 2 
2 4 2 0 2 4 2 2 
2 4 2 2 2 2 0 4 
2 4 2 2 2 2 4 0 
2 4 2 4 2 0 2 2 
2 4 4 2 0 2 2 2 
4 2 2 2 2 2 2 2 
1 2 3 4 5 6 7 8 9 10 11 12 13 14 15 16 17 18 19 20 21 22 23 24 25 26 27 28 29 30 31 32 33 34 35 36 37 38 39 40 41 42 43 44 45 46 47 48 49 50 51 52 53 54 55 56 57 58 59 60 61 62 63 64 
2 5 8 9 10 11 12 14 17 1 20 21 23 24 25 26 27 28 29 30 31 32 33 3 36 37 4 39 40 6 7 42 43 44 45 46 47 48 49 50 51 52 13 53 54 15 16 56 18 19 57 22 58 59 60 61 62 34 35 63 38 41 64 55 
3 24 5 13 14 15 16 2 43 8 46 47 17 1 20 21 33 34 35 36 37 38 9 10 11 12 23 58 59 25 26 61 4 39 40 6 7 42 53 54 55 56 27 28 29 30 31 32 44 45 64 48 18 19 57 22 63 49 50 51 52 60 41 62 
4 28 13 1 17 18 19 44 32 49 29 51 3 33 34 35 5 6 7 39 40 41 48 58 45 60 52 2 11 50 62 9 14 15 16 53 54 55 20 21 22 57 61 8 25 59 64 23 10 30 12 27 36 37 38 63 42 24 46 26 43 31 56 47 
5 10 14 17 1 20 21 24 27 2 30 31 33 3 36 37 4 39 40 6 7 42 43 8 46 47 9 49 50 11 12 52 13 53 54 15 16 56 18 19 57 22 23 58 59 25 26 61 28 29 62 32 34 35 63 38 41 44 45 64 48 51 55 60 
6 32 15 41 20 7 22 48 28 52 2 11 55 36 16 38 57 4 18 21 42 1 44 61 8 25 49 29 51 10 30 12 63 13 34 37 56 3 17 39 19 5 58 45 60 24 46 26 50 62 9 31 33 53 35 14 40 59 64 23 47 27 54 43 
7 12 16 19 21 22 1 26 29 31 32 2 35 37 38 3 40 41 4 42 5 6 45 47 48 8 50 51 9 52 10 11 54 55 13 56 14 15 57 17 18 20 59 60 23 61 24 25 62 27 28 30 63 33 34 36 39 64 43 44 46 49 53 58 
8 3 10 23 24 25 26 5 13 14 15 16 27 2 30 31 43 44 45 46 47 48 17 1 20 21 33 34 35 36 37 38 9 49 50 11 12 52 58 59 60 61 4 39 40 6 7 42 53 54 55 56 28 29 62 32 64 18 19 57 22 63 51 41 
9 39 23 2 27 28 29 53 42 18 40 57 8 43 44 45 10 11 12 49 50 51 56 34 54 63 22 5 20 19 41 17 24 25 26 58 59 60 30 31 32 62 38 14 36 35 55 33 1 6 21 4 46 47 48 64 52 3 15 37 13 7 61 16 
10 1 24 27 2 30 31 3 4 5 6 7 43 8 46 47 9 49 50 11 12 52 13 14 15 16 17 18 19 20 21 22 23 58 59 25 26 61 28 29 62 32 33 34 35 36 37 38 39 40 41 42 44 45 64 48 51 53 54 55 56 57 60 63 
11 42 25 51 30 12 32 56 39 22 5 20 60 46 26 48 62 9 28 31 52 2 53 38 14 36 18 40 57 1 6 21 64 23 44 47 61 8 27 49 29 10 34 54 63 3 15 37 19 41 17 7 43 58 45 24 50 35 55 33 16 4 59 13 
12 21 26 29 31 32 2 37 40 7 42 5 45 47 48 8 50 51 9 52 10 11 54 16 56 14 19 57 17 22 1 20 59 60 23 61 24 25 62 27 28 30 35 63 33 38 3 36 41 4 39 6 64 43 44 46 49 55 13 53 15 18 58 34 
13 58 17 3 33 34 35 28 61 44 59 64 5 4 39 40 14 15 16 53 54 55 32 49 29 51 48 24 46 45 60 43 1 20 21 18 19 57 36 37 38 63 52 2 11 50 62 9 8 25 47 23 6 7 42 41 56 10 30 12 27 26 22 31 
14 8 1 33 3 36 37 10 23 24 25 26 4 5 6 7 13 53 54 15 16 56 27 2 30 31 43 44 45 46 47 48 17 18 19 20 21 22 34 35 63 38 9 49 50 11 12 52 58 59 60 61 39 40 41 42 55 28 29 62 32 64 57 51 
15 61 20 55 36 16 38 32 58 48 24 46 57 6 21 42 63 13 34 37 56 3 28 52 2 11 44 59 64 8 25 47 41 17 39 7 22 5 33 53 35 14 49 29 51 10 30 12 45 60 43 26 4 18 40 1 54 50 62 9 31 23 19 27 
16 47 21 35 37 38 3 12 59 26 61 24 40 7 42 5 54 55 13 56 14 15 29 31 32 2 45 64 43 48 8 46 19 57 17 22 1 20 63 33 34 36 50 51 9 52 10 11 60 23 58 25 41 4 39 6 53 62 27 28 30 44 18 49 
17 49 33 5 4 39 40 58 52 28 50 62 14 13 53 54 1 20 21 18 19 57 61 44 59 64 32 10 30 29 51 27 3 36 37 34 35 63 6 7 42 41 48 24 46 45 60 43 2 11 31 9 15 16 56 55 22 8 25 47 23 12 38 26 
18 9 34 22 39 19 41 23 2 27 28 29 38 53 35 55 42 1 6 40 57 4 8 43 44 45 10 11 12 49 50 51 56 3 15 54 63 13 5 20 7 17 24 25 26 58 59 60 30 31 32 62 14 36 16 33 21 46 47 48 64 52 37 61 
19 51 35 7 40 41 4 60 11 62 9 28 16 54 55 13 21 22 1 57 17 18 25 64 23 44 30 12 32 27 49 29 37 38 3 63 33 34 42 5 6 39 46 26 48 43 58 45 31 52 2 50 56 14 15 53 20 47 61 8 59 10 36 24 
20 52 36 57 6 21 42 61 49 32 10 30 63 15 37 56 41 17 39 7 22 5 58 48 24 46 28 50 62 2 11 31 55 33 53 16 38 14 4 18 40 1 44 59 64 8 25 47 29 51 27 12 13 34 54 3 19 45 60 43 26 9 35 23 
21 31 37 40 7 42 5 47 50 12 52 10 54 16 56 14 19 57 17 22 1 20 59 26 61 24 29 62 27 32 2 30 35 63 33 38 3 36 41 4 39 6 45 64 43 48 8 46 51 9 49 11 55 13 53 15 18 60 23 58 25 28 34 44 
22 11 38 18 42 1 6 25 51 30 12 32 34 56 3 15 39 19 41 5 20 7 60 46 26 48 62 9 28 31 52 2 53 35 55 14 36 16 40 57 4 21 64 23 44 47 61 8 27 49 29 10 54 63 13 37 17 43 58 45 24 50 33 59 
23 34 27 8 43 44 45 39 38 53 35 55 10 9 49 50 24 25 26 58 59 60 42 18 40 57 56 3 15 54 63 13 2 30 31 28 29 62 46 47 48 64 22 5 20 19 41 17 14 36 16 33 11 12 52 51 61 1 6 21 4 37 32 7 
24 14 2 43 8 46 47 1 33 3 36 37 9 10 11 12 23 58 59 25 26 61 4 5 6 7 13 53 54 15 16 56 27 28 29 30 31 32 44 45 64 48 17 18 19 20 21 22 34 35 63 38 49 50 51 52 60 39 40 41 42 55 62 57 
25 38 30 60 46 26 48 42 34 56 3 15 62 11 31 52 64 23 44 47 61 8 39 22 5 20 53 35 55 14 36 16 51 27 49 12 32 10 43 58 45 24 18 40 57 1 6 21 54 63 13 37 9 28 50 2 59 19 41 17 7 33 29 4 
26 16 31 45 47 48 8 21 35 37 38 3 50 12 52 10 59 60 23 61 24 25 40 7 42 5 54 55 13 56 14 15 29 62 27 32 2 30 64 43 44 46 19 57 17 22 1 20 63 33 34 36 51 9 49 11 58 41 4 39 6 53 28 18 
27 18 43 10 9 49 50 34 22 39 19 41 24 23 58 59 2 30 31 28 29 62 38 53 35 55 42 1 6 40 57 4 8 46 47 44 45 64 11 12 52 51 56 3 15 54 63 13 5 20 7 17 25 26 61 60 32 14 36 16 33 21 48 37 
28 17 44 32 49 29 51 33 5 4 39 40 48 58 45 60 52 2 11 50 62 9 14 13 53 54 1 20 21 18 19 57 61 8 25 59 64 23 10 30 12 27 3 36 37 34 35 63 6 7 42 41 24 46 26 43 31 15 16 56 55 22 47 38 
29 57 45 12 50 51 9 63 20 41 17 39 26 59 60 23 31 32 2 62 27 28 36 55 33 53 6 21 42 4 18 40 47 48 8 64 43 44 52 10 11 49 15 37 56 13 34 54 7 22 5 19 61 24 25 58 30 16 38 14 35 1 46 3 
30 22 46 62 11 31 52 38 18 42 1 6 64 25 47 61 51 27 49 12 32 10 34 56 3 15 39 19 41 5 20 7 60 43 58 26 48 24 9 28 50 2 53 35 55 14 36 16 40 57 4 21 23 44 59 8 29 54 63 13 37 17 45 33 
31 7 47 50 12 52 10 16 19 21 22 1 59 26 61 24 29 62 27 32 2 30 35 37 38 3 40 41 4 42 5 6 45 64 43 48 8 46 51 9 49 11 54 55 13 56 14 15 57 17 18 20 60 23 58 25 28 63 33 34 36 39 44 53 
32 20 48 28 52 2 11 36 57 6 21 42 44 61 8 25 49 29 51 10 30 12 63 15 37 56 41 17 39 7 22 5 58 45 60 24 46 26 50 62 9 31 55 33 53 16 38 14 4 18 40 1 59 64 23 47 27 13 34 54 3 19 43 35 
33 44 4 14 13 53 54 49 48 58 45 60 1 17 18 19 3 36 37 34 35 63 52 28 50 62 61 8 25 59 64 23 5 6 7 39 40 41 15 16 56 55 32 10 30 29 51 27 24 46 26 43 20 21 22 57 38 2 11 31 9 47 42 12 
34 43 39 38 53 35 55 9 24 23 58 59 42 18 40 57 56 3 15 54 63 13 2 27 28 29 8 46 47 44 45 64 22 5 20 19 41 17 14 36 16 33 10 11 12 49 50 51 25 26 61 60 1 6 21 4 37 30 31 32 62 48 7 52 
35 64 40 16 54 55 13 51 46 60 43 58 21 19 57 17 37 38 3 63 33 34 11 62 9 28 25 47 61 23 44 59 7 42 5 41 4 39 56 14 15 53 30 12 32 27 49 29 26 48 24 45 22 1 20 18 36 31 52 2 50 8 6 10 
36 48 6 63 15 37 56 52 44 61 8 25 41 20 7 22 55 33 53 16 38 14 49 32 10 30 58 45 60 24 46 26 57 4 18 21 42 1 13 34 54 3 28 50 62 2 11 31 59 64 23 47 17 39 19 5 35 29 51 27 12 43 40 9 
37 26 7 54 16 56 14 31 45 47 48 8 19 21 22 1 35 63 33 38 3 36 50 12 52 10 59 60 23 61 24 25 40 41 4 42 5 6 55 13 53 15 29 62 27 32 2 30 64 43 44 46 57 17 18 20 34 51 9 49 11 58 39 28 
38 46 42 34 56 3 15 11 64 25 47 61 39 22 5 20 53 35 55 14 36 16 51 30 12 32 60 43 58 26 48 24 18 40 57 1 6 21 54 63 13 37 62 9 28 31 52 2 23 44 59 8 19 41 17 7 33 27 49 29 10 45 4 50 
39 27 53 42 18 40 57 43 10 9 49 50 56 34 54 63 22 5 20 19 41 17 24 23 58 59 2 30 31 28 29 62 38 14 36 35 55 33 1 6 21 4 8 46 47 44 45 64 11 12 52 51 3 15 37 13 7 25 26 61 60 32 16 48 
40 62 54 21 19 57 17 64 30 51 27 49 37 35 63 33 7 42 5 41 4 39 46 60 43 58 11 31 52 9 28 50 16 56 14 55 13 53 22 1 20 18 25 47 61 23 44 59 12 32 10 29 38 3 36 34 6 26 48 24 45 2 15 8 
41 29 55 6 57 4 18 45 12 50 51 9 15 63 13 34 20 7 22 17 39 19 26 59 60 23 31 32 2 62 27 28 36 16 38 33 53 35 21 42 1 40 47 48 8 64 43 44 52 10 11 49 37 56 3 54 5 61 24 25 58 30 14 46 
42 30 56 39 22 5 20 46 62 11 31 52 53 38 14 36 18 40 57 1 6 21 64 25 47 61 51 27 49 12 32 10 34 54 63 3 15 37 19 41 17 7 60 43 58 26 48 24 9 28 50 2 35 55 33 16 4 23 44 59 8 29 13 45 
43 53 9 24 23 58 59 18 56 34 54 63 2 27 28 29 8 46 47 44 45 64 22 39 19 41 38 14 36 35 55 33 10 11 12 49 50 51 25 26 61 60 42 1 6 40 57 4 3 15 37 13 30 31 32 62 48 5 20 7 17 16 52 21 
44 13 49 48 58 45 60 17 3 33 34 35 52 28 50 62 61 8 25 59 64 23 5 4 39 40 14 15 16 53 54 55 32 10 30 29 51 27 24 46 26 43 1 20 21 18 19 57 36 37 38 63 2 11 31 9 47 6 7 42 41 56 12 22 
45 55 50 26 59 60 23 57 15 63 13 34 31 29 62 27 47 48 8 64 43 44 20 41 17 39 36 16 38 33 53 35 12 52 10 51 9 49 61 24 25 58 6 21 42 4 18 40 37 56 3 54 32 2 30 28 46 7 22 5 19 14 11 1 
46 56 11 64 25 47 61 22 53 38 14 36 51 30 12 32 60 43 58 26 48 24 18 42 1 6 34 54 63 3 15 37 62 9 28 31 52 2 23 44 59 8 39 19 41 5 20 7 35 55 33 16 27 49 29 10 45 40 57 4 21 13 50 17 
47 37 12 59 26 61 24 7 54 16 56 14 29 31 32 2 45 64 43 48 8 46 19 21 22 1 35 63 33 38 3 36 50 51 9 52 10 11 60 23 58 25 40 41 4 42 5 6 55 13 53 15 62 27 28 30 44 57 17 18 20 34 49 39 
48 15 52 44 61 8 25 20 55 36 16 38 49 32 10 30 58 45 60 24 46 26 57 6 21 42 63 13 34 37 56 3 28 50 62 2 11 31 59 64 23 47 41 17 39 7 22 5 33 53 35 14 29 51 27 12 43 4 18 40 1 54 9 19 
49 4 58 52 28 50 62 13 1 17 18 19 61 44 59 64 32 10 30 29 51 27 3 33 34 35 5 6 7 39 40 41 48 24 46 45 60 43 2 11 31 9 14 15 16 53 54 55 20 21 22 57 8 25 47 23 12 36 37 38 63 42 26 56 
50 41 59 31 29 62 27 55 6 57 4 18 47 45 64 43 12 52 10 51 9 49 15 63 13 34 20 7 22 17 39 19 26 61 24 60 23 58 32 2 30 28 36 16 38 33 53 35 21 42 1 40 48 8 46 44 11 37 56 3 54 5 25 14 
51 40 60 11 62 9 28 54 21 19 57 17 25 64 23 44 30 12 32 27 49 29 37 35 63 33 7 42 5 41 4 39 46 26 48 43 58 45 31 52 2 50 16 56 14 55 13 53 22 1 20 18 47 61 8 59 10 38 3 36 34 6 24 15 
52 6 61 49 32 10 30 15 41 20 7 22 58 48 24 46 28 50 62 2 11 31 55 36 16 38 57 4 18 21 42 1 44 59 64 8 25 47 29 51 27 12 63 13 34 37 56 3 17 39 19 5 45 60 43 26 9 33 53 35 14 40 23 54 
53 23 18 56 34 54 63 27 8 43 44 45 22 39 19 41 38 14 36 35 55 33 10 9 49 50 24 25 26 58 59 60 42 1 6 40 57 4 3 15 37 13 2 30 31 28 29 62 46 47 48 64 5 20 7 17 16 11 12 52 51 61 21 32 
54 60 19 37 35 63 33 62 25 64 23 44 7 40 41 4 16 56 14 55 13 53 30 51 27 49 46 26 48 43 58 45 21 22 1 57 17 18 38 3 36 34 11 31 52 9 28 50 47 61 8 59 42 5 6 39 15 12 32 10 29 24 20 2 
55 59 57 15 63 13 34 29 47 45 64 43 20 41 17 39 36 16 38 33 53 35 12 50 51 9 26 61 24 60 23 58 6 21 42 4 18 40 37 56 3 54 31 32 2 62 27 28 48 8 46 44 7 22 5 19 14 52 10 11 49 25 1 30 
56 25 22 53 38 14 36 30 60 46 26 48 18 42 1 6 34 54 63 3 15 37 62 11 31 52 64 23 44 47 61 8 39 19 41 5 20 7 35 55 33 16 51 27 49 12 32 10 43 58 45 24 40 57 4 21 13 9 28 50 2 59 17 29 
57 50 63 20 41 17 39 59 31 29 62 27 36 55 33 53 6 21 42 4 18 40 47 45 64 43 12 52 10 51 9 49 15 37 56 13 34 54 7 22 5 19 26 61 24 60 23 58 32 2 30 28 16 38 14 35 1 48 8 46 44 11 3 25 
58 33 28 61 44 59 64 4 14 13 53 54 32 49 29 51 48 24 46 45 60 43 1 17 18 19 3 36 37 34 35 63 52 2 11 50 62 9 8 25 47 23 5 6 7 39 40 41 15 16 56 55 10 30 12 27 26 20 21 22 57 38 31 42 
59 63 29 47 45 64 43 41 36 55 33 53 12 50 51 9 26 61 24 60 23 58 6 57 4 18 15 37 56 13 34 54 31 32 2 62 27 28 48 8 46 44 20 7 22 17 39 19 16 38 14 35 52 10 11 49 25 21 42 1 40 3 30 5 
60 35 62 25 64 23 44 40 16 54 55 13 30 51 27 49 46 26 48 43 58 45 21 19 57 17 37 38 3 63 33 34 11 31 52 9 28 50 47 61 8 59 7 42 5 41 4 39 56 14 15 53 12 32 10 29 24 22 1 20 18 36 2 6 
61 36 32 58 48 24 46 6 63 15 37 56 28 52 2 11 44 59 64 8 25 47 41 20 7 22 55 33 53 16 38 14 49 29 51 10 30 12 45 60 43 26 57 4 18 21 42 1 13 34 54 3 50 62 9 31 23 17 39 19 5 35 27 40 
62 19 64 30 51 27 49 35 7 40 41 4 46 60 43 58 11 31 52 9 28 50 16 54 55 13 21 22 1 57 17 18 25 47 61 23 44 59 12 32 10 29 37 38 3 63 33 34 42 5 6 39 26 48 24 45 2 56 14 15 53 20 8 36 
63 45 41 36 55 33 53 50 26 59 60 23 6 57 4 18 15 37 56 13 34 54 31 29 62 27 47 48 8 64 43 44 20 7 22 17 39 19 16 38 14 35 12 52 10 51 9 49 61 24 25 58 21 42 1 40 3 32 2 30 28 46 5 11 
64 54 51 46 60 43 58 19 37 35 63 33 11 62 9 28 25 47 61 23 44 59 7 40 41 4 16 56 14 55 13 53 30 12 32 27 49 29 26 48 24 45 21 22 1 57 17 18 38 3 36 34 31 52 2 50 8 42 5 6 39 15 10 20 
1
0 1 

1 4 
1 
5 
7 
21 
2 8 
1 5 
1 7 
1 21 
5 7 
5 21 
6 22 
7 21 
20 42 
3 12 
1 5 7 
1 5 21 
1 6 22 
1 7 21 
1 20 42 
5 6 22 
5 7 21 
5 20 42 
6 7 22 
6 21 22 
7 20 42 
20 21 42 
4 14 
1 5 6 22 
1 5 7 21 
1 5 20 42 
1 6 7 22 
1 6 21 22 
1 7 20 42 
1 20 21 42 
5 6 7 22 
5 6 21 22 
5 7 20 42 
5 20 21 42 
6 7 21 22 
6 20 22 42 
7 20 21 42 
5 12 
1 5 6 7 22 
1 5 6 21 22 
1 5 7 20 42 
1 5 20 21 42 
1 6 7 21 22 
1 6 20 22 42 
1 7 20 21 42 
5 6 7 21 22 
5 6 20 22 42 
5 7 20 21 42 
6 7 20 22 42 
6 20 21 22 42 
6 8 
1 5 6 7 21 22 
1 5 6 20 22 42 
1 5 7 20 21 42 
1 6 7 20 22 42 
1 6 20 21 22 42 
5 6 7 20 22 42 
5 6 20 21 22 42 
6 7 20 21 22 42 
7 4 
1 5 6 7 20 22 42 
1 5 6 20 21 22 42 
1 6 7 20 21 22 42 
5 6 7 20 21 22 42 
8 1 
1 5 6 7 20 21 22 42 
2
0 1 

1 1 

2 4 
2 10 
11 30 
12 31 
32 52 
3 1 

4 6 
2 10 11 30 
2 10 12 31 
2 10 32 52 
11 12 30 31 
11 30 32 52 
12 31 32 52 
5 1 

6 4 
2 10 11 12 30 31 
2 10 11 30 32 52 
2 10 12 31 32 52 
11 12 30 31 32 52 
7 1 

8 1 
2 10 11 12 30 31 32 52 
3
0 1 

1 1 

2 4 
3 14 
15 56 
16 37 
36 38 
3 1 

4 6 
3 14 15 56 
3 14 16 37 
3 14 36 38 
15 16 37 56 
15 36 38 56 
16 36 37 38 
5 1 

6 4 
3 14 15 16 37 56 
3 14 15 36 38 56 
3 14 16 36 37 38 
15 16 36 37 38 56 
7 1 

8 1 
3 14 15 16 36 37 38 56 
4
0 1 

1 8 
4 
17 
18 
19 
39 
40 
41 
57 
2 28 
4 17 
4 18 
4 19 
4 39 
4 40 
4 41 
4 57 
17 18 
17 19 
17 39 
17 40 
17 41 
17 57 
18 19 
18 39 
18 40 
18 41 
18 57 
19 39 
19 40 
19 41 
19 57 
39 40 
39 41 
39 57 
40 41 
40 57 
41 57 
3 56 
4 17 18 
4 17 19 
4 17 39 
4 17 40 
4 17 41 
4 17 57 
4 18 19 
4 18 39 
4 18 40 
4 18 41 
4 18 57 
4 19 39 
4 19 40 
4 19 41 
4 19 57 
4 39 40 
4 39 41 
4 39 57 
4 40 41 
4 40 57 
4 41 57 
17 18 19 
17 18 39 
17 18 40 
17 18 41 
17 18 57 
17 19 39 
17 19 40 
17 19 41 
17 19 57 
17 39 40 
17 39 41 
17 39 57 
17 40 41 
17 40 57 
17 41 57 
18 19 39 
18 19 40 
18 19 41 
18 19 57 
18 39 40 
18 39 41 
18 39 57 
18 40 41 
18 40 57 
18 41 57 
19 39 40 
19 39 41 
19 39 57 
19 40 41 
19 40 57 
19 41 57 
39 40 41 
39 40 57 
39 41 57 
40 41 57 
4 70 
4 17 18 19 
4 17 18 39 
4 17 18 40 
4 17 18 41 
4 17 18 57 
4 17 19 39 
4 17 19 40 
4 17 19 41 
4 17 19 57 
4 17 39 40 
4 17 39 41 
4 17 39 57 
4 17 40 41 
4 17 40 57 
4 17 41 57 
4 18 19 39 
4 18 19 40 
4 18 19 41 
4 18 19 57 
4 18 39 40 
4 18 39 41 
4 18 39 57 
4 18 40 41 
4 18 40 57 
4 18 41 57 
4 19 39 40 
4 19 39 41 
4 19 39 57 
4 19 40 41 
4 19 40 57 
4 19 41 57 
4 39 40 41 
4 39 40 57 
4 39 41 57 
4 40 41 57 
17 18 19 39 
17 18 19 40 
17 18 19 41 
17 18 19 57 
17 18 39 40 
17 18 39 41 
17 18 39 57 
17 18 40 41 
17 18 40 57 
17 18 41 57 
17 19 39 40 
17 19 39 41 
17 19 39 57 
17 19 40 41 
17 19 40 57 
17 19 41 57 
17 39 40 41 
17 39 40 57 
17 39 41 57 
17 40 41 57 
18 19 39 40 
18 19 39 41 
18 19 39 57 
18 19 40 41 
18 19 40 57 
18 19 41 57 
18 39 40 41 
18 39 40 57 
18 39 41 57 
18 40 41 57 
19 39 40 41 
19 39 40 57 
19 39 41 57 
19 40 41 57 
39 40 41 57 
5 56 
4 17 18 19 39 
4 17 18 19 40 
4 17 18 19 41 
4 17 18 19 57 
4 17 18 39 40 
4 17 18 39 41 
4 17 18 39 57 
4 17 18 40 41 
4 17 18 40 57 
4 17 18 41 57 
4 17 19 39 40 
4 17 19 39 41 
4 17 19 39 57 
4 17 19 40 41 
4 17 19 40 57 
4 17 19 41 57 
4 17 39 40 41 
4 17 39 40 57 
4 17 39 41 57 
4 17 40 41 57 
4 18 19 39 40 
4 18 19 39 41 
4 18 19 39 57 
4 18 19 40 41 
4 18 19 40 57 
4 18 19 41 57 
4 18 39 40 41 
4 18 39 40 57 
4 18 39 41 57 
4 18 40 41 57 
4 19 39 40 41 
4 19 39 40 57 
4 19 39 41 57 
4 19 40 41 57 
4 39 40 41 57 
17 18 19 39 40 
17 18 19 39 41 
17 18 19 39 57 
17 18 19 40 41 
17 18 19 40 57 
17 18 19 41 57 
17 18 39 40 41 
17 18 39 40 57 
17 18 39 41 57 
17 18 40 41 57 
17 19 39 40 41 
17 19 39 40 57 
17 19 39 41 57 
17 19 40 41 57 
17 39 40 41 57 
18 19 39 40 41 
18 19 39 40 57 
18 19 39 41 57 
18 19 40 41 57 
18 39 40 41 57 
19 39 40 41 57 
6 28 
4 17 18 19 39 40 
4 17 18 19 39 41 
4 17 18 19 39 57 
4 17 18 19 40 41 
4 17 18 19 40 57 
4 17 18 19 41 57 
4 17 18 39 40 41 
4 17 18 39 40 57 
4 17 18 39 41 57 
4 17 18 40 41 57 
4 17 19 39 40 41 
4 17 19 39 40 57 
4 17 19 39 41 57 
4 17 19 40 41 57 
4 17 39 40 41 57 
4 18 19 39 40 41 
4 18 19 39 40 57 
4 18 19 39 41 57 
4 18 19 40 41 57 
4 18 39 40 41 57 
4 19 39 40 41 57 
17 18 19 39 40 41 
17 18 19 39 40 57 
17 18 19 39 41 57 
17 18 19 40 41 57 
17 18 39 40 41 57 
17 19 39 40 41 57 
18 19 39 40 41 57 
7 8 
4 17 18 19 39 40 41 
4 17 18 19 39 40 57 
4 17 18 19 39 41 57 
4 17 18 19 40 41 57 
4 17 18 39 40 41 57 
4 17 19 39 40 41 57 
4 18 19 39 40 41 57 
17 18 19 39 40 41 57 
8 1 
4 17 18 19 39 40 41 57 
5
0 1 

1 1 

2 4 
8 24 
25 46 
26 47 
48 61 
3 1 

4 6 
8 24 25 46 
8 24 26 47 
8 24 48 61 
25 26 46 47 
25 46 48 61 
26 47 48 61 
5 1 

6 4 
8 24 25 26 46 47 
8 24 25 46 48 61 
8 24 26 47 48 61 
25 26 46 47 48 61 
7 1 

8 1 
8 24 25 26 46 47 48 61 
6
0 1 

1 1 

2 4 
9 49 
27 28 
29 62 
50 51 
3 1 

4 6 
9 27 28 49 
9 29 49 62 
9 49 50 51 
27 28 29 62 
27 28 50 51 
29 50 51 62 
5 1 

6 4 
9 27 28 29 49 62 
9 27 28 49 50 51 
9 29 49 50 51 62 
27 28 29 50 51 62 
7 1 

8 1 
9 27 28 29 49 50 51 62 
7
0 1 

1 1 

2 4 
13 33 
34 53 
35 54 
55 63 
3 1 

4 6 
13 33 34 53 
13 33 35 54 
13 33 55 63 
34 35 53 54 
34 53 55 63 
35 54 55 63 
5 1 

6 4 
13 33 34 35 53 54 
13 33 34 53 55 63 
13 33 35 54 55 63 
34 35 53 54 55 63 
7 1 

8 1 
13 33 34 35 53 54 55 63 
8
0 1 

1 1 

2 4 
23 58 
43 44 
45 64 
59 60 
3 1 

4 6 
23 43 44 58 
23 45 58 64 
23 58 59 60 
43 44 45 64 
43 44 59 60 
45 59 60 64 
5 1 

6 4 
23 43 44 45 58 64 
23 43 44 58 59 60 
23 45 58 59 60 64 
43 44 45 59 60 64 
7 1 

8 1 
23 43 44 45 58 59 60 64 
