//Table for grp 162:
57
0 0 2 2 4 4 2 4 
0 0 2 4 4 2 4 2 
0 0 4 2 2 4 4 2 
0 0 4 4 2 2 2 4 
0 2 0 2 4 2 4 4 
0 2 0 4 4 4 2 2 
0 2 2 0 2 4 4 4 
0 2 2 2 2 2 2 6 
0 2 2 2 2 2 6 2 
0 2 2 2 2 6 2 2 
0 2 2 2 6 2 2 2 
0 2 2 4 2 0 4 4 
0 2 2 4 2 4 0 4 
0 2 2 4 2 4 4 0 
0 2 2 6 2 2 2 2 
0 2 4 0 4 4 2 2 
0 2 4 2 0 2 4 4 
0 2 4 2 4 2 0 4 
0 2 4 2 4 2 4 0 
0 2 4 4 0 4 2 2 
0 2 4 4 4 0 2 2 
0 2 6 2 2 2 2 2 
0 4 0 2 2 4 4 2 
0 4 0 4 2 2 2 4 
0 4 2 0 4 2 4 2 
0 4 2 2 0 4 2 4 
0 4 2 2 4 0 2 4 
0 4 2 2 4 4 2 0 
0 4 2 4 0 2 4 2 
0 4 2 4 4 2 0 2 
0 4 4 0 2 2 2 4 
0 4 4 2 2 0 4 2 
0 4 4 2 2 4 0 2 
0 4 4 4 2 2 2 0 
0 6 2 2 2 2 2 2 
2 0 2 2 2 2 4 4 
2 0 2 4 2 4 2 2 
2 0 4 2 4 2 2 2 
2 2 0 2 2 4 2 4 
2 2 0 4 2 2 4 2 
2 2 2 0 4 2 2 4 
2 2 2 2 0 4 4 2 
2 2 2 2 4 0 4 2 
2 2 2 2 4 4 0 2 
2 2 2 4 0 2 2 4 
2 2 2 4 4 2 2 0 
2 2 4 0 2 2 4 2 
2 2 4 2 2 0 2 4 
2 2 4 2 2 4 2 0 
2 2 4 4 2 2 0 2 
2 4 0 2 4 2 2 2 
2 4 2 0 2 4 2 2 
2 4 2 2 2 2 0 4 
2 4 2 2 2 2 4 0 
2 4 2 4 2 0 2 2 
2 4 4 2 0 2 2 2 
4 2 2 2 2 2 2 2 
1 2 3 4 5 6 7 8 9 10 11 12 13 14 15 16 17 18 19 20 21 22 23 24 25 26 27 28 29 30 31 32 33 34 35 36 37 38 39 40 41 42 43 44 45 46 47 48 49 50 51 52 53 54 55 56 57 58 59 60 61 62 63 64 
2 1 8 9 10 11 12 3 4 5 6 7 23 24 25 26 27 28 29 30 31 32 13 14 15 16 17 18 19 20 21 22 43 44 45 46 47 48 49 50 51 52 33 34 35 36 37 38 39 40 41 42 58 59 60 61 62 53 54 55 56 57 64 63 
3 24 1 13 14 15 16 10 43 8 46 47 4 5 6 7 33 34 35 36 37 38 27 2 30 31 23 58 59 25 26 61 17 18 19 20 21 22 53 54 55 56 9 49 50 11 12 52 44 45 64 48 39 40 41 42 63 28 29 62 32 60 57 51 
4 28 13 21 17 18 19 44 30 49 29 51 37 33 34 35 7 42 5 39 40 41 46 58 45 60 11 31 52 50 62 9 16 56 14 53 54 55 22 1 20 57 25 47 61 59 64 23 12 32 10 27 38 3 36 63 6 26 48 24 43 2 15 8 
5 10 14 17 1 20 21 24 27 2 30 31 33 3 36 37 4 39 40 6 7 42 43 8 46 47 9 49 50 11 12 52 13 53 54 15 16 56 18 19 57 22 23 58 59 25 26 61 28 29 62 32 34 35 63 38 41 44 45 64 48 51 55 60 
6 32 15 41 20 7 22 48 28 52 2 11 55 36 16 38 57 4 18 21 42 1 44 61 8 25 49 29 51 10 30 12 63 13 34 37 56 3 17 39 19 5 58 45 60 24 46 26 50 62 9 31 33 53 35 14 40 59 64 23 47 27 54 43 
7 12 16 19 21 22 1 26 29 31 32 2 35 37 38 3 40 41 4 42 5 6 45 47 48 8 50 51 9 52 10 11 54 55 13 56 14 15 57 17 18 20 59 60 23 61 24 25 62 27 28 30 63 33 34 36 39 64 43 44 46 49 53 58 
8 14 2 23 24 25 26 5 33 3 36 37 9 10 11 12 43 44 45 46 47 48 17 1 20 21 13 53 54 15 16 56 27 28 29 30 31 32 58 59 60 61 4 39 40 6 7 42 34 35 63 38 49 50 51 52 64 18 19 57 22 55 62 41 
9 18 23 31 27 28 29 34 20 39 19 41 47 43 44 45 12 52 10 49 50 51 36 53 35 55 6 21 42 40 57 4 26 61 24 58 59 60 32 2 30 62 15 37 56 54 63 13 7 22 5 17 48 8 46 64 11 16 38 14 33 1 25 3 
10 5 24 27 2 30 31 14 17 1 20 21 43 8 46 47 9 49 50 11 12 52 33 3 36 37 4 39 40 6 7 42 23 58 59 25 26 61 28 29 62 32 13 53 54 15 16 56 18 19 57 22 44 45 64 48 51 34 35 63 38 41 60 55 
11 22 25 51 30 12 32 38 18 42 1 6 60 46 26 48 62 9 28 31 52 2 34 56 3 15 39 19 41 5 20 7 64 23 44 47 61 8 27 49 29 10 53 35 55 14 36 16 40 57 4 21 43 58 45 24 50 54 63 13 37 17 59 33 
12 7 26 29 31 32 2 16 19 21 22 1 45 47 48 8 50 51 9 52 10 11 35 37 38 3 40 41 4 42 5 6 59 60 23 61 24 25 62 27 28 30 54 55 13 56 14 15 57 17 18 20 64 43 44 46 49 63 33 34 36 39 58 53 
13 58 4 37 33 34 35 49 25 44 59 64 21 17 18 19 16 56 14 53 54 55 11 28 50 62 46 26 48 45 60 43 7 42 5 39 40 41 38 3 36 63 30 12 32 29 51 27 47 61 8 23 22 1 20 57 15 31 52 2 9 24 6 10 
14 8 5 33 3 36 37 2 23 24 25 26 17 1 20 21 13 53 54 15 16 56 9 10 11 12 43 44 45 46 47 48 4 39 40 6 7 42 34 35 63 38 27 28 29 30 31 32 58 59 60 61 18 19 57 22 55 49 50 51 52 64 41 62 
15 61 6 55 36 16 38 52 58 48 24 46 41 20 7 22 63 13 34 37 56 3 49 32 10 30 44 59 64 8 25 47 57 4 18 21 42 1 33 53 35 14 28 50 62 2 11 31 45 60 43 26 17 39 19 5 54 29 51 27 12 23 40 9 
16 47 7 35 37 38 3 31 59 26 61 24 19 21 22 1 54 55 13 56 14 15 50 12 52 10 45 64 43 48 8 46 40 41 4 42 5 6 63 33 34 36 29 62 27 32 2 30 60 23 58 25 57 17 18 20 53 51 9 49 11 44 39 28 
17 49 33 7 4 39 40 58 11 28 50 62 16 13 53 54 21 22 1 18 19 57 25 44 59 64 30 12 32 29 51 27 37 38 3 34 35 63 42 5 6 41 46 26 48 45 60 43 31 52 2 9 56 14 15 55 20 47 61 8 23 10 36 24 
18 9 34 20 39 19 41 23 31 27 28 29 36 53 35 55 6 21 42 40 57 4 47 43 44 45 12 52 10 49 50 51 15 37 56 54 63 13 7 22 5 17 26 61 24 58 59 60 32 2 30 62 16 38 14 33 1 48 8 46 64 11 3 25 
19 51 35 5 40 41 4 60 52 62 9 28 14 54 55 13 1 20 21 57 17 18 61 64 23 44 32 10 30 27 49 29 3 36 37 63 33 34 6 7 42 39 48 24 46 43 58 45 2 11 31 50 15 16 56 53 22 8 25 47 59 12 38 26 
20 52 36 57 6 21 42 61 49 32 10 30 63 15 37 56 41 17 39 7 22 5 58 48 24 46 28 50 62 2 11 31 55 33 53 16 38 14 4 18 40 1 44 59 64 8 25 47 29 51 27 12 13 34 54 3 19 45 60 43 26 9 35 23 
21 31 37 40 7 42 5 47 50 12 52 10 54 16 56 14 19 57 17 22 1 20 59 26 61 24 29 62 27 32 2 30 35 63 33 38 3 36 41 4 39 6 45 64 43 48 8 46 51 9 49 11 55 13 53 15 18 60 23 58 25 28 34 44 
22 11 38 18 42 1 6 25 51 30 12 32 34 56 3 15 39 19 41 5 20 7 60 46 26 48 62 9 28 31 52 2 53 35 55 14 36 16 40 57 4 21 64 23 44 47 61 8 27 49 29 10 54 63 13 37 17 43 58 45 24 50 33 59 
23 53 9 47 43 44 45 39 15 34 54 63 31 27 28 29 26 61 24 58 59 60 6 18 40 57 36 16 38 35 55 33 12 52 10 49 50 51 48 8 46 64 20 7 22 19 41 17 37 56 3 13 32 2 30 62 25 21 42 1 4 14 11 5 
24 3 10 43 8 46 47 1 13 14 15 16 27 2 30 31 23 58 59 25 26 61 4 5 6 7 33 34 35 36 37 38 9 49 50 11 12 52 44 45 64 48 17 18 19 20 21 22 53 54 55 56 28 29 62 32 60 39 40 41 42 63 51 57 
25 56 11 60 46 26 48 42 53 38 14 36 51 30 12 32 64 23 44 47 61 8 39 22 5 20 34 54 63 3 15 37 62 9 28 31 52 2 43 58 45 24 18 40 57 1 6 21 35 55 33 16 27 49 29 10 59 19 41 17 7 13 50 4 
26 37 12 45 47 48 8 21 54 16 56 14 29 31 32 2 59 60 23 61 24 25 40 7 42 5 35 63 33 38 3 36 50 51 9 52 10 11 64 43 44 46 19 57 17 22 1 20 55 13 53 15 62 27 28 30 58 41 4 39 6 34 49 18 
27 39 43 12 9 49 50 53 6 18 40 57 26 23 58 59 31 32 2 28 29 62 15 34 54 63 20 7 22 19 41 17 47 48 8 44 45 64 52 10 11 51 36 16 38 35 55 33 21 42 1 4 61 24 25 60 30 37 56 3 13 5 46 14 
28 4 44 30 49 29 51 13 21 17 18 19 46 58 45 60 11 31 52 50 62 9 37 33 34 35 7 42 5 39 40 41 25 47 61 59 64 23 12 32 10 27 16 56 14 53 54 55 22 1 20 57 26 48 24 43 2 38 3 36 63 6 8 15 
29 41 45 10 50 51 9 55 42 57 4 18 24 59 60 23 2 30 31 62 27 28 56 63 13 34 22 5 20 17 39 19 8 46 47 64 43 44 11 12 52 49 38 14 36 33 53 35 1 6 21 40 25 26 61 58 32 3 15 37 54 7 48 16 
30 42 46 62 11 31 52 56 39 22 5 20 64 25 47 61 51 27 49 12 32 10 53 38 14 36 18 40 57 1 6 21 60 43 58 26 48 24 9 28 50 2 34 54 63 3 15 37 19 41 17 7 23 44 59 8 29 35 55 33 16 4 45 13 
31 21 47 50 12 52 10 37 40 7 42 5 59 26 61 24 29 62 27 32 2 30 54 16 56 14 19 57 17 22 1 20 45 64 43 48 8 46 51 9 49 11 35 63 33 38 3 36 41 4 39 6 60 23 58 25 28 55 13 53 15 18 44 34 
32 6 48 28 52 2 11 15 41 20 7 22 44 61 8 25 49 29 51 10 30 12 55 36 16 38 57 4 18 21 42 1 58 45 60 24 46 26 50 62 9 31 63 13 34 37 56 3 17 39 19 5 59 64 23 47 27 33 53 35 14 40 43 54 
33 44 17 16 13 53 54 28 46 58 45 60 7 4 39 40 37 38 3 34 35 63 30 49 29 51 25 47 61 59 64 23 21 22 1 18 19 57 56 14 15 55 11 31 52 50 62 9 26 48 24 43 42 5 6 41 36 12 32 10 27 8 20 2 
34 43 18 36 53 35 55 27 26 23 58 59 20 39 19 41 15 37 56 54 63 13 12 9 49 50 47 48 8 44 45 64 6 21 42 40 57 4 16 38 14 33 31 32 2 28 29 62 61 24 25 60 7 22 5 17 3 52 10 11 51 46 1 30 
35 64 19 14 54 55 13 62 48 60 43 58 5 40 41 4 3 36 37 63 33 34 32 51 27 49 61 8 25 23 44 59 1 20 21 57 17 18 15 16 56 53 52 2 11 9 28 50 24 46 26 45 6 7 42 39 38 10 30 12 29 47 22 31 
36 48 20 63 15 37 56 32 44 61 8 25 57 6 21 42 55 33 53 16 38 14 28 52 2 11 58 45 60 24 46 26 41 17 39 7 22 5 13 34 54 3 49 29 51 10 30 12 59 64 23 47 4 18 40 1 35 50 62 9 31 43 19 27 
37 26 21 54 16 56 14 12 45 47 48 8 40 7 42 5 35 63 33 38 3 36 29 31 32 2 59 60 23 61 24 25 19 57 17 22 1 20 55 13 53 15 50 51 9 52 10 11 64 43 44 46 41 4 39 6 34 62 27 28 30 58 18 49 
38 46 22 34 56 3 15 30 64 25 47 61 18 42 1 6 53 35 55 14 36 16 62 11 31 52 60 43 58 26 48 24 39 19 41 5 20 7 54 63 13 37 51 27 49 12 32 10 23 44 59 8 40 57 4 21 33 9 28 50 2 45 17 29 
39 27 53 6 18 40 57 43 12 9 49 50 15 34 54 63 20 7 22 19 41 17 26 23 58 59 31 32 2 28 29 62 36 16 38 35 55 33 21 42 1 4 47 48 8 44 45 64 52 10 11 51 37 56 3 13 5 61 24 25 60 30 14 46 
40 62 54 1 19 57 17 64 32 51 27 49 3 35 63 33 5 6 7 41 4 39 48 60 43 58 52 2 11 9 28 50 14 15 16 55 13 53 20 21 22 18 61 8 25 23 44 59 10 30 12 29 36 37 38 34 42 24 46 26 45 31 56 47 
41 29 55 42 57 4 18 45 10 50 51 9 56 63 13 34 22 5 20 17 39 19 24 59 60 23 2 30 31 62 27 28 38 14 36 33 53 35 1 6 21 40 8 46 47 64 43 44 11 12 52 49 3 15 37 54 7 25 26 61 58 32 16 48 
42 30 56 39 22 5 20 46 62 11 31 52 53 38 14 36 18 40 57 1 6 21 64 25 47 61 51 27 49 12 32 10 34 54 63 3 15 37 19 41 17 7 60 43 58 26 48 24 9 28 50 2 35 55 33 16 4 23 44 59 8 29 13 45 
43 34 27 26 23 58 59 18 36 53 35 55 12 9 49 50 47 48 8 44 45 64 20 39 19 41 15 37 56 54 63 13 31 32 2 28 29 62 61 24 25 60 6 21 42 40 57 4 16 38 14 33 52 10 11 51 46 7 22 5 17 3 30 1 
44 33 28 46 58 45 60 17 16 13 53 54 30 49 29 51 25 47 61 59 64 23 7 4 39 40 37 38 3 34 35 63 11 31 52 50 62 9 26 48 24 43 21 22 1 18 19 57 56 14 15 55 12 32 10 27 8 42 5 6 41 36 2 20 
45 63 29 24 59 60 23 57 38 55 33 53 10 50 51 9 8 46 47 64 43 44 22 41 17 39 56 3 15 13 34 54 2 30 31 62 27 28 25 26 61 58 42 1 6 4 18 40 14 36 16 35 11 12 52 49 48 5 20 7 19 37 32 21 
46 38 30 64 25 47 61 22 34 56 3 15 62 11 31 52 60 43 58 26 48 24 18 42 1 6 53 35 55 14 36 16 51 27 49 12 32 10 23 44 59 8 39 19 41 5 20 7 54 63 13 37 9 28 50 2 45 40 57 4 21 33 29 17 
47 16 31 59 26 61 24 7 35 37 38 3 50 12 52 10 45 64 43 48 8 46 19 21 22 1 54 55 13 56 14 15 29 62 27 32 2 30 60 23 58 25 40 41 4 42 5 6 63 33 34 36 51 9 49 11 44 57 17 18 20 53 28 39 
48 36 32 44 61 8 25 20 63 15 37 56 28 52 2 11 58 45 60 24 46 26 57 6 21 42 55 33 53 16 38 14 49 29 51 10 30 12 59 64 23 47 41 17 39 7 22 5 13 34 54 3 50 62 9 31 43 4 18 40 1 35 27 19 
49 17 58 11 28 50 62 33 7 4 39 40 25 44 59 64 30 12 32 29 51 27 16 13 53 54 21 22 1 18 19 57 46 26 48 45 60 43 31 52 2 9 37 38 3 34 35 63 42 5 6 41 47 61 8 23 10 56 14 15 55 20 24 36 
50 57 59 2 29 62 27 63 22 41 17 39 8 45 64 43 10 11 12 51 9 49 38 55 33 53 42 1 6 4 18 40 24 25 26 60 23 58 30 31 32 28 56 3 15 13 34 54 5 20 7 19 46 47 48 44 52 14 36 16 35 21 61 37 
51 19 60 52 62 9 28 35 5 40 41 4 61 64 23 44 32 10 30 27 49 29 14 54 55 13 1 20 21 57 17 18 48 24 46 43 58 45 2 11 31 50 3 36 37 63 33 34 6 7 42 39 8 25 47 59 12 15 16 56 53 22 26 38 
52 20 61 49 32 10 30 36 57 6 21 42 58 48 24 46 28 50 62 2 11 31 63 15 37 56 41 17 39 7 22 5 44 59 64 8 25 47 29 51 27 12 55 33 53 16 38 14 4 18 40 1 45 60 43 26 9 13 34 54 3 19 23 35 
53 23 39 15 34 54 63 9 47 43 44 45 6 18 40 57 36 16 38 35 55 33 31 27 28 29 26 61 24 58 59 60 20 7 22 19 41 17 37 56 3 13 12 52 10 49 50 51 48 8 46 64 21 42 1 4 14 32 2 30 62 25 5 11 
54 60 40 3 35 63 33 51 61 64 23 44 1 19 57 17 14 15 16 55 13 53 52 62 9 28 48 24 46 43 58 45 5 6 7 41 4 39 36 37 38 34 32 10 30 27 49 29 8 25 47 59 20 21 22 18 56 2 11 31 50 26 42 12 
55 59 41 56 63 13 34 50 8 45 64 43 42 57 4 18 38 14 36 33 53 35 2 29 62 27 24 25 26 60 23 58 22 5 20 17 39 19 3 15 37 54 10 11 12 51 9 49 46 47 48 44 1 6 21 40 16 30 31 32 28 61 7 52 
56 25 42 53 38 14 36 11 60 46 26 48 39 22 5 20 34 54 63 3 15 37 51 30 12 32 64 23 44 47 61 8 18 40 57 1 6 21 35 55 33 16 62 9 28 31 52 2 43 58 45 24 19 41 17 7 13 27 49 29 10 59 4 50 
57 50 63 22 41 17 39 59 2 29 62 27 38 55 33 53 42 1 6 4 18 40 8 45 64 43 10 11 12 51 9 49 56 3 15 13 34 54 5 20 7 19 24 25 26 60 23 58 30 31 32 28 14 36 16 35 21 46 47 48 44 52 37 61 
58 13 49 25 44 59 64 4 37 33 34 35 11 28 50 62 46 26 48 45 60 43 21 17 18 19 16 56 14 53 54 55 30 12 32 29 51 27 47 61 8 23 7 42 5 39 40 41 38 3 36 63 31 52 2 9 24 22 1 20 57 15 10 6 
59 55 50 8 45 64 43 41 56 63 13 34 2 29 62 27 24 25 26 60 23 58 42 57 4 18 38 14 36 33 53 35 10 11 12 51 9 49 46 47 48 44 22 5 20 17 39 19 3 15 37 54 30 31 32 28 61 1 6 21 40 16 52 7 
60 54 51 61 64 23 44 40 3 35 63 33 52 62 9 28 48 24 46 43 58 45 1 19 57 17 14 15 16 55 13 53 32 10 30 27 49 29 8 25 47 59 5 6 7 41 4 39 36 37 38 34 2 11 31 50 26 20 21 22 18 56 12 42 
61 15 52 58 48 24 46 6 55 36 16 38 49 32 10 30 44 59 64 8 25 47 41 20 7 22 63 13 34 37 56 3 28 50 62 2 11 31 45 60 43 26 57 4 18 21 42 1 33 53 35 14 29 51 27 12 23 17 39 19 5 54 9 40 
62 40 64 32 51 27 49 54 1 19 57 17 48 60 43 58 52 2 11 9 28 50 3 35 63 33 5 6 7 41 4 39 61 8 25 23 44 59 10 30 12 29 14 15 16 55 13 53 20 21 22 18 24 46 26 45 31 36 37 38 34 42 47 56 
63 45 57 38 55 33 53 29 24 59 60 23 22 41 17 39 56 3 15 13 34 54 10 50 51 9 8 46 47 64 43 44 42 1 6 4 18 40 14 36 16 35 2 30 31 62 27 28 25 26 61 58 5 20 7 19 37 11 12 52 49 48 21 32 
64 35 62 48 60 43 58 19 14 54 55 13 32 51 27 49 61 8 25 23 44 59 5 40 41 4 3 36 37 63 33 34 52 2 11 9 28 50 24 46 26 45 1 20 21 57 17 18 15 16 56 53 10 30 12 29 47 6 7 42 39 38 31 22 
1
0 1 

1 4 
1 
5 
7 
21 
2 8 
1 5 
1 7 
1 21 
5 7 
5 21 
6 22 
7 21 
20 42 
3 12 
1 5 7 
1 5 21 
1 6 22 
1 7 21 
1 20 42 
5 6 22 
5 7 21 
5 20 42 
6 7 22 
6 21 22 
7 20 42 
20 21 42 
4 14 
1 5 6 22 
1 5 7 21 
1 5 20 42 
1 6 7 22 
1 6 21 22 
1 7 20 42 
1 20 21 42 
5 6 7 22 
5 6 21 22 
5 7 20 42 
5 20 21 42 
6 7 21 22 
6 20 22 42 
7 20 21 42 
5 12 
1 5 6 7 22 
1 5 6 21 22 
1 5 7 20 42 
1 5 20 21 42 
1 6 7 21 22 
1 6 20 22 42 
1 7 20 21 42 
5 6 7 21 22 
5 6 20 22 42 
5 7 20 21 42 
6 7 20 22 42 
6 20 21 22 42 
6 8 
1 5 6 7 21 22 
1 5 6 20 22 42 
1 5 7 20 21 42 
1 6 7 20 22 42 
1 6 20 21 22 42 
5 6 7 20 22 42 
5 6 20 21 22 42 
6 7 20 21 22 42 
7 4 
1 5 6 7 20 22 42 
1 5 6 20 21 22 42 
1 6 7 20 21 22 42 
5 6 7 20 21 22 42 
8 1 
1 5 6 7 20 21 22 42 
2
0 1 

1 8 
2 
10 
11 
12 
30 
31 
32 
52 
2 28 
2 10 
2 11 
2 12 
2 30 
2 31 
2 32 
2 52 
10 11 
10 12 
10 30 
10 31 
10 32 
10 52 
11 12 
11 30 
11 31 
11 32 
11 52 
12 30 
12 31 
12 32 
12 52 
30 31 
30 32 
30 52 
31 32 
31 52 
32 52 
3 56 
2 10 11 
2 10 12 
2 10 30 
2 10 31 
2 10 32 
2 10 52 
2 11 12 
2 11 30 
2 11 31 
2 11 32 
2 11 52 
2 12 30 
2 12 31 
2 12 32 
2 12 52 
2 30 31 
2 30 32 
2 30 52 
2 31 32 
2 31 52 
2 32 52 
10 11 12 
10 11 30 
10 11 31 
10 11 32 
10 11 52 
10 12 30 
10 12 31 
10 12 32 
10 12 52 
10 30 31 
10 30 32 
10 30 52 
10 31 32 
10 31 52 
10 32 52 
11 12 30 
11 12 31 
11 12 32 
11 12 52 
11 30 31 
11 30 32 
11 30 52 
11 31 32 
11 31 52 
11 32 52 
12 30 31 
12 30 32 
12 30 52 
12 31 32 
12 31 52 
12 32 52 
30 31 32 
30 31 52 
30 32 52 
31 32 52 
4 70 
2 10 11 12 
2 10 11 30 
2 10 11 31 
2 10 11 32 
2 10 11 52 
2 10 12 30 
2 10 12 31 
2 10 12 32 
2 10 12 52 
2 10 30 31 
2 10 30 32 
2 10 30 52 
2 10 31 32 
2 10 31 52 
2 10 32 52 
2 11 12 30 
2 11 12 31 
2 11 12 32 
2 11 12 52 
2 11 30 31 
2 11 30 32 
2 11 30 52 
2 11 31 32 
2 11 31 52 
2 11 32 52 
2 12 30 31 
2 12 30 32 
2 12 30 52 
2 12 31 32 
2 12 31 52 
2 12 32 52 
2 30 31 32 
2 30 31 52 
2 30 32 52 
2 31 32 52 
10 11 12 30 
10 11 12 31 
10 11 12 32 
10 11 12 52 
10 11 30 31 
10 11 30 32 
10 11 30 52 
10 11 31 32 
10 11 31 52 
10 11 32 52 
10 12 30 31 
10 12 30 32 
10 12 30 52 
10 12 31 32 
10 12 31 52 
10 12 32 52 
10 30 31 32 
10 30 31 52 
10 30 32 52 
10 31 32 52 
11 12 30 31 
11 12 30 32 
11 12 30 52 
11 12 31 32 
11 12 31 52 
11 12 32 52 
11 30 31 32 
11 30 31 52 
11 30 32 52 
11 31 32 52 
12 30 31 32 
12 30 31 52 
12 30 32 52 
12 31 32 52 
30 31 32 52 
5 56 
2 10 11 12 30 
2 10 11 12 31 
2 10 11 12 32 
2 10 11 12 52 
2 10 11 30 31 
2 10 11 30 32 
2 10 11 30 52 
2 10 11 31 32 
2 10 11 31 52 
2 10 11 32 52 
2 10 12 30 31 
2 10 12 30 32 
2 10 12 30 52 
2 10 12 31 32 
2 10 12 31 52 
2 10 12 32 52 
2 10 30 31 32 
2 10 30 31 52 
2 10 30 32 52 
2 10 31 32 52 
2 11 12 30 31 
2 11 12 30 32 
2 11 12 30 52 
2 11 12 31 32 
2 11 12 31 52 
2 11 12 32 52 
2 11 30 31 32 
2 11 30 31 52 
2 11 30 32 52 
2 11 31 32 52 
2 12 30 31 32 
2 12 30 31 52 
2 12 30 32 52 
2 12 31 32 52 
2 30 31 32 52 
10 11 12 30 31 
10 11 12 30 32 
10 11 12 30 52 
10 11 12 31 32 
10 11 12 31 52 
10 11 12 32 52 
10 11 30 31 32 
10 11 30 31 52 
10 11 30 32 52 
10 11 31 32 52 
10 12 30 31 32 
10 12 30 31 52 
10 12 30 32 52 
10 12 31 32 52 
10 30 31 32 52 
11 12 30 31 32 
11 12 30 31 52 
11 12 30 32 52 
11 12 31 32 52 
11 30 31 32 52 
12 30 31 32 52 
6 28 
2 10 11 12 30 31 
2 10 11 12 30 32 
2 10 11 12 30 52 
2 10 11 12 31 32 
2 10 11 12 31 52 
2 10 11 12 32 52 
2 10 11 30 31 32 
2 10 11 30 31 52 
2 10 11 30 32 52 
2 10 11 31 32 52 
2 10 12 30 31 32 
2 10 12 30 31 52 
2 10 12 30 32 52 
2 10 12 31 32 52 
2 10 30 31 32 52 
2 11 12 30 31 32 
2 11 12 30 31 52 
2 11 12 30 32 52 
2 11 12 31 32 52 
2 11 30 31 32 52 
2 12 30 31 32 52 
10 11 12 30 31 32 
10 11 12 30 31 52 
10 11 12 30 32 52 
10 11 12 31 32 52 
10 11 30 31 32 52 
10 12 30 31 32 52 
11 12 30 31 32 52 
7 8 
2 10 11 12 30 31 32 
2 10 11 12 30 31 52 
2 10 11 12 30 32 52 
2 10 11 12 31 32 52 
2 10 11 30 31 32 52 
2 10 12 30 31 32 52 
2 11 12 30 31 32 52 
10 11 12 30 31 32 52 
8 1 
2 10 11 12 30 31 32 52 
3
0 1 

1 4 
3 
14 
16 
37 
2 8 
3 14 
3 16 
3 37 
14 16 
14 37 
15 38 
16 37 
36 56 
3 12 
3 14 16 
3 14 37 
3 15 38 
3 16 37 
3 36 56 
14 15 38 
14 16 37 
14 36 56 
15 16 38 
15 37 38 
16 36 56 
36 37 56 
4 14 
3 14 15 38 
3 14 16 37 
3 14 36 56 
3 15 16 38 
3 15 37 38 
3 16 36 56 
3 36 37 56 
14 15 16 38 
14 15 37 38 
14 16 36 56 
14 36 37 56 
15 16 37 38 
15 36 38 56 
16 36 37 56 
5 12 
3 14 15 16 38 
3 14 15 37 38 
3 14 16 36 56 
3 14 36 37 56 
3 15 16 37 38 
3 15 36 38 56 
3 16 36 37 56 
14 15 16 37 38 
14 15 36 38 56 
14 16 36 37 56 
15 16 36 38 56 
15 36 37 38 56 
6 8 
3 14 15 16 37 38 
3 14 15 36 38 56 
3 14 16 36 37 56 
3 15 16 36 38 56 
3 15 36 37 38 56 
14 15 16 36 38 56 
14 15 36 37 38 56 
15 16 36 37 38 56 
7 4 
3 14 15 16 36 38 56 
3 14 15 36 37 38 56 
3 15 16 36 37 38 56 
14 15 16 36 37 38 56 
8 1 
3 14 15 16 36 37 38 56 
4
0 1 

1 1 

2 4 
4 40 
17 19 
18 57 
39 41 
3 1 

4 6 
4 17 19 40 
4 18 40 57 
4 39 40 41 
17 18 19 57 
17 19 39 41 
18 39 41 57 
5 1 

6 4 
4 17 18 19 40 57 
4 17 19 39 40 41 
4 18 39 40 41 57 
17 18 19 39 41 57 
7 1 

8 1 
4 17 18 19 39 40 41 57 
5
0 1 

1 1 

2 4 
8 24 
25 46 
26 47 
48 61 
3 1 

4 6 
8 24 25 46 
8 24 26 47 
8 24 48 61 
25 26 46 47 
25 46 48 61 
26 47 48 61 
5 1 

6 4 
8 24 25 26 46 47 
8 24 25 46 48 61 
8 24 26 47 48 61 
25 26 46 47 48 61 
7 1 

8 1 
8 24 25 26 46 47 48 61 
6
0 1 

1 1 

2 4 
9 62 
27 51 
28 50 
29 49 
3 1 

4 6 
9 27 51 62 
9 28 50 62 
9 29 49 62 
27 28 50 51 
27 29 49 51 
28 29 49 50 
5 1 

6 4 
9 27 28 50 51 62 
9 27 29 49 51 62 
9 28 29 49 50 62 
27 28 29 49 50 51 
7 1 

8 1 
9 27 28 29 49 50 51 62 
7
0 1 

1 1 

2 4 
13 54 
33 35 
34 63 
53 55 
3 1 

4 6 
13 33 35 54 
13 34 54 63 
13 53 54 55 
33 34 35 63 
33 35 53 55 
34 53 55 63 
5 1 

6 4 
13 33 34 35 54 63 
13 33 35 53 54 55 
13 34 53 54 55 63 
33 34 35 53 55 63 
7 1 

8 1 
13 33 34 35 53 54 55 63 
8
0 1 

1 1 

2 4 
23 60 
43 64 
44 45 
58 59 
3 1 

4 6 
23 43 60 64 
23 44 45 60 
23 58 59 60 
43 44 45 64 
43 58 59 64 
44 45 58 59 
5 1 

6 4 
23 43 44 45 60 64 
23 43 58 59 60 64 
23 44 45 58 59 60 
43 44 45 58 59 64 
7 1 

8 1 
23 43 44 45 58 59 60 64 
