graph_iso_classes := 
[ [ 1, [ [ 56, [ 1537 ] ], [ 60, [ 1, 6913, 3841, 257 ] ], [ 88, [ 449 ] ], [ 90, [ 1121, 961, 937, 673, 353, 226, 129 ] ], [ 92, [ 65 ] ], 
          [ 102, [ 1 ] ], [ 136, [ 257, 129 ] ], [ 138, [ 193, 3 ] ], [ 139, [ 193, 225 ] ], [ 193, [ 257 ] ], [ 199, [ 1153 ] ], 
          [ 202, [ 10753, 12801 ] ], [ 206, [ 1 ] ], [ 215, [ 897 ] ], [ 219, [ 129 ] ], [ 224, [ 1 ] ], [ 226, [ 1873 ] ], [ 227, [ 193 ] ], 
          [ 232, [ 257, 1 ] ], [ 241, [ 129 ] ], [ 242, [ 129 ] ], [ 264, [ 2561 ] ] ] ], 
  [ 2, [ [ 92, [ 1 ] ], [ 99, [ 897 ] ], [ 102, [ 65, 33 ] ], [ 136, [ 65, 1 ] ], [ 198, [ 1 ] ], [ 211, [ 1 ] ], [ 213, [ 513 ] ], [ 216, [ 513, 1 ] ], 
          [ 226, [ 913, 1 ] ], [ 231, [ 513 ] ], [ 236, [ 1, 257, 385 ] ], [ 239, [ 1 ] ], [ 242, [ 833, 385, 1 ] ], [ 264, [ 1 ] ] ] ], 
  [ 3, [ [ 88, [ 1 ] ], [ 99, [ 1, 129 ] ], [ 102, [ 225 ] ], [ 131, [ 129, 1 ] ], [ 196, [ 1 ] ], [ 199, [ 1 ] ], [ 202, [ 1793 ] ], [ 203, [ 1 ] ], 
          [ 206, [ 129 ] ], [ 210, [ 1 ] ], [ 215, [ 129 ] ], [ 216, [ 257 ] ], [ 219, [ 1, 65 ] ], [ 221, [ 1 ] ], 
          [ 226, [ 65, 193, 321, 513, 2513, 3329 ] ], [ 227, [ 529, 641, 401 ] ], [ 232, [ 193, 129 ] ], [ 234, [ 1 ] ], [ 235, [ 1 ] ], [ 236, [ 5 ] ], 
          [ 240, [ 129 ] ], [ 241, [ 257, 1 ] ], [ 242, [ 65, 897 ] ], [ 261, [ 129 ] ] ] ], 
  [ 4, [ [ 56, [ 1 ] ], [ 60, [ 1793 ] ], [ 73, [ 1, 257 ] ], [ 88, [ 65, 257, 577, 705 ] ], [ 90, [ 1, 33, 225, 354, 929 ] ], 
          [ 92, [ 257, 449, 577, 705 ] ], [ 99, [ 257, 513, 1153, 1281, 1409 ] ], [ 102, [ 129, 289, 353, 321 ] ], [ 131, [ 257, 513, 769, 897, 1025 ] ], 
          [ 136, [ 513, 385, 449 ] ], [ 138, [ 194, 1 ] ], [ 139, [ 33, 1 ] ], [ 192, [ 1 ] ], [ 193, [ 1 ] ], [ 198, [ 385 ] ], [ 199, [ 641, 513 ] ], 
          [ 202, [ 1 ] ], [ 206, [ 257 ] ], [ 210, [ 65 ] ], [ 211, [ 2049, 3585 ] ], [ 213, [ 1 ] ], [ 214, [ 1 ] ], [ 215, [ 1, 1025 ] ], 
          [ 216, [ 529, 1025 ] ], [ 221, [ 129, 385 ] ], [ 226, [ 97, 897, 2257 ] ], [ 227, [ 657, 129, 65, 1 ] ], [ 231, [ 1 ] ], [ 240, [ 257, 1 ] ], 
          [ 241, [ 385, 289 ] ], [ 261, [ 1 ] ], [ 264, [ 129 ] ] ] ], [ 5, [ [ 67, [ 1 ] ], [ 202, [ 1537 ] ] ] ], 
  [ 6, [ [ 123, [ 1, 129 ] ], [ 167, [ 1 ] ], [ 174, [ 1 ] ], [ 179, [ 1 ] ] ] ], [ 7, [ [ 140, [ 1 ] ], [ 157, [ 1 ] ] ] ], [ 8, [  ] ], [ 9, [  ] ], 
  [ 10, [ [ 60, [ 3329 ] ], [ 90, [ 257 ] ], [ 202, [ 12289 ] ] ] ] ];
