ineq_PDS_table := [ [ 56, [ 1, 1537 ] ], [ 60, [ 1, 257, 1793, 3329, 3841, 6913 ] ], [ 67, [ 1 ] ], [ 73, [ 1, 257 ] ], 
  [ 88, [ 1, 65, 257, 449, 577, 705 ] ], [ 90, [ 1, 33, 129, 225, 226, 257, 353, 354, 673, 929, 937, 961, 1121 ] ], 
  [ 92, [ 1, 65, 257, 449, 577, 705 ] ], [ 99, [ 1, 129, 257, 513, 897, 1153, 1281, 1409 ] ], 
  [ 102, [ 1, 33, 65, 129, 225, 289, 321, 353 ] ], [ 123, [ 1, 129 ] ], [ 131, [ 1, 129, 257, 513, 769, 897, 1025 ] ], 
  [ 136, [ 1, 65, 129, 257, 385, 449, 513 ] ], [ 138, [ 1, 3, 193, 194 ] ], [ 139, [ 1, 33, 193, 225 ] ], [ 140, [ 1 ] ], 
  [ 157, [ 1 ] ], [ 167, [ 1 ] ], [ 174, [ 1 ] ], [ 179, [ 1 ] ], [ 192, [ 1 ] ], [ 193, [ 1, 257 ] ], [ 196, [ 1 ] ], 
  [ 198, [ 1, 385 ] ], [ 199, [ 1, 513, 641, 1153 ] ], [ 202, [ 1, 1537, 1793, 10753, 12289, 12801 ] ], [ 203, [ 1 ] ], 
  [ 206, [ 1, 129, 257 ] ], [ 210, [ 1, 65 ] ], [ 211, [ 1, 2049, 3585 ] ], [ 213, [ 1, 513 ] ], [ 214, [ 1 ] ], 
  [ 215, [ 1, 129, 897, 1025 ] ], [ 216, [ 1, 257, 513, 529, 1025 ] ], [ 219, [ 1, 65, 129 ] ], [ 221, [ 1, 129, 385 ] ], 
  [ 224, [ 1 ] ], [ 226, [ 1, 65, 97, 193, 321, 513, 897, 913, 1873, 2257, 2513, 3329 ] ], 
  [ 227, [ 1, 65, 129, 193, 401, 529, 641, 657 ] ], [ 231, [ 1, 513 ] ], [ 232, [ 1, 129, 193, 257 ] ], [ 234, [ 1 ] ], 
  [ 235, [ 1 ] ], [ 236, [ 1, 5, 257, 385 ] ], [ 239, [ 1 ] ], [ 240, [ 1, 129, 257 ] ], [ 241, [ 1, 129, 257, 289, 385 ] ], 
  [ 242, [ 1, 65, 129, 385, 833, 897 ] ], [261, [1,129]], [ 264, [ 1, 129, 2561 ] ] ];
