pds_list := [[196, [5, 42, 3, 14, 15, 37, 4, 19, 8, 46, 47, 48, 9, 28, 53, 63, 45, 60]],
[196, [5, 42, 3, 14, 15, 37, 4, 19, 8, 46, 47, 48, 27, 49, 53, 63, 59, 64]],
[196, [5, 42, 3, 14, 15, 37, 4, 19, 8, 46, 47, 48, 29, 51, 53, 63, 23, 44]],
[196, [5, 42, 3, 14, 15, 37, 4, 19, 8, 46, 47, 48, 50, 62, 53, 63, 43, 58]],
[196, [5, 42, 3, 14, 15, 37, 4, 19, 24, 25, 26, 61, 9, 28, 53, 63, 45, 60]],
[196, [5, 42, 3, 14, 15, 37, 4, 19, 24, 25, 26, 61, 27, 49, 53, 63, 59, 64]],
[196, [5, 42, 3, 14, 15, 37, 4, 19, 24, 25, 26, 61, 29, 51, 53, 63, 23, 44]],
[196, [5, 42, 3, 14, 15, 37, 4, 19, 24, 25, 26, 61, 50, 62, 53, 63, 43, 58]],
[196, [5, 42, 3, 14, 15, 37, 17, 40, 8, 46, 47, 48, 9, 28, 34, 55, 45, 60]],
[196, [5, 42, 3, 14, 15, 37, 17, 40, 8, 46, 47, 48, 27, 49, 34, 55, 59, 64]],
[196, [5, 42, 3, 14, 15, 37, 17, 40, 8, 46, 47, 48, 29, 51, 34, 55, 23, 44]],
[196, [5, 42, 3, 14, 15, 37, 17, 40, 8, 46, 47, 48, 50, 62, 34, 55, 43, 58]],
[196, [5, 42, 3, 14, 15, 37, 17, 40, 24, 25, 26, 61, 9, 28, 34, 55, 45, 60]],
[196, [5, 42, 3, 14, 15, 37, 17, 40, 24, 25, 26, 61, 27, 49, 34, 55, 59, 64]],
[196, [5, 42, 3, 14, 15, 37, 17, 40, 24, 25, 26, 61, 29, 51, 34, 55, 23, 44]],
[196, [5, 42, 3, 14, 15, 37, 17, 40, 24, 25, 26, 61, 50, 62, 34, 55, 43, 58]],
[196, [5, 42, 3, 14, 15, 37, 18, 41, 8, 46, 47, 48, 9, 28, 33, 54, 45, 60]],
[196, [5, 42, 3, 14, 15, 37, 18, 41, 8, 46, 47, 48, 27, 49, 33, 54, 59, 64]],
[196, [5, 42, 3, 14, 15, 37, 18, 41, 8, 46, 47, 48, 29, 51, 33, 54, 23, 44]],
[196, [5, 42, 3, 14, 15, 37, 18, 41, 8, 46, 47, 48, 50, 62, 33, 54, 43, 58]],
[196, [5, 42, 3, 14, 15, 37, 18, 41, 24, 25, 26, 61, 9, 28, 33, 54, 45, 60]],
[196, [5, 42, 3, 14, 15, 37, 18, 41, 24, 25, 26, 61, 27, 49, 33, 54, 59, 64]],
[196, [5, 42, 3, 14, 15, 37, 18, 41, 24, 25, 26, 61, 29, 51, 33, 54, 23, 44]],
[196, [5, 42, 3, 14, 15, 37, 18, 41, 24, 25, 26, 61, 50, 62, 33, 54, 43, 58]],
[196, [5, 42, 3, 14, 15, 37, 39, 57, 8, 46, 47, 48, 9, 28, 13, 35, 45, 60]],
[196, [5, 42, 3, 14, 15, 37, 39, 57, 8, 46, 47, 48, 27, 49, 13, 35, 59, 64]],
[196, [5, 42, 3, 14, 15, 37, 39, 57, 8, 46, 47, 48, 29, 51, 13, 35, 23, 44]],
[196, [5, 42, 3, 14, 15, 37, 39, 57, 8, 46, 47, 48, 50, 62, 13, 35, 43, 58]],
[196, [5, 42, 3, 14, 15, 37, 39, 57, 24, 25, 26, 61, 9, 28, 13, 35, 45, 60]],
[196, [5, 42, 3, 14, 15, 37, 39, 57, 24, 25, 26, 61, 27, 49, 13, 35, 59, 64]],
[196, [5, 42, 3, 14, 15, 37, 39, 57, 24, 25, 26, 61, 29, 51, 13, 35, 23, 44]],
[196, [5, 42, 3, 14, 15, 37, 39, 57, 24, 25, 26, 61, 50, 62, 13, 35, 43, 58]],
[196, [5, 42, 3, 14, 16, 36, 4, 19, 8, 46, 47, 48, 9, 28, 34, 55, 59, 64]],
[196, [5, 42, 3, 14, 16, 36, 4, 19, 8, 46, 47, 48, 27, 49, 34, 55, 45, 60]],
[196, [5, 42, 3, 14, 16, 36, 4, 19, 8, 46, 47, 48, 29, 51, 34, 55, 43, 58]],
[196, [5, 42, 3, 14, 16, 36, 4, 19, 8, 46, 47, 48, 50, 62, 34, 55, 23, 44]],
[196, [5, 42, 3, 14, 16, 36, 4, 19, 24, 25, 26, 61, 9, 28, 34, 55, 59, 64]],
[196, [5, 42, 3, 14, 16, 36, 4, 19, 24, 25, 26, 61, 27, 49, 34, 55, 45, 60]],
[196, [5, 42, 3, 14, 16, 36, 4, 19, 24, 25, 26, 61, 29, 51, 34, 55, 43, 58]],
[196, [5, 42, 3, 14, 16, 36, 4, 19, 24, 25, 26, 61, 50, 62, 34, 55, 23, 44]],
[196, [5, 42, 3, 14, 16, 36, 17, 40, 8, 46, 47, 48, 9, 28, 53, 63, 59, 64]],
[196, [5, 42, 3, 14, 16, 36, 17, 40, 8, 46, 47, 48, 27, 49, 53, 63, 45, 60]],
[196, [5, 42, 3, 14, 16, 36, 17, 40, 8, 46, 47, 48, 29, 51, 53, 63, 43, 58]],
[196, [5, 42, 3, 14, 16, 36, 17, 40, 8, 46, 47, 48, 50, 62, 53, 63, 23, 44]],
[196, [5, 42, 3, 14, 16, 36, 17, 40, 24, 25, 26, 61, 9, 28, 53, 63, 59, 64]],
[196, [5, 42, 3, 14, 16, 36, 17, 40, 24, 25, 26, 61, 27, 49, 53, 63, 45, 60]],
[196, [5, 42, 3, 14, 16, 36, 17, 40, 24, 25, 26, 61, 29, 51, 53, 63, 43, 58]],
[196, [5, 42, 3, 14, 16, 36, 17, 40, 24, 25, 26, 61, 50, 62, 53, 63, 23, 44]],
[196, [5, 42, 3, 14, 16, 36, 18, 41, 8, 46, 47, 48, 9, 28, 13, 35, 59, 64]],
[196, [5, 42, 3, 14, 16, 36, 18, 41, 8, 46, 47, 48, 27, 49, 13, 35, 45, 60]],
[196, [5, 42, 3, 14, 16, 36, 18, 41, 8, 46, 47, 48, 29, 51, 13, 35, 43, 58]],
[196, [5, 42, 3, 14, 16, 36, 18, 41, 8, 46, 47, 48, 50, 62, 13, 35, 23, 44]],
[196, [5, 42, 3, 14, 16, 36, 18, 41, 24, 25, 26, 61, 9, 28, 13, 35, 59, 64]],
[196, [5, 42, 3, 14, 16, 36, 18, 41, 24, 25, 26, 61, 27, 49, 13, 35, 45, 60]],
[196, [5, 42, 3, 14, 16, 36, 18, 41, 24, 25, 26, 61, 29, 51, 13, 35, 43, 58]],
[196, [5, 42, 3, 14, 16, 36, 18, 41, 24, 25, 26, 61, 50, 62, 13, 35, 23, 44]],
[196, [5, 42, 3, 14, 16, 36, 39, 57, 8, 46, 47, 48, 9, 28, 33, 54, 59, 64]],
[196, [5, 42, 3, 14, 16, 36, 39, 57, 8, 46, 47, 48, 27, 49, 33, 54, 45, 60]],
[196, [5, 42, 3, 14, 16, 36, 39, 57, 8, 46, 47, 48, 29, 51, 33, 54, 43, 58]],
[196, [5, 42, 3, 14, 16, 36, 39, 57, 8, 46, 47, 48, 50, 62, 33, 54, 23, 44]],
[196, [5, 42, 3, 14, 16, 36, 39, 57, 24, 25, 26, 61, 9, 28, 33, 54, 59, 64]],
[196, [5, 42, 3, 14, 16, 36, 39, 57, 24, 25, 26, 61, 27, 49, 33, 54, 45, 60]],
[196, [5, 42, 3, 14, 16, 36, 39, 57, 24, 25, 26, 61, 29, 51, 33, 54, 43, 58]],
[196, [5, 42, 3, 14, 16, 36, 39, 57, 24, 25, 26, 61, 50, 62, 33, 54, 23, 44]],
[196, [5, 42, 3, 15, 36, 56, 4, 19, 8, 46, 47, 48, 9, 28, 33, 54, 45, 60]],
[196, [5, 42, 3, 15, 36, 56, 4, 19, 8, 46, 47, 48, 27, 49, 33, 54, 59, 64]],
[196, [5, 42, 3, 15, 36, 56, 4, 19, 8, 46, 47, 48, 29, 51, 33, 54, 23, 44]],
[196, [5, 42, 3, 15, 36, 56, 4, 19, 8, 46, 47, 48, 50, 62, 33, 54, 43, 58]],
[196, [5, 42, 3, 15, 36, 56, 4, 19, 24, 25, 26, 61, 9, 28, 33, 54, 45, 60]],
[196, [5, 42, 3, 15, 36, 56, 4, 19, 24, 25, 26, 61, 27, 49, 33, 54, 59, 64]],
[196, [5, 42, 3, 15, 36, 56, 4, 19, 24, 25, 26, 61, 29, 51, 33, 54, 23, 44]],
[196, [5, 42, 3, 15, 36, 56, 4, 19, 24, 25, 26, 61, 50, 62, 33, 54, 43, 58]],
[196, [5, 42, 3, 15, 36, 56, 17, 40, 8, 46, 47, 48, 9, 28, 13, 35, 45, 60]],
[196, [5, 42, 3, 15, 36, 56, 17, 40, 8, 46, 47, 48, 27, 49, 13, 35, 59, 64]],
[196, [5, 42, 3, 15, 36, 56, 17, 40, 8, 46, 47, 48, 29, 51, 13, 35, 23, 44]],
[196, [5, 42, 3, 15, 36, 56, 17, 40, 8, 46, 47, 48, 50, 62, 13, 35, 43, 58]],
[196, [5, 42, 3, 15, 36, 56, 17, 40, 24, 25, 26, 61, 9, 28, 13, 35, 45, 60]],
[196, [5, 42, 3, 15, 36, 56, 17, 40, 24, 25, 26, 61, 27, 49, 13, 35, 59, 64]],
[196, [5, 42, 3, 15, 36, 56, 17, 40, 24, 25, 26, 61, 29, 51, 13, 35, 23, 44]],
[196, [5, 42, 3, 15, 36, 56, 17, 40, 24, 25, 26, 61, 50, 62, 13, 35, 43, 58]],
[196, [5, 42, 3, 15, 36, 56, 18, 41, 8, 46, 47, 48, 9, 28, 53, 63, 45, 60]],
[196, [5, 42, 3, 15, 36, 56, 18, 41, 8, 46, 47, 48, 27, 49, 53, 63, 59, 64]],
[196, [5, 42, 3, 15, 36, 56, 18, 41, 8, 46, 47, 48, 29, 51, 53, 63, 23, 44]],
[196, [5, 42, 3, 15, 36, 56, 18, 41, 8, 46, 47, 48, 50, 62, 53, 63, 43, 58]],
[196, [5, 42, 3, 15, 36, 56, 18, 41, 24, 25, 26, 61, 9, 28, 53, 63, 45, 60]],
[196, [5, 42, 3, 15, 36, 56, 18, 41, 24, 25, 26, 61, 27, 49, 53, 63, 59, 64]],
[196, [5, 42, 3, 15, 36, 56, 18, 41, 24, 25, 26, 61, 29, 51, 53, 63, 23, 44]],
[196, [5, 42, 3, 15, 36, 56, 18, 41, 24, 25, 26, 61, 50, 62, 53, 63, 43, 58]],
[196, [5, 42, 3, 15, 36, 56, 39, 57, 8, 46, 47, 48, 9, 28, 34, 55, 45, 60]],
[196, [5, 42, 3, 15, 36, 56, 39, 57, 8, 46, 47, 48, 27, 49, 34, 55, 59, 64]],
[196, [5, 42, 3, 15, 36, 56, 39, 57, 8, 46, 47, 48, 29, 51, 34, 55, 23, 44]],
[196, [5, 42, 3, 15, 36, 56, 39, 57, 8, 46, 47, 48, 50, 62, 34, 55, 43, 58]],
[196, [5, 42, 3, 15, 36, 56, 39, 57, 24, 25, 26, 61, 9, 28, 34, 55, 45, 60]],
[196, [5, 42, 3, 15, 36, 56, 39, 57, 24, 25, 26, 61, 27, 49, 34, 55, 59, 64]],
[196, [5, 42, 3, 15, 36, 56, 39, 57, 24, 25, 26, 61, 29, 51, 34, 55, 23, 44]],
[196, [5, 42, 3, 15, 36, 56, 39, 57, 24, 25, 26, 61, 50, 62, 34, 55, 43, 58]],
[196, [5, 42, 3, 16, 37, 56, 4, 19, 8, 46, 47, 48, 9, 28, 34, 55, 43, 58]],
[196, [5, 42, 3, 16, 37, 56, 4, 19, 8, 46, 47, 48, 27, 49, 34, 55, 23, 44]],
[196, [5, 42, 3, 16, 37, 56, 4, 19, 8, 46, 47, 48, 29, 51, 34, 55, 59, 64]],
[196, [5, 42, 3, 16, 37, 56, 4, 19, 8, 46, 47, 48, 50, 62, 34, 55, 45, 60]],
[196, [5, 42, 3, 16, 37, 56, 4, 19, 24, 25, 26, 61, 9, 28, 34, 55, 43, 58]],
[196, [5, 42, 3, 16, 37, 56, 4, 19, 24, 25, 26, 61, 27, 49, 34, 55, 23, 44]],
[196, [5, 42, 3, 16, 37, 56, 4, 19, 24, 25, 26, 61, 29, 51, 34, 55, 59, 64]],
[196, [5, 42, 3, 16, 37, 56, 4, 19, 24, 25, 26, 61, 50, 62, 34, 55, 45, 60]],
[196, [5, 42, 3, 16, 37, 56, 17, 40, 8, 46, 47, 48, 9, 28, 53, 63, 43, 58]],
[196, [5, 42, 3, 16, 37, 56, 17, 40, 8, 46, 47, 48, 27, 49, 53, 63, 23, 44]],
[196, [5, 42, 3, 16, 37, 56, 17, 40, 8, 46, 47, 48, 29, 51, 53, 63, 59, 64]],
[196, [5, 42, 3, 16, 37, 56, 17, 40, 8, 46, 47, 48, 50, 62, 53, 63, 45, 60]],
[196, [5, 42, 3, 16, 37, 56, 17, 40, 24, 25, 26, 61, 9, 28, 53, 63, 43, 58]],
[196, [5, 42, 3, 16, 37, 56, 17, 40, 24, 25, 26, 61, 27, 49, 53, 63, 23, 44]],
[196, [5, 42, 3, 16, 37, 56, 17, 40, 24, 25, 26, 61, 29, 51, 53, 63, 59, 64]],
[196, [5, 42, 3, 16, 37, 56, 17, 40, 24, 25, 26, 61, 50, 62, 53, 63, 45, 60]],
[196, [5, 42, 3, 16, 37, 56, 18, 41, 8, 46, 47, 48, 9, 28, 13, 35, 43, 58]],
[196, [5, 42, 3, 16, 37, 56, 18, 41, 8, 46, 47, 48, 27, 49, 13, 35, 23, 44]],
[196, [5, 42, 3, 16, 37, 56, 18, 41, 8, 46, 47, 48, 29, 51, 13, 35, 59, 64]],
[196, [5, 42, 3, 16, 37, 56, 18, 41, 8, 46, 47, 48, 50, 62, 13, 35, 45, 60]],
[196, [5, 42, 3, 16, 37, 56, 18, 41, 24, 25, 26, 61, 9, 28, 13, 35, 43, 58]],
[196, [5, 42, 3, 16, 37, 56, 18, 41, 24, 25, 26, 61, 27, 49, 13, 35, 23, 44]],
[196, [5, 42, 3, 16, 37, 56, 18, 41, 24, 25, 26, 61, 29, 51, 13, 35, 59, 64]],
[196, [5, 42, 3, 16, 37, 56, 18, 41, 24, 25, 26, 61, 50, 62, 13, 35, 45, 60]],
[196, [5, 42, 3, 16, 37, 56, 39, 57, 8, 46, 47, 48, 9, 28, 33, 54, 43, 58]],
[196, [5, 42, 3, 16, 37, 56, 39, 57, 8, 46, 47, 48, 27, 49, 33, 54, 23, 44]],
[196, [5, 42, 3, 16, 37, 56, 39, 57, 8, 46, 47, 48, 29, 51, 33, 54, 59, 64]],
[196, [5, 42, 3, 16, 37, 56, 39, 57, 8, 46, 47, 48, 50, 62, 33, 54, 45, 60]],
[196, [5, 42, 3, 16, 37, 56, 39, 57, 24, 25, 26, 61, 9, 28, 33, 54, 43, 58]],
[196, [5, 42, 3, 16, 37, 56, 39, 57, 24, 25, 26, 61, 27, 49, 33, 54, 23, 44]],
[196, [5, 42, 3, 16, 37, 56, 39, 57, 24, 25, 26, 61, 29, 51, 33, 54, 59, 64]],
[196, [5, 42, 3, 16, 37, 56, 39, 57, 24, 25, 26, 61, 50, 62, 33, 54, 45, 60]],
[196, [5, 42, 14, 15, 36, 38, 4, 19, 8, 46, 47, 48, 9, 28, 13, 35, 59, 64]],
[196, [5, 42, 14, 15, 36, 38, 4, 19, 8, 46, 47, 48, 27, 49, 13, 35, 45, 60]],
[196, [5, 42, 14, 15, 36, 38, 4, 19, 8, 46, 47, 48, 29, 51, 13, 35, 43, 58]],
[196, [5, 42, 14, 15, 36, 38, 4, 19, 8, 46, 47, 48, 50, 62, 13, 35, 23, 44]],
[196, [5, 42, 14, 15, 36, 38, 4, 19, 24, 25, 26, 61, 9, 28, 13, 35, 59, 64]],
[196, [5, 42, 14, 15, 36, 38, 4, 19, 24, 25, 26, 61, 27, 49, 13, 35, 45, 60]],
[196, [5, 42, 14, 15, 36, 38, 4, 19, 24, 25, 26, 61, 29, 51, 13, 35, 43, 58]],
[196, [5, 42, 14, 15, 36, 38, 4, 19, 24, 25, 26, 61, 50, 62, 13, 35, 23, 44]],
[196, [5, 42, 14, 15, 36, 38, 17, 40, 8, 46, 47, 48, 9, 28, 33, 54, 59, 64]],
[196, [5, 42, 14, 15, 36, 38, 17, 40, 8, 46, 47, 48, 27, 49, 33, 54, 45, 60]],
[196, [5, 42, 14, 15, 36, 38, 17, 40, 8, 46, 47, 48, 29, 51, 33, 54, 43, 58]],
[196, [5, 42, 14, 15, 36, 38, 17, 40, 8, 46, 47, 48, 50, 62, 33, 54, 23, 44]],
[196, [5, 42, 14, 15, 36, 38, 17, 40, 24, 25, 26, 61, 9, 28, 33, 54, 59, 64]],
[196, [5, 42, 14, 15, 36, 38, 17, 40, 24, 25, 26, 61, 27, 49, 33, 54, 45, 60]],
[196, [5, 42, 14, 15, 36, 38, 17, 40, 24, 25, 26, 61, 29, 51, 33, 54, 43, 58]],
[196, [5, 42, 14, 15, 36, 38, 17, 40, 24, 25, 26, 61, 50, 62, 33, 54, 23, 44]],
[196, [5, 42, 14, 15, 36, 38, 18, 41, 8, 46, 47, 48, 9, 28, 34, 55, 59, 64]],
[196, [5, 42, 14, 15, 36, 38, 18, 41, 8, 46, 47, 48, 27, 49, 34, 55, 45, 60]],
[196, [5, 42, 14, 15, 36, 38, 18, 41, 8, 46, 47, 48, 29, 51, 34, 55, 43, 58]],
[196, [5, 42, 14, 15, 36, 38, 18, 41, 8, 46, 47, 48, 50, 62, 34, 55, 23, 44]],
[196, [5, 42, 14, 15, 36, 38, 18, 41, 24, 25, 26, 61, 9, 28, 34, 55, 59, 64]],
[196, [5, 42, 14, 15, 36, 38, 18, 41, 24, 25, 26, 61, 27, 49, 34, 55, 45, 60]],
[196, [5, 42, 14, 15, 36, 38, 18, 41, 24, 25, 26, 61, 29, 51, 34, 55, 43, 58]],
[196, [5, 42, 14, 15, 36, 38, 18, 41, 24, 25, 26, 61, 50, 62, 34, 55, 23, 44]],
[196, [5, 42, 14, 15, 36, 38, 39, 57, 8, 46, 47, 48, 9, 28, 53, 63, 59, 64]],
[196, [5, 42, 14, 15, 36, 38, 39, 57, 8, 46, 47, 48, 27, 49, 53, 63, 45, 60]],
[196, [5, 42, 14, 15, 36, 38, 39, 57, 8, 46, 47, 48, 29, 51, 53, 63, 43, 58]],
[196, [5, 42, 14, 15, 36, 38, 39, 57, 8, 46, 47, 48, 50, 62, 53, 63, 23, 44]],
[196, [5, 42, 14, 15, 36, 38, 39, 57, 24, 25, 26, 61, 9, 28, 53, 63, 59, 64]],
[196, [5, 42, 14, 15, 36, 38, 39, 57, 24, 25, 26, 61, 27, 49, 53, 63, 45, 60]],
[196, [5, 42, 14, 15, 36, 38, 39, 57, 24, 25, 26, 61, 29, 51, 53, 63, 43, 58]],
[196, [5, 42, 14, 15, 36, 38, 39, 57, 24, 25, 26, 61, 50, 62, 53, 63, 23, 44]],
[196, [5, 42, 14, 16, 37, 38, 4, 19, 8, 46, 47, 48, 9, 28, 53, 63, 23, 44]],
[196, [5, 42, 14, 16, 37, 38, 4, 19, 8, 46, 47, 48, 27, 49, 53, 63, 43, 58]],
[196, [5, 42, 14, 16, 37, 38, 4, 19, 8, 46, 47, 48, 29, 51, 53, 63, 45, 60]],
[196, [5, 42, 14, 16, 37, 38, 4, 19, 8, 46, 47, 48, 50, 62, 53, 63, 59, 64]],
[196, [5, 42, 14, 16, 37, 38, 4, 19, 24, 25, 26, 61, 9, 28, 53, 63, 23, 44]],
[196, [5, 42, 14, 16, 37, 38, 4, 19, 24, 25, 26, 61, 27, 49, 53, 63, 43, 58]],
[196, [5, 42, 14, 16, 37, 38, 4, 19, 24, 25, 26, 61, 29, 51, 53, 63, 45, 60]],
[196, [5, 42, 14, 16, 37, 38, 4, 19, 24, 25, 26, 61, 50, 62, 53, 63, 59, 64]],
[196, [5, 42, 14, 16, 37, 38, 17, 40, 8, 46, 47, 48, 9, 28, 34, 55, 23, 44]],
[196, [5, 42, 14, 16, 37, 38, 17, 40, 8, 46, 47, 48, 27, 49, 34, 55, 43, 58]],
[196, [5, 42, 14, 16, 37, 38, 17, 40, 8, 46, 47, 48, 29, 51, 34, 55, 45, 60]],
[196, [5, 42, 14, 16, 37, 38, 17, 40, 8, 46, 47, 48, 50, 62, 34, 55, 59, 64]],
[196, [5, 42, 14, 16, 37, 38, 17, 40, 24, 25, 26, 61, 9, 28, 34, 55, 23, 44]],
[196, [5, 42, 14, 16, 37, 38, 17, 40, 24, 25, 26, 61, 27, 49, 34, 55, 43, 58]],
[196, [5, 42, 14, 16, 37, 38, 17, 40, 24, 25, 26, 61, 29, 51, 34, 55, 45, 60]],
[196, [5, 42, 14, 16, 37, 38, 17, 40, 24, 25, 26, 61, 50, 62, 34, 55, 59, 64]],
[196, [5, 42, 14, 16, 37, 38, 18, 41, 8, 46, 47, 48, 9, 28, 33, 54, 23, 44]],
[196, [5, 42, 14, 16, 37, 38, 18, 41, 8, 46, 47, 48, 27, 49, 33, 54, 43, 58]],
[196, [5, 42, 14, 16, 37, 38, 18, 41, 8, 46, 47, 48, 29, 51, 33, 54, 45, 60]],
[196, [5, 42, 14, 16, 37, 38, 18, 41, 8, 46, 47, 48, 50, 62, 33, 54, 59, 64]],
[196, [5, 42, 14, 16, 37, 38, 18, 41, 24, 25, 26, 61, 9, 28, 33, 54, 23, 44]],
[196, [5, 42, 14, 16, 37, 38, 18, 41, 24, 25, 26, 61, 27, 49, 33, 54, 43, 58]],
[196, [5, 42, 14, 16, 37, 38, 18, 41, 24, 25, 26, 61, 29, 51, 33, 54, 45, 60]],
[196, [5, 42, 14, 16, 37, 38, 18, 41, 24, 25, 26, 61, 50, 62, 33, 54, 59, 64]],
[196, [5, 42, 14, 16, 37, 38, 39, 57, 8, 46, 47, 48, 9, 28, 13, 35, 23, 44]],
[196, [5, 42, 14, 16, 37, 38, 39, 57, 8, 46, 47, 48, 27, 49, 13, 35, 43, 58]],
[196, [5, 42, 14, 16, 37, 38, 39, 57, 8, 46, 47, 48, 29, 51, 13, 35, 45, 60]],
[196, [5, 42, 14, 16, 37, 38, 39, 57, 8, 46, 47, 48, 50, 62, 13, 35, 59, 64]],
[196, [5, 42, 14, 16, 37, 38, 39, 57, 24, 25, 26, 61, 9, 28, 13, 35, 23, 44]],
[196, [5, 42, 14, 16, 37, 38, 39, 57, 24, 25, 26, 61, 27, 49, 13, 35, 43, 58]],
[196, [5, 42, 14, 16, 37, 38, 39, 57, 24, 25, 26, 61, 29, 51, 13, 35, 45, 60]],
[196, [5, 42, 14, 16, 37, 38, 39, 57, 24, 25, 26, 61, 50, 62, 13, 35, 59, 64]],
[196, [5, 42, 15, 37, 38, 56, 4, 19, 8, 46, 47, 48, 9, 28, 13, 35, 43, 58]],
[196, [5, 42, 15, 37, 38, 56, 4, 19, 8, 46, 47, 48, 27, 49, 13, 35, 23, 44]],
[196, [5, 42, 15, 37, 38, 56, 4, 19, 8, 46, 47, 48, 29, 51, 13, 35, 59, 64]],
[196, [5, 42, 15, 37, 38, 56, 4, 19, 8, 46, 47, 48, 50, 62, 13, 35, 45, 60]],
[196, [5, 42, 15, 37, 38, 56, 4, 19, 24, 25, 26, 61, 9, 28, 13, 35, 43, 58]],
[196, [5, 42, 15, 37, 38, 56, 4, 19, 24, 25, 26, 61, 27, 49, 13, 35, 23, 44]],
[196, [5, 42, 15, 37, 38, 56, 4, 19, 24, 25, 26, 61, 29, 51, 13, 35, 59, 64]],
[196, [5, 42, 15, 37, 38, 56, 4, 19, 24, 25, 26, 61, 50, 62, 13, 35, 45, 60]],
[196, [5, 42, 15, 37, 38, 56, 17, 40, 8, 46, 47, 48, 9, 28, 33, 54, 43, 58]],
[196, [5, 42, 15, 37, 38, 56, 17, 40, 8, 46, 47, 48, 27, 49, 33, 54, 23, 44]],
[196, [5, 42, 15, 37, 38, 56, 17, 40, 8, 46, 47, 48, 29, 51, 33, 54, 59, 64]],
[196, [5, 42, 15, 37, 38, 56, 17, 40, 8, 46, 47, 48, 50, 62, 33, 54, 45, 60]],
[196, [5, 42, 15, 37, 38, 56, 17, 40, 24, 25, 26, 61, 9, 28, 33, 54, 43, 58]],
[196, [5, 42, 15, 37, 38, 56, 17, 40, 24, 25, 26, 61, 27, 49, 33, 54, 23, 44]],
[196, [5, 42, 15, 37, 38, 56, 17, 40, 24, 25, 26, 61, 29, 51, 33, 54, 59, 64]],
[196, [5, 42, 15, 37, 38, 56, 17, 40, 24, 25, 26, 61, 50, 62, 33, 54, 45, 60]],
[196, [5, 42, 15, 37, 38, 56, 18, 41, 8, 46, 47, 48, 9, 28, 34, 55, 43, 58]],
[196, [5, 42, 15, 37, 38, 56, 18, 41, 8, 46, 47, 48, 27, 49, 34, 55, 23, 44]],
[196, [5, 42, 15, 37, 38, 56, 18, 41, 8, 46, 47, 48, 29, 51, 34, 55, 59, 64]],
[196, [5, 42, 15, 37, 38, 56, 18, 41, 8, 46, 47, 48, 50, 62, 34, 55, 45, 60]],
[196, [5, 42, 15, 37, 38, 56, 18, 41, 24, 25, 26, 61, 9, 28, 34, 55, 43, 58]],
[196, [5, 42, 15, 37, 38, 56, 18, 41, 24, 25, 26, 61, 27, 49, 34, 55, 23, 44]],
[196, [5, 42, 15, 37, 38, 56, 18, 41, 24, 25, 26, 61, 29, 51, 34, 55, 59, 64]],
[196, [5, 42, 15, 37, 38, 56, 18, 41, 24, 25, 26, 61, 50, 62, 34, 55, 45, 60]],
[196, [5, 42, 15, 37, 38, 56, 39, 57, 8, 46, 47, 48, 9, 28, 53, 63, 43, 58]],
[196, [5, 42, 15, 37, 38, 56, 39, 57, 8, 46, 47, 48, 27, 49, 53, 63, 23, 44]],
[196, [5, 42, 15, 37, 38, 56, 39, 57, 8, 46, 47, 48, 29, 51, 53, 63, 59, 64]],
[196, [5, 42, 15, 37, 38, 56, 39, 57, 8, 46, 47, 48, 50, 62, 53, 63, 45, 60]],
[196, [5, 42, 15, 37, 38, 56, 39, 57, 24, 25, 26, 61, 9, 28, 53, 63, 43, 58]],
[196, [5, 42, 15, 37, 38, 56, 39, 57, 24, 25, 26, 61, 27, 49, 53, 63, 23, 44]],
[196, [5, 42, 15, 37, 38, 56, 39, 57, 24, 25, 26, 61, 29, 51, 53, 63, 59, 64]],
[196, [5, 42, 15, 37, 38, 56, 39, 57, 24, 25, 26, 61, 50, 62, 53, 63, 45, 60]],
[196, [5, 42, 16, 36, 38, 56, 4, 19, 8, 46, 47, 48, 9, 28, 33, 54, 23, 44]],
[196, [5, 42, 16, 36, 38, 56, 4, 19, 8, 46, 47, 48, 27, 49, 33, 54, 43, 58]],
[196, [5, 42, 16, 36, 38, 56, 4, 19, 8, 46, 47, 48, 29, 51, 33, 54, 45, 60]],
[196, [5, 42, 16, 36, 38, 56, 4, 19, 8, 46, 47, 48, 50, 62, 33, 54, 59, 64]],
[196, [5, 42, 16, 36, 38, 56, 4, 19, 24, 25, 26, 61, 9, 28, 33, 54, 23, 44]],
[196, [5, 42, 16, 36, 38, 56, 4, 19, 24, 25, 26, 61, 27, 49, 33, 54, 43, 58]],
[196, [5, 42, 16, 36, 38, 56, 4, 19, 24, 25, 26, 61, 29, 51, 33, 54, 45, 60]],
[196, [5, 42, 16, 36, 38, 56, 4, 19, 24, 25, 26, 61, 50, 62, 33, 54, 59, 64]],
[196, [5, 42, 16, 36, 38, 56, 17, 40, 8, 46, 47, 48, 9, 28, 13, 35, 23, 44]],
[196, [5, 42, 16, 36, 38, 56, 17, 40, 8, 46, 47, 48, 27, 49, 13, 35, 43, 58]],
[196, [5, 42, 16, 36, 38, 56, 17, 40, 8, 46, 47, 48, 29, 51, 13, 35, 45, 60]],
[196, [5, 42, 16, 36, 38, 56, 17, 40, 8, 46, 47, 48, 50, 62, 13, 35, 59, 64]],
[196, [5, 42, 16, 36, 38, 56, 17, 40, 24, 25, 26, 61, 9, 28, 13, 35, 23, 44]],
[196, [5, 42, 16, 36, 38, 56, 17, 40, 24, 25, 26, 61, 27, 49, 13, 35, 43, 58]],
[196, [5, 42, 16, 36, 38, 56, 17, 40, 24, 25, 26, 61, 29, 51, 13, 35, 45, 60]],
[196, [5, 42, 16, 36, 38, 56, 17, 40, 24, 25, 26, 61, 50, 62, 13, 35, 59, 64]],
[196, [5, 42, 16, 36, 38, 56, 18, 41, 8, 46, 47, 48, 9, 28, 53, 63, 23, 44]],
[196, [5, 42, 16, 36, 38, 56, 18, 41, 8, 46, 47, 48, 27, 49, 53, 63, 43, 58]],
[196, [5, 42, 16, 36, 38, 56, 18, 41, 8, 46, 47, 48, 29, 51, 53, 63, 45, 60]],
[196, [5, 42, 16, 36, 38, 56, 18, 41, 8, 46, 47, 48, 50, 62, 53, 63, 59, 64]],
[196, [5, 42, 16, 36, 38, 56, 18, 41, 24, 25, 26, 61, 9, 28, 53, 63, 23, 44]],
[196, [5, 42, 16, 36, 38, 56, 18, 41, 24, 25, 26, 61, 27, 49, 53, 63, 43, 58]],
[196, [5, 42, 16, 36, 38, 56, 18, 41, 24, 25, 26, 61, 29, 51, 53, 63, 45, 60]],
[196, [5, 42, 16, 36, 38, 56, 18, 41, 24, 25, 26, 61, 50, 62, 53, 63, 59, 64]],
[196, [5, 42, 16, 36, 38, 56, 39, 57, 8, 46, 47, 48, 9, 28, 34, 55, 23, 44]],
[196, [5, 42, 16, 36, 38, 56, 39, 57, 8, 46, 47, 48, 27, 49, 34, 55, 43, 58]],
[196, [5, 42, 16, 36, 38, 56, 39, 57, 8, 46, 47, 48, 29, 51, 34, 55, 45, 60]],
[196, [5, 42, 16, 36, 38, 56, 39, 57, 8, 46, 47, 48, 50, 62, 34, 55, 59, 64]],
[196, [5, 42, 16, 36, 38, 56, 39, 57, 24, 25, 26, 61, 9, 28, 34, 55, 23, 44]],
[196, [5, 42, 16, 36, 38, 56, 39, 57, 24, 25, 26, 61, 27, 49, 34, 55, 43, 58]],
[196, [5, 42, 16, 36, 38, 56, 39, 57, 24, 25, 26, 61, 29, 51, 34, 55, 45, 60]],
[196, [5, 42, 16, 36, 38, 56, 39, 57, 24, 25, 26, 61, 50, 62, 34, 55, 59, 64]],
[196, [20, 21, 3, 14, 15, 37, 4, 19, 8, 24, 48, 61, 9, 28, 53, 63, 45, 60]],
[196, [20, 21, 3, 14, 15, 37, 4, 19, 8, 24, 48, 61, 27, 49, 53, 63, 59, 64]],
[196, [20, 21, 3, 14, 15, 37, 4, 19, 8, 24, 48, 61, 29, 51, 53, 63, 23, 44]],
[196, [20, 21, 3, 14, 15, 37, 4, 19, 8, 24, 48, 61, 50, 62, 53, 63, 43, 58]],
[196, [20, 21, 3, 14, 15, 37, 4, 19, 25, 26, 46, 47, 9, 28, 53, 63, 45, 60]],
[196, [20, 21, 3, 14, 15, 37, 4, 19, 25, 26, 46, 47, 27, 49, 53, 63, 59, 64]],
[196, [20, 21, 3, 14, 15, 37, 4, 19, 25, 26, 46, 47, 29, 51, 53, 63, 23, 44]],
[196, [20, 21, 3, 14, 15, 37, 4, 19, 25, 26, 46, 47, 50, 62, 53, 63, 43, 58]],
[196, [20, 21, 3, 14, 15, 37, 17, 40, 8, 24, 48, 61, 9, 28, 34, 55, 45, 60]],
[196, [20, 21, 3, 14, 15, 37, 17, 40, 8, 24, 48, 61, 27, 49, 34, 55, 59, 64]],
[196, [20, 21, 3, 14, 15, 37, 17, 40, 8, 24, 48, 61, 29, 51, 34, 55, 23, 44]],
[196, [20, 21, 3, 14, 15, 37, 17, 40, 8, 24, 48, 61, 50, 62, 34, 55, 43, 58]],
[196, [20, 21, 3, 14, 15, 37, 17, 40, 25, 26, 46, 47, 9, 28, 34, 55, 45, 60]],
[196, [20, 21, 3, 14, 15, 37, 17, 40, 25, 26, 46, 47, 27, 49, 34, 55, 59, 64]],
[196, [20, 21, 3, 14, 15, 37, 17, 40, 25, 26, 46, 47, 29, 51, 34, 55, 23, 44]],
[196, [20, 21, 3, 14, 15, 37, 17, 40, 25, 26, 46, 47, 50, 62, 34, 55, 43, 58]],
[196, [20, 21, 3, 14, 15, 37, 18, 41, 8, 24, 48, 61, 9, 28, 33, 54, 45, 60]],
[196, [20, 21, 3, 14, 15, 37, 18, 41, 8, 24, 48, 61, 27, 49, 33, 54, 59, 64]],
[196, [20, 21, 3, 14, 15, 37, 18, 41, 8, 24, 48, 61, 29, 51, 33, 54, 23, 44]],
[196, [20, 21, 3, 14, 15, 37, 18, 41, 8, 24, 48, 61, 50, 62, 33, 54, 43, 58]],
[196, [20, 21, 3, 14, 15, 37, 18, 41, 25, 26, 46, 47, 9, 28, 33, 54, 45, 60]],
[196, [20, 21, 3, 14, 15, 37, 18, 41, 25, 26, 46, 47, 27, 49, 33, 54, 59, 64]],
[196, [20, 21, 3, 14, 15, 37, 18, 41, 25, 26, 46, 47, 29, 51, 33, 54, 23, 44]],
[196, [20, 21, 3, 14, 15, 37, 18, 41, 25, 26, 46, 47, 50, 62, 33, 54, 43, 58]],
[196, [20, 21, 3, 14, 15, 37, 39, 57, 8, 24, 48, 61, 9, 28, 13, 35, 45, 60]],
[196, [20, 21, 3, 14, 15, 37, 39, 57, 8, 24, 48, 61, 27, 49, 13, 35, 59, 64]],
[196, [20, 21, 3, 14, 15, 37, 39, 57, 8, 24, 48, 61, 29, 51, 13, 35, 23, 44]],
[196, [20, 21, 3, 14, 15, 37, 39, 57, 8, 24, 48, 61, 50, 62, 13, 35, 43, 58]],
[196, [20, 21, 3, 14, 15, 37, 39, 57, 25, 26, 46, 47, 9, 28, 13, 35, 45, 60]],
[196, [20, 21, 3, 14, 15, 37, 39, 57, 25, 26, 46, 47, 27, 49, 13, 35, 59, 64]],
[196, [20, 21, 3, 14, 15, 37, 39, 57, 25, 26, 46, 47, 29, 51, 13, 35, 23, 44]],
[196, [20, 21, 3, 14, 15, 37, 39, 57, 25, 26, 46, 47, 50, 62, 13, 35, 43, 58]],
[196, [20, 21, 3, 14, 16, 36, 4, 19, 8, 24, 48, 61, 9, 28, 34, 55, 59, 64]],
[196, [20, 21, 3, 14, 16, 36, 4, 19, 8, 24, 48, 61, 27, 49, 34, 55, 45, 60]],
[196, [20, 21, 3, 14, 16, 36, 4, 19, 8, 24, 48, 61, 29, 51, 34, 55, 43, 58]],
[196, [20, 21, 3, 14, 16, 36, 4, 19, 8, 24, 48, 61, 50, 62, 34, 55, 23, 44]],
[196, [20, 21, 3, 14, 16, 36, 4, 19, 25, 26, 46, 47, 9, 28, 34, 55, 59, 64]],
[196, [20, 21, 3, 14, 16, 36, 4, 19, 25, 26, 46, 47, 27, 49, 34, 55, 45, 60]],
[196, [20, 21, 3, 14, 16, 36, 4, 19, 25, 26, 46, 47, 29, 51, 34, 55, 43, 58]],
[196, [20, 21, 3, 14, 16, 36, 4, 19, 25, 26, 46, 47, 50, 62, 34, 55, 23, 44]],
[196, [20, 21, 3, 14, 16, 36, 17, 40, 8, 24, 48, 61, 9, 28, 53, 63, 59, 64]],
[196, [20, 21, 3, 14, 16, 36, 17, 40, 8, 24, 48, 61, 27, 49, 53, 63, 45, 60]],
[196, [20, 21, 3, 14, 16, 36, 17, 40, 8, 24, 48, 61, 29, 51, 53, 63, 43, 58]],
[196, [20, 21, 3, 14, 16, 36, 17, 40, 8, 24, 48, 61, 50, 62, 53, 63, 23, 44]],
[196, [20, 21, 3, 14, 16, 36, 17, 40, 25, 26, 46, 47, 9, 28, 53, 63, 59, 64]],
[196, [20, 21, 3, 14, 16, 36, 17, 40, 25, 26, 46, 47, 27, 49, 53, 63, 45, 60]],
[196, [20, 21, 3, 14, 16, 36, 17, 40, 25, 26, 46, 47, 29, 51, 53, 63, 43, 58]],
[196, [20, 21, 3, 14, 16, 36, 17, 40, 25, 26, 46, 47, 50, 62, 53, 63, 23, 44]],
[196, [20, 21, 3, 14, 16, 36, 18, 41, 8, 24, 48, 61, 9, 28, 13, 35, 59, 64]],
[196, [20, 21, 3, 14, 16, 36, 18, 41, 8, 24, 48, 61, 27, 49, 13, 35, 45, 60]],
[196, [20, 21, 3, 14, 16, 36, 18, 41, 8, 24, 48, 61, 29, 51, 13, 35, 43, 58]],
[196, [20, 21, 3, 14, 16, 36, 18, 41, 8, 24, 48, 61, 50, 62, 13, 35, 23, 44]],
[196, [20, 21, 3, 14, 16, 36, 18, 41, 25, 26, 46, 47, 9, 28, 13, 35, 59, 64]],
[196, [20, 21, 3, 14, 16, 36, 18, 41, 25, 26, 46, 47, 27, 49, 13, 35, 45, 60]],
[196, [20, 21, 3, 14, 16, 36, 18, 41, 25, 26, 46, 47, 29, 51, 13, 35, 43, 58]],
[196, [20, 21, 3, 14, 16, 36, 18, 41, 25, 26, 46, 47, 50, 62, 13, 35, 23, 44]],
[196, [20, 21, 3, 14, 16, 36, 39, 57, 8, 24, 48, 61, 9, 28, 33, 54, 59, 64]],
[196, [20, 21, 3, 14, 16, 36, 39, 57, 8, 24, 48, 61, 27, 49, 33, 54, 45, 60]],
[196, [20, 21, 3, 14, 16, 36, 39, 57, 8, 24, 48, 61, 29, 51, 33, 54, 43, 58]],
[196, [20, 21, 3, 14, 16, 36, 39, 57, 8, 24, 48, 61, 50, 62, 33, 54, 23, 44]],
[196, [20, 21, 3, 14, 16, 36, 39, 57, 25, 26, 46, 47, 9, 28, 33, 54, 59, 64]],
[196, [20, 21, 3, 14, 16, 36, 39, 57, 25, 26, 46, 47, 27, 49, 33, 54, 45, 60]],
[196, [20, 21, 3, 14, 16, 36, 39, 57, 25, 26, 46, 47, 29, 51, 33, 54, 43, 58]],
[196, [20, 21, 3, 14, 16, 36, 39, 57, 25, 26, 46, 47, 50, 62, 33, 54, 23, 44]],
[196, [20, 21, 3, 15, 36, 56, 4, 19, 8, 24, 48, 61, 9, 28, 33, 54, 45, 60]],
[196, [20, 21, 3, 15, 36, 56, 4, 19, 8, 24, 48, 61, 27, 49, 33, 54, 59, 64]],
[196, [20, 21, 3, 15, 36, 56, 4, 19, 8, 24, 48, 61, 29, 51, 33, 54, 23, 44]],
[196, [20, 21, 3, 15, 36, 56, 4, 19, 8, 24, 48, 61, 50, 62, 33, 54, 43, 58]],
[196, [20, 21, 3, 15, 36, 56, 4, 19, 25, 26, 46, 47, 9, 28, 33, 54, 45, 60]],
[196, [20, 21, 3, 15, 36, 56, 4, 19, 25, 26, 46, 47, 27, 49, 33, 54, 59, 64]],
[196, [20, 21, 3, 15, 36, 56, 4, 19, 25, 26, 46, 47, 29, 51, 33, 54, 23, 44]],
[196, [20, 21, 3, 15, 36, 56, 4, 19, 25, 26, 46, 47, 50, 62, 33, 54, 43, 58]],
[196, [20, 21, 3, 15, 36, 56, 17, 40, 8, 24, 48, 61, 9, 28, 13, 35, 45, 60]],
[196, [20, 21, 3, 15, 36, 56, 17, 40, 8, 24, 48, 61, 27, 49, 13, 35, 59, 64]],
[196, [20, 21, 3, 15, 36, 56, 17, 40, 8, 24, 48, 61, 29, 51, 13, 35, 23, 44]],
[196, [20, 21, 3, 15, 36, 56, 17, 40, 8, 24, 48, 61, 50, 62, 13, 35, 43, 58]],
[196, [20, 21, 3, 15, 36, 56, 17, 40, 25, 26, 46, 47, 9, 28, 13, 35, 45, 60]],
[196, [20, 21, 3, 15, 36, 56, 17, 40, 25, 26, 46, 47, 27, 49, 13, 35, 59, 64]],
[196, [20, 21, 3, 15, 36, 56, 17, 40, 25, 26, 46, 47, 29, 51, 13, 35, 23, 44]],
[196, [20, 21, 3, 15, 36, 56, 17, 40, 25, 26, 46, 47, 50, 62, 13, 35, 43, 58]],
[196, [20, 21, 3, 15, 36, 56, 18, 41, 8, 24, 48, 61, 9, 28, 53, 63, 45, 60]],
[196, [20, 21, 3, 15, 36, 56, 18, 41, 8, 24, 48, 61, 27, 49, 53, 63, 59, 64]],
[196, [20, 21, 3, 15, 36, 56, 18, 41, 8, 24, 48, 61, 29, 51, 53, 63, 23, 44]],
[196, [20, 21, 3, 15, 36, 56, 18, 41, 8, 24, 48, 61, 50, 62, 53, 63, 43, 58]],
[196, [20, 21, 3, 15, 36, 56, 18, 41, 25, 26, 46, 47, 9, 28, 53, 63, 45, 60]],
[196, [20, 21, 3, 15, 36, 56, 18, 41, 25, 26, 46, 47, 27, 49, 53, 63, 59, 64]],
[196, [20, 21, 3, 15, 36, 56, 18, 41, 25, 26, 46, 47, 29, 51, 53, 63, 23, 44]],
[196, [20, 21, 3, 15, 36, 56, 18, 41, 25, 26, 46, 47, 50, 62, 53, 63, 43, 58]],
[196, [20, 21, 3, 15, 36, 56, 39, 57, 8, 24, 48, 61, 9, 28, 34, 55, 45, 60]],
[196, [20, 21, 3, 15, 36, 56, 39, 57, 8, 24, 48, 61, 27, 49, 34, 55, 59, 64]],
[196, [20, 21, 3, 15, 36, 56, 39, 57, 8, 24, 48, 61, 29, 51, 34, 55, 23, 44]],
[196, [20, 21, 3, 15, 36, 56, 39, 57, 8, 24, 48, 61, 50, 62, 34, 55, 43, 58]],
[196, [20, 21, 3, 15, 36, 56, 39, 57, 25, 26, 46, 47, 9, 28, 34, 55, 45, 60]],
[196, [20, 21, 3, 15, 36, 56, 39, 57, 25, 26, 46, 47, 27, 49, 34, 55, 59, 64]],
[196, [20, 21, 3, 15, 36, 56, 39, 57, 25, 26, 46, 47, 29, 51, 34, 55, 23, 44]],
[196, [20, 21, 3, 15, 36, 56, 39, 57, 25, 26, 46, 47, 50, 62, 34, 55, 43, 58]],
[196, [20, 21, 3, 16, 37, 56, 4, 19, 8, 24, 48, 61, 9, 28, 34, 55, 43, 58]],
[196, [20, 21, 3, 16, 37, 56, 4, 19, 8, 24, 48, 61, 27, 49, 34, 55, 23, 44]],
[196, [20, 21, 3, 16, 37, 56, 4, 19, 8, 24, 48, 61, 29, 51, 34, 55, 59, 64]],
[196, [20, 21, 3, 16, 37, 56, 4, 19, 8, 24, 48, 61, 50, 62, 34, 55, 45, 60]],
[196, [20, 21, 3, 16, 37, 56, 4, 19, 25, 26, 46, 47, 9, 28, 34, 55, 43, 58]],
[196, [20, 21, 3, 16, 37, 56, 4, 19, 25, 26, 46, 47, 27, 49, 34, 55, 23, 44]],
[196, [20, 21, 3, 16, 37, 56, 4, 19, 25, 26, 46, 47, 29, 51, 34, 55, 59, 64]],
[196, [20, 21, 3, 16, 37, 56, 4, 19, 25, 26, 46, 47, 50, 62, 34, 55, 45, 60]],
[196, [20, 21, 3, 16, 37, 56, 17, 40, 8, 24, 48, 61, 9, 28, 53, 63, 43, 58]],
[196, [20, 21, 3, 16, 37, 56, 17, 40, 8, 24, 48, 61, 27, 49, 53, 63, 23, 44]],
[196, [20, 21, 3, 16, 37, 56, 17, 40, 8, 24, 48, 61, 29, 51, 53, 63, 59, 64]],
[196, [20, 21, 3, 16, 37, 56, 17, 40, 8, 24, 48, 61, 50, 62, 53, 63, 45, 60]],
[196, [20, 21, 3, 16, 37, 56, 17, 40, 25, 26, 46, 47, 9, 28, 53, 63, 43, 58]],
[196, [20, 21, 3, 16, 37, 56, 17, 40, 25, 26, 46, 47, 27, 49, 53, 63, 23, 44]],
[196, [20, 21, 3, 16, 37, 56, 17, 40, 25, 26, 46, 47, 29, 51, 53, 63, 59, 64]],
[196, [20, 21, 3, 16, 37, 56, 17, 40, 25, 26, 46, 47, 50, 62, 53, 63, 45, 60]],
[196, [20, 21, 3, 16, 37, 56, 18, 41, 8, 24, 48, 61, 9, 28, 13, 35, 43, 58]],
[196, [20, 21, 3, 16, 37, 56, 18, 41, 8, 24, 48, 61, 27, 49, 13, 35, 23, 44]],
[196, [20, 21, 3, 16, 37, 56, 18, 41, 8, 24, 48, 61, 29, 51, 13, 35, 59, 64]],
[196, [20, 21, 3, 16, 37, 56, 18, 41, 8, 24, 48, 61, 50, 62, 13, 35, 45, 60]],
[196, [20, 21, 3, 16, 37, 56, 18, 41, 25, 26, 46, 47, 9, 28, 13, 35, 43, 58]],
[196, [20, 21, 3, 16, 37, 56, 18, 41, 25, 26, 46, 47, 27, 49, 13, 35, 23, 44]],
[196, [20, 21, 3, 16, 37, 56, 18, 41, 25, 26, 46, 47, 29, 51, 13, 35, 59, 64]],
[196, [20, 21, 3, 16, 37, 56, 18, 41, 25, 26, 46, 47, 50, 62, 13, 35, 45, 60]],
[196, [20, 21, 3, 16, 37, 56, 39, 57, 8, 24, 48, 61, 9, 28, 33, 54, 43, 58]],
[196, [20, 21, 3, 16, 37, 56, 39, 57, 8, 24, 48, 61, 27, 49, 33, 54, 23, 44]],
[196, [20, 21, 3, 16, 37, 56, 39, 57, 8, 24, 48, 61, 29, 51, 33, 54, 59, 64]],
[196, [20, 21, 3, 16, 37, 56, 39, 57, 8, 24, 48, 61, 50, 62, 33, 54, 45, 60]],
[196, [20, 21, 3, 16, 37, 56, 39, 57, 25, 26, 46, 47, 9, 28, 33, 54, 43, 58]],
[196, [20, 21, 3, 16, 37, 56, 39, 57, 25, 26, 46, 47, 27, 49, 33, 54, 23, 44]],
[196, [20, 21, 3, 16, 37, 56, 39, 57, 25, 26, 46, 47, 29, 51, 33, 54, 59, 64]],
[196, [20, 21, 3, 16, 37, 56, 39, 57, 25, 26, 46, 47, 50, 62, 33, 54, 45, 60]],
[196, [20, 21, 14, 15, 36, 38, 4, 19, 8, 24, 48, 61, 9, 28, 13, 35, 59, 64]],
[196, [20, 21, 14, 15, 36, 38, 4, 19, 8, 24, 48, 61, 27, 49, 13, 35, 45, 60]],
[196, [20, 21, 14, 15, 36, 38, 4, 19, 8, 24, 48, 61, 29, 51, 13, 35, 43, 58]],
[196, [20, 21, 14, 15, 36, 38, 4, 19, 8, 24, 48, 61, 50, 62, 13, 35, 23, 44]],
[196, [20, 21, 14, 15, 36, 38, 4, 19, 25, 26, 46, 47, 9, 28, 13, 35, 59, 64]],
[196, [20, 21, 14, 15, 36, 38, 4, 19, 25, 26, 46, 47, 27, 49, 13, 35, 45, 60]],
[196, [20, 21, 14, 15, 36, 38, 4, 19, 25, 26, 46, 47, 29, 51, 13, 35, 43, 58]],
[196, [20, 21, 14, 15, 36, 38, 4, 19, 25, 26, 46, 47, 50, 62, 13, 35, 23, 44]],
[196, [20, 21, 14, 15, 36, 38, 17, 40, 8, 24, 48, 61, 9, 28, 33, 54, 59, 64]],
[196, [20, 21, 14, 15, 36, 38, 17, 40, 8, 24, 48, 61, 27, 49, 33, 54, 45, 60]],
[196, [20, 21, 14, 15, 36, 38, 17, 40, 8, 24, 48, 61, 29, 51, 33, 54, 43, 58]],
[196, [20, 21, 14, 15, 36, 38, 17, 40, 8, 24, 48, 61, 50, 62, 33, 54, 23, 44]],
[196, [20, 21, 14, 15, 36, 38, 17, 40, 25, 26, 46, 47, 9, 28, 33, 54, 59, 64]],
[196, [20, 21, 14, 15, 36, 38, 17, 40, 25, 26, 46, 47, 27, 49, 33, 54, 45, 60]],
[196, [20, 21, 14, 15, 36, 38, 17, 40, 25, 26, 46, 47, 29, 51, 33, 54, 43, 58]],
[196, [20, 21, 14, 15, 36, 38, 17, 40, 25, 26, 46, 47, 50, 62, 33, 54, 23, 44]],
[196, [20, 21, 14, 15, 36, 38, 18, 41, 8, 24, 48, 61, 9, 28, 34, 55, 59, 64]],
[196, [20, 21, 14, 15, 36, 38, 18, 41, 8, 24, 48, 61, 27, 49, 34, 55, 45, 60]],
[196, [20, 21, 14, 15, 36, 38, 18, 41, 8, 24, 48, 61, 29, 51, 34, 55, 43, 58]],
[196, [20, 21, 14, 15, 36, 38, 18, 41, 8, 24, 48, 61, 50, 62, 34, 55, 23, 44]],
[196, [20, 21, 14, 15, 36, 38, 18, 41, 25, 26, 46, 47, 9, 28, 34, 55, 59, 64]],
[196, [20, 21, 14, 15, 36, 38, 18, 41, 25, 26, 46, 47, 27, 49, 34, 55, 45, 60]],
[196, [20, 21, 14, 15, 36, 38, 18, 41, 25, 26, 46, 47, 29, 51, 34, 55, 43, 58]],
[196, [20, 21, 14, 15, 36, 38, 18, 41, 25, 26, 46, 47, 50, 62, 34, 55, 23, 44]],
[196, [20, 21, 14, 15, 36, 38, 39, 57, 8, 24, 48, 61, 9, 28, 53, 63, 59, 64]],
[196, [20, 21, 14, 15, 36, 38, 39, 57, 8, 24, 48, 61, 27, 49, 53, 63, 45, 60]],
[196, [20, 21, 14, 15, 36, 38, 39, 57, 8, 24, 48, 61, 29, 51, 53, 63, 43, 58]],
[196, [20, 21, 14, 15, 36, 38, 39, 57, 8, 24, 48, 61, 50, 62, 53, 63, 23, 44]],
[196, [20, 21, 14, 15, 36, 38, 39, 57, 25, 26, 46, 47, 9, 28, 53, 63, 59, 64]],
[196, [20, 21, 14, 15, 36, 38, 39, 57, 25, 26, 46, 47, 27, 49, 53, 63, 45, 60]],
[196, [20, 21, 14, 15, 36, 38, 39, 57, 25, 26, 46, 47, 29, 51, 53, 63, 43, 58]],
[196, [20, 21, 14, 15, 36, 38, 39, 57, 25, 26, 46, 47, 50, 62, 53, 63, 23, 44]],
[196, [20, 21, 14, 16, 37, 38, 4, 19, 8, 24, 48, 61, 9, 28, 53, 63, 23, 44]],
[196, [20, 21, 14, 16, 37, 38, 4, 19, 8, 24, 48, 61, 27, 49, 53, 63, 43, 58]],
[196, [20, 21, 14, 16, 37, 38, 4, 19, 8, 24, 48, 61, 29, 51, 53, 63, 45, 60]],
[196, [20, 21, 14, 16, 37, 38, 4, 19, 8, 24, 48, 61, 50, 62, 53, 63, 59, 64]],
[196, [20, 21, 14, 16, 37, 38, 4, 19, 25, 26, 46, 47, 9, 28, 53, 63, 23, 44]],
[196, [20, 21, 14, 16, 37, 38, 4, 19, 25, 26, 46, 47, 27, 49, 53, 63, 43, 58]],
[196, [20, 21, 14, 16, 37, 38, 4, 19, 25, 26, 46, 47, 29, 51, 53, 63, 45, 60]],
[196, [20, 21, 14, 16, 37, 38, 4, 19, 25, 26, 46, 47, 50, 62, 53, 63, 59, 64]],
[196, [20, 21, 14, 16, 37, 38, 17, 40, 8, 24, 48, 61, 9, 28, 34, 55, 23, 44]],
[196, [20, 21, 14, 16, 37, 38, 17, 40, 8, 24, 48, 61, 27, 49, 34, 55, 43, 58]],
[196, [20, 21, 14, 16, 37, 38, 17, 40, 8, 24, 48, 61, 29, 51, 34, 55, 45, 60]],
[196, [20, 21, 14, 16, 37, 38, 17, 40, 8, 24, 48, 61, 50, 62, 34, 55, 59, 64]],
[196, [20, 21, 14, 16, 37, 38, 17, 40, 25, 26, 46, 47, 9, 28, 34, 55, 23, 44]],
[196, [20, 21, 14, 16, 37, 38, 17, 40, 25, 26, 46, 47, 27, 49, 34, 55, 43, 58]],
[196, [20, 21, 14, 16, 37, 38, 17, 40, 25, 26, 46, 47, 29, 51, 34, 55, 45, 60]],
[196, [20, 21, 14, 16, 37, 38, 17, 40, 25, 26, 46, 47, 50, 62, 34, 55, 59, 64]],
[196, [20, 21, 14, 16, 37, 38, 18, 41, 8, 24, 48, 61, 9, 28, 33, 54, 23, 44]],
[196, [20, 21, 14, 16, 37, 38, 18, 41, 8, 24, 48, 61, 27, 49, 33, 54, 43, 58]],
[196, [20, 21, 14, 16, 37, 38, 18, 41, 8, 24, 48, 61, 29, 51, 33, 54, 45, 60]],
[196, [20, 21, 14, 16, 37, 38, 18, 41, 8, 24, 48, 61, 50, 62, 33, 54, 59, 64]],
[196, [20, 21, 14, 16, 37, 38, 18, 41, 25, 26, 46, 47, 9, 28, 33, 54, 23, 44]],
[196, [20, 21, 14, 16, 37, 38, 18, 41, 25, 26, 46, 47, 27, 49, 33, 54, 43, 58]],
[196, [20, 21, 14, 16, 37, 38, 18, 41, 25, 26, 46, 47, 29, 51, 33, 54, 45, 60]],
[196, [20, 21, 14, 16, 37, 38, 18, 41, 25, 26, 46, 47, 50, 62, 33, 54, 59, 64]],
[196, [20, 21, 14, 16, 37, 38, 39, 57, 8, 24, 48, 61, 9, 28, 13, 35, 23, 44]],
[196, [20, 21, 14, 16, 37, 38, 39, 57, 8, 24, 48, 61, 27, 49, 13, 35, 43, 58]],
[196, [20, 21, 14, 16, 37, 38, 39, 57, 8, 24, 48, 61, 29, 51, 13, 35, 45, 60]],
[196, [20, 21, 14, 16, 37, 38, 39, 57, 8, 24, 48, 61, 50, 62, 13, 35, 59, 64]],
[196, [20, 21, 14, 16, 37, 38, 39, 57, 25, 26, 46, 47, 9, 28, 13, 35, 23, 44]],
[196, [20, 21, 14, 16, 37, 38, 39, 57, 25, 26, 46, 47, 27, 49, 13, 35, 43, 58]],
[196, [20, 21, 14, 16, 37, 38, 39, 57, 25, 26, 46, 47, 29, 51, 13, 35, 45, 60]],
[196, [20, 21, 14, 16, 37, 38, 39, 57, 25, 26, 46, 47, 50, 62, 13, 35, 59, 64]],
[196, [20, 21, 15, 37, 38, 56, 4, 19, 8, 24, 48, 61, 9, 28, 13, 35, 43, 58]],
[196, [20, 21, 15, 37, 38, 56, 4, 19, 8, 24, 48, 61, 27, 49, 13, 35, 23, 44]],
[196, [20, 21, 15, 37, 38, 56, 4, 19, 8, 24, 48, 61, 29, 51, 13, 35, 59, 64]],
[196, [20, 21, 15, 37, 38, 56, 4, 19, 8, 24, 48, 61, 50, 62, 13, 35, 45, 60]],
[196, [20, 21, 15, 37, 38, 56, 4, 19, 25, 26, 46, 47, 9, 28, 13, 35, 43, 58]],
[196, [20, 21, 15, 37, 38, 56, 4, 19, 25, 26, 46, 47, 27, 49, 13, 35, 23, 44]],
[196, [20, 21, 15, 37, 38, 56, 4, 19, 25, 26, 46, 47, 29, 51, 13, 35, 59, 64]],
[196, [20, 21, 15, 37, 38, 56, 4, 19, 25, 26, 46, 47, 50, 62, 13, 35, 45, 60]],
[196, [20, 21, 15, 37, 38, 56, 17, 40, 8, 24, 48, 61, 9, 28, 33, 54, 43, 58]],
[196, [20, 21, 15, 37, 38, 56, 17, 40, 8, 24, 48, 61, 27, 49, 33, 54, 23, 44]],
[196, [20, 21, 15, 37, 38, 56, 17, 40, 8, 24, 48, 61, 29, 51, 33, 54, 59, 64]],
[196, [20, 21, 15, 37, 38, 56, 17, 40, 8, 24, 48, 61, 50, 62, 33, 54, 45, 60]],
[196, [20, 21, 15, 37, 38, 56, 17, 40, 25, 26, 46, 47, 9, 28, 33, 54, 43, 58]],
[196, [20, 21, 15, 37, 38, 56, 17, 40, 25, 26, 46, 47, 27, 49, 33, 54, 23, 44]],
[196, [20, 21, 15, 37, 38, 56, 17, 40, 25, 26, 46, 47, 29, 51, 33, 54, 59, 64]],
[196, [20, 21, 15, 37, 38, 56, 17, 40, 25, 26, 46, 47, 50, 62, 33, 54, 45, 60]],
[196, [20, 21, 15, 37, 38, 56, 18, 41, 8, 24, 48, 61, 9, 28, 34, 55, 43, 58]],
[196, [20, 21, 15, 37, 38, 56, 18, 41, 8, 24, 48, 61, 27, 49, 34, 55, 23, 44]],
[196, [20, 21, 15, 37, 38, 56, 18, 41, 8, 24, 48, 61, 29, 51, 34, 55, 59, 64]],
[196, [20, 21, 15, 37, 38, 56, 18, 41, 8, 24, 48, 61, 50, 62, 34, 55, 45, 60]],
[196, [20, 21, 15, 37, 38, 56, 18, 41, 25, 26, 46, 47, 9, 28, 34, 55, 43, 58]],
[196, [20, 21, 15, 37, 38, 56, 18, 41, 25, 26, 46, 47, 27, 49, 34, 55, 23, 44]],
[196, [20, 21, 15, 37, 38, 56, 18, 41, 25, 26, 46, 47, 29, 51, 34, 55, 59, 64]],
[196, [20, 21, 15, 37, 38, 56, 18, 41, 25, 26, 46, 47, 50, 62, 34, 55, 45, 60]],
[196, [20, 21, 15, 37, 38, 56, 39, 57, 8, 24, 48, 61, 9, 28, 53, 63, 43, 58]],
[196, [20, 21, 15, 37, 38, 56, 39, 57, 8, 24, 48, 61, 27, 49, 53, 63, 23, 44]],
[196, [20, 21, 15, 37, 38, 56, 39, 57, 8, 24, 48, 61, 29, 51, 53, 63, 59, 64]],
[196, [20, 21, 15, 37, 38, 56, 39, 57, 8, 24, 48, 61, 50, 62, 53, 63, 45, 60]],
[196, [20, 21, 15, 37, 38, 56, 39, 57, 25, 26, 46, 47, 9, 28, 53, 63, 43, 58]],
[196, [20, 21, 15, 37, 38, 56, 39, 57, 25, 26, 46, 47, 27, 49, 53, 63, 23, 44]],
[196, [20, 21, 15, 37, 38, 56, 39, 57, 25, 26, 46, 47, 29, 51, 53, 63, 59, 64]],
[196, [20, 21, 15, 37, 38, 56, 39, 57, 25, 26, 46, 47, 50, 62, 53, 63, 45, 60]],
[196, [20, 21, 16, 36, 38, 56, 4, 19, 8, 24, 48, 61, 9, 28, 33, 54, 23, 44]],
[196, [20, 21, 16, 36, 38, 56, 4, 19, 8, 24, 48, 61, 27, 49, 33, 54, 43, 58]],
[196, [20, 21, 16, 36, 38, 56, 4, 19, 8, 24, 48, 61, 29, 51, 33, 54, 45, 60]],
[196, [20, 21, 16, 36, 38, 56, 4, 19, 8, 24, 48, 61, 50, 62, 33, 54, 59, 64]],
[196, [20, 21, 16, 36, 38, 56, 4, 19, 25, 26, 46, 47, 9, 28, 33, 54, 23, 44]],
[196, [20, 21, 16, 36, 38, 56, 4, 19, 25, 26, 46, 47, 27, 49, 33, 54, 43, 58]],
[196, [20, 21, 16, 36, 38, 56, 4, 19, 25, 26, 46, 47, 29, 51, 33, 54, 45, 60]],
[196, [20, 21, 16, 36, 38, 56, 4, 19, 25, 26, 46, 47, 50, 62, 33, 54, 59, 64]],
[196, [20, 21, 16, 36, 38, 56, 17, 40, 8, 24, 48, 61, 9, 28, 13, 35, 23, 44]],
[196, [20, 21, 16, 36, 38, 56, 17, 40, 8, 24, 48, 61, 27, 49, 13, 35, 43, 58]],
[196, [20, 21, 16, 36, 38, 56, 17, 40, 8, 24, 48, 61, 29, 51, 13, 35, 45, 60]],
[196, [20, 21, 16, 36, 38, 56, 17, 40, 8, 24, 48, 61, 50, 62, 13, 35, 59, 64]],
[196, [20, 21, 16, 36, 38, 56, 17, 40, 25, 26, 46, 47, 9, 28, 13, 35, 23, 44]],
[196, [20, 21, 16, 36, 38, 56, 17, 40, 25, 26, 46, 47, 27, 49, 13, 35, 43, 58]],
[196, [20, 21, 16, 36, 38, 56, 17, 40, 25, 26, 46, 47, 29, 51, 13, 35, 45, 60]],
[196, [20, 21, 16, 36, 38, 56, 17, 40, 25, 26, 46, 47, 50, 62, 13, 35, 59, 64]],
[196, [20, 21, 16, 36, 38, 56, 18, 41, 8, 24, 48, 61, 9, 28, 53, 63, 23, 44]],
[196, [20, 21, 16, 36, 38, 56, 18, 41, 8, 24, 48, 61, 27, 49, 53, 63, 43, 58]],
[196, [20, 21, 16, 36, 38, 56, 18, 41, 8, 24, 48, 61, 29, 51, 53, 63, 45, 60]],
[196, [20, 21, 16, 36, 38, 56, 18, 41, 8, 24, 48, 61, 50, 62, 53, 63, 59, 64]],
[196, [20, 21, 16, 36, 38, 56, 18, 41, 25, 26, 46, 47, 9, 28, 53, 63, 23, 44]],
[196, [20, 21, 16, 36, 38, 56, 18, 41, 25, 26, 46, 47, 27, 49, 53, 63, 43, 58]],
[196, [20, 21, 16, 36, 38, 56, 18, 41, 25, 26, 46, 47, 29, 51, 53, 63, 45, 60]],
[196, [20, 21, 16, 36, 38, 56, 18, 41, 25, 26, 46, 47, 50, 62, 53, 63, 59, 64]],
[196, [20, 21, 16, 36, 38, 56, 39, 57, 8, 24, 48, 61, 9, 28, 34, 55, 23, 44]],
[196, [20, 21, 16, 36, 38, 56, 39, 57, 8, 24, 48, 61, 27, 49, 34, 55, 43, 58]],
[196, [20, 21, 16, 36, 38, 56, 39, 57, 8, 24, 48, 61, 29, 51, 34, 55, 45, 60]],
[196, [20, 21, 16, 36, 38, 56, 39, 57, 8, 24, 48, 61, 50, 62, 34, 55, 59, 64]],
[196, [20, 21, 16, 36, 38, 56, 39, 57, 25, 26, 46, 47, 9, 28, 34, 55, 23, 44]],
[196, [20, 21, 16, 36, 38, 56, 39, 57, 25, 26, 46, 47, 27, 49, 34, 55, 43, 58]],
[196, [20, 21, 16, 36, 38, 56, 39, 57, 25, 26, 46, 47, 29, 51, 34, 55, 45, 60]],
[196, [20, 21, 16, 36, 38, 56, 39, 57, 25, 26, 46, 47, 50, 62, 34, 55, 59, 64]],
[196, [5, 42, 2, 12, 3, 15, 4, 19, 8, 46, 47, 48, 27, 28, 49, 51, 59, 64]],
[196, [5, 42, 2, 12, 3, 15, 4, 19, 8, 46, 47, 48, 28, 50, 51, 62, 43, 58]],
[196, [5, 42, 2, 12, 3, 15, 4, 19, 24, 25, 26, 61, 27, 28, 49, 51, 59, 64]],
[196, [5, 42, 2, 12, 3, 15, 4, 19, 24, 25, 26, 61, 28, 50, 51, 62, 43, 58]],
[196, [5, 42, 2, 12, 3, 15, 17, 40, 8, 46, 47, 48, 9, 28, 49, 62, 45, 60]],
[196, [5, 42, 2, 12, 3, 15, 17, 40, 8, 46, 47, 48, 29, 49, 51, 62, 23, 44]],
[196, [5, 42, 2, 12, 3, 15, 17, 40, 24, 25, 26, 61, 9, 28, 49, 62, 45, 60]],
[196, [5, 42, 2, 12, 3, 15, 17, 40, 24, 25, 26, 61, 29, 49, 51, 62, 23, 44]],
[196, [5, 42, 2, 12, 3, 15, 18, 41, 8, 46, 47, 48, 9, 27, 29, 49, 59, 64]],
[196, [5, 42, 2, 12, 3, 15, 18, 41, 8, 46, 47, 48, 9, 29, 50, 62, 43, 58]],
[196, [5, 42, 2, 12, 3, 15, 18, 41, 24, 25, 26, 61, 9, 27, 29, 49, 59, 64]],
[196, [5, 42, 2, 12, 3, 15, 18, 41, 24, 25, 26, 61, 9, 29, 50, 62, 43, 58]],
[196, [5, 42, 2, 12, 3, 15, 39, 57, 8, 46, 47, 48, 9, 27, 28, 50, 45, 60]],
[196, [5, 42, 2, 12, 3, 15, 39, 57, 8, 46, 47, 48, 27, 29, 50, 51, 23, 44]],
[196, [5, 42, 2, 12, 3, 15, 39, 57, 24, 25, 26, 61, 9, 27, 28, 50, 45, 60]],
[196, [5, 42, 2, 12, 3, 15, 39, 57, 24, 25, 26, 61, 27, 29, 50, 51, 23, 44]],
[196, [5, 42, 2, 12, 14, 36, 4, 19, 8, 46, 47, 48, 27, 28, 49, 51, 45, 60]],
[196, [5, 42, 2, 12, 14, 36, 4, 19, 8, 46, 47, 48, 28, 50, 51, 62, 23, 44]],
[196, [5, 42, 2, 12, 14, 36, 4, 19, 24, 25, 26, 61, 27, 28, 49, 51, 45, 60]],
[196, [5, 42, 2, 12, 14, 36, 4, 19, 24, 25, 26, 61, 28, 50, 51, 62, 23, 44]],
[196, [5, 42, 2, 12, 14, 36, 17, 40, 8, 46, 47, 48, 9, 28, 49, 62, 59, 64]],
[196, [5, 42, 2, 12, 14, 36, 17, 40, 8, 46, 47, 48, 29, 49, 51, 62, 43, 58]],
[196, [5, 42, 2, 12, 14, 36, 17, 40, 24, 25, 26, 61, 9, 28, 49, 62, 59, 64]],
[196, [5, 42, 2, 12, 14, 36, 17, 40, 24, 25, 26, 61, 29, 49, 51, 62, 43, 58]],
[196, [5, 42, 2, 12, 14, 36, 18, 41, 8, 46, 47, 48, 9, 27, 29, 49, 45, 60]],
[196, [5, 42, 2, 12, 14, 36, 18, 41, 8, 46, 47, 48, 9, 29, 50, 62, 23, 44]],
[196, [5, 42, 2, 12, 14, 36, 18, 41, 24, 25, 26, 61, 9, 27, 29, 49, 45, 60]],
[196, [5, 42, 2, 12, 14, 36, 18, 41, 24, 25, 26, 61, 9, 29, 50, 62, 23, 44]],
[196, [5, 42, 2, 12, 14, 36, 39, 57, 8, 46, 47, 48, 9, 27, 28, 50, 59, 64]],
[196, [5, 42, 2, 12, 14, 36, 39, 57, 8, 46, 47, 48, 27, 29, 50, 51, 43, 58]],
[196, [5, 42, 2, 12, 14, 36, 39, 57, 24, 25, 26, 61, 9, 27, 28, 50, 59, 64]],
[196, [5, 42, 2, 12, 14, 36, 39, 57, 24, 25, 26, 61, 27, 29, 50, 51, 43, 58]],
[196, [5, 42, 2, 12, 16, 38, 4, 19, 8, 46, 47, 48, 27, 28, 49, 51, 43, 58]],
[196, [5, 42, 2, 12, 16, 38, 4, 19, 8, 46, 47, 48, 28, 50, 51, 62, 59, 64]],
[196, [5, 42, 2, 12, 16, 38, 4, 19, 24, 25, 26, 61, 27, 28, 49, 51, 43, 58]],
[196, [5, 42, 2, 12, 16, 38, 4, 19, 24, 25, 26, 61, 28, 50, 51, 62, 59, 64]],
[196, [5, 42, 2, 12, 16, 38, 17, 40, 8, 46, 47, 48, 9, 28, 49, 62, 23, 44]],
[196, [5, 42, 2, 12, 16, 38, 17, 40, 8, 46, 47, 48, 29, 49, 51, 62, 45, 60]],
[196, [5, 42, 2, 12, 16, 38, 17, 40, 24, 25, 26, 61, 9, 28, 49, 62, 23, 44]],
[196, [5, 42, 2, 12, 16, 38, 17, 40, 24, 25, 26, 61, 29, 49, 51, 62, 45, 60]],
[196, [5, 42, 2, 12, 16, 38, 18, 41, 8, 46, 47, 48, 9, 27, 29, 49, 43, 58]],
[196, [5, 42, 2, 12, 16, 38, 18, 41, 8, 46, 47, 48, 9, 29, 50, 62, 59, 64]],
[196, [5, 42, 2, 12, 16, 38, 18, 41, 24, 25, 26, 61, 9, 27, 29, 49, 43, 58]],
[196, [5, 42, 2, 12, 16, 38, 18, 41, 24, 25, 26, 61, 9, 29, 50, 62, 59, 64]],
[196, [5, 42, 2, 12, 16, 38, 39, 57, 8, 46, 47, 48, 9, 27, 28, 50, 23, 44]],
[196, [5, 42, 2, 12, 16, 38, 39, 57, 8, 46, 47, 48, 27, 29, 50, 51, 45, 60]],
[196, [5, 42, 2, 12, 16, 38, 39, 57, 24, 25, 26, 61, 9, 27, 28, 50, 23, 44]],
[196, [5, 42, 2, 12, 16, 38, 39, 57, 24, 25, 26, 61, 27, 29, 50, 51, 45, 60]],
[196, [5, 42, 2, 12, 37, 56, 4, 19, 8, 46, 47, 48, 27, 28, 49, 51, 23, 44]],
[196, [5, 42, 2, 12, 37, 56, 4, 19, 8, 46, 47, 48, 28, 50, 51, 62, 45, 60]],
[196, [5, 42, 2, 12, 37, 56, 4, 19, 24, 25, 26, 61, 27, 28, 49, 51, 23, 44]],
[196, [5, 42, 2, 12, 37, 56, 4, 19, 24, 25, 26, 61, 28, 50, 51, 62, 45, 60]],
[196, [5, 42, 2, 12, 37, 56, 17, 40, 8, 46, 47, 48, 9, 28, 49, 62, 43, 58]],
[196, [5, 42, 2, 12, 37, 56, 17, 40, 8, 46, 47, 48, 29, 49, 51, 62, 59, 64]],
[196, [5, 42, 2, 12, 37, 56, 17, 40, 24, 25, 26, 61, 9, 28, 49, 62, 43, 58]],
[196, [5, 42, 2, 12, 37, 56, 17, 40, 24, 25, 26, 61, 29, 49, 51, 62, 59, 64]],
[196, [5, 42, 2, 12, 37, 56, 18, 41, 8, 46, 47, 48, 9, 27, 29, 49, 23, 44]],
[196, [5, 42, 2, 12, 37, 56, 18, 41, 8, 46, 47, 48, 9, 29, 50, 62, 45, 60]],
[196, [5, 42, 2, 12, 37, 56, 18, 41, 24, 25, 26, 61, 9, 27, 29, 49, 23, 44]],
[196, [5, 42, 2, 12, 37, 56, 18, 41, 24, 25, 26, 61, 9, 29, 50, 62, 45, 60]],
[196, [5, 42, 2, 12, 37, 56, 39, 57, 8, 46, 47, 48, 9, 27, 28, 50, 43, 58]],
[196, [5, 42, 2, 12, 37, 56, 39, 57, 8, 46, 47, 48, 27, 29, 50, 51, 59, 64]],
[196, [5, 42, 2, 12, 37, 56, 39, 57, 24, 25, 26, 61, 9, 27, 28, 50, 43, 58]],
[196, [5, 42, 2, 12, 37, 56, 39, 57, 24, 25, 26, 61, 27, 29, 50, 51, 59, 64]],
[196, [5, 42, 10, 31, 3, 15, 4, 19, 8, 46, 47, 48, 9, 28, 49, 62, 45, 60]],
[196, [5, 42, 10, 31, 3, 15, 4, 19, 8, 46, 47, 48, 29, 49, 51, 62, 23, 44]],
[196, [5, 42, 10, 31, 3, 15, 4, 19, 24, 25, 26, 61, 9, 28, 49, 62, 45, 60]],
[196, [5, 42, 10, 31, 3, 15, 4, 19, 24, 25, 26, 61, 29, 49, 51, 62, 23, 44]],
[196, [5, 42, 10, 31, 3, 15, 17, 40, 8, 46, 47, 48, 27, 28, 49, 51, 59, 64]],
[196, [5, 42, 10, 31, 3, 15, 17, 40, 8, 46, 47, 48, 28, 50, 51, 62, 43, 58]],
[196, [5, 42, 10, 31, 3, 15, 17, 40, 24, 25, 26, 61, 27, 28, 49, 51, 59, 64]],
[196, [5, 42, 10, 31, 3, 15, 17, 40, 24, 25, 26, 61, 28, 50, 51, 62, 43, 58]],
[196, [5, 42, 10, 31, 3, 15, 18, 41, 8, 46, 47, 48, 9, 27, 28, 50, 45, 60]],
[196, [5, 42, 10, 31, 3, 15, 18, 41, 8, 46, 47, 48, 27, 29, 50, 51, 23, 44]],
[196, [5, 42, 10, 31, 3, 15, 18, 41, 24, 25, 26, 61, 9, 27, 28, 50, 45, 60]],
[196, [5, 42, 10, 31, 3, 15, 18, 41, 24, 25, 26, 61, 27, 29, 50, 51, 23, 44]],
[196, [5, 42, 10, 31, 3, 15, 39, 57, 8, 46, 47, 48, 9, 27, 29, 49, 59, 64]],
[196, [5, 42, 10, 31, 3, 15, 39, 57, 8, 46, 47, 48, 9, 29, 50, 62, 43, 58]],
[196, [5, 42, 10, 31, 3, 15, 39, 57, 24, 25, 26, 61, 9, 27, 29, 49, 59, 64]],
[196, [5, 42, 10, 31, 3, 15, 39, 57, 24, 25, 26, 61, 9, 29, 50, 62, 43, 58]],
[196, [5, 42, 10, 31, 14, 36, 4, 19, 8, 46, 47, 48, 9, 28, 49, 62, 59, 64]],
[196, [5, 42, 10, 31, 14, 36, 4, 19, 8, 46, 47, 48, 29, 49, 51, 62, 43, 58]],
[196, [5, 42, 10, 31, 14, 36, 4, 19, 24, 25, 26, 61, 9, 28, 49, 62, 59, 64]],
[196, [5, 42, 10, 31, 14, 36, 4, 19, 24, 25, 26, 61, 29, 49, 51, 62, 43, 58]],
[196, [5, 42, 10, 31, 14, 36, 17, 40, 8, 46, 47, 48, 27, 28, 49, 51, 45, 60]],
[196, [5, 42, 10, 31, 14, 36, 17, 40, 8, 46, 47, 48, 28, 50, 51, 62, 23, 44]],
[196, [5, 42, 10, 31, 14, 36, 17, 40, 24, 25, 26, 61, 27, 28, 49, 51, 45, 60]],
[196, [5, 42, 10, 31, 14, 36, 17, 40, 24, 25, 26, 61, 28, 50, 51, 62, 23, 44]],
[196, [5, 42, 10, 31, 14, 36, 18, 41, 8, 46, 47, 48, 9, 27, 28, 50, 59, 64]],
[196, [5, 42, 10, 31, 14, 36, 18, 41, 8, 46, 47, 48, 27, 29, 50, 51, 43, 58]],
[196, [5, 42, 10, 31, 14, 36, 18, 41, 24, 25, 26, 61, 9, 27, 28, 50, 59, 64]],
[196, [5, 42, 10, 31, 14, 36, 18, 41, 24, 25, 26, 61, 27, 29, 50, 51, 43, 58]],
[196, [5, 42, 10, 31, 14, 36, 39, 57, 8, 46, 47, 48, 9, 27, 29, 49, 45, 60]],
[196, [5, 42, 10, 31, 14, 36, 39, 57, 8, 46, 47, 48, 9, 29, 50, 62, 23, 44]],
[196, [5, 42, 10, 31, 14, 36, 39, 57, 24, 25, 26, 61, 9, 27, 29, 49, 45, 60]],
[196, [5, 42, 10, 31, 14, 36, 39, 57, 24, 25, 26, 61, 9, 29, 50, 62, 23, 44]],
[196, [5, 42, 10, 31, 16, 38, 4, 19, 8, 46, 47, 48, 9, 28, 49, 62, 23, 44]],
[196, [5, 42, 10, 31, 16, 38, 4, 19, 8, 46, 47, 48, 29, 49, 51, 62, 45, 60]],
[196, [5, 42, 10, 31, 16, 38, 4, 19, 24, 25, 26, 61, 9, 28, 49, 62, 23, 44]],
[196, [5, 42, 10, 31, 16, 38, 4, 19, 24, 25, 26, 61, 29, 49, 51, 62, 45, 60]],
[196, [5, 42, 10, 31, 16, 38, 17, 40, 8, 46, 47, 48, 27, 28, 49, 51, 43, 58]],
[196, [5, 42, 10, 31, 16, 38, 17, 40, 8, 46, 47, 48, 28, 50, 51, 62, 59, 64]],
[196, [5, 42, 10, 31, 16, 38, 17, 40, 24, 25, 26, 61, 27, 28, 49, 51, 43, 58]],
[196, [5, 42, 10, 31, 16, 38, 17, 40, 24, 25, 26, 61, 28, 50, 51, 62, 59, 64]],
[196, [5, 42, 10, 31, 16, 38, 18, 41, 8, 46, 47, 48, 9, 27, 28, 50, 23, 44]],
[196, [5, 42, 10, 31, 16, 38, 18, 41, 8, 46, 47, 48, 27, 29, 50, 51, 45, 60]],
[196, [5, 42, 10, 31, 16, 38, 18, 41, 24, 25, 26, 61, 9, 27, 28, 50, 23, 44]],
[196, [5, 42, 10, 31, 16, 38, 18, 41, 24, 25, 26, 61, 27, 29, 50, 51, 45, 60]],
[196, [5, 42, 10, 31, 16, 38, 39, 57, 8, 46, 47, 48, 9, 27, 29, 49, 43, 58]],
[196, [5, 42, 10, 31, 16, 38, 39, 57, 8, 46, 47, 48, 9, 29, 50, 62, 59, 64]],
[196, [5, 42, 10, 31, 16, 38, 39, 57, 24, 25, 26, 61, 9, 27, 29, 49, 43, 58]],
[196, [5, 42, 10, 31, 16, 38, 39, 57, 24, 25, 26, 61, 9, 29, 50, 62, 59, 64]],
[196, [5, 42, 10, 31, 37, 56, 4, 19, 8, 46, 47, 48, 9, 28, 49, 62, 43, 58]],
[196, [5, 42, 10, 31, 37, 56, 4, 19, 8, 46, 47, 48, 29, 49, 51, 62, 59, 64]],
[196, [5, 42, 10, 31, 37, 56, 4, 19, 24, 25, 26, 61, 9, 28, 49, 62, 43, 58]],
[196, [5, 42, 10, 31, 37, 56, 4, 19, 24, 25, 26, 61, 29, 49, 51, 62, 59, 64]],
[196, [5, 42, 10, 31, 37, 56, 17, 40, 8, 46, 47, 48, 27, 28, 49, 51, 23, 44]],
[196, [5, 42, 10, 31, 37, 56, 17, 40, 8, 46, 47, 48, 28, 50, 51, 62, 45, 60]],
[196, [5, 42, 10, 31, 37, 56, 17, 40, 24, 25, 26, 61, 27, 28, 49, 51, 23, 44]],
[196, [5, 42, 10, 31, 37, 56, 17, 40, 24, 25, 26, 61, 28, 50, 51, 62, 45, 60]],
[196, [5, 42, 10, 31, 37, 56, 18, 41, 8, 46, 47, 48, 9, 27, 28, 50, 43, 58]],
[196, [5, 42, 10, 31, 37, 56, 18, 41, 8, 46, 47, 48, 27, 29, 50, 51, 59, 64]],
[196, [5, 42, 10, 31, 37, 56, 18, 41, 24, 25, 26, 61, 9, 27, 28, 50, 43, 58]],
[196, [5, 42, 10, 31, 37, 56, 18, 41, 24, 25, 26, 61, 27, 29, 50, 51, 59, 64]],
[196, [5, 42, 10, 31, 37, 56, 39, 57, 8, 46, 47, 48, 9, 27, 29, 49, 23, 44]],
[196, [5, 42, 10, 31, 37, 56, 39, 57, 8, 46, 47, 48, 9, 29, 50, 62, 45, 60]],
[196, [5, 42, 10, 31, 37, 56, 39, 57, 24, 25, 26, 61, 9, 27, 29, 49, 23, 44]],
[196, [5, 42, 10, 31, 37, 56, 39, 57, 24, 25, 26, 61, 9, 29, 50, 62, 45, 60]],
[196, [5, 42, 11, 32, 3, 15, 4, 19, 8, 46, 47, 48, 9, 27, 29, 49, 59, 64]],
[196, [5, 42, 11, 32, 3, 15, 4, 19, 8, 46, 47, 48, 9, 29, 50, 62, 43, 58]],
[196, [5, 42, 11, 32, 3, 15, 4, 19, 24, 25, 26, 61, 9, 27, 29, 49, 59, 64]],
[196, [5, 42, 11, 32, 3, 15, 4, 19, 24, 25, 26, 61, 9, 29, 50, 62, 43, 58]],
[196, [5, 42, 11, 32, 3, 15, 17, 40, 8, 46, 47, 48, 9, 27, 28, 50, 45, 60]],
[196, [5, 42, 11, 32, 3, 15, 17, 40, 8, 46, 47, 48, 27, 29, 50, 51, 23, 44]],
[196, [5, 42, 11, 32, 3, 15, 17, 40, 24, 25, 26, 61, 9, 27, 28, 50, 45, 60]],
[196, [5, 42, 11, 32, 3, 15, 17, 40, 24, 25, 26, 61, 27, 29, 50, 51, 23, 44]],
[196, [5, 42, 11, 32, 3, 15, 18, 41, 8, 46, 47, 48, 27, 28, 49, 51, 59, 64]],
[196, [5, 42, 11, 32, 3, 15, 18, 41, 8, 46, 47, 48, 28, 50, 51, 62, 43, 58]],
[196, [5, 42, 11, 32, 3, 15, 18, 41, 24, 25, 26, 61, 27, 28, 49, 51, 59, 64]],
[196, [5, 42, 11, 32, 3, 15, 18, 41, 24, 25, 26, 61, 28, 50, 51, 62, 43, 58]],
[196, [5, 42, 11, 32, 3, 15, 39, 57, 8, 46, 47, 48, 9, 28, 49, 62, 45, 60]],
[196, [5, 42, 11, 32, 3, 15, 39, 57, 8, 46, 47, 48, 29, 49, 51, 62, 23, 44]],
[196, [5, 42, 11, 32, 3, 15, 39, 57, 24, 25, 26, 61, 9, 28, 49, 62, 45, 60]],
[196, [5, 42, 11, 32, 3, 15, 39, 57, 24, 25, 26, 61, 29, 49, 51, 62, 23, 44]],
[196, [5, 42, 11, 32, 14, 36, 4, 19, 8, 46, 47, 48, 9, 27, 29, 49, 45, 60]],
[196, [5, 42, 11, 32, 14, 36, 4, 19, 8, 46, 47, 48, 9, 29, 50, 62, 23, 44]],
[196, [5, 42, 11, 32, 14, 36, 4, 19, 24, 25, 26, 61, 9, 27, 29, 49, 45, 60]],
[196, [5, 42, 11, 32, 14, 36, 4, 19, 24, 25, 26, 61, 9, 29, 50, 62, 23, 44]],
[196, [5, 42, 11, 32, 14, 36, 17, 40, 8, 46, 47, 48, 9, 27, 28, 50, 59, 64]],
[196, [5, 42, 11, 32, 14, 36, 17, 40, 8, 46, 47, 48, 27, 29, 50, 51, 43, 58]],
[196, [5, 42, 11, 32, 14, 36, 17, 40, 24, 25, 26, 61, 9, 27, 28, 50, 59, 64]],
[196, [5, 42, 11, 32, 14, 36, 17, 40, 24, 25, 26, 61, 27, 29, 50, 51, 43, 58]],
[196, [5, 42, 11, 32, 14, 36, 18, 41, 8, 46, 47, 48, 27, 28, 49, 51, 45, 60]],
[196, [5, 42, 11, 32, 14, 36, 18, 41, 8, 46, 47, 48, 28, 50, 51, 62, 23, 44]],
[196, [5, 42, 11, 32, 14, 36, 18, 41, 24, 25, 26, 61, 27, 28, 49, 51, 45, 60]],
[196, [5, 42, 11, 32, 14, 36, 18, 41, 24, 25, 26, 61, 28, 50, 51, 62, 23, 44]],
[196, [5, 42, 11, 32, 14, 36, 39, 57, 8, 46, 47, 48, 9, 28, 49, 62, 59, 64]],
[196, [5, 42, 11, 32, 14, 36, 39, 57, 8, 46, 47, 48, 29, 49, 51, 62, 43, 58]],
[196, [5, 42, 11, 32, 14, 36, 39, 57, 24, 25, 26, 61, 9, 28, 49, 62, 59, 64]],
[196, [5, 42, 11, 32, 14, 36, 39, 57, 24, 25, 26, 61, 29, 49, 51, 62, 43, 58]],
[196, [5, 42, 11, 32, 16, 38, 4, 19, 8, 46, 47, 48, 9, 27, 29, 49, 43, 58]],
[196, [5, 42, 11, 32, 16, 38, 4, 19, 8, 46, 47, 48, 9, 29, 50, 62, 59, 64]],
[196, [5, 42, 11, 32, 16, 38, 4, 19, 24, 25, 26, 61, 9, 27, 29, 49, 43, 58]],
[196, [5, 42, 11, 32, 16, 38, 4, 19, 24, 25, 26, 61, 9, 29, 50, 62, 59, 64]],
[196, [5, 42, 11, 32, 16, 38, 17, 40, 8, 46, 47, 48, 9, 27, 28, 50, 23, 44]],
[196, [5, 42, 11, 32, 16, 38, 17, 40, 8, 46, 47, 48, 27, 29, 50, 51, 45, 60]],
[196, [5, 42, 11, 32, 16, 38, 17, 40, 24, 25, 26, 61, 9, 27, 28, 50, 23, 44]],
[196, [5, 42, 11, 32, 16, 38, 17, 40, 24, 25, 26, 61, 27, 29, 50, 51, 45, 60]],
[196, [5, 42, 11, 32, 16, 38, 18, 41, 8, 46, 47, 48, 27, 28, 49, 51, 43, 58]],
[196, [5, 42, 11, 32, 16, 38, 18, 41, 8, 46, 47, 48, 28, 50, 51, 62, 59, 64]],
[196, [5, 42, 11, 32, 16, 38, 18, 41, 24, 25, 26, 61, 27, 28, 49, 51, 43, 58]],
[196, [5, 42, 11, 32, 16, 38, 18, 41, 24, 25, 26, 61, 28, 50, 51, 62, 59, 64]],
[196, [5, 42, 11, 32, 16, 38, 39, 57, 8, 46, 47, 48, 9, 28, 49, 62, 23, 44]],
[196, [5, 42, 11, 32, 16, 38, 39, 57, 8, 46, 47, 48, 29, 49, 51, 62, 45, 60]],
[196, [5, 42, 11, 32, 16, 38, 39, 57, 24, 25, 26, 61, 9, 28, 49, 62, 23, 44]],
[196, [5, 42, 11, 32, 16, 38, 39, 57, 24, 25, 26, 61, 29, 49, 51, 62, 45, 60]],
[196, [5, 42, 11, 32, 37, 56, 4, 19, 8, 46, 47, 48, 9, 27, 29, 49, 23, 44]],
[196, [5, 42, 11, 32, 37, 56, 4, 19, 8, 46, 47, 48, 9, 29, 50, 62, 45, 60]],
[196, [5, 42, 11, 32, 37, 56, 4, 19, 24, 25, 26, 61, 9, 27, 29, 49, 23, 44]],
[196, [5, 42, 11, 32, 37, 56, 4, 19, 24, 25, 26, 61, 9, 29, 50, 62, 45, 60]],
[196, [5, 42, 11, 32, 37, 56, 17, 40, 8, 46, 47, 48, 9, 27, 28, 50, 43, 58]],
[196, [5, 42, 11, 32, 37, 56, 17, 40, 8, 46, 47, 48, 27, 29, 50, 51, 59, 64]],
[196, [5, 42, 11, 32, 37, 56, 17, 40, 24, 25, 26, 61, 9, 27, 28, 50, 43, 58]],
[196, [5, 42, 11, 32, 37, 56, 17, 40, 24, 25, 26, 61, 27, 29, 50, 51, 59, 64]],
[196, [5, 42, 11, 32, 37, 56, 18, 41, 8, 46, 47, 48, 27, 28, 49, 51, 23, 44]],
[196, [5, 42, 11, 32, 37, 56, 18, 41, 8, 46, 47, 48, 28, 50, 51, 62, 45, 60]],
[196, [5, 42, 11, 32, 37, 56, 18, 41, 24, 25, 26, 61, 27, 28, 49, 51, 23, 44]],
[196, [5, 42, 11, 32, 37, 56, 18, 41, 24, 25, 26, 61, 28, 50, 51, 62, 45, 60]],
[196, [5, 42, 11, 32, 37, 56, 39, 57, 8, 46, 47, 48, 9, 28, 49, 62, 43, 58]],
[196, [5, 42, 11, 32, 37, 56, 39, 57, 8, 46, 47, 48, 29, 49, 51, 62, 59, 64]],
[196, [5, 42, 11, 32, 37, 56, 39, 57, 24, 25, 26, 61, 9, 28, 49, 62, 43, 58]],
[196, [5, 42, 11, 32, 37, 56, 39, 57, 24, 25, 26, 61, 29, 49, 51, 62, 59, 64]],
[196, [5, 42, 30, 52, 3, 15, 4, 19, 8, 46, 47, 48, 9, 27, 28, 50, 45, 60]],
[196, [5, 42, 30, 52, 3, 15, 4, 19, 8, 46, 47, 48, 27, 29, 50, 51, 23, 44]],
[196, [5, 42, 30, 52, 3, 15, 4, 19, 24, 25, 26, 61, 9, 27, 28, 50, 45, 60]],
[196, [5, 42, 30, 52, 3, 15, 4, 19, 24, 25, 26, 61, 27, 29, 50, 51, 23, 44]],
[196, [5, 42, 30, 52, 3, 15, 17, 40, 8, 46, 47, 48, 9, 27, 29, 49, 59, 64]],
[196, [5, 42, 30, 52, 3, 15, 17, 40, 8, 46, 47, 48, 9, 29, 50, 62, 43, 58]],
[196, [5, 42, 30, 52, 3, 15, 17, 40, 24, 25, 26, 61, 9, 27, 29, 49, 59, 64]],
[196, [5, 42, 30, 52, 3, 15, 17, 40, 24, 25, 26, 61, 9, 29, 50, 62, 43, 58]],
[196, [5, 42, 30, 52, 3, 15, 18, 41, 8, 46, 47, 48, 9, 28, 49, 62, 45, 60]],
[196, [5, 42, 30, 52, 3, 15, 18, 41, 8, 46, 47, 48, 29, 49, 51, 62, 23, 44]],
[196, [5, 42, 30, 52, 3, 15, 18, 41, 24, 25, 26, 61, 9, 28, 49, 62, 45, 60]],
[196, [5, 42, 30, 52, 3, 15, 18, 41, 24, 25, 26, 61, 29, 49, 51, 62, 23, 44]],
[196, [5, 42, 30, 52, 3, 15, 39, 57, 8, 46, 47, 48, 27, 28, 49, 51, 59, 64]],
[196, [5, 42, 30, 52, 3, 15, 39, 57, 8, 46, 47, 48, 28, 50, 51, 62, 43, 58]],
[196, [5, 42, 30, 52, 3, 15, 39, 57, 24, 25, 26, 61, 27, 28, 49, 51, 59, 64]],
[196, [5, 42, 30, 52, 3, 15, 39, 57, 24, 25, 26, 61, 28, 50, 51, 62, 43, 58]],
[196, [5, 42, 30, 52, 14, 36, 4, 19, 8, 46, 47, 48, 9, 27, 28, 50, 59, 64]],
[196, [5, 42, 30, 52, 14, 36, 4, 19, 8, 46, 47, 48, 27, 29, 50, 51, 43, 58]],
[196, [5, 42, 30, 52, 14, 36, 4, 19, 24, 25, 26, 61, 9, 27, 28, 50, 59, 64]],
[196, [5, 42, 30, 52, 14, 36, 4, 19, 24, 25, 26, 61, 27, 29, 50, 51, 43, 58]],
[196, [5, 42, 30, 52, 14, 36, 17, 40, 8, 46, 47, 48, 9, 27, 29, 49, 45, 60]],
[196, [5, 42, 30, 52, 14, 36, 17, 40, 8, 46, 47, 48, 9, 29, 50, 62, 23, 44]],
[196, [5, 42, 30, 52, 14, 36, 17, 40, 24, 25, 26, 61, 9, 27, 29, 49, 45, 60]],
[196, [5, 42, 30, 52, 14, 36, 17, 40, 24, 25, 26, 61, 9, 29, 50, 62, 23, 44]],
[196, [5, 42, 30, 52, 14, 36, 18, 41, 8, 46, 47, 48, 9, 28, 49, 62, 59, 64]],
[196, [5, 42, 30, 52, 14, 36, 18, 41, 8, 46, 47, 48, 29, 49, 51, 62, 43, 58]],
[196, [5, 42, 30, 52, 14, 36, 18, 41, 24, 25, 26, 61, 9, 28, 49, 62, 59, 64]],
[196, [5, 42, 30, 52, 14, 36, 18, 41, 24, 25, 26, 61, 29, 49, 51, 62, 43, 58]],
[196, [5, 42, 30, 52, 14, 36, 39, 57, 8, 46, 47, 48, 27, 28, 49, 51, 45, 60]],
[196, [5, 42, 30, 52, 14, 36, 39, 57, 8, 46, 47, 48, 28, 50, 51, 62, 23, 44]],
[196, [5, 42, 30, 52, 14, 36, 39, 57, 24, 25, 26, 61, 27, 28, 49, 51, 45, 60]],
[196, [5, 42, 30, 52, 14, 36, 39, 57, 24, 25, 26, 61, 28, 50, 51, 62, 23, 44]],
[196, [5, 42, 30, 52, 16, 38, 4, 19, 8, 46, 47, 48, 9, 27, 28, 50, 23, 44]],
[196, [5, 42, 30, 52, 16, 38, 4, 19, 8, 46, 47, 48, 27, 29, 50, 51, 45, 60]],
[196, [5, 42, 30, 52, 16, 38, 4, 19, 24, 25, 26, 61, 9, 27, 28, 50, 23, 44]],
[196, [5, 42, 30, 52, 16, 38, 4, 19, 24, 25, 26, 61, 27, 29, 50, 51, 45, 60]],
[196, [5, 42, 30, 52, 16, 38, 17, 40, 8, 46, 47, 48, 9, 27, 29, 49, 43, 58]],
[196, [5, 42, 30, 52, 16, 38, 17, 40, 8, 46, 47, 48, 9, 29, 50, 62, 59, 64]],
[196, [5, 42, 30, 52, 16, 38, 17, 40, 24, 25, 26, 61, 9, 27, 29, 49, 43, 58]],
[196, [5, 42, 30, 52, 16, 38, 17, 40, 24, 25, 26, 61, 9, 29, 50, 62, 59, 64]],
[196, [5, 42, 30, 52, 16, 38, 18, 41, 8, 46, 47, 48, 9, 28, 49, 62, 23, 44]],
[196, [5, 42, 30, 52, 16, 38, 18, 41, 8, 46, 47, 48, 29, 49, 51, 62, 45, 60]],
[196, [5, 42, 30, 52, 16, 38, 18, 41, 24, 25, 26, 61, 9, 28, 49, 62, 23, 44]],
[196, [5, 42, 30, 52, 16, 38, 18, 41, 24, 25, 26, 61, 29, 49, 51, 62, 45, 60]],
[196, [5, 42, 30, 52, 16, 38, 39, 57, 8, 46, 47, 48, 27, 28, 49, 51, 43, 58]],
[196, [5, 42, 30, 52, 16, 38, 39, 57, 8, 46, 47, 48, 28, 50, 51, 62, 59, 64]],
[196, [5, 42, 30, 52, 16, 38, 39, 57, 24, 25, 26, 61, 27, 28, 49, 51, 43, 58]],
[196, [5, 42, 30, 52, 16, 38, 39, 57, 24, 25, 26, 61, 28, 50, 51, 62, 59, 64]],
[196, [5, 42, 30, 52, 37, 56, 4, 19, 8, 46, 47, 48, 9, 27, 28, 50, 43, 58]],
[196, [5, 42, 30, 52, 37, 56, 4, 19, 8, 46, 47, 48, 27, 29, 50, 51, 59, 64]],
[196, [5, 42, 30, 52, 37, 56, 4, 19, 24, 25, 26, 61, 9, 27, 28, 50, 43, 58]],
[196, [5, 42, 30, 52, 37, 56, 4, 19, 24, 25, 26, 61, 27, 29, 50, 51, 59, 64]],
[196, [5, 42, 30, 52, 37, 56, 17, 40, 8, 46, 47, 48, 9, 27, 29, 49, 23, 44]],
[196, [5, 42, 30, 52, 37, 56, 17, 40, 8, 46, 47, 48, 9, 29, 50, 62, 45, 60]],
[196, [5, 42, 30, 52, 37, 56, 17, 40, 24, 25, 26, 61, 9, 27, 29, 49, 23, 44]],
[196, [5, 42, 30, 52, 37, 56, 17, 40, 24, 25, 26, 61, 9, 29, 50, 62, 45, 60]],
[196, [5, 42, 30, 52, 37, 56, 18, 41, 8, 46, 47, 48, 9, 28, 49, 62, 43, 58]],
[196, [5, 42, 30, 52, 37, 56, 18, 41, 8, 46, 47, 48, 29, 49, 51, 62, 59, 64]],
[196, [5, 42, 30, 52, 37, 56, 18, 41, 24, 25, 26, 61, 9, 28, 49, 62, 43, 58]],
[196, [5, 42, 30, 52, 37, 56, 18, 41, 24, 25, 26, 61, 29, 49, 51, 62, 59, 64]],
[196, [5, 42, 30, 52, 37, 56, 39, 57, 8, 46, 47, 48, 27, 28, 49, 51, 23, 44]],
[196, [5, 42, 30, 52, 37, 56, 39, 57, 8, 46, 47, 48, 28, 50, 51, 62, 45, 60]],
[196, [5, 42, 30, 52, 37, 56, 39, 57, 24, 25, 26, 61, 27, 28, 49, 51, 23, 44]],
[196, [5, 42, 30, 52, 37, 56, 39, 57, 24, 25, 26, 61, 28, 50, 51, 62, 45, 60]],
[196, [20, 21, 2, 12, 3, 15, 4, 19, 8, 24, 48, 61, 27, 28, 49, 51, 59, 64]],
[196, [20, 21, 2, 12, 3, 15, 4, 19, 8, 24, 48, 61, 28, 50, 51, 62, 43, 58]],
[196, [20, 21, 2, 12, 3, 15, 4, 19, 25, 26, 46, 47, 27, 28, 49, 51, 59, 64]],
[196, [20, 21, 2, 12, 3, 15, 4, 19, 25, 26, 46, 47, 28, 50, 51, 62, 43, 58]],
[196, [20, 21, 2, 12, 3, 15, 17, 40, 8, 24, 48, 61, 9, 28, 49, 62, 45, 60]],
[196, [20, 21, 2, 12, 3, 15, 17, 40, 8, 24, 48, 61, 29, 49, 51, 62, 23, 44]],
[196, [20, 21, 2, 12, 3, 15, 17, 40, 25, 26, 46, 47, 9, 28, 49, 62, 45, 60]],
[196, [20, 21, 2, 12, 3, 15, 17, 40, 25, 26, 46, 47, 29, 49, 51, 62, 23, 44]],
[196, [20, 21, 2, 12, 3, 15, 18, 41, 8, 24, 48, 61, 9, 27, 29, 49, 59, 64]],
[196, [20, 21, 2, 12, 3, 15, 18, 41, 8, 24, 48, 61, 9, 29, 50, 62, 43, 58]],
[196, [20, 21, 2, 12, 3, 15, 18, 41, 25, 26, 46, 47, 9, 27, 29, 49, 59, 64]],
[196, [20, 21, 2, 12, 3, 15, 18, 41, 25, 26, 46, 47, 9, 29, 50, 62, 43, 58]],
[196, [20, 21, 2, 12, 3, 15, 39, 57, 8, 24, 48, 61, 9, 27, 28, 50, 45, 60]],
[196, [20, 21, 2, 12, 3, 15, 39, 57, 8, 24, 48, 61, 27, 29, 50, 51, 23, 44]],
[196, [20, 21, 2, 12, 3, 15, 39, 57, 25, 26, 46, 47, 9, 27, 28, 50, 45, 60]],
[196, [20, 21, 2, 12, 3, 15, 39, 57, 25, 26, 46, 47, 27, 29, 50, 51, 23, 44]],
[196, [20, 21, 2, 12, 14, 36, 4, 19, 8, 24, 48, 61, 27, 28, 49, 51, 45, 60]],
[196, [20, 21, 2, 12, 14, 36, 4, 19, 8, 24, 48, 61, 28, 50, 51, 62, 23, 44]],
[196, [20, 21, 2, 12, 14, 36, 4, 19, 25, 26, 46, 47, 27, 28, 49, 51, 45, 60]],
[196, [20, 21, 2, 12, 14, 36, 4, 19, 25, 26, 46, 47, 28, 50, 51, 62, 23, 44]],
[196, [20, 21, 2, 12, 14, 36, 17, 40, 8, 24, 48, 61, 9, 28, 49, 62, 59, 64]],
[196, [20, 21, 2, 12, 14, 36, 17, 40, 8, 24, 48, 61, 29, 49, 51, 62, 43, 58]],
[196, [20, 21, 2, 12, 14, 36, 17, 40, 25, 26, 46, 47, 9, 28, 49, 62, 59, 64]],
[196, [20, 21, 2, 12, 14, 36, 17, 40, 25, 26, 46, 47, 29, 49, 51, 62, 43, 58]],
[196, [20, 21, 2, 12, 14, 36, 18, 41, 8, 24, 48, 61, 9, 27, 29, 49, 45, 60]],
[196, [20, 21, 2, 12, 14, 36, 18, 41, 8, 24, 48, 61, 9, 29, 50, 62, 23, 44]],
[196, [20, 21, 2, 12, 14, 36, 18, 41, 25, 26, 46, 47, 9, 27, 29, 49, 45, 60]],
[196, [20, 21, 2, 12, 14, 36, 18, 41, 25, 26, 46, 47, 9, 29, 50, 62, 23, 44]],
[196, [20, 21, 2, 12, 14, 36, 39, 57, 8, 24, 48, 61, 9, 27, 28, 50, 59, 64]],
[196, [20, 21, 2, 12, 14, 36, 39, 57, 8, 24, 48, 61, 27, 29, 50, 51, 43, 58]],
[196, [20, 21, 2, 12, 14, 36, 39, 57, 25, 26, 46, 47, 9, 27, 28, 50, 59, 64]],
[196, [20, 21, 2, 12, 14, 36, 39, 57, 25, 26, 46, 47, 27, 29, 50, 51, 43, 58]],
[196, [20, 21, 2, 12, 16, 38, 4, 19, 8, 24, 48, 61, 27, 28, 49, 51, 43, 58]],
[196, [20, 21, 2, 12, 16, 38, 4, 19, 8, 24, 48, 61, 28, 50, 51, 62, 59, 64]],
[196, [20, 21, 2, 12, 16, 38, 4, 19, 25, 26, 46, 47, 27, 28, 49, 51, 43, 58]],
[196, [20, 21, 2, 12, 16, 38, 4, 19, 25, 26, 46, 47, 28, 50, 51, 62, 59, 64]],
[196, [20, 21, 2, 12, 16, 38, 17, 40, 8, 24, 48, 61, 9, 28, 49, 62, 23, 44]],
[196, [20, 21, 2, 12, 16, 38, 17, 40, 8, 24, 48, 61, 29, 49, 51, 62, 45, 60]],
[196, [20, 21, 2, 12, 16, 38, 17, 40, 25, 26, 46, 47, 9, 28, 49, 62, 23, 44]],
[196, [20, 21, 2, 12, 16, 38, 17, 40, 25, 26, 46, 47, 29, 49, 51, 62, 45, 60]],
[196, [20, 21, 2, 12, 16, 38, 18, 41, 8, 24, 48, 61, 9, 27, 29, 49, 43, 58]],
[196, [20, 21, 2, 12, 16, 38, 18, 41, 8, 24, 48, 61, 9, 29, 50, 62, 59, 64]],
[196, [20, 21, 2, 12, 16, 38, 18, 41, 25, 26, 46, 47, 9, 27, 29, 49, 43, 58]],
[196, [20, 21, 2, 12, 16, 38, 18, 41, 25, 26, 46, 47, 9, 29, 50, 62, 59, 64]],
[196, [20, 21, 2, 12, 16, 38, 39, 57, 8, 24, 48, 61, 9, 27, 28, 50, 23, 44]],
[196, [20, 21, 2, 12, 16, 38, 39, 57, 8, 24, 48, 61, 27, 29, 50, 51, 45, 60]],
[196, [20, 21, 2, 12, 16, 38, 39, 57, 25, 26, 46, 47, 9, 27, 28, 50, 23, 44]],
[196, [20, 21, 2, 12, 16, 38, 39, 57, 25, 26, 46, 47, 27, 29, 50, 51, 45, 60]],
[196, [20, 21, 2, 12, 37, 56, 4, 19, 8, 24, 48, 61, 27, 28, 49, 51, 23, 44]],
[196, [20, 21, 2, 12, 37, 56, 4, 19, 8, 24, 48, 61, 28, 50, 51, 62, 45, 60]],
[196, [20, 21, 2, 12, 37, 56, 4, 19, 25, 26, 46, 47, 27, 28, 49, 51, 23, 44]],
[196, [20, 21, 2, 12, 37, 56, 4, 19, 25, 26, 46, 47, 28, 50, 51, 62, 45, 60]],
[196, [20, 21, 2, 12, 37, 56, 17, 40, 8, 24, 48, 61, 9, 28, 49, 62, 43, 58]],
[196, [20, 21, 2, 12, 37, 56, 17, 40, 8, 24, 48, 61, 29, 49, 51, 62, 59, 64]],
[196, [20, 21, 2, 12, 37, 56, 17, 40, 25, 26, 46, 47, 9, 28, 49, 62, 43, 58]],
[196, [20, 21, 2, 12, 37, 56, 17, 40, 25, 26, 46, 47, 29, 49, 51, 62, 59, 64]],
[196, [20, 21, 2, 12, 37, 56, 18, 41, 8, 24, 48, 61, 9, 27, 29, 49, 23, 44]],
[196, [20, 21, 2, 12, 37, 56, 18, 41, 8, 24, 48, 61, 9, 29, 50, 62, 45, 60]],
[196, [20, 21, 2, 12, 37, 56, 18, 41, 25, 26, 46, 47, 9, 27, 29, 49, 23, 44]],
[196, [20, 21, 2, 12, 37, 56, 18, 41, 25, 26, 46, 47, 9, 29, 50, 62, 45, 60]],
[196, [20, 21, 2, 12, 37, 56, 39, 57, 8, 24, 48, 61, 9, 27, 28, 50, 43, 58]],
[196, [20, 21, 2, 12, 37, 56, 39, 57, 8, 24, 48, 61, 27, 29, 50, 51, 59, 64]],
[196, [20, 21, 2, 12, 37, 56, 39, 57, 25, 26, 46, 47, 9, 27, 28, 50, 43, 58]],
[196, [20, 21, 2, 12, 37, 56, 39, 57, 25, 26, 46, 47, 27, 29, 50, 51, 59, 64]],
[196, [20, 21, 10, 31, 3, 15, 4, 19, 8, 24, 48, 61, 9, 28, 49, 62, 45, 60]],
[196, [20, 21, 10, 31, 3, 15, 4, 19, 8, 24, 48, 61, 29, 49, 51, 62, 23, 44]],
[196, [20, 21, 10, 31, 3, 15, 4, 19, 25, 26, 46, 47, 9, 28, 49, 62, 45, 60]],
[196, [20, 21, 10, 31, 3, 15, 4, 19, 25, 26, 46, 47, 29, 49, 51, 62, 23, 44]],
[196, [20, 21, 10, 31, 3, 15, 17, 40, 8, 24, 48, 61, 27, 28, 49, 51, 59, 64]],
[196, [20, 21, 10, 31, 3, 15, 17, 40, 8, 24, 48, 61, 28, 50, 51, 62, 43, 58]],
[196, [20, 21, 10, 31, 3, 15, 17, 40, 25, 26, 46, 47, 27, 28, 49, 51, 59, 64]],
[196, [20, 21, 10, 31, 3, 15, 17, 40, 25, 26, 46, 47, 28, 50, 51, 62, 43, 58]],
[196, [20, 21, 10, 31, 3, 15, 18, 41, 8, 24, 48, 61, 9, 27, 28, 50, 45, 60]],
[196, [20, 21, 10, 31, 3, 15, 18, 41, 8, 24, 48, 61, 27, 29, 50, 51, 23, 44]],
[196, [20, 21, 10, 31, 3, 15, 18, 41, 25, 26, 46, 47, 9, 27, 28, 50, 45, 60]],
[196, [20, 21, 10, 31, 3, 15, 18, 41, 25, 26, 46, 47, 27, 29, 50, 51, 23, 44]],
[196, [20, 21, 10, 31, 3, 15, 39, 57, 8, 24, 48, 61, 9, 27, 29, 49, 59, 64]],
[196, [20, 21, 10, 31, 3, 15, 39, 57, 8, 24, 48, 61, 9, 29, 50, 62, 43, 58]],
[196, [20, 21, 10, 31, 3, 15, 39, 57, 25, 26, 46, 47, 9, 27, 29, 49, 59, 64]],
[196, [20, 21, 10, 31, 3, 15, 39, 57, 25, 26, 46, 47, 9, 29, 50, 62, 43, 58]],
[196, [20, 21, 10, 31, 14, 36, 4, 19, 8, 24, 48, 61, 9, 28, 49, 62, 59, 64]],
[196, [20, 21, 10, 31, 14, 36, 4, 19, 8, 24, 48, 61, 29, 49, 51, 62, 43, 58]],
[196, [20, 21, 10, 31, 14, 36, 4, 19, 25, 26, 46, 47, 9, 28, 49, 62, 59, 64]],
[196, [20, 21, 10, 31, 14, 36, 4, 19, 25, 26, 46, 47, 29, 49, 51, 62, 43, 58]],
[196, [20, 21, 10, 31, 14, 36, 17, 40, 8, 24, 48, 61, 27, 28, 49, 51, 45, 60]],
[196, [20, 21, 10, 31, 14, 36, 17, 40, 8, 24, 48, 61, 28, 50, 51, 62, 23, 44]],
[196, [20, 21, 10, 31, 14, 36, 17, 40, 25, 26, 46, 47, 27, 28, 49, 51, 45, 60]],
[196, [20, 21, 10, 31, 14, 36, 17, 40, 25, 26, 46, 47, 28, 50, 51, 62, 23, 44]],
[196, [20, 21, 10, 31, 14, 36, 18, 41, 8, 24, 48, 61, 9, 27, 28, 50, 59, 64]],
[196, [20, 21, 10, 31, 14, 36, 18, 41, 8, 24, 48, 61, 27, 29, 50, 51, 43, 58]],
[196, [20, 21, 10, 31, 14, 36, 18, 41, 25, 26, 46, 47, 9, 27, 28, 50, 59, 64]],
[196, [20, 21, 10, 31, 14, 36, 18, 41, 25, 26, 46, 47, 27, 29, 50, 51, 43, 58]],
[196, [20, 21, 10, 31, 14, 36, 39, 57, 8, 24, 48, 61, 9, 27, 29, 49, 45, 60]],
[196, [20, 21, 10, 31, 14, 36, 39, 57, 8, 24, 48, 61, 9, 29, 50, 62, 23, 44]],
[196, [20, 21, 10, 31, 14, 36, 39, 57, 25, 26, 46, 47, 9, 27, 29, 49, 45, 60]],
[196, [20, 21, 10, 31, 14, 36, 39, 57, 25, 26, 46, 47, 9, 29, 50, 62, 23, 44]],
[196, [20, 21, 10, 31, 16, 38, 4, 19, 8, 24, 48, 61, 9, 28, 49, 62, 23, 44]],
[196, [20, 21, 10, 31, 16, 38, 4, 19, 8, 24, 48, 61, 29, 49, 51, 62, 45, 60]],
[196, [20, 21, 10, 31, 16, 38, 4, 19, 25, 26, 46, 47, 9, 28, 49, 62, 23, 44]],
[196, [20, 21, 10, 31, 16, 38, 4, 19, 25, 26, 46, 47, 29, 49, 51, 62, 45, 60]],
[196, [20, 21, 10, 31, 16, 38, 17, 40, 8, 24, 48, 61, 27, 28, 49, 51, 43, 58]],
[196, [20, 21, 10, 31, 16, 38, 17, 40, 8, 24, 48, 61, 28, 50, 51, 62, 59, 64]],
[196, [20, 21, 10, 31, 16, 38, 17, 40, 25, 26, 46, 47, 27, 28, 49, 51, 43, 58]],
[196, [20, 21, 10, 31, 16, 38, 17, 40, 25, 26, 46, 47, 28, 50, 51, 62, 59, 64]],
[196, [20, 21, 10, 31, 16, 38, 18, 41, 8, 24, 48, 61, 9, 27, 28, 50, 23, 44]],
[196, [20, 21, 10, 31, 16, 38, 18, 41, 8, 24, 48, 61, 27, 29, 50, 51, 45, 60]],
[196, [20, 21, 10, 31, 16, 38, 18, 41, 25, 26, 46, 47, 9, 27, 28, 50, 23, 44]],
[196, [20, 21, 10, 31, 16, 38, 18, 41, 25, 26, 46, 47, 27, 29, 50, 51, 45, 60]],
[196, [20, 21, 10, 31, 16, 38, 39, 57, 8, 24, 48, 61, 9, 27, 29, 49, 43, 58]],
[196, [20, 21, 10, 31, 16, 38, 39, 57, 8, 24, 48, 61, 9, 29, 50, 62, 59, 64]],
[196, [20, 21, 10, 31, 16, 38, 39, 57, 25, 26, 46, 47, 9, 27, 29, 49, 43, 58]],
[196, [20, 21, 10, 31, 16, 38, 39, 57, 25, 26, 46, 47, 9, 29, 50, 62, 59, 64]],
[196, [20, 21, 10, 31, 37, 56, 4, 19, 8, 24, 48, 61, 9, 28, 49, 62, 43, 58]],
[196, [20, 21, 10, 31, 37, 56, 4, 19, 8, 24, 48, 61, 29, 49, 51, 62, 59, 64]],
[196, [20, 21, 10, 31, 37, 56, 4, 19, 25, 26, 46, 47, 9, 28, 49, 62, 43, 58]],
[196, [20, 21, 10, 31, 37, 56, 4, 19, 25, 26, 46, 47, 29, 49, 51, 62, 59, 64]],
[196, [20, 21, 10, 31, 37, 56, 17, 40, 8, 24, 48, 61, 27, 28, 49, 51, 23, 44]],
[196, [20, 21, 10, 31, 37, 56, 17, 40, 8, 24, 48, 61, 28, 50, 51, 62, 45, 60]],
[196, [20, 21, 10, 31, 37, 56, 17, 40, 25, 26, 46, 47, 27, 28, 49, 51, 23, 44]],
[196, [20, 21, 10, 31, 37, 56, 17, 40, 25, 26, 46, 47, 28, 50, 51, 62, 45, 60]],
[196, [20, 21, 10, 31, 37, 56, 18, 41, 8, 24, 48, 61, 9, 27, 28, 50, 43, 58]],
[196, [20, 21, 10, 31, 37, 56, 18, 41, 8, 24, 48, 61, 27, 29, 50, 51, 59, 64]],
[196, [20, 21, 10, 31, 37, 56, 18, 41, 25, 26, 46, 47, 9, 27, 28, 50, 43, 58]],
[196, [20, 21, 10, 31, 37, 56, 18, 41, 25, 26, 46, 47, 27, 29, 50, 51, 59, 64]],
[196, [20, 21, 10, 31, 37, 56, 39, 57, 8, 24, 48, 61, 9, 27, 29, 49, 23, 44]],
[196, [20, 21, 10, 31, 37, 56, 39, 57, 8, 24, 48, 61, 9, 29, 50, 62, 45, 60]],
[196, [20, 21, 10, 31, 37, 56, 39, 57, 25, 26, 46, 47, 9, 27, 29, 49, 23, 44]],
[196, [20, 21, 10, 31, 37, 56, 39, 57, 25, 26, 46, 47, 9, 29, 50, 62, 45, 60]],
[196, [20, 21, 11, 32, 3, 15, 4, 19, 8, 24, 48, 61, 9, 27, 29, 49, 59, 64]],
[196, [20, 21, 11, 32, 3, 15, 4, 19, 8, 24, 48, 61, 9, 29, 50, 62, 43, 58]],
[196, [20, 21, 11, 32, 3, 15, 4, 19, 25, 26, 46, 47, 9, 27, 29, 49, 59, 64]],
[196, [20, 21, 11, 32, 3, 15, 4, 19, 25, 26, 46, 47, 9, 29, 50, 62, 43, 58]],
[196, [20, 21, 11, 32, 3, 15, 17, 40, 8, 24, 48, 61, 9, 27, 28, 50, 45, 60]],
[196, [20, 21, 11, 32, 3, 15, 17, 40, 8, 24, 48, 61, 27, 29, 50, 51, 23, 44]],
[196, [20, 21, 11, 32, 3, 15, 17, 40, 25, 26, 46, 47, 9, 27, 28, 50, 45, 60]],
[196, [20, 21, 11, 32, 3, 15, 17, 40, 25, 26, 46, 47, 27, 29, 50, 51, 23, 44]],
[196, [20, 21, 11, 32, 3, 15, 18, 41, 8, 24, 48, 61, 27, 28, 49, 51, 59, 64]],
[196, [20, 21, 11, 32, 3, 15, 18, 41, 8, 24, 48, 61, 28, 50, 51, 62, 43, 58]],
[196, [20, 21, 11, 32, 3, 15, 18, 41, 25, 26, 46, 47, 27, 28, 49, 51, 59, 64]],
[196, [20, 21, 11, 32, 3, 15, 18, 41, 25, 26, 46, 47, 28, 50, 51, 62, 43, 58]],
[196, [20, 21, 11, 32, 3, 15, 39, 57, 8, 24, 48, 61, 9, 28, 49, 62, 45, 60]],
[196, [20, 21, 11, 32, 3, 15, 39, 57, 8, 24, 48, 61, 29, 49, 51, 62, 23, 44]],
[196, [20, 21, 11, 32, 3, 15, 39, 57, 25, 26, 46, 47, 9, 28, 49, 62, 45, 60]],
[196, [20, 21, 11, 32, 3, 15, 39, 57, 25, 26, 46, 47, 29, 49, 51, 62, 23, 44]],
[196, [20, 21, 11, 32, 14, 36, 4, 19, 8, 24, 48, 61, 9, 27, 29, 49, 45, 60]],
[196, [20, 21, 11, 32, 14, 36, 4, 19, 8, 24, 48, 61, 9, 29, 50, 62, 23, 44]],
[196, [20, 21, 11, 32, 14, 36, 4, 19, 25, 26, 46, 47, 9, 27, 29, 49, 45, 60]],
[196, [20, 21, 11, 32, 14, 36, 4, 19, 25, 26, 46, 47, 9, 29, 50, 62, 23, 44]],
[196, [20, 21, 11, 32, 14, 36, 17, 40, 8, 24, 48, 61, 9, 27, 28, 50, 59, 64]],
[196, [20, 21, 11, 32, 14, 36, 17, 40, 8, 24, 48, 61, 27, 29, 50, 51, 43, 58]],
[196, [20, 21, 11, 32, 14, 36, 17, 40, 25, 26, 46, 47, 9, 27, 28, 50, 59, 64]],
[196, [20, 21, 11, 32, 14, 36, 17, 40, 25, 26, 46, 47, 27, 29, 50, 51, 43, 58]],
[196, [20, 21, 11, 32, 14, 36, 18, 41, 8, 24, 48, 61, 27, 28, 49, 51, 45, 60]],
[196, [20, 21, 11, 32, 14, 36, 18, 41, 8, 24, 48, 61, 28, 50, 51, 62, 23, 44]],
[196, [20, 21, 11, 32, 14, 36, 18, 41, 25, 26, 46, 47, 27, 28, 49, 51, 45, 60]],
[196, [20, 21, 11, 32, 14, 36, 18, 41, 25, 26, 46, 47, 28, 50, 51, 62, 23, 44]],
[196, [20, 21, 11, 32, 14, 36, 39, 57, 8, 24, 48, 61, 9, 28, 49, 62, 59, 64]],
[196, [20, 21, 11, 32, 14, 36, 39, 57, 8, 24, 48, 61, 29, 49, 51, 62, 43, 58]],
[196, [20, 21, 11, 32, 14, 36, 39, 57, 25, 26, 46, 47, 9, 28, 49, 62, 59, 64]],
[196, [20, 21, 11, 32, 14, 36, 39, 57, 25, 26, 46, 47, 29, 49, 51, 62, 43, 58]],
[196, [20, 21, 11, 32, 16, 38, 4, 19, 8, 24, 48, 61, 9, 27, 29, 49, 43, 58]],
[196, [20, 21, 11, 32, 16, 38, 4, 19, 8, 24, 48, 61, 9, 29, 50, 62, 59, 64]],
[196, [20, 21, 11, 32, 16, 38, 4, 19, 25, 26, 46, 47, 9, 27, 29, 49, 43, 58]],
[196, [20, 21, 11, 32, 16, 38, 4, 19, 25, 26, 46, 47, 9, 29, 50, 62, 59, 64]],
[196, [20, 21, 11, 32, 16, 38, 17, 40, 8, 24, 48, 61, 9, 27, 28, 50, 23, 44]],
[196, [20, 21, 11, 32, 16, 38, 17, 40, 8, 24, 48, 61, 27, 29, 50, 51, 45, 60]],
[196, [20, 21, 11, 32, 16, 38, 17, 40, 25, 26, 46, 47, 9, 27, 28, 50, 23, 44]],
[196, [20, 21, 11, 32, 16, 38, 17, 40, 25, 26, 46, 47, 27, 29, 50, 51, 45, 60]],
[196, [20, 21, 11, 32, 16, 38, 18, 41, 8, 24, 48, 61, 27, 28, 49, 51, 43, 58]],
[196, [20, 21, 11, 32, 16, 38, 18, 41, 8, 24, 48, 61, 28, 50, 51, 62, 59, 64]],
[196, [20, 21, 11, 32, 16, 38, 18, 41, 25, 26, 46, 47, 27, 28, 49, 51, 43, 58]],
[196, [20, 21, 11, 32, 16, 38, 18, 41, 25, 26, 46, 47, 28, 50, 51, 62, 59, 64]],
[196, [20, 21, 11, 32, 16, 38, 39, 57, 8, 24, 48, 61, 9, 28, 49, 62, 23, 44]],
[196, [20, 21, 11, 32, 16, 38, 39, 57, 8, 24, 48, 61, 29, 49, 51, 62, 45, 60]],
[196, [20, 21, 11, 32, 16, 38, 39, 57, 25, 26, 46, 47, 9, 28, 49, 62, 23, 44]],
[196, [20, 21, 11, 32, 16, 38, 39, 57, 25, 26, 46, 47, 29, 49, 51, 62, 45, 60]],
[196, [20, 21, 11, 32, 37, 56, 4, 19, 8, 24, 48, 61, 9, 27, 29, 49, 23, 44]],
[196, [20, 21, 11, 32, 37, 56, 4, 19, 8, 24, 48, 61, 9, 29, 50, 62, 45, 60]],
[196, [20, 21, 11, 32, 37, 56, 4, 19, 25, 26, 46, 47, 9, 27, 29, 49, 23, 44]],
[196, [20, 21, 11, 32, 37, 56, 4, 19, 25, 26, 46, 47, 9, 29, 50, 62, 45, 60]],
[196, [20, 21, 11, 32, 37, 56, 17, 40, 8, 24, 48, 61, 9, 27, 28, 50, 43, 58]],
[196, [20, 21, 11, 32, 37, 56, 17, 40, 8, 24, 48, 61, 27, 29, 50, 51, 59, 64]],
[196, [20, 21, 11, 32, 37, 56, 17, 40, 25, 26, 46, 47, 9, 27, 28, 50, 43, 58]],
[196, [20, 21, 11, 32, 37, 56, 17, 40, 25, 26, 46, 47, 27, 29, 50, 51, 59, 64]],
[196, [20, 21, 11, 32, 37, 56, 18, 41, 8, 24, 48, 61, 27, 28, 49, 51, 23, 44]],
[196, [20, 21, 11, 32, 37, 56, 18, 41, 8, 24, 48, 61, 28, 50, 51, 62, 45, 60]],
[196, [20, 21, 11, 32, 37, 56, 18, 41, 25, 26, 46, 47, 27, 28, 49, 51, 23, 44]],
[196, [20, 21, 11, 32, 37, 56, 18, 41, 25, 26, 46, 47, 28, 50, 51, 62, 45, 60]],
[196, [20, 21, 11, 32, 37, 56, 39, 57, 8, 24, 48, 61, 9, 28, 49, 62, 43, 58]],
[196, [20, 21, 11, 32, 37, 56, 39, 57, 8, 24, 48, 61, 29, 49, 51, 62, 59, 64]],
[196, [20, 21, 11, 32, 37, 56, 39, 57, 25, 26, 46, 47, 9, 28, 49, 62, 43, 58]],
[196, [20, 21, 11, 32, 37, 56, 39, 57, 25, 26, 46, 47, 29, 49, 51, 62, 59, 64]],
[196, [20, 21, 30, 52, 3, 15, 4, 19, 8, 24, 48, 61, 9, 27, 28, 50, 45, 60]],
[196, [20, 21, 30, 52, 3, 15, 4, 19, 8, 24, 48, 61, 27, 29, 50, 51, 23, 44]],
[196, [20, 21, 30, 52, 3, 15, 4, 19, 25, 26, 46, 47, 9, 27, 28, 50, 45, 60]],
[196, [20, 21, 30, 52, 3, 15, 4, 19, 25, 26, 46, 47, 27, 29, 50, 51, 23, 44]],
[196, [20, 21, 30, 52, 3, 15, 17, 40, 8, 24, 48, 61, 9, 27, 29, 49, 59, 64]],
[196, [20, 21, 30, 52, 3, 15, 17, 40, 8, 24, 48, 61, 9, 29, 50, 62, 43, 58]],
[196, [20, 21, 30, 52, 3, 15, 17, 40, 25, 26, 46, 47, 9, 27, 29, 49, 59, 64]],
[196, [20, 21, 30, 52, 3, 15, 17, 40, 25, 26, 46, 47, 9, 29, 50, 62, 43, 58]],
[196, [20, 21, 30, 52, 3, 15, 18, 41, 8, 24, 48, 61, 9, 28, 49, 62, 45, 60]],
[196, [20, 21, 30, 52, 3, 15, 18, 41, 8, 24, 48, 61, 29, 49, 51, 62, 23, 44]],
[196, [20, 21, 30, 52, 3, 15, 18, 41, 25, 26, 46, 47, 9, 28, 49, 62, 45, 60]],
[196, [20, 21, 30, 52, 3, 15, 18, 41, 25, 26, 46, 47, 29, 49, 51, 62, 23, 44]],
[196, [20, 21, 30, 52, 3, 15, 39, 57, 8, 24, 48, 61, 27, 28, 49, 51, 59, 64]],
[196, [20, 21, 30, 52, 3, 15, 39, 57, 8, 24, 48, 61, 28, 50, 51, 62, 43, 58]],
[196, [20, 21, 30, 52, 3, 15, 39, 57, 25, 26, 46, 47, 27, 28, 49, 51, 59, 64]],
[196, [20, 21, 30, 52, 3, 15, 39, 57, 25, 26, 46, 47, 28, 50, 51, 62, 43, 58]],
[196, [20, 21, 30, 52, 14, 36, 4, 19, 8, 24, 48, 61, 9, 27, 28, 50, 59, 64]],
[196, [20, 21, 30, 52, 14, 36, 4, 19, 8, 24, 48, 61, 27, 29, 50, 51, 43, 58]],
[196, [20, 21, 30, 52, 14, 36, 4, 19, 25, 26, 46, 47, 9, 27, 28, 50, 59, 64]],
[196, [20, 21, 30, 52, 14, 36, 4, 19, 25, 26, 46, 47, 27, 29, 50, 51, 43, 58]],
[196, [20, 21, 30, 52, 14, 36, 17, 40, 8, 24, 48, 61, 9, 27, 29, 49, 45, 60]],
[196, [20, 21, 30, 52, 14, 36, 17, 40, 8, 24, 48, 61, 9, 29, 50, 62, 23, 44]],
[196, [20, 21, 30, 52, 14, 36, 17, 40, 25, 26, 46, 47, 9, 27, 29, 49, 45, 60]],
[196, [20, 21, 30, 52, 14, 36, 17, 40, 25, 26, 46, 47, 9, 29, 50, 62, 23, 44]],
[196, [20, 21, 30, 52, 14, 36, 18, 41, 8, 24, 48, 61, 9, 28, 49, 62, 59, 64]],
[196, [20, 21, 30, 52, 14, 36, 18, 41, 8, 24, 48, 61, 29, 49, 51, 62, 43, 58]],
[196, [20, 21, 30, 52, 14, 36, 18, 41, 25, 26, 46, 47, 9, 28, 49, 62, 59, 64]],
[196, [20, 21, 30, 52, 14, 36, 18, 41, 25, 26, 46, 47, 29, 49, 51, 62, 43, 58]],
[196, [20, 21, 30, 52, 14, 36, 39, 57, 8, 24, 48, 61, 27, 28, 49, 51, 45, 60]],
[196, [20, 21, 30, 52, 14, 36, 39, 57, 8, 24, 48, 61, 28, 50, 51, 62, 23, 44]],
[196, [20, 21, 30, 52, 14, 36, 39, 57, 25, 26, 46, 47, 27, 28, 49, 51, 45, 60]],
[196, [20, 21, 30, 52, 14, 36, 39, 57, 25, 26, 46, 47, 28, 50, 51, 62, 23, 44]],
[196, [20, 21, 30, 52, 16, 38, 4, 19, 8, 24, 48, 61, 9, 27, 28, 50, 23, 44]],
[196, [20, 21, 30, 52, 16, 38, 4, 19, 8, 24, 48, 61, 27, 29, 50, 51, 45, 60]],
[196, [20, 21, 30, 52, 16, 38, 4, 19, 25, 26, 46, 47, 9, 27, 28, 50, 23, 44]],
[196, [20, 21, 30, 52, 16, 38, 4, 19, 25, 26, 46, 47, 27, 29, 50, 51, 45, 60]],
[196, [20, 21, 30, 52, 16, 38, 17, 40, 8, 24, 48, 61, 9, 27, 29, 49, 43, 58]],
[196, [20, 21, 30, 52, 16, 38, 17, 40, 8, 24, 48, 61, 9, 29, 50, 62, 59, 64]],
[196, [20, 21, 30, 52, 16, 38, 17, 40, 25, 26, 46, 47, 9, 27, 29, 49, 43, 58]],
[196, [20, 21, 30, 52, 16, 38, 17, 40, 25, 26, 46, 47, 9, 29, 50, 62, 59, 64]],
[196, [20, 21, 30, 52, 16, 38, 18, 41, 8, 24, 48, 61, 9, 28, 49, 62, 23, 44]],
[196, [20, 21, 30, 52, 16, 38, 18, 41, 8, 24, 48, 61, 29, 49, 51, 62, 45, 60]],
[196, [20, 21, 30, 52, 16, 38, 18, 41, 25, 26, 46, 47, 9, 28, 49, 62, 23, 44]],
[196, [20, 21, 30, 52, 16, 38, 18, 41, 25, 26, 46, 47, 29, 49, 51, 62, 45, 60]],
[196, [20, 21, 30, 52, 16, 38, 39, 57, 8, 24, 48, 61, 27, 28, 49, 51, 43, 58]],
[196, [20, 21, 30, 52, 16, 38, 39, 57, 8, 24, 48, 61, 28, 50, 51, 62, 59, 64]],
[196, [20, 21, 30, 52, 16, 38, 39, 57, 25, 26, 46, 47, 27, 28, 49, 51, 43, 58]],
[196, [20, 21, 30, 52, 16, 38, 39, 57, 25, 26, 46, 47, 28, 50, 51, 62, 59, 64]],
[196, [20, 21, 30, 52, 37, 56, 4, 19, 8, 24, 48, 61, 9, 27, 28, 50, 43, 58]],
[196, [20, 21, 30, 52, 37, 56, 4, 19, 8, 24, 48, 61, 27, 29, 50, 51, 59, 64]],
[196, [20, 21, 30, 52, 37, 56, 4, 19, 25, 26, 46, 47, 9, 27, 28, 50, 43, 58]],
[196, [20, 21, 30, 52, 37, 56, 4, 19, 25, 26, 46, 47, 27, 29, 50, 51, 59, 64]],
[196, [20, 21, 30, 52, 37, 56, 17, 40, 8, 24, 48, 61, 9, 27, 29, 49, 23, 44]],
[196, [20, 21, 30, 52, 37, 56, 17, 40, 8, 24, 48, 61, 9, 29, 50, 62, 45, 60]],
[196, [20, 21, 30, 52, 37, 56, 17, 40, 25, 26, 46, 47, 9, 27, 29, 49, 23, 44]],
[196, [20, 21, 30, 52, 37, 56, 17, 40, 25, 26, 46, 47, 9, 29, 50, 62, 45, 60]],
[196, [20, 21, 30, 52, 37, 56, 18, 41, 8, 24, 48, 61, 9, 28, 49, 62, 43, 58]],
[196, [20, 21, 30, 52, 37, 56, 18, 41, 8, 24, 48, 61, 29, 49, 51, 62, 59, 64]],
[196, [20, 21, 30, 52, 37, 56, 18, 41, 25, 26, 46, 47, 9, 28, 49, 62, 43, 58]],
[196, [20, 21, 30, 52, 37, 56, 18, 41, 25, 26, 46, 47, 29, 49, 51, 62, 59, 64]],
[196, [20, 21, 30, 52, 37, 56, 39, 57, 8, 24, 48, 61, 27, 28, 49, 51, 23, 44]],
[196, [20, 21, 30, 52, 37, 56, 39, 57, 8, 24, 48, 61, 28, 50, 51, 62, 45, 60]],
[196, [20, 21, 30, 52, 37, 56, 39, 57, 25, 26, 46, 47, 27, 28, 49, 51, 23, 44]],
[196, [20, 21, 30, 52, 37, 56, 39, 57, 25, 26, 46, 47, 28, 50, 51, 62, 45, 60]]];
