pds_list := [[140, [20, 42, 2, 31, 3, 14, 15, 56, 4, 17, 46, 48, 35, 54, 23, 44, 45, 60]],
[140, [20, 42, 2, 31, 3, 14, 15, 56, 4, 17, 46, 48, 35, 54, 43, 58, 59, 64]],
[140, [20, 42, 2, 31, 3, 14, 15, 56, 18, 39, 46, 48, 55, 63, 23, 44, 45, 60]],
[140, [20, 42, 2, 31, 3, 14, 15, 56, 18, 39, 46, 48, 55, 63, 43, 58, 59, 64]],
[140, [20, 42, 2, 31, 3, 14, 15, 56, 19, 40, 46, 48, 13, 33, 23, 44, 45, 60]],
[140, [20, 42, 2, 31, 3, 14, 15, 56, 19, 40, 46, 48, 13, 33, 43, 58, 59, 64]],
[140, [20, 42, 2, 31, 3, 14, 15, 56, 41, 57, 46, 48, 34, 53, 23, 44, 45, 60]],
[140, [20, 42, 2, 31, 3, 14, 15, 56, 41, 57, 46, 48, 34, 53, 43, 58, 59, 64]],
[140, [20, 42, 2, 31, 3, 14, 36, 38, 4, 17, 25, 61, 35, 54, 23, 44, 45, 60]],
[140, [20, 42, 2, 31, 3, 14, 36, 38, 4, 17, 25, 61, 35, 54, 43, 58, 59, 64]],
[140, [20, 42, 2, 31, 3, 14, 36, 38, 18, 39, 25, 61, 55, 63, 23, 44, 45, 60]],
[140, [20, 42, 2, 31, 3, 14, 36, 38, 18, 39, 25, 61, 55, 63, 43, 58, 59, 64]],
[140, [20, 42, 2, 31, 3, 14, 36, 38, 19, 40, 25, 61, 13, 33, 23, 44, 45, 60]],
[140, [20, 42, 2, 31, 3, 14, 36, 38, 19, 40, 25, 61, 13, 33, 43, 58, 59, 64]],
[140, [20, 42, 2, 31, 3, 14, 36, 38, 41, 57, 25, 61, 34, 53, 23, 44, 45, 60]],
[140, [20, 42, 2, 31, 3, 14, 36, 38, 41, 57, 25, 61, 34, 53, 43, 58, 59, 64]],
[140, [20, 42, 2, 31, 15, 16, 37, 56, 4, 17, 46, 48, 13, 33, 23, 44, 45, 60]],
[140, [20, 42, 2, 31, 15, 16, 37, 56, 4, 17, 46, 48, 13, 33, 43, 58, 59, 64]],
[140, [20, 42, 2, 31, 15, 16, 37, 56, 18, 39, 46, 48, 34, 53, 23, 44, 45, 60]],
[140, [20, 42, 2, 31, 15, 16, 37, 56, 18, 39, 46, 48, 34, 53, 43, 58, 59, 64]],
[140, [20, 42, 2, 31, 15, 16, 37, 56, 19, 40, 46, 48, 35, 54, 23, 44, 45, 60]],
[140, [20, 42, 2, 31, 15, 16, 37, 56, 19, 40, 46, 48, 35, 54, 43, 58, 59, 64]],
[140, [20, 42, 2, 31, 15, 16, 37, 56, 41, 57, 46, 48, 55, 63, 23, 44, 45, 60]],
[140, [20, 42, 2, 31, 15, 16, 37, 56, 41, 57, 46, 48, 55, 63, 43, 58, 59, 64]],
[140, [20, 42, 2, 31, 16, 36, 37, 38, 4, 17, 25, 61, 13, 33, 23, 44, 45, 60]],
[140, [20, 42, 2, 31, 16, 36, 37, 38, 4, 17, 25, 61, 13, 33, 43, 58, 59, 64]],
[140, [20, 42, 2, 31, 16, 36, 37, 38, 18, 39, 25, 61, 34, 53, 23, 44, 45, 60]],
[140, [20, 42, 2, 31, 16, 36, 37, 38, 18, 39, 25, 61, 34, 53, 43, 58, 59, 64]],
[140, [20, 42, 2, 31, 16, 36, 37, 38, 19, 40, 25, 61, 35, 54, 23, 44, 45, 60]],
[140, [20, 42, 2, 31, 16, 36, 37, 38, 19, 40, 25, 61, 35, 54, 43, 58, 59, 64]],
[140, [20, 42, 2, 31, 16, 36, 37, 38, 41, 57, 25, 61, 55, 63, 23, 44, 45, 60]],
[140, [20, 42, 2, 31, 16, 36, 37, 38, 41, 57, 25, 61, 55, 63, 43, 58, 59, 64]],
[140, [20, 42, 10, 12, 3, 14, 15, 56, 4, 17, 25, 61, 35, 54, 23, 44, 45, 60]],
[140, [20, 42, 10, 12, 3, 14, 15, 56, 4, 17, 25, 61, 35, 54, 43, 58, 59, 64]],
[140, [20, 42, 10, 12, 3, 14, 15, 56, 18, 39, 25, 61, 55, 63, 23, 44, 45, 60]],
[140, [20, 42, 10, 12, 3, 14, 15, 56, 18, 39, 25, 61, 55, 63, 43, 58, 59, 64]],
[140, [20, 42, 10, 12, 3, 14, 15, 56, 19, 40, 25, 61, 13, 33, 23, 44, 45, 60]],
[140, [20, 42, 10, 12, 3, 14, 15, 56, 19, 40, 25, 61, 13, 33, 43, 58, 59, 64]],
[140, [20, 42, 10, 12, 3, 14, 15, 56, 41, 57, 25, 61, 34, 53, 23, 44, 45, 60]],
[140, [20, 42, 10, 12, 3, 14, 15, 56, 41, 57, 25, 61, 34, 53, 43, 58, 59, 64]],
[140, [20, 42, 10, 12, 3, 14, 36, 38, 4, 17, 46, 48, 35, 54, 23, 44, 45, 60]],
[140, [20, 42, 10, 12, 3, 14, 36, 38, 4, 17, 46, 48, 35, 54, 43, 58, 59, 64]],
[140, [20, 42, 10, 12, 3, 14, 36, 38, 18, 39, 46, 48, 55, 63, 23, 44, 45, 60]],
[140, [20, 42, 10, 12, 3, 14, 36, 38, 18, 39, 46, 48, 55, 63, 43, 58, 59, 64]],
[140, [20, 42, 10, 12, 3, 14, 36, 38, 19, 40, 46, 48, 13, 33, 23, 44, 45, 60]],
[140, [20, 42, 10, 12, 3, 14, 36, 38, 19, 40, 46, 48, 13, 33, 43, 58, 59, 64]],
[140, [20, 42, 10, 12, 3, 14, 36, 38, 41, 57, 46, 48, 34, 53, 23, 44, 45, 60]],
[140, [20, 42, 10, 12, 3, 14, 36, 38, 41, 57, 46, 48, 34, 53, 43, 58, 59, 64]],
[140, [20, 42, 10, 12, 15, 16, 37, 56, 4, 17, 25, 61, 13, 33, 23, 44, 45, 60]],
[140, [20, 42, 10, 12, 15, 16, 37, 56, 4, 17, 25, 61, 13, 33, 43, 58, 59, 64]],
[140, [20, 42, 10, 12, 15, 16, 37, 56, 18, 39, 25, 61, 34, 53, 23, 44, 45, 60]],
[140, [20, 42, 10, 12, 15, 16, 37, 56, 18, 39, 25, 61, 34, 53, 43, 58, 59, 64]],
[140, [20, 42, 10, 12, 15, 16, 37, 56, 19, 40, 25, 61, 35, 54, 23, 44, 45, 60]],
[140, [20, 42, 10, 12, 15, 16, 37, 56, 19, 40, 25, 61, 35, 54, 43, 58, 59, 64]],
[140, [20, 42, 10, 12, 15, 16, 37, 56, 41, 57, 25, 61, 55, 63, 23, 44, 45, 60]],
[140, [20, 42, 10, 12, 15, 16, 37, 56, 41, 57, 25, 61, 55, 63, 43, 58, 59, 64]],
[140, [20, 42, 10, 12, 16, 36, 37, 38, 4, 17, 46, 48, 13, 33, 23, 44, 45, 60]],
[140, [20, 42, 10, 12, 16, 36, 37, 38, 4, 17, 46, 48, 13, 33, 43, 58, 59, 64]],
[140, [20, 42, 10, 12, 16, 36, 37, 38, 18, 39, 46, 48, 34, 53, 23, 44, 45, 60]],
[140, [20, 42, 10, 12, 16, 36, 37, 38, 18, 39, 46, 48, 34, 53, 43, 58, 59, 64]],
[140, [20, 42, 10, 12, 16, 36, 37, 38, 19, 40, 46, 48, 35, 54, 23, 44, 45, 60]],
[140, [20, 42, 10, 12, 16, 36, 37, 38, 19, 40, 46, 48, 35, 54, 43, 58, 59, 64]],
[140, [20, 42, 10, 12, 16, 36, 37, 38, 41, 57, 46, 48, 55, 63, 23, 44, 45, 60]],
[140, [20, 42, 10, 12, 16, 36, 37, 38, 41, 57, 46, 48, 55, 63, 43, 58, 59, 64]],
[140, [20, 42, 11, 52, 3, 14, 15, 56, 4, 17, 8, 47, 35, 54, 23, 44, 45, 60]],
[140, [20, 42, 11, 52, 3, 14, 15, 56, 4, 17, 8, 47, 35, 54, 43, 58, 59, 64]],
[140, [20, 42, 11, 52, 3, 14, 15, 56, 18, 39, 8, 47, 55, 63, 23, 44, 45, 60]],
[140, [20, 42, 11, 52, 3, 14, 15, 56, 18, 39, 8, 47, 55, 63, 43, 58, 59, 64]],
[140, [20, 42, 11, 52, 3, 14, 15, 56, 19, 40, 8, 47, 13, 33, 23, 44, 45, 60]],
[140, [20, 42, 11, 52, 3, 14, 15, 56, 19, 40, 8, 47, 13, 33, 43, 58, 59, 64]],
[140, [20, 42, 11, 52, 3, 14, 15, 56, 41, 57, 8, 47, 34, 53, 23, 44, 45, 60]],
[140, [20, 42, 11, 52, 3, 14, 15, 56, 41, 57, 8, 47, 34, 53, 43, 58, 59, 64]],
[140, [20, 42, 11, 52, 3, 14, 36, 38, 4, 17, 24, 26, 35, 54, 23, 44, 45, 60]],
[140, [20, 42, 11, 52, 3, 14, 36, 38, 4, 17, 24, 26, 35, 54, 43, 58, 59, 64]],
[140, [20, 42, 11, 52, 3, 14, 36, 38, 18, 39, 24, 26, 55, 63, 23, 44, 45, 60]],
[140, [20, 42, 11, 52, 3, 14, 36, 38, 18, 39, 24, 26, 55, 63, 43, 58, 59, 64]],
[140, [20, 42, 11, 52, 3, 14, 36, 38, 19, 40, 24, 26, 13, 33, 23, 44, 45, 60]],
[140, [20, 42, 11, 52, 3, 14, 36, 38, 19, 40, 24, 26, 13, 33, 43, 58, 59, 64]],
[140, [20, 42, 11, 52, 3, 14, 36, 38, 41, 57, 24, 26, 34, 53, 23, 44, 45, 60]],
[140, [20, 42, 11, 52, 3, 14, 36, 38, 41, 57, 24, 26, 34, 53, 43, 58, 59, 64]],
[140, [20, 42, 11, 52, 15, 16, 37, 56, 4, 17, 8, 47, 13, 33, 23, 44, 45, 60]],
[140, [20, 42, 11, 52, 15, 16, 37, 56, 4, 17, 8, 47, 13, 33, 43, 58, 59, 64]],
[140, [20, 42, 11, 52, 15, 16, 37, 56, 18, 39, 8, 47, 34, 53, 23, 44, 45, 60]],
[140, [20, 42, 11, 52, 15, 16, 37, 56, 18, 39, 8, 47, 34, 53, 43, 58, 59, 64]],
[140, [20, 42, 11, 52, 15, 16, 37, 56, 19, 40, 8, 47, 35, 54, 23, 44, 45, 60]],
[140, [20, 42, 11, 52, 15, 16, 37, 56, 19, 40, 8, 47, 35, 54, 43, 58, 59, 64]],
[140, [20, 42, 11, 52, 15, 16, 37, 56, 41, 57, 8, 47, 55, 63, 23, 44, 45, 60]],
[140, [20, 42, 11, 52, 15, 16, 37, 56, 41, 57, 8, 47, 55, 63, 43, 58, 59, 64]],
[140, [20, 42, 11, 52, 16, 36, 37, 38, 4, 17, 24, 26, 13, 33, 23, 44, 45, 60]],
[140, [20, 42, 11, 52, 16, 36, 37, 38, 4, 17, 24, 26, 13, 33, 43, 58, 59, 64]],
[140, [20, 42, 11, 52, 16, 36, 37, 38, 18, 39, 24, 26, 34, 53, 23, 44, 45, 60]],
[140, [20, 42, 11, 52, 16, 36, 37, 38, 18, 39, 24, 26, 34, 53, 43, 58, 59, 64]],
[140, [20, 42, 11, 52, 16, 36, 37, 38, 19, 40, 24, 26, 35, 54, 23, 44, 45, 60]],
[140, [20, 42, 11, 52, 16, 36, 37, 38, 19, 40, 24, 26, 35, 54, 43, 58, 59, 64]],
[140, [20, 42, 11, 52, 16, 36, 37, 38, 41, 57, 24, 26, 55, 63, 23, 44, 45, 60]],
[140, [20, 42, 11, 52, 16, 36, 37, 38, 41, 57, 24, 26, 55, 63, 43, 58, 59, 64]],
[140, [20, 42, 30, 32, 3, 14, 15, 56, 4, 17, 24, 26, 35, 54, 23, 44, 45, 60]],
[140, [20, 42, 30, 32, 3, 14, 15, 56, 4, 17, 24, 26, 35, 54, 43, 58, 59, 64]],
[140, [20, 42, 30, 32, 3, 14, 15, 56, 18, 39, 24, 26, 55, 63, 23, 44, 45, 60]],
[140, [20, 42, 30, 32, 3, 14, 15, 56, 18, 39, 24, 26, 55, 63, 43, 58, 59, 64]],
[140, [20, 42, 30, 32, 3, 14, 15, 56, 19, 40, 24, 26, 13, 33, 23, 44, 45, 60]],
[140, [20, 42, 30, 32, 3, 14, 15, 56, 19, 40, 24, 26, 13, 33, 43, 58, 59, 64]],
[140, [20, 42, 30, 32, 3, 14, 15, 56, 41, 57, 24, 26, 34, 53, 23, 44, 45, 60]],
[140, [20, 42, 30, 32, 3, 14, 15, 56, 41, 57, 24, 26, 34, 53, 43, 58, 59, 64]],
[140, [20, 42, 30, 32, 3, 14, 36, 38, 4, 17, 8, 47, 35, 54, 23, 44, 45, 60]],
[140, [20, 42, 30, 32, 3, 14, 36, 38, 4, 17, 8, 47, 35, 54, 43, 58, 59, 64]],
[140, [20, 42, 30, 32, 3, 14, 36, 38, 18, 39, 8, 47, 55, 63, 23, 44, 45, 60]],
[140, [20, 42, 30, 32, 3, 14, 36, 38, 18, 39, 8, 47, 55, 63, 43, 58, 59, 64]],
[140, [20, 42, 30, 32, 3, 14, 36, 38, 19, 40, 8, 47, 13, 33, 23, 44, 45, 60]],
[140, [20, 42, 30, 32, 3, 14, 36, 38, 19, 40, 8, 47, 13, 33, 43, 58, 59, 64]],
[140, [20, 42, 30, 32, 3, 14, 36, 38, 41, 57, 8, 47, 34, 53, 23, 44, 45, 60]],
[140, [20, 42, 30, 32, 3, 14, 36, 38, 41, 57, 8, 47, 34, 53, 43, 58, 59, 64]],
[140, [20, 42, 30, 32, 15, 16, 37, 56, 4, 17, 24, 26, 13, 33, 23, 44, 45, 60]],
[140, [20, 42, 30, 32, 15, 16, 37, 56, 4, 17, 24, 26, 13, 33, 43, 58, 59, 64]],
[140, [20, 42, 30, 32, 15, 16, 37, 56, 18, 39, 24, 26, 34, 53, 23, 44, 45, 60]],
[140, [20, 42, 30, 32, 15, 16, 37, 56, 18, 39, 24, 26, 34, 53, 43, 58, 59, 64]],
[140, [20, 42, 30, 32, 15, 16, 37, 56, 19, 40, 24, 26, 35, 54, 23, 44, 45, 60]],
[140, [20, 42, 30, 32, 15, 16, 37, 56, 19, 40, 24, 26, 35, 54, 43, 58, 59, 64]],
[140, [20, 42, 30, 32, 15, 16, 37, 56, 41, 57, 24, 26, 55, 63, 23, 44, 45, 60]],
[140, [20, 42, 30, 32, 15, 16, 37, 56, 41, 57, 24, 26, 55, 63, 43, 58, 59, 64]],
[140, [20, 42, 30, 32, 16, 36, 37, 38, 4, 17, 8, 47, 13, 33, 23, 44, 45, 60]],
[140, [20, 42, 30, 32, 16, 36, 37, 38, 4, 17, 8, 47, 13, 33, 43, 58, 59, 64]],
[140, [20, 42, 30, 32, 16, 36, 37, 38, 18, 39, 8, 47, 34, 53, 23, 44, 45, 60]],
[140, [20, 42, 30, 32, 16, 36, 37, 38, 18, 39, 8, 47, 34, 53, 43, 58, 59, 64]],
[140, [20, 42, 30, 32, 16, 36, 37, 38, 19, 40, 8, 47, 35, 54, 23, 44, 45, 60]],
[140, [20, 42, 30, 32, 16, 36, 37, 38, 19, 40, 8, 47, 35, 54, 43, 58, 59, 64]],
[140, [20, 42, 30, 32, 16, 36, 37, 38, 41, 57, 8, 47, 55, 63, 23, 44, 45, 60]],
[140, [20, 42, 30, 32, 16, 36, 37, 38, 41, 57, 8, 47, 55, 63, 43, 58, 59, 64]],
[140, [20, 42, 2, 31, 3, 14, 15, 56, 4, 17, 46, 48, 9, 28, 29, 51, 35, 54]],
[140, [20, 42, 2, 31, 3, 14, 15, 56, 4, 17, 46, 48, 27, 49, 50, 62, 35, 54]],
[140, [20, 42, 2, 31, 3, 14, 15, 56, 18, 39, 46, 48, 9, 28, 29, 51, 55, 63]],
[140, [20, 42, 2, 31, 3, 14, 15, 56, 18, 39, 46, 48, 27, 49, 50, 62, 55, 63]],
[140, [20, 42, 2, 31, 3, 14, 15, 56, 19, 40, 46, 48, 9, 28, 29, 51, 13, 33]],
[140, [20, 42, 2, 31, 3, 14, 15, 56, 19, 40, 46, 48, 27, 49, 50, 62, 13, 33]],
[140, [20, 42, 2, 31, 3, 14, 15, 56, 41, 57, 46, 48, 9, 28, 29, 51, 34, 53]],
[140, [20, 42, 2, 31, 3, 14, 15, 56, 41, 57, 46, 48, 27, 49, 50, 62, 34, 53]],
[140, [20, 42, 2, 31, 3, 14, 36, 38, 4, 17, 25, 61, 9, 28, 29, 51, 35, 54]],
[140, [20, 42, 2, 31, 3, 14, 36, 38, 4, 17, 25, 61, 27, 49, 50, 62, 35, 54]],
[140, [20, 42, 2, 31, 3, 14, 36, 38, 18, 39, 25, 61, 9, 28, 29, 51, 55, 63]],
[140, [20, 42, 2, 31, 3, 14, 36, 38, 18, 39, 25, 61, 27, 49, 50, 62, 55, 63]],
[140, [20, 42, 2, 31, 3, 14, 36, 38, 19, 40, 25, 61, 9, 28, 29, 51, 13, 33]],
[140, [20, 42, 2, 31, 3, 14, 36, 38, 19, 40, 25, 61, 27, 49, 50, 62, 13, 33]],
[140, [20, 42, 2, 31, 3, 14, 36, 38, 41, 57, 25, 61, 9, 28, 29, 51, 34, 53]],
[140, [20, 42, 2, 31, 3, 14, 36, 38, 41, 57, 25, 61, 27, 49, 50, 62, 34, 53]],
[140, [20, 42, 2, 31, 15, 16, 37, 56, 4, 17, 46, 48, 9, 28, 29, 51, 13, 33]],
[140, [20, 42, 2, 31, 15, 16, 37, 56, 4, 17, 46, 48, 27, 49, 50, 62, 13, 33]],
[140, [20, 42, 2, 31, 15, 16, 37, 56, 18, 39, 46, 48, 9, 28, 29, 51, 34, 53]],
[140, [20, 42, 2, 31, 15, 16, 37, 56, 18, 39, 46, 48, 27, 49, 50, 62, 34, 53]],
[140, [20, 42, 2, 31, 15, 16, 37, 56, 19, 40, 46, 48, 9, 28, 29, 51, 35, 54]],
[140, [20, 42, 2, 31, 15, 16, 37, 56, 19, 40, 46, 48, 27, 49, 50, 62, 35, 54]],
[140, [20, 42, 2, 31, 15, 16, 37, 56, 41, 57, 46, 48, 9, 28, 29, 51, 55, 63]],
[140, [20, 42, 2, 31, 15, 16, 37, 56, 41, 57, 46, 48, 27, 49, 50, 62, 55, 63]],
[140, [20, 42, 2, 31, 16, 36, 37, 38, 4, 17, 25, 61, 9, 28, 29, 51, 13, 33]],
[140, [20, 42, 2, 31, 16, 36, 37, 38, 4, 17, 25, 61, 27, 49, 50, 62, 13, 33]],
[140, [20, 42, 2, 31, 16, 36, 37, 38, 18, 39, 25, 61, 9, 28, 29, 51, 34, 53]],
[140, [20, 42, 2, 31, 16, 36, 37, 38, 18, 39, 25, 61, 27, 49, 50, 62, 34, 53]],
[140, [20, 42, 2, 31, 16, 36, 37, 38, 19, 40, 25, 61, 9, 28, 29, 51, 35, 54]],
[140, [20, 42, 2, 31, 16, 36, 37, 38, 19, 40, 25, 61, 27, 49, 50, 62, 35, 54]],
[140, [20, 42, 2, 31, 16, 36, 37, 38, 41, 57, 25, 61, 9, 28, 29, 51, 55, 63]],
[140, [20, 42, 2, 31, 16, 36, 37, 38, 41, 57, 25, 61, 27, 49, 50, 62, 55, 63]],
[140, [20, 42, 10, 12, 3, 14, 15, 56, 4, 17, 25, 61, 9, 28, 29, 51, 35, 54]],
[140, [20, 42, 10, 12, 3, 14, 15, 56, 4, 17, 25, 61, 27, 49, 50, 62, 35, 54]],
[140, [20, 42, 10, 12, 3, 14, 15, 56, 18, 39, 25, 61, 9, 28, 29, 51, 55, 63]],
[140, [20, 42, 10, 12, 3, 14, 15, 56, 18, 39, 25, 61, 27, 49, 50, 62, 55, 63]],
[140, [20, 42, 10, 12, 3, 14, 15, 56, 19, 40, 25, 61, 9, 28, 29, 51, 13, 33]],
[140, [20, 42, 10, 12, 3, 14, 15, 56, 19, 40, 25, 61, 27, 49, 50, 62, 13, 33]],
[140, [20, 42, 10, 12, 3, 14, 15, 56, 41, 57, 25, 61, 9, 28, 29, 51, 34, 53]],
[140, [20, 42, 10, 12, 3, 14, 15, 56, 41, 57, 25, 61, 27, 49, 50, 62, 34, 53]],
[140, [20, 42, 10, 12, 3, 14, 36, 38, 4, 17, 46, 48, 9, 28, 29, 51, 35, 54]],
[140, [20, 42, 10, 12, 3, 14, 36, 38, 4, 17, 46, 48, 27, 49, 50, 62, 35, 54]],
[140, [20, 42, 10, 12, 3, 14, 36, 38, 18, 39, 46, 48, 9, 28, 29, 51, 55, 63]],
[140, [20, 42, 10, 12, 3, 14, 36, 38, 18, 39, 46, 48, 27, 49, 50, 62, 55, 63]],
[140, [20, 42, 10, 12, 3, 14, 36, 38, 19, 40, 46, 48, 9, 28, 29, 51, 13, 33]],
[140, [20, 42, 10, 12, 3, 14, 36, 38, 19, 40, 46, 48, 27, 49, 50, 62, 13, 33]],
[140, [20, 42, 10, 12, 3, 14, 36, 38, 41, 57, 46, 48, 9, 28, 29, 51, 34, 53]],
[140, [20, 42, 10, 12, 3, 14, 36, 38, 41, 57, 46, 48, 27, 49, 50, 62, 34, 53]],
[140, [20, 42, 10, 12, 15, 16, 37, 56, 4, 17, 25, 61, 9, 28, 29, 51, 13, 33]],
[140, [20, 42, 10, 12, 15, 16, 37, 56, 4, 17, 25, 61, 27, 49, 50, 62, 13, 33]],
[140, [20, 42, 10, 12, 15, 16, 37, 56, 18, 39, 25, 61, 9, 28, 29, 51, 34, 53]],
[140, [20, 42, 10, 12, 15, 16, 37, 56, 18, 39, 25, 61, 27, 49, 50, 62, 34, 53]],
[140, [20, 42, 10, 12, 15, 16, 37, 56, 19, 40, 25, 61, 9, 28, 29, 51, 35, 54]],
[140, [20, 42, 10, 12, 15, 16, 37, 56, 19, 40, 25, 61, 27, 49, 50, 62, 35, 54]],
[140, [20, 42, 10, 12, 15, 16, 37, 56, 41, 57, 25, 61, 9, 28, 29, 51, 55, 63]],
[140, [20, 42, 10, 12, 15, 16, 37, 56, 41, 57, 25, 61, 27, 49, 50, 62, 55, 63]],
[140, [20, 42, 10, 12, 16, 36, 37, 38, 4, 17, 46, 48, 9, 28, 29, 51, 13, 33]],
[140, [20, 42, 10, 12, 16, 36, 37, 38, 4, 17, 46, 48, 27, 49, 50, 62, 13, 33]],
[140, [20, 42, 10, 12, 16, 36, 37, 38, 18, 39, 46, 48, 9, 28, 29, 51, 34, 53]],
[140, [20, 42, 10, 12, 16, 36, 37, 38, 18, 39, 46, 48, 27, 49, 50, 62, 34, 53]],
[140, [20, 42, 10, 12, 16, 36, 37, 38, 19, 40, 46, 48, 9, 28, 29, 51, 35, 54]],
[140, [20, 42, 10, 12, 16, 36, 37, 38, 19, 40, 46, 48, 27, 49, 50, 62, 35, 54]],
[140, [20, 42, 10, 12, 16, 36, 37, 38, 41, 57, 46, 48, 9, 28, 29, 51, 55, 63]],
[140, [20, 42, 10, 12, 16, 36, 37, 38, 41, 57, 46, 48, 27, 49, 50, 62, 55, 63]],
[140, [20, 42, 11, 52, 3, 14, 15, 56, 4, 17, 8, 47, 9, 28, 29, 51, 35, 54]],
[140, [20, 42, 11, 52, 3, 14, 15, 56, 4, 17, 8, 47, 27, 49, 50, 62, 35, 54]],
[140, [20, 42, 11, 52, 3, 14, 15, 56, 18, 39, 8, 47, 9, 28, 29, 51, 55, 63]],
[140, [20, 42, 11, 52, 3, 14, 15, 56, 18, 39, 8, 47, 27, 49, 50, 62, 55, 63]],
[140, [20, 42, 11, 52, 3, 14, 15, 56, 19, 40, 8, 47, 9, 28, 29, 51, 13, 33]],
[140, [20, 42, 11, 52, 3, 14, 15, 56, 19, 40, 8, 47, 27, 49, 50, 62, 13, 33]],
[140, [20, 42, 11, 52, 3, 14, 15, 56, 41, 57, 8, 47, 9, 28, 29, 51, 34, 53]],
[140, [20, 42, 11, 52, 3, 14, 15, 56, 41, 57, 8, 47, 27, 49, 50, 62, 34, 53]],
[140, [20, 42, 11, 52, 3, 14, 36, 38, 4, 17, 24, 26, 9, 28, 29, 51, 35, 54]],
[140, [20, 42, 11, 52, 3, 14, 36, 38, 4, 17, 24, 26, 27, 49, 50, 62, 35, 54]],
[140, [20, 42, 11, 52, 3, 14, 36, 38, 18, 39, 24, 26, 9, 28, 29, 51, 55, 63]],
[140, [20, 42, 11, 52, 3, 14, 36, 38, 18, 39, 24, 26, 27, 49, 50, 62, 55, 63]],
[140, [20, 42, 11, 52, 3, 14, 36, 38, 19, 40, 24, 26, 9, 28, 29, 51, 13, 33]],
[140, [20, 42, 11, 52, 3, 14, 36, 38, 19, 40, 24, 26, 27, 49, 50, 62, 13, 33]],
[140, [20, 42, 11, 52, 3, 14, 36, 38, 41, 57, 24, 26, 9, 28, 29, 51, 34, 53]],
[140, [20, 42, 11, 52, 3, 14, 36, 38, 41, 57, 24, 26, 27, 49, 50, 62, 34, 53]],
[140, [20, 42, 11, 52, 15, 16, 37, 56, 4, 17, 8, 47, 9, 28, 29, 51, 13, 33]],
[140, [20, 42, 11, 52, 15, 16, 37, 56, 4, 17, 8, 47, 27, 49, 50, 62, 13, 33]],
[140, [20, 42, 11, 52, 15, 16, 37, 56, 18, 39, 8, 47, 9, 28, 29, 51, 34, 53]],
[140, [20, 42, 11, 52, 15, 16, 37, 56, 18, 39, 8, 47, 27, 49, 50, 62, 34, 53]],
[140, [20, 42, 11, 52, 15, 16, 37, 56, 19, 40, 8, 47, 9, 28, 29, 51, 35, 54]],
[140, [20, 42, 11, 52, 15, 16, 37, 56, 19, 40, 8, 47, 27, 49, 50, 62, 35, 54]],
[140, [20, 42, 11, 52, 15, 16, 37, 56, 41, 57, 8, 47, 9, 28, 29, 51, 55, 63]],
[140, [20, 42, 11, 52, 15, 16, 37, 56, 41, 57, 8, 47, 27, 49, 50, 62, 55, 63]],
[140, [20, 42, 11, 52, 16, 36, 37, 38, 4, 17, 24, 26, 9, 28, 29, 51, 13, 33]],
[140, [20, 42, 11, 52, 16, 36, 37, 38, 4, 17, 24, 26, 27, 49, 50, 62, 13, 33]],
[140, [20, 42, 11, 52, 16, 36, 37, 38, 18, 39, 24, 26, 9, 28, 29, 51, 34, 53]],
[140, [20, 42, 11, 52, 16, 36, 37, 38, 18, 39, 24, 26, 27, 49, 50, 62, 34, 53]],
[140, [20, 42, 11, 52, 16, 36, 37, 38, 19, 40, 24, 26, 9, 28, 29, 51, 35, 54]],
[140, [20, 42, 11, 52, 16, 36, 37, 38, 19, 40, 24, 26, 27, 49, 50, 62, 35, 54]],
[140, [20, 42, 11, 52, 16, 36, 37, 38, 41, 57, 24, 26, 9, 28, 29, 51, 55, 63]],
[140, [20, 42, 11, 52, 16, 36, 37, 38, 41, 57, 24, 26, 27, 49, 50, 62, 55, 63]],
[140, [20, 42, 30, 32, 3, 14, 15, 56, 4, 17, 24, 26, 9, 28, 29, 51, 35, 54]],
[140, [20, 42, 30, 32, 3, 14, 15, 56, 4, 17, 24, 26, 27, 49, 50, 62, 35, 54]],
[140, [20, 42, 30, 32, 3, 14, 15, 56, 18, 39, 24, 26, 9, 28, 29, 51, 55, 63]],
[140, [20, 42, 30, 32, 3, 14, 15, 56, 18, 39, 24, 26, 27, 49, 50, 62, 55, 63]],
[140, [20, 42, 30, 32, 3, 14, 15, 56, 19, 40, 24, 26, 9, 28, 29, 51, 13, 33]],
[140, [20, 42, 30, 32, 3, 14, 15, 56, 19, 40, 24, 26, 27, 49, 50, 62, 13, 33]],
[140, [20, 42, 30, 32, 3, 14, 15, 56, 41, 57, 24, 26, 9, 28, 29, 51, 34, 53]],
[140, [20, 42, 30, 32, 3, 14, 15, 56, 41, 57, 24, 26, 27, 49, 50, 62, 34, 53]],
[140, [20, 42, 30, 32, 3, 14, 36, 38, 4, 17, 8, 47, 9, 28, 29, 51, 35, 54]],
[140, [20, 42, 30, 32, 3, 14, 36, 38, 4, 17, 8, 47, 27, 49, 50, 62, 35, 54]],
[140, [20, 42, 30, 32, 3, 14, 36, 38, 18, 39, 8, 47, 9, 28, 29, 51, 55, 63]],
[140, [20, 42, 30, 32, 3, 14, 36, 38, 18, 39, 8, 47, 27, 49, 50, 62, 55, 63]],
[140, [20, 42, 30, 32, 3, 14, 36, 38, 19, 40, 8, 47, 9, 28, 29, 51, 13, 33]],
[140, [20, 42, 30, 32, 3, 14, 36, 38, 19, 40, 8, 47, 27, 49, 50, 62, 13, 33]],
[140, [20, 42, 30, 32, 3, 14, 36, 38, 41, 57, 8, 47, 9, 28, 29, 51, 34, 53]],
[140, [20, 42, 30, 32, 3, 14, 36, 38, 41, 57, 8, 47, 27, 49, 50, 62, 34, 53]],
[140, [20, 42, 30, 32, 15, 16, 37, 56, 4, 17, 24, 26, 9, 28, 29, 51, 13, 33]],
[140, [20, 42, 30, 32, 15, 16, 37, 56, 4, 17, 24, 26, 27, 49, 50, 62, 13, 33]],
[140, [20, 42, 30, 32, 15, 16, 37, 56, 18, 39, 24, 26, 9, 28, 29, 51, 34, 53]],
[140, [20, 42, 30, 32, 15, 16, 37, 56, 18, 39, 24, 26, 27, 49, 50, 62, 34, 53]],
[140, [20, 42, 30, 32, 15, 16, 37, 56, 19, 40, 24, 26, 9, 28, 29, 51, 35, 54]],
[140, [20, 42, 30, 32, 15, 16, 37, 56, 19, 40, 24, 26, 27, 49, 50, 62, 35, 54]],
[140, [20, 42, 30, 32, 15, 16, 37, 56, 41, 57, 24, 26, 9, 28, 29, 51, 55, 63]],
[140, [20, 42, 30, 32, 15, 16, 37, 56, 41, 57, 24, 26, 27, 49, 50, 62, 55, 63]],
[140, [20, 42, 30, 32, 16, 36, 37, 38, 4, 17, 8, 47, 9, 28, 29, 51, 13, 33]],
[140, [20, 42, 30, 32, 16, 36, 37, 38, 4, 17, 8, 47, 27, 49, 50, 62, 13, 33]],
[140, [20, 42, 30, 32, 16, 36, 37, 38, 18, 39, 8, 47, 9, 28, 29, 51, 34, 53]],
[140, [20, 42, 30, 32, 16, 36, 37, 38, 18, 39, 8, 47, 27, 49, 50, 62, 34, 53]],
[140, [20, 42, 30, 32, 16, 36, 37, 38, 19, 40, 8, 47, 9, 28, 29, 51, 35, 54]],
[140, [20, 42, 30, 32, 16, 36, 37, 38, 19, 40, 8, 47, 27, 49, 50, 62, 35, 54]],
[140, [20, 42, 30, 32, 16, 36, 37, 38, 41, 57, 8, 47, 9, 28, 29, 51, 55, 63]],
[140, [20, 42, 30, 32, 16, 36, 37, 38, 41, 57, 8, 47, 27, 49, 50, 62, 55, 63]]];
