pds_list := [[213, [3, 14, 16, 36, 4, 19, 24, 61, 9, 27, 49, 51, 33, 34, 55, 63, 45, 60]],
[213, [3, 14, 16, 36, 4, 19, 24, 61, 9, 50, 51, 62, 33, 34, 55, 63, 23, 44]],
[213, [3, 14, 16, 36, 4, 19, 24, 61, 27, 28, 29, 49, 34, 53, 54, 55, 45, 60]],
[213, [3, 14, 16, 36, 4, 19, 24, 61, 28, 29, 50, 62, 34, 53, 54, 55, 23, 44]],
[213, [3, 14, 16, 36, 4, 19, 46, 47, 9, 27, 49, 51, 34, 53, 54, 55, 45, 60]],
[213, [3, 14, 16, 36, 4, 19, 46, 47, 9, 50, 51, 62, 34, 53, 54, 55, 23, 44]],
[213, [3, 14, 16, 36, 4, 19, 46, 47, 27, 28, 29, 49, 33, 34, 55, 63, 45, 60]],
[213, [3, 14, 16, 36, 4, 19, 46, 47, 28, 29, 50, 62, 33, 34, 55, 63, 23, 44]],
[213, [3, 14, 16, 36, 18, 41, 24, 61, 9, 27, 49, 51, 13, 33, 35, 63, 45, 60]],
[213, [3, 14, 16, 36, 18, 41, 24, 61, 9, 50, 51, 62, 13, 33, 35, 63, 23, 44]],
[213, [3, 14, 16, 36, 18, 41, 24, 61, 27, 28, 29, 49, 13, 35, 53, 54, 45, 60]],
[213, [3, 14, 16, 36, 18, 41, 24, 61, 28, 29, 50, 62, 13, 35, 53, 54, 23, 44]],
[213, [3, 14, 16, 36, 18, 41, 46, 47, 9, 27, 49, 51, 13, 35, 53, 54, 45, 60]],
[213, [3, 14, 16, 36, 18, 41, 46, 47, 9, 50, 51, 62, 13, 35, 53, 54, 23, 44]],
[213, [3, 14, 16, 36, 18, 41, 46, 47, 27, 28, 29, 49, 13, 33, 35, 63, 45, 60]],
[213, [3, 14, 16, 36, 18, 41, 46, 47, 28, 29, 50, 62, 13, 33, 35, 63, 23, 44]],
[213, [3, 16, 37, 56, 4, 19, 24, 61, 9, 27, 49, 51, 33, 34, 55, 63, 23, 44]],
[213, [3, 16, 37, 56, 4, 19, 24, 61, 9, 50, 51, 62, 33, 34, 55, 63, 45, 60]],
[213, [3, 16, 37, 56, 4, 19, 24, 61, 27, 28, 29, 49, 34, 53, 54, 55, 23, 44]],
[213, [3, 16, 37, 56, 4, 19, 24, 61, 28, 29, 50, 62, 34, 53, 54, 55, 45, 60]],
[213, [3, 16, 37, 56, 4, 19, 46, 47, 9, 27, 49, 51, 34, 53, 54, 55, 23, 44]],
[213, [3, 16, 37, 56, 4, 19, 46, 47, 9, 50, 51, 62, 34, 53, 54, 55, 45, 60]],
[213, [3, 16, 37, 56, 4, 19, 46, 47, 27, 28, 29, 49, 33, 34, 55, 63, 23, 44]],
[213, [3, 16, 37, 56, 4, 19, 46, 47, 28, 29, 50, 62, 33, 34, 55, 63, 45, 60]],
[213, [3, 16, 37, 56, 18, 41, 24, 61, 9, 27, 49, 51, 13, 33, 35, 63, 23, 44]],
[213, [3, 16, 37, 56, 18, 41, 24, 61, 9, 50, 51, 62, 13, 33, 35, 63, 45, 60]],
[213, [3, 16, 37, 56, 18, 41, 24, 61, 27, 28, 29, 49, 13, 35, 53, 54, 23, 44]],
[213, [3, 16, 37, 56, 18, 41, 24, 61, 28, 29, 50, 62, 13, 35, 53, 54, 45, 60]],
[213, [3, 16, 37, 56, 18, 41, 46, 47, 9, 27, 49, 51, 13, 35, 53, 54, 23, 44]],
[213, [3, 16, 37, 56, 18, 41, 46, 47, 9, 50, 51, 62, 13, 35, 53, 54, 45, 60]],
[213, [3, 16, 37, 56, 18, 41, 46, 47, 27, 28, 29, 49, 13, 33, 35, 63, 23, 44]],
[213, [3, 16, 37, 56, 18, 41, 46, 47, 28, 29, 50, 62, 13, 33, 35, 63, 45, 60]],
[213, [14, 15, 36, 38, 4, 19, 24, 61, 9, 27, 49, 51, 13, 33, 35, 63, 45, 60]],
[213, [14, 15, 36, 38, 4, 19, 24, 61, 9, 50, 51, 62, 13, 33, 35, 63, 23, 44]],
[213, [14, 15, 36, 38, 4, 19, 24, 61, 27, 28, 29, 49, 13, 35, 53, 54, 45, 60]],
[213, [14, 15, 36, 38, 4, 19, 24, 61, 28, 29, 50, 62, 13, 35, 53, 54, 23, 44]],
[213, [14, 15, 36, 38, 4, 19, 46, 47, 9, 27, 49, 51, 13, 35, 53, 54, 45, 60]],
[213, [14, 15, 36, 38, 4, 19, 46, 47, 9, 50, 51, 62, 13, 35, 53, 54, 23, 44]],
[213, [14, 15, 36, 38, 4, 19, 46, 47, 27, 28, 29, 49, 13, 33, 35, 63, 45, 60]],
[213, [14, 15, 36, 38, 4, 19, 46, 47, 28, 29, 50, 62, 13, 33, 35, 63, 23, 44]],
[213, [14, 15, 36, 38, 18, 41, 24, 61, 9, 27, 49, 51, 33, 34, 55, 63, 45, 60]],
[213, [14, 15, 36, 38, 18, 41, 24, 61, 9, 50, 51, 62, 33, 34, 55, 63, 23, 44]],
[213, [14, 15, 36, 38, 18, 41, 24, 61, 27, 28, 29, 49, 34, 53, 54, 55, 45, 60]],
[213, [14, 15, 36, 38, 18, 41, 24, 61, 28, 29, 50, 62, 34, 53, 54, 55, 23, 44]],
[213, [14, 15, 36, 38, 18, 41, 46, 47, 9, 27, 49, 51, 34, 53, 54, 55, 45, 60]],
[213, [14, 15, 36, 38, 18, 41, 46, 47, 9, 50, 51, 62, 34, 53, 54, 55, 23, 44]],
[213, [14, 15, 36, 38, 18, 41, 46, 47, 27, 28, 29, 49, 33, 34, 55, 63, 45, 60]],
[213, [14, 15, 36, 38, 18, 41, 46, 47, 28, 29, 50, 62, 33, 34, 55, 63, 23, 44]],
[213, [15, 37, 38, 56, 4, 19, 24, 61, 9, 27, 49, 51, 13, 33, 35, 63, 23, 44]],
[213, [15, 37, 38, 56, 4, 19, 24, 61, 9, 50, 51, 62, 13, 33, 35, 63, 45, 60]],
[213, [15, 37, 38, 56, 4, 19, 24, 61, 27, 28, 29, 49, 13, 35, 53, 54, 23, 44]],
[213, [15, 37, 38, 56, 4, 19, 24, 61, 28, 29, 50, 62, 13, 35, 53, 54, 45, 60]],
[213, [15, 37, 38, 56, 4, 19, 46, 47, 9, 27, 49, 51, 13, 35, 53, 54, 23, 44]],
[213, [15, 37, 38, 56, 4, 19, 46, 47, 9, 50, 51, 62, 13, 35, 53, 54, 45, 60]],
[213, [15, 37, 38, 56, 4, 19, 46, 47, 27, 28, 29, 49, 13, 33, 35, 63, 23, 44]],
[213, [15, 37, 38, 56, 4, 19, 46, 47, 28, 29, 50, 62, 13, 33, 35, 63, 45, 60]],
[213, [15, 37, 38, 56, 18, 41, 24, 61, 9, 27, 49, 51, 33, 34, 55, 63, 23, 44]],
[213, [15, 37, 38, 56, 18, 41, 24, 61, 9, 50, 51, 62, 33, 34, 55, 63, 45, 60]],
[213, [15, 37, 38, 56, 18, 41, 24, 61, 27, 28, 29, 49, 34, 53, 54, 55, 23, 44]],
[213, [15, 37, 38, 56, 18, 41, 24, 61, 28, 29, 50, 62, 34, 53, 54, 55, 45, 60]],
[213, [15, 37, 38, 56, 18, 41, 46, 47, 9, 27, 49, 51, 34, 53, 54, 55, 23, 44]],
[213, [15, 37, 38, 56, 18, 41, 46, 47, 9, 50, 51, 62, 34, 53, 54, 55, 45, 60]],
[213, [15, 37, 38, 56, 18, 41, 46, 47, 27, 28, 29, 49, 33, 34, 55, 63, 23, 44]],
[213, [15, 37, 38, 56, 18, 41, 46, 47, 28, 29, 50, 62, 33, 34, 55, 63, 45, 60]],
[213, [3, 14, 36, 38, 4, 17, 19, 57, 24, 47, 27, 49, 53, 54, 45, 58, 60, 64]],
[213, [3, 14, 36, 38, 4, 17, 19, 57, 24, 47, 50, 62, 53, 54, 23, 44, 58, 64]],
[213, [3, 14, 36, 38, 4, 17, 19, 57, 46, 61, 27, 49, 53, 54, 43, 45, 59, 60]],
[213, [3, 14, 36, 38, 4, 17, 19, 57, 46, 61, 50, 62, 53, 54, 23, 43, 44, 59]],
[213, [3, 14, 36, 38, 4, 19, 39, 40, 24, 47, 27, 49, 33, 63, 45, 58, 60, 64]],
[213, [3, 14, 36, 38, 4, 19, 39, 40, 24, 47, 50, 62, 33, 63, 23, 44, 58, 64]],
[213, [3, 14, 36, 38, 4, 19, 39, 40, 46, 61, 27, 49, 33, 63, 43, 45, 59, 60]],
[213, [3, 14, 36, 38, 4, 19, 39, 40, 46, 61, 50, 62, 33, 63, 23, 43, 44, 59]],
[213, [3, 14, 36, 38, 17, 18, 41, 57, 24, 47, 27, 49, 53, 54, 43, 45, 59, 60]],
[213, [3, 14, 36, 38, 17, 18, 41, 57, 24, 47, 50, 62, 53, 54, 23, 43, 44, 59]],
[213, [3, 14, 36, 38, 17, 18, 41, 57, 46, 61, 27, 49, 53, 54, 45, 58, 60, 64]],
[213, [3, 14, 36, 38, 17, 18, 41, 57, 46, 61, 50, 62, 53, 54, 23, 44, 58, 64]],
[213, [3, 14, 36, 38, 18, 39, 40, 41, 24, 47, 27, 49, 33, 63, 43, 45, 59, 60]],
[213, [3, 14, 36, 38, 18, 39, 40, 41, 24, 47, 50, 62, 33, 63, 23, 43, 44, 59]],
[213, [3, 14, 36, 38, 18, 39, 40, 41, 46, 61, 27, 49, 33, 63, 45, 58, 60, 64]],
[213, [3, 14, 36, 38, 18, 39, 40, 41, 46, 61, 50, 62, 33, 63, 23, 44, 58, 64]],
[213, [3, 37, 38, 56, 4, 17, 19, 57, 24, 47, 27, 49, 53, 54, 23, 44, 58, 64]],
[213, [3, 37, 38, 56, 4, 17, 19, 57, 24, 47, 50, 62, 53, 54, 45, 58, 60, 64]],
[213, [3, 37, 38, 56, 4, 17, 19, 57, 46, 61, 27, 49, 53, 54, 23, 43, 44, 59]],
[213, [3, 37, 38, 56, 4, 17, 19, 57, 46, 61, 50, 62, 53, 54, 43, 45, 59, 60]],
[213, [3, 37, 38, 56, 4, 19, 39, 40, 24, 47, 27, 49, 33, 63, 23, 44, 58, 64]],
[213, [3, 37, 38, 56, 4, 19, 39, 40, 24, 47, 50, 62, 33, 63, 45, 58, 60, 64]],
[213, [3, 37, 38, 56, 4, 19, 39, 40, 46, 61, 27, 49, 33, 63, 23, 43, 44, 59]],
[213, [3, 37, 38, 56, 4, 19, 39, 40, 46, 61, 50, 62, 33, 63, 43, 45, 59, 60]],
[213, [3, 37, 38, 56, 17, 18, 41, 57, 24, 47, 27, 49, 53, 54, 23, 43, 44, 59]],
[213, [3, 37, 38, 56, 17, 18, 41, 57, 24, 47, 50, 62, 53, 54, 43, 45, 59, 60]],
[213, [3, 37, 38, 56, 17, 18, 41, 57, 46, 61, 27, 49, 53, 54, 23, 44, 58, 64]],
[213, [3, 37, 38, 56, 17, 18, 41, 57, 46, 61, 50, 62, 53, 54, 45, 58, 60, 64]],
[213, [3, 37, 38, 56, 18, 39, 40, 41, 24, 47, 27, 49, 33, 63, 23, 43, 44, 59]],
[213, [3, 37, 38, 56, 18, 39, 40, 41, 24, 47, 50, 62, 33, 63, 43, 45, 59, 60]],
[213, [3, 37, 38, 56, 18, 39, 40, 41, 46, 61, 27, 49, 33, 63, 23, 44, 58, 64]],
[213, [3, 37, 38, 56, 18, 39, 40, 41, 46, 61, 50, 62, 33, 63, 45, 58, 60, 64]],
[213, [14, 15, 16, 36, 4, 17, 19, 57, 24, 47, 27, 49, 33, 63, 45, 58, 60, 64]],
[213, [14, 15, 16, 36, 4, 17, 19, 57, 24, 47, 50, 62, 33, 63, 23, 44, 58, 64]],
[213, [14, 15, 16, 36, 4, 17, 19, 57, 46, 61, 27, 49, 33, 63, 43, 45, 59, 60]],
[213, [14, 15, 16, 36, 4, 17, 19, 57, 46, 61, 50, 62, 33, 63, 23, 43, 44, 59]],
[213, [14, 15, 16, 36, 4, 19, 39, 40, 24, 47, 27, 49, 53, 54, 45, 58, 60, 64]],
[213, [14, 15, 16, 36, 4, 19, 39, 40, 24, 47, 50, 62, 53, 54, 23, 44, 58, 64]],
[213, [14, 15, 16, 36, 4, 19, 39, 40, 46, 61, 27, 49, 53, 54, 43, 45, 59, 60]],
[213, [14, 15, 16, 36, 4, 19, 39, 40, 46, 61, 50, 62, 53, 54, 23, 43, 44, 59]],
[213, [14, 15, 16, 36, 17, 18, 41, 57, 24, 47, 27, 49, 33, 63, 43, 45, 59, 60]],
[213, [14, 15, 16, 36, 17, 18, 41, 57, 24, 47, 50, 62, 33, 63, 23, 43, 44, 59]],
[213, [14, 15, 16, 36, 17, 18, 41, 57, 46, 61, 27, 49, 33, 63, 45, 58, 60, 64]],
[213, [14, 15, 16, 36, 17, 18, 41, 57, 46, 61, 50, 62, 33, 63, 23, 44, 58, 64]],
[213, [14, 15, 16, 36, 18, 39, 40, 41, 24, 47, 27, 49, 53, 54, 43, 45, 59, 60]],
[213, [14, 15, 16, 36, 18, 39, 40, 41, 24, 47, 50, 62, 53, 54, 23, 43, 44, 59]],
[213, [14, 15, 16, 36, 18, 39, 40, 41, 46, 61, 27, 49, 53, 54, 45, 58, 60, 64]],
[213, [14, 15, 16, 36, 18, 39, 40, 41, 46, 61, 50, 62, 53, 54, 23, 44, 58, 64]],
[213, [15, 16, 37, 56, 4, 17, 19, 57, 24, 47, 27, 49, 33, 63, 23, 44, 58, 64]],
[213, [15, 16, 37, 56, 4, 17, 19, 57, 24, 47, 50, 62, 33, 63, 45, 58, 60, 64]],
[213, [15, 16, 37, 56, 4, 17, 19, 57, 46, 61, 27, 49, 33, 63, 23, 43, 44, 59]],
[213, [15, 16, 37, 56, 4, 17, 19, 57, 46, 61, 50, 62, 33, 63, 43, 45, 59, 60]],
[213, [15, 16, 37, 56, 4, 19, 39, 40, 24, 47, 27, 49, 53, 54, 23, 44, 58, 64]],
[213, [15, 16, 37, 56, 4, 19, 39, 40, 24, 47, 50, 62, 53, 54, 45, 58, 60, 64]],
[213, [15, 16, 37, 56, 4, 19, 39, 40, 46, 61, 27, 49, 53, 54, 23, 43, 44, 59]],
[213, [15, 16, 37, 56, 4, 19, 39, 40, 46, 61, 50, 62, 53, 54, 43, 45, 59, 60]],
[213, [15, 16, 37, 56, 17, 18, 41, 57, 24, 47, 27, 49, 33, 63, 23, 43, 44, 59]],
[213, [15, 16, 37, 56, 17, 18, 41, 57, 24, 47, 50, 62, 33, 63, 43, 45, 59, 60]],
[213, [15, 16, 37, 56, 17, 18, 41, 57, 46, 61, 27, 49, 33, 63, 23, 44, 58, 64]],
[213, [15, 16, 37, 56, 17, 18, 41, 57, 46, 61, 50, 62, 33, 63, 45, 58, 60, 64]],
[213, [15, 16, 37, 56, 18, 39, 40, 41, 24, 47, 27, 49, 53, 54, 23, 43, 44, 59]],
[213, [15, 16, 37, 56, 18, 39, 40, 41, 24, 47, 50, 62, 53, 54, 43, 45, 59, 60]],
[213, [15, 16, 37, 56, 18, 39, 40, 41, 46, 61, 27, 49, 53, 54, 23, 44, 58, 64]],
[213, [15, 16, 37, 56, 18, 39, 40, 41, 46, 61, 50, 62, 53, 54, 45, 58, 60, 64]],
[213, [2, 32, 3, 14, 16, 36, 4, 19, 27, 49, 33, 34, 55, 63, 45, 58, 59, 60]],
[213, [2, 32, 3, 14, 16, 36, 4, 19, 27, 49, 34, 53, 54, 55, 43, 45, 60, 64]],
[213, [2, 32, 3, 14, 16, 36, 4, 19, 50, 62, 33, 34, 55, 63, 23, 44, 58, 59]],
[213, [2, 32, 3, 14, 16, 36, 4, 19, 50, 62, 34, 53, 54, 55, 23, 43, 44, 64]],
[213, [2, 32, 3, 14, 16, 36, 18, 41, 27, 49, 13, 33, 35, 63, 45, 58, 59, 60]],
[213, [2, 32, 3, 14, 16, 36, 18, 41, 27, 49, 13, 35, 53, 54, 43, 45, 60, 64]],
[213, [2, 32, 3, 14, 16, 36, 18, 41, 50, 62, 13, 33, 35, 63, 23, 44, 58, 59]],
[213, [2, 32, 3, 14, 16, 36, 18, 41, 50, 62, 13, 35, 53, 54, 23, 43, 44, 64]],
[213, [2, 32, 3, 16, 37, 56, 4, 19, 27, 49, 33, 34, 55, 63, 23, 44, 58, 59]],
[213, [2, 32, 3, 16, 37, 56, 4, 19, 27, 49, 34, 53, 54, 55, 23, 43, 44, 64]],
[213, [2, 32, 3, 16, 37, 56, 4, 19, 50, 62, 33, 34, 55, 63, 45, 58, 59, 60]],
[213, [2, 32, 3, 16, 37, 56, 4, 19, 50, 62, 34, 53, 54, 55, 43, 45, 60, 64]],
[213, [2, 32, 3, 16, 37, 56, 18, 41, 27, 49, 13, 33, 35, 63, 23, 44, 58, 59]],
[213, [2, 32, 3, 16, 37, 56, 18, 41, 27, 49, 13, 35, 53, 54, 23, 43, 44, 64]],
[213, [2, 32, 3, 16, 37, 56, 18, 41, 50, 62, 13, 33, 35, 63, 45, 58, 59, 60]],
[213, [2, 32, 3, 16, 37, 56, 18, 41, 50, 62, 13, 35, 53, 54, 43, 45, 60, 64]],
[213, [2, 32, 14, 15, 36, 38, 4, 19, 27, 49, 13, 33, 35, 63, 45, 58, 59, 60]],
[213, [2, 32, 14, 15, 36, 38, 4, 19, 27, 49, 13, 35, 53, 54, 43, 45, 60, 64]],
[213, [2, 32, 14, 15, 36, 38, 4, 19, 50, 62, 13, 33, 35, 63, 23, 44, 58, 59]],
[213, [2, 32, 14, 15, 36, 38, 4, 19, 50, 62, 13, 35, 53, 54, 23, 43, 44, 64]],
[213, [2, 32, 14, 15, 36, 38, 18, 41, 27, 49, 33, 34, 55, 63, 45, 58, 59, 60]],
[213, [2, 32, 14, 15, 36, 38, 18, 41, 27, 49, 34, 53, 54, 55, 43, 45, 60, 64]],
[213, [2, 32, 14, 15, 36, 38, 18, 41, 50, 62, 33, 34, 55, 63, 23, 44, 58, 59]],
[213, [2, 32, 14, 15, 36, 38, 18, 41, 50, 62, 34, 53, 54, 55, 23, 43, 44, 64]],
[213, [2, 32, 15, 37, 38, 56, 4, 19, 27, 49, 13, 33, 35, 63, 23, 44, 58, 59]],
[213, [2, 32, 15, 37, 38, 56, 4, 19, 27, 49, 13, 35, 53, 54, 23, 43, 44, 64]],
[213, [2, 32, 15, 37, 38, 56, 4, 19, 50, 62, 13, 33, 35, 63, 45, 58, 59, 60]],
[213, [2, 32, 15, 37, 38, 56, 4, 19, 50, 62, 13, 35, 53, 54, 43, 45, 60, 64]],
[213, [2, 32, 15, 37, 38, 56, 18, 41, 27, 49, 33, 34, 55, 63, 23, 44, 58, 59]],
[213, [2, 32, 15, 37, 38, 56, 18, 41, 27, 49, 34, 53, 54, 55, 23, 43, 44, 64]],
[213, [2, 32, 15, 37, 38, 56, 18, 41, 50, 62, 33, 34, 55, 63, 45, 58, 59, 60]],
[213, [2, 32, 15, 37, 38, 56, 18, 41, 50, 62, 34, 53, 54, 55, 43, 45, 60, 64]],
[213, [11, 12, 3, 14, 16, 36, 4, 19, 27, 49, 33, 34, 55, 63, 43, 45, 60, 64]],
[213, [11, 12, 3, 14, 16, 36, 4, 19, 27, 49, 34, 53, 54, 55, 45, 58, 59, 60]],
[213, [11, 12, 3, 14, 16, 36, 4, 19, 50, 62, 33, 34, 55, 63, 23, 43, 44, 64]],
[213, [11, 12, 3, 14, 16, 36, 4, 19, 50, 62, 34, 53, 54, 55, 23, 44, 58, 59]],
[213, [11, 12, 3, 14, 16, 36, 18, 41, 27, 49, 13, 33, 35, 63, 43, 45, 60, 64]],
[213, [11, 12, 3, 14, 16, 36, 18, 41, 27, 49, 13, 35, 53, 54, 45, 58, 59, 60]],
[213, [11, 12, 3, 14, 16, 36, 18, 41, 50, 62, 13, 33, 35, 63, 23, 43, 44, 64]],
[213, [11, 12, 3, 14, 16, 36, 18, 41, 50, 62, 13, 35, 53, 54, 23, 44, 58, 59]],
[213, [11, 12, 3, 16, 37, 56, 4, 19, 27, 49, 33, 34, 55, 63, 23, 43, 44, 64]],
[213, [11, 12, 3, 16, 37, 56, 4, 19, 27, 49, 34, 53, 54, 55, 23, 44, 58, 59]],
[213, [11, 12, 3, 16, 37, 56, 4, 19, 50, 62, 33, 34, 55, 63, 43, 45, 60, 64]],
[213, [11, 12, 3, 16, 37, 56, 4, 19, 50, 62, 34, 53, 54, 55, 45, 58, 59, 60]],
[213, [11, 12, 3, 16, 37, 56, 18, 41, 27, 49, 13, 33, 35, 63, 23, 43, 44, 64]],
[213, [11, 12, 3, 16, 37, 56, 18, 41, 27, 49, 13, 35, 53, 54, 23, 44, 58, 59]],
[213, [11, 12, 3, 16, 37, 56, 18, 41, 50, 62, 13, 33, 35, 63, 43, 45, 60, 64]],
[213, [11, 12, 3, 16, 37, 56, 18, 41, 50, 62, 13, 35, 53, 54, 45, 58, 59, 60]],
[213, [11, 12, 14, 15, 36, 38, 4, 19, 27, 49, 13, 33, 35, 63, 43, 45, 60, 64]],
[213, [11, 12, 14, 15, 36, 38, 4, 19, 27, 49, 13, 35, 53, 54, 45, 58, 59, 60]],
[213, [11, 12, 14, 15, 36, 38, 4, 19, 50, 62, 13, 33, 35, 63, 23, 43, 44, 64]],
[213, [11, 12, 14, 15, 36, 38, 4, 19, 50, 62, 13, 35, 53, 54, 23, 44, 58, 59]],
[213, [11, 12, 14, 15, 36, 38, 18, 41, 27, 49, 33, 34, 55, 63, 43, 45, 60, 64]],
[213, [11, 12, 14, 15, 36, 38, 18, 41, 27, 49, 34, 53, 54, 55, 45, 58, 59, 60]],
[213, [11, 12, 14, 15, 36, 38, 18, 41, 50, 62, 33, 34, 55, 63, 23, 43, 44, 64]],
[213, [11, 12, 14, 15, 36, 38, 18, 41, 50, 62, 34, 53, 54, 55, 23, 44, 58, 59]],
[213, [11, 12, 15, 37, 38, 56, 4, 19, 27, 49, 13, 33, 35, 63, 23, 43, 44, 64]],
[213, [11, 12, 15, 37, 38, 56, 4, 19, 27, 49, 13, 35, 53, 54, 23, 44, 58, 59]],
[213, [11, 12, 15, 37, 38, 56, 4, 19, 50, 62, 13, 33, 35, 63, 43, 45, 60, 64]],
[213, [11, 12, 15, 37, 38, 56, 4, 19, 50, 62, 13, 35, 53, 54, 45, 58, 59, 60]],
[213, [11, 12, 15, 37, 38, 56, 18, 41, 27, 49, 33, 34, 55, 63, 23, 43, 44, 64]],
[213, [11, 12, 15, 37, 38, 56, 18, 41, 27, 49, 34, 53, 54, 55, 23, 44, 58, 59]],
[213, [11, 12, 15, 37, 38, 56, 18, 41, 50, 62, 33, 34, 55, 63, 43, 45, 60, 64]],
[213, [11, 12, 15, 37, 38, 56, 18, 41, 50, 62, 34, 53, 54, 55, 45, 58, 59, 60]],
[213, [10, 30, 3, 14, 16, 36, 4, 19, 24, 26, 48, 61, 9, 51, 33, 34, 55, 63]],
[213, [10, 30, 3, 14, 16, 36, 4, 19, 24, 26, 48, 61, 28, 29, 34, 53, 54, 55]],
[213, [10, 30, 3, 14, 16, 36, 4, 19, 26, 46, 47, 48, 9, 51, 34, 53, 54, 55]],
[213, [10, 30, 3, 14, 16, 36, 4, 19, 26, 46, 47, 48, 28, 29, 33, 34, 55, 63]],
[213, [10, 30, 3, 14, 16, 36, 18, 41, 24, 26, 48, 61, 9, 51, 13, 33, 35, 63]],
[213, [10, 30, 3, 14, 16, 36, 18, 41, 24, 26, 48, 61, 28, 29, 13, 35, 53, 54]],
[213, [10, 30, 3, 14, 16, 36, 18, 41, 26, 46, 47, 48, 9, 51, 13, 35, 53, 54]],
[213, [10, 30, 3, 14, 16, 36, 18, 41, 26, 46, 47, 48, 28, 29, 13, 33, 35, 63]],
[213, [10, 30, 3, 16, 37, 56, 4, 19, 8, 24, 25, 61, 9, 51, 33, 34, 55, 63]],
[213, [10, 30, 3, 16, 37, 56, 4, 19, 8, 24, 25, 61, 28, 29, 34, 53, 54, 55]],
[213, [10, 30, 3, 16, 37, 56, 4, 19, 8, 25, 46, 47, 9, 51, 34, 53, 54, 55]],
[213, [10, 30, 3, 16, 37, 56, 4, 19, 8, 25, 46, 47, 28, 29, 33, 34, 55, 63]],
[213, [10, 30, 3, 16, 37, 56, 18, 41, 8, 24, 25, 61, 9, 51, 13, 33, 35, 63]],
[213, [10, 30, 3, 16, 37, 56, 18, 41, 8, 24, 25, 61, 28, 29, 13, 35, 53, 54]],
[213, [10, 30, 3, 16, 37, 56, 18, 41, 8, 25, 46, 47, 9, 51, 13, 35, 53, 54]],
[213, [10, 30, 3, 16, 37, 56, 18, 41, 8, 25, 46, 47, 28, 29, 13, 33, 35, 63]],
[213, [10, 30, 14, 15, 36, 38, 4, 19, 24, 26, 48, 61, 9, 51, 13, 33, 35, 63]],
[213, [10, 30, 14, 15, 36, 38, 4, 19, 24, 26, 48, 61, 28, 29, 13, 35, 53, 54]],
[213, [10, 30, 14, 15, 36, 38, 4, 19, 26, 46, 47, 48, 9, 51, 13, 35, 53, 54]],
[213, [10, 30, 14, 15, 36, 38, 4, 19, 26, 46, 47, 48, 28, 29, 13, 33, 35, 63]],
[213, [10, 30, 14, 15, 36, 38, 18, 41, 24, 26, 48, 61, 9, 51, 33, 34, 55, 63]],
[213, [10, 30, 14, 15, 36, 38, 18, 41, 24, 26, 48, 61, 28, 29, 34, 53, 54, 55]],
[213, [10, 30, 14, 15, 36, 38, 18, 41, 26, 46, 47, 48, 9, 51, 34, 53, 54, 55]],
[213, [10, 30, 14, 15, 36, 38, 18, 41, 26, 46, 47, 48, 28, 29, 33, 34, 55, 63]],
[213, [10, 30, 15, 37, 38, 56, 4, 19, 8, 24, 25, 61, 9, 51, 13, 33, 35, 63]],
[213, [10, 30, 15, 37, 38, 56, 4, 19, 8, 24, 25, 61, 28, 29, 13, 35, 53, 54]],
[213, [10, 30, 15, 37, 38, 56, 4, 19, 8, 25, 46, 47, 9, 51, 13, 35, 53, 54]],
[213, [10, 30, 15, 37, 38, 56, 4, 19, 8, 25, 46, 47, 28, 29, 13, 33, 35, 63]],
[213, [10, 30, 15, 37, 38, 56, 18, 41, 8, 24, 25, 61, 9, 51, 33, 34, 55, 63]],
[213, [10, 30, 15, 37, 38, 56, 18, 41, 8, 24, 25, 61, 28, 29, 34, 53, 54, 55]],
[213, [10, 30, 15, 37, 38, 56, 18, 41, 8, 25, 46, 47, 9, 51, 34, 53, 54, 55]],
[213, [10, 30, 15, 37, 38, 56, 18, 41, 8, 25, 46, 47, 28, 29, 33, 34, 55, 63]],
[213, [31, 52, 3, 14, 16, 36, 4, 19, 8, 24, 25, 61, 9, 51, 33, 34, 55, 63]],
[213, [31, 52, 3, 14, 16, 36, 4, 19, 8, 24, 25, 61, 28, 29, 34, 53, 54, 55]],
[213, [31, 52, 3, 14, 16, 36, 4, 19, 8, 25, 46, 47, 9, 51, 34, 53, 54, 55]],
[213, [31, 52, 3, 14, 16, 36, 4, 19, 8, 25, 46, 47, 28, 29, 33, 34, 55, 63]],
[213, [31, 52, 3, 14, 16, 36, 18, 41, 8, 24, 25, 61, 9, 51, 13, 33, 35, 63]],
[213, [31, 52, 3, 14, 16, 36, 18, 41, 8, 24, 25, 61, 28, 29, 13, 35, 53, 54]],
[213, [31, 52, 3, 14, 16, 36, 18, 41, 8, 25, 46, 47, 9, 51, 13, 35, 53, 54]],
[213, [31, 52, 3, 14, 16, 36, 18, 41, 8, 25, 46, 47, 28, 29, 13, 33, 35, 63]],
[213, [31, 52, 3, 16, 37, 56, 4, 19, 24, 26, 48, 61, 9, 51, 33, 34, 55, 63]],
[213, [31, 52, 3, 16, 37, 56, 4, 19, 24, 26, 48, 61, 28, 29, 34, 53, 54, 55]],
[213, [31, 52, 3, 16, 37, 56, 4, 19, 26, 46, 47, 48, 9, 51, 34, 53, 54, 55]],
[213, [31, 52, 3, 16, 37, 56, 4, 19, 26, 46, 47, 48, 28, 29, 33, 34, 55, 63]],
[213, [31, 52, 3, 16, 37, 56, 18, 41, 24, 26, 48, 61, 9, 51, 13, 33, 35, 63]],
[213, [31, 52, 3, 16, 37, 56, 18, 41, 24, 26, 48, 61, 28, 29, 13, 35, 53, 54]],
[213, [31, 52, 3, 16, 37, 56, 18, 41, 26, 46, 47, 48, 9, 51, 13, 35, 53, 54]],
[213, [31, 52, 3, 16, 37, 56, 18, 41, 26, 46, 47, 48, 28, 29, 13, 33, 35, 63]],
[213, [31, 52, 14, 15, 36, 38, 4, 19, 8, 24, 25, 61, 9, 51, 13, 33, 35, 63]],
[213, [31, 52, 14, 15, 36, 38, 4, 19, 8, 24, 25, 61, 28, 29, 13, 35, 53, 54]],
[213, [31, 52, 14, 15, 36, 38, 4, 19, 8, 25, 46, 47, 9, 51, 13, 35, 53, 54]],
[213, [31, 52, 14, 15, 36, 38, 4, 19, 8, 25, 46, 47, 28, 29, 13, 33, 35, 63]],
[213, [31, 52, 14, 15, 36, 38, 18, 41, 8, 24, 25, 61, 9, 51, 33, 34, 55, 63]],
[213, [31, 52, 14, 15, 36, 38, 18, 41, 8, 24, 25, 61, 28, 29, 34, 53, 54, 55]],
[213, [31, 52, 14, 15, 36, 38, 18, 41, 8, 25, 46, 47, 9, 51, 34, 53, 54, 55]],
[213, [31, 52, 14, 15, 36, 38, 18, 41, 8, 25, 46, 47, 28, 29, 33, 34, 55, 63]],
[213, [31, 52, 15, 37, 38, 56, 4, 19, 24, 26, 48, 61, 9, 51, 13, 33, 35, 63]],
[213, [31, 52, 15, 37, 38, 56, 4, 19, 24, 26, 48, 61, 28, 29, 13, 35, 53, 54]],
[213, [31, 52, 15, 37, 38, 56, 4, 19, 26, 46, 47, 48, 9, 51, 13, 35, 53, 54]],
[213, [31, 52, 15, 37, 38, 56, 4, 19, 26, 46, 47, 48, 28, 29, 13, 33, 35, 63]],
[213, [31, 52, 15, 37, 38, 56, 18, 41, 24, 26, 48, 61, 9, 51, 33, 34, 55, 63]],
[213, [31, 52, 15, 37, 38, 56, 18, 41, 24, 26, 48, 61, 28, 29, 34, 53, 54, 55]],
[213, [31, 52, 15, 37, 38, 56, 18, 41, 26, 46, 47, 48, 9, 51, 34, 53, 54, 55]],
[213, [31, 52, 15, 37, 38, 56, 18, 41, 26, 46, 47, 48, 28, 29, 33, 34, 55, 63]],
[213, [2, 12, 3, 14, 36, 38, 4, 17, 19, 57, 27, 28, 49, 51, 53, 54, 45, 60]],
[213, [2, 12, 3, 14, 36, 38, 4, 17, 19, 57, 28, 50, 51, 62, 53, 54, 23, 44]],
[213, [2, 12, 3, 14, 36, 38, 4, 19, 39, 40, 27, 28, 49, 51, 33, 63, 45, 60]],
[213, [2, 12, 3, 14, 36, 38, 4, 19, 39, 40, 28, 50, 51, 62, 33, 63, 23, 44]],
[213, [2, 12, 3, 14, 36, 38, 17, 18, 41, 57, 9, 27, 29, 49, 53, 54, 45, 60]],
[213, [2, 12, 3, 14, 36, 38, 17, 18, 41, 57, 9, 29, 50, 62, 53, 54, 23, 44]],
[213, [2, 12, 3, 14, 36, 38, 18, 39, 40, 41, 9, 27, 29, 49, 33, 63, 45, 60]],
[213, [2, 12, 3, 14, 36, 38, 18, 39, 40, 41, 9, 29, 50, 62, 33, 63, 23, 44]],
[213, [2, 12, 3, 37, 38, 56, 4, 17, 19, 57, 27, 28, 49, 51, 53, 54, 23, 44]],
[213, [2, 12, 3, 37, 38, 56, 4, 17, 19, 57, 28, 50, 51, 62, 53, 54, 45, 60]],
[213, [2, 12, 3, 37, 38, 56, 4, 19, 39, 40, 27, 28, 49, 51, 33, 63, 23, 44]],
[213, [2, 12, 3, 37, 38, 56, 4, 19, 39, 40, 28, 50, 51, 62, 33, 63, 45, 60]],
[213, [2, 12, 3, 37, 38, 56, 17, 18, 41, 57, 9, 27, 29, 49, 53, 54, 23, 44]],
[213, [2, 12, 3, 37, 38, 56, 17, 18, 41, 57, 9, 29, 50, 62, 53, 54, 45, 60]],
[213, [2, 12, 3, 37, 38, 56, 18, 39, 40, 41, 9, 27, 29, 49, 33, 63, 23, 44]],
[213, [2, 12, 3, 37, 38, 56, 18, 39, 40, 41, 9, 29, 50, 62, 33, 63, 45, 60]],
[213, [2, 12, 14, 15, 16, 36, 4, 17, 19, 57, 27, 28, 49, 51, 33, 63, 45, 60]],
[213, [2, 12, 14, 15, 16, 36, 4, 17, 19, 57, 28, 50, 51, 62, 33, 63, 23, 44]],
[213, [2, 12, 14, 15, 16, 36, 4, 19, 39, 40, 27, 28, 49, 51, 53, 54, 45, 60]],
[213, [2, 12, 14, 15, 16, 36, 4, 19, 39, 40, 28, 50, 51, 62, 53, 54, 23, 44]],
[213, [2, 12, 14, 15, 16, 36, 17, 18, 41, 57, 9, 27, 29, 49, 33, 63, 45, 60]],
[213, [2, 12, 14, 15, 16, 36, 17, 18, 41, 57, 9, 29, 50, 62, 33, 63, 23, 44]],
[213, [2, 12, 14, 15, 16, 36, 18, 39, 40, 41, 9, 27, 29, 49, 53, 54, 45, 60]],
[213, [2, 12, 14, 15, 16, 36, 18, 39, 40, 41, 9, 29, 50, 62, 53, 54, 23, 44]],
[213, [2, 12, 15, 16, 37, 56, 4, 17, 19, 57, 27, 28, 49, 51, 33, 63, 23, 44]],
[213, [2, 12, 15, 16, 37, 56, 4, 17, 19, 57, 28, 50, 51, 62, 33, 63, 45, 60]],
[213, [2, 12, 15, 16, 37, 56, 4, 19, 39, 40, 27, 28, 49, 51, 53, 54, 23, 44]],
[213, [2, 12, 15, 16, 37, 56, 4, 19, 39, 40, 28, 50, 51, 62, 53, 54, 45, 60]],
[213, [2, 12, 15, 16, 37, 56, 17, 18, 41, 57, 9, 27, 29, 49, 33, 63, 23, 44]],
[213, [2, 12, 15, 16, 37, 56, 17, 18, 41, 57, 9, 29, 50, 62, 33, 63, 45, 60]],
[213, [2, 12, 15, 16, 37, 56, 18, 39, 40, 41, 9, 27, 29, 49, 53, 54, 23, 44]],
[213, [2, 12, 15, 16, 37, 56, 18, 39, 40, 41, 9, 29, 50, 62, 53, 54, 45, 60]],
[213, [11, 32, 3, 14, 36, 38, 4, 17, 19, 57, 9, 27, 29, 49, 53, 54, 45, 60]],
[213, [11, 32, 3, 14, 36, 38, 4, 17, 19, 57, 9, 29, 50, 62, 53, 54, 23, 44]],
[213, [11, 32, 3, 14, 36, 38, 4, 19, 39, 40, 9, 27, 29, 49, 33, 63, 45, 60]],
[213, [11, 32, 3, 14, 36, 38, 4, 19, 39, 40, 9, 29, 50, 62, 33, 63, 23, 44]],
[213, [11, 32, 3, 14, 36, 38, 17, 18, 41, 57, 27, 28, 49, 51, 53, 54, 45, 60]],
[213, [11, 32, 3, 14, 36, 38, 17, 18, 41, 57, 28, 50, 51, 62, 53, 54, 23, 44]],
[213, [11, 32, 3, 14, 36, 38, 18, 39, 40, 41, 27, 28, 49, 51, 33, 63, 45, 60]],
[213, [11, 32, 3, 14, 36, 38, 18, 39, 40, 41, 28, 50, 51, 62, 33, 63, 23, 44]],
[213, [11, 32, 3, 37, 38, 56, 4, 17, 19, 57, 9, 27, 29, 49, 53, 54, 23, 44]],
[213, [11, 32, 3, 37, 38, 56, 4, 17, 19, 57, 9, 29, 50, 62, 53, 54, 45, 60]],
[213, [11, 32, 3, 37, 38, 56, 4, 19, 39, 40, 9, 27, 29, 49, 33, 63, 23, 44]],
[213, [11, 32, 3, 37, 38, 56, 4, 19, 39, 40, 9, 29, 50, 62, 33, 63, 45, 60]],
[213, [11, 32, 3, 37, 38, 56, 17, 18, 41, 57, 27, 28, 49, 51, 53, 54, 23, 44]],
[213, [11, 32, 3, 37, 38, 56, 17, 18, 41, 57, 28, 50, 51, 62, 53, 54, 45, 60]],
[213, [11, 32, 3, 37, 38, 56, 18, 39, 40, 41, 27, 28, 49, 51, 33, 63, 23, 44]],
[213, [11, 32, 3, 37, 38, 56, 18, 39, 40, 41, 28, 50, 51, 62, 33, 63, 45, 60]],
[213, [11, 32, 14, 15, 16, 36, 4, 17, 19, 57, 9, 27, 29, 49, 33, 63, 45, 60]],
[213, [11, 32, 14, 15, 16, 36, 4, 17, 19, 57, 9, 29, 50, 62, 33, 63, 23, 44]],
[213, [11, 32, 14, 15, 16, 36, 4, 19, 39, 40, 9, 27, 29, 49, 53, 54, 45, 60]],
[213, [11, 32, 14, 15, 16, 36, 4, 19, 39, 40, 9, 29, 50, 62, 53, 54, 23, 44]],
[213, [11, 32, 14, 15, 16, 36, 17, 18, 41, 57, 27, 28, 49, 51, 33, 63, 45, 60]],
[213, [11, 32, 14, 15, 16, 36, 17, 18, 41, 57, 28, 50, 51, 62, 33, 63, 23, 44]],
[213, [11, 32, 14, 15, 16, 36, 18, 39, 40, 41, 27, 28, 49, 51, 53, 54, 45, 60]],
[213, [11, 32, 14, 15, 16, 36, 18, 39, 40, 41, 28, 50, 51, 62, 53, 54, 23, 44]],
[213, [11, 32, 15, 16, 37, 56, 4, 17, 19, 57, 9, 27, 29, 49, 33, 63, 23, 44]],
[213, [11, 32, 15, 16, 37, 56, 4, 17, 19, 57, 9, 29, 50, 62, 33, 63, 45, 60]],
[213, [11, 32, 15, 16, 37, 56, 4, 19, 39, 40, 9, 27, 29, 49, 53, 54, 23, 44]],
[213, [11, 32, 15, 16, 37, 56, 4, 19, 39, 40, 9, 29, 50, 62, 53, 54, 45, 60]],
[213, [11, 32, 15, 16, 37, 56, 17, 18, 41, 57, 27, 28, 49, 51, 33, 63, 23, 44]],
[213, [11, 32, 15, 16, 37, 56, 17, 18, 41, 57, 28, 50, 51, 62, 33, 63, 45, 60]],
[213, [11, 32, 15, 16, 37, 56, 18, 39, 40, 41, 27, 28, 49, 51, 53, 54, 23, 44]],
[213, [11, 32, 15, 16, 37, 56, 18, 39, 40, 41, 28, 50, 51, 62, 53, 54, 45, 60]],
[213, [10, 30, 3, 14, 36, 38, 4, 17, 19, 57, 24, 26, 47, 48, 53, 54, 58, 64]],
[213, [10, 30, 3, 14, 36, 38, 4, 17, 19, 57, 26, 46, 48, 61, 53, 54, 43, 59]],
[213, [10, 30, 3, 14, 36, 38, 4, 19, 39, 40, 24, 26, 47, 48, 33, 63, 58, 64]],
[213, [10, 30, 3, 14, 36, 38, 4, 19, 39, 40, 26, 46, 48, 61, 33, 63, 43, 59]],
[213, [10, 30, 3, 14, 36, 38, 17, 18, 41, 57, 24, 26, 47, 48, 53, 54, 43, 59]],
[213, [10, 30, 3, 14, 36, 38, 17, 18, 41, 57, 26, 46, 48, 61, 53, 54, 58, 64]],
[213, [10, 30, 3, 14, 36, 38, 18, 39, 40, 41, 24, 26, 47, 48, 33, 63, 43, 59]],
[213, [10, 30, 3, 14, 36, 38, 18, 39, 40, 41, 26, 46, 48, 61, 33, 63, 58, 64]],
[213, [10, 30, 3, 37, 38, 56, 4, 17, 19, 57, 8, 24, 25, 47, 53, 54, 58, 64]],
[213, [10, 30, 3, 37, 38, 56, 4, 17, 19, 57, 8, 25, 46, 61, 53, 54, 43, 59]],
[213, [10, 30, 3, 37, 38, 56, 4, 19, 39, 40, 8, 24, 25, 47, 33, 63, 58, 64]],
[213, [10, 30, 3, 37, 38, 56, 4, 19, 39, 40, 8, 25, 46, 61, 33, 63, 43, 59]],
[213, [10, 30, 3, 37, 38, 56, 17, 18, 41, 57, 8, 24, 25, 47, 53, 54, 43, 59]],
[213, [10, 30, 3, 37, 38, 56, 17, 18, 41, 57, 8, 25, 46, 61, 53, 54, 58, 64]],
[213, [10, 30, 3, 37, 38, 56, 18, 39, 40, 41, 8, 24, 25, 47, 33, 63, 43, 59]],
[213, [10, 30, 3, 37, 38, 56, 18, 39, 40, 41, 8, 25, 46, 61, 33, 63, 58, 64]],
[213, [10, 30, 14, 15, 16, 36, 4, 17, 19, 57, 24, 26, 47, 48, 33, 63, 58, 64]],
[213, [10, 30, 14, 15, 16, 36, 4, 17, 19, 57, 26, 46, 48, 61, 33, 63, 43, 59]],
[213, [10, 30, 14, 15, 16, 36, 4, 19, 39, 40, 24, 26, 47, 48, 53, 54, 58, 64]],
[213, [10, 30, 14, 15, 16, 36, 4, 19, 39, 40, 26, 46, 48, 61, 53, 54, 43, 59]],
[213, [10, 30, 14, 15, 16, 36, 17, 18, 41, 57, 24, 26, 47, 48, 33, 63, 43, 59]],
[213, [10, 30, 14, 15, 16, 36, 17, 18, 41, 57, 26, 46, 48, 61, 33, 63, 58, 64]],
[213, [10, 30, 14, 15, 16, 36, 18, 39, 40, 41, 24, 26, 47, 48, 53, 54, 43, 59]],
[213, [10, 30, 14, 15, 16, 36, 18, 39, 40, 41, 26, 46, 48, 61, 53, 54, 58, 64]],
[213, [10, 30, 15, 16, 37, 56, 4, 17, 19, 57, 8, 24, 25, 47, 33, 63, 58, 64]],
[213, [10, 30, 15, 16, 37, 56, 4, 17, 19, 57, 8, 25, 46, 61, 33, 63, 43, 59]],
[213, [10, 30, 15, 16, 37, 56, 4, 19, 39, 40, 8, 24, 25, 47, 53, 54, 58, 64]],
[213, [10, 30, 15, 16, 37, 56, 4, 19, 39, 40, 8, 25, 46, 61, 53, 54, 43, 59]],
[213, [10, 30, 15, 16, 37, 56, 17, 18, 41, 57, 8, 24, 25, 47, 33, 63, 43, 59]],
[213, [10, 30, 15, 16, 37, 56, 17, 18, 41, 57, 8, 25, 46, 61, 33, 63, 58, 64]],
[213, [10, 30, 15, 16, 37, 56, 18, 39, 40, 41, 8, 24, 25, 47, 53, 54, 43, 59]],
[213, [10, 30, 15, 16, 37, 56, 18, 39, 40, 41, 8, 25, 46, 61, 53, 54, 58, 64]],
[213, [31, 52, 3, 14, 36, 38, 4, 17, 19, 57, 8, 24, 25, 47, 53, 54, 58, 64]],
[213, [31, 52, 3, 14, 36, 38, 4, 17, 19, 57, 8, 25, 46, 61, 53, 54, 43, 59]],
[213, [31, 52, 3, 14, 36, 38, 4, 19, 39, 40, 8, 24, 25, 47, 33, 63, 58, 64]],
[213, [31, 52, 3, 14, 36, 38, 4, 19, 39, 40, 8, 25, 46, 61, 33, 63, 43, 59]],
[213, [31, 52, 3, 14, 36, 38, 17, 18, 41, 57, 8, 24, 25, 47, 53, 54, 43, 59]],
[213, [31, 52, 3, 14, 36, 38, 17, 18, 41, 57, 8, 25, 46, 61, 53, 54, 58, 64]],
[213, [31, 52, 3, 14, 36, 38, 18, 39, 40, 41, 8, 24, 25, 47, 33, 63, 43, 59]],
[213, [31, 52, 3, 14, 36, 38, 18, 39, 40, 41, 8, 25, 46, 61, 33, 63, 58, 64]],
[213, [31, 52, 3, 37, 38, 56, 4, 17, 19, 57, 24, 26, 47, 48, 53, 54, 58, 64]],
[213, [31, 52, 3, 37, 38, 56, 4, 17, 19, 57, 26, 46, 48, 61, 53, 54, 43, 59]],
[213, [31, 52, 3, 37, 38, 56, 4, 19, 39, 40, 24, 26, 47, 48, 33, 63, 58, 64]],
[213, [31, 52, 3, 37, 38, 56, 4, 19, 39, 40, 26, 46, 48, 61, 33, 63, 43, 59]],
[213, [31, 52, 3, 37, 38, 56, 17, 18, 41, 57, 24, 26, 47, 48, 53, 54, 43, 59]],
[213, [31, 52, 3, 37, 38, 56, 17, 18, 41, 57, 26, 46, 48, 61, 53, 54, 58, 64]],
[213, [31, 52, 3, 37, 38, 56, 18, 39, 40, 41, 24, 26, 47, 48, 33, 63, 43, 59]],
[213, [31, 52, 3, 37, 38, 56, 18, 39, 40, 41, 26, 46, 48, 61, 33, 63, 58, 64]],
[213, [31, 52, 14, 15, 16, 36, 4, 17, 19, 57, 8, 24, 25, 47, 33, 63, 58, 64]],
[213, [31, 52, 14, 15, 16, 36, 4, 17, 19, 57, 8, 25, 46, 61, 33, 63, 43, 59]],
[213, [31, 52, 14, 15, 16, 36, 4, 19, 39, 40, 8, 24, 25, 47, 53, 54, 58, 64]],
[213, [31, 52, 14, 15, 16, 36, 4, 19, 39, 40, 8, 25, 46, 61, 53, 54, 43, 59]],
[213, [31, 52, 14, 15, 16, 36, 17, 18, 41, 57, 8, 24, 25, 47, 33, 63, 43, 59]],
[213, [31, 52, 14, 15, 16, 36, 17, 18, 41, 57, 8, 25, 46, 61, 33, 63, 58, 64]],
[213, [31, 52, 14, 15, 16, 36, 18, 39, 40, 41, 8, 24, 25, 47, 53, 54, 43, 59]],
[213, [31, 52, 14, 15, 16, 36, 18, 39, 40, 41, 8, 25, 46, 61, 53, 54, 58, 64]],
[213, [31, 52, 15, 16, 37, 56, 4, 17, 19, 57, 24, 26, 47, 48, 33, 63, 58, 64]],
[213, [31, 52, 15, 16, 37, 56, 4, 17, 19, 57, 26, 46, 48, 61, 33, 63, 43, 59]],
[213, [31, 52, 15, 16, 37, 56, 4, 19, 39, 40, 24, 26, 47, 48, 53, 54, 58, 64]],
[213, [31, 52, 15, 16, 37, 56, 4, 19, 39, 40, 26, 46, 48, 61, 53, 54, 43, 59]],
[213, [31, 52, 15, 16, 37, 56, 17, 18, 41, 57, 24, 26, 47, 48, 33, 63, 43, 59]],
[213, [31, 52, 15, 16, 37, 56, 17, 18, 41, 57, 26, 46, 48, 61, 33, 63, 58, 64]],
[213, [31, 52, 15, 16, 37, 56, 18, 39, 40, 41, 24, 26, 47, 48, 53, 54, 43, 59]],
[213, [31, 52, 15, 16, 37, 56, 18, 39, 40, 41, 26, 46, 48, 61, 53, 54, 58, 64]],
[213, [2, 10, 30, 32, 3, 14, 16, 36, 4, 19, 26, 48, 33, 34, 55, 63, 58, 59]],
[213, [2, 10, 30, 32, 3, 14, 16, 36, 4, 19, 26, 48, 34, 53, 54, 55, 43, 64]],
[213, [2, 10, 30, 32, 3, 14, 16, 36, 18, 41, 26, 48, 13, 33, 35, 63, 58, 59]],
[213, [2, 10, 30, 32, 3, 14, 16, 36, 18, 41, 26, 48, 13, 35, 53, 54, 43, 64]],
[213, [2, 10, 30, 32, 3, 16, 37, 56, 4, 19, 8, 25, 33, 34, 55, 63, 58, 59]],
[213, [2, 10, 30, 32, 3, 16, 37, 56, 4, 19, 8, 25, 34, 53, 54, 55, 43, 64]],
[213, [2, 10, 30, 32, 3, 16, 37, 56, 18, 41, 8, 25, 13, 33, 35, 63, 58, 59]],
[213, [2, 10, 30, 32, 3, 16, 37, 56, 18, 41, 8, 25, 13, 35, 53, 54, 43, 64]],
[213, [2, 10, 30, 32, 14, 15, 36, 38, 4, 19, 26, 48, 13, 33, 35, 63, 58, 59]],
[213, [2, 10, 30, 32, 14, 15, 36, 38, 4, 19, 26, 48, 13, 35, 53, 54, 43, 64]],
[213, [2, 10, 30, 32, 14, 15, 36, 38, 18, 41, 26, 48, 33, 34, 55, 63, 58, 59]],
[213, [2, 10, 30, 32, 14, 15, 36, 38, 18, 41, 26, 48, 34, 53, 54, 55, 43, 64]],
[213, [2, 10, 30, 32, 15, 37, 38, 56, 4, 19, 8, 25, 13, 33, 35, 63, 58, 59]],
[213, [2, 10, 30, 32, 15, 37, 38, 56, 4, 19, 8, 25, 13, 35, 53, 54, 43, 64]],
[213, [2, 10, 30, 32, 15, 37, 38, 56, 18, 41, 8, 25, 33, 34, 55, 63, 58, 59]],
[213, [2, 10, 30, 32, 15, 37, 38, 56, 18, 41, 8, 25, 34, 53, 54, 55, 43, 64]],
[213, [2, 31, 32, 52, 3, 14, 16, 36, 4, 19, 8, 25, 33, 34, 55, 63, 58, 59]],
[213, [2, 31, 32, 52, 3, 14, 16, 36, 4, 19, 8, 25, 34, 53, 54, 55, 43, 64]],
[213, [2, 31, 32, 52, 3, 14, 16, 36, 18, 41, 8, 25, 13, 33, 35, 63, 58, 59]],
[213, [2, 31, 32, 52, 3, 14, 16, 36, 18, 41, 8, 25, 13, 35, 53, 54, 43, 64]],
[213, [2, 31, 32, 52, 3, 16, 37, 56, 4, 19, 26, 48, 33, 34, 55, 63, 58, 59]],
[213, [2, 31, 32, 52, 3, 16, 37, 56, 4, 19, 26, 48, 34, 53, 54, 55, 43, 64]],
[213, [2, 31, 32, 52, 3, 16, 37, 56, 18, 41, 26, 48, 13, 33, 35, 63, 58, 59]],
[213, [2, 31, 32, 52, 3, 16, 37, 56, 18, 41, 26, 48, 13, 35, 53, 54, 43, 64]],
[213, [2, 31, 32, 52, 14, 15, 36, 38, 4, 19, 8, 25, 13, 33, 35, 63, 58, 59]],
[213, [2, 31, 32, 52, 14, 15, 36, 38, 4, 19, 8, 25, 13, 35, 53, 54, 43, 64]],
[213, [2, 31, 32, 52, 14, 15, 36, 38, 18, 41, 8, 25, 33, 34, 55, 63, 58, 59]],
[213, [2, 31, 32, 52, 14, 15, 36, 38, 18, 41, 8, 25, 34, 53, 54, 55, 43, 64]],
[213, [2, 31, 32, 52, 15, 37, 38, 56, 4, 19, 26, 48, 13, 33, 35, 63, 58, 59]],
[213, [2, 31, 32, 52, 15, 37, 38, 56, 4, 19, 26, 48, 13, 35, 53, 54, 43, 64]],
[213, [2, 31, 32, 52, 15, 37, 38, 56, 18, 41, 26, 48, 33, 34, 55, 63, 58, 59]],
[213, [2, 31, 32, 52, 15, 37, 38, 56, 18, 41, 26, 48, 34, 53, 54, 55, 43, 64]],
[213, [10, 11, 12, 30, 3, 14, 16, 36, 4, 19, 26, 48, 33, 34, 55, 63, 43, 64]],
[213, [10, 11, 12, 30, 3, 14, 16, 36, 4, 19, 26, 48, 34, 53, 54, 55, 58, 59]],
[213, [10, 11, 12, 30, 3, 14, 16, 36, 18, 41, 26, 48, 13, 33, 35, 63, 43, 64]],
[213, [10, 11, 12, 30, 3, 14, 16, 36, 18, 41, 26, 48, 13, 35, 53, 54, 58, 59]],
[213, [10, 11, 12, 30, 3, 16, 37, 56, 4, 19, 8, 25, 33, 34, 55, 63, 43, 64]],
[213, [10, 11, 12, 30, 3, 16, 37, 56, 4, 19, 8, 25, 34, 53, 54, 55, 58, 59]],
[213, [10, 11, 12, 30, 3, 16, 37, 56, 18, 41, 8, 25, 13, 33, 35, 63, 43, 64]],
[213, [10, 11, 12, 30, 3, 16, 37, 56, 18, 41, 8, 25, 13, 35, 53, 54, 58, 59]],
[213, [10, 11, 12, 30, 14, 15, 36, 38, 4, 19, 26, 48, 13, 33, 35, 63, 43, 64]],
[213, [10, 11, 12, 30, 14, 15, 36, 38, 4, 19, 26, 48, 13, 35, 53, 54, 58, 59]],
[213, [10, 11, 12, 30, 14, 15, 36, 38, 18, 41, 26, 48, 33, 34, 55, 63, 43, 64]],
[213, [10, 11, 12, 30, 14, 15, 36, 38, 18, 41, 26, 48, 34, 53, 54, 55, 58, 59]],
[213, [10, 11, 12, 30, 15, 37, 38, 56, 4, 19, 8, 25, 13, 33, 35, 63, 43, 64]],
[213, [10, 11, 12, 30, 15, 37, 38, 56, 4, 19, 8, 25, 13, 35, 53, 54, 58, 59]],
[213, [10, 11, 12, 30, 15, 37, 38, 56, 18, 41, 8, 25, 33, 34, 55, 63, 43, 64]],
[213, [10, 11, 12, 30, 15, 37, 38, 56, 18, 41, 8, 25, 34, 53, 54, 55, 58, 59]],
[213, [11, 12, 31, 52, 3, 14, 16, 36, 4, 19, 8, 25, 33, 34, 55, 63, 43, 64]],
[213, [11, 12, 31, 52, 3, 14, 16, 36, 4, 19, 8, 25, 34, 53, 54, 55, 58, 59]],
[213, [11, 12, 31, 52, 3, 14, 16, 36, 18, 41, 8, 25, 13, 33, 35, 63, 43, 64]],
[213, [11, 12, 31, 52, 3, 14, 16, 36, 18, 41, 8, 25, 13, 35, 53, 54, 58, 59]],
[213, [11, 12, 31, 52, 3, 16, 37, 56, 4, 19, 26, 48, 33, 34, 55, 63, 43, 64]],
[213, [11, 12, 31, 52, 3, 16, 37, 56, 4, 19, 26, 48, 34, 53, 54, 55, 58, 59]],
[213, [11, 12, 31, 52, 3, 16, 37, 56, 18, 41, 26, 48, 13, 33, 35, 63, 43, 64]],
[213, [11, 12, 31, 52, 3, 16, 37, 56, 18, 41, 26, 48, 13, 35, 53, 54, 58, 59]],
[213, [11, 12, 31, 52, 14, 15, 36, 38, 4, 19, 8, 25, 13, 33, 35, 63, 43, 64]],
[213, [11, 12, 31, 52, 14, 15, 36, 38, 4, 19, 8, 25, 13, 35, 53, 54, 58, 59]],
[213, [11, 12, 31, 52, 14, 15, 36, 38, 18, 41, 8, 25, 33, 34, 55, 63, 43, 64]],
[213, [11, 12, 31, 52, 14, 15, 36, 38, 18, 41, 8, 25, 34, 53, 54, 55, 58, 59]],
[213, [11, 12, 31, 52, 15, 37, 38, 56, 4, 19, 26, 48, 13, 33, 35, 63, 43, 64]],
[213, [11, 12, 31, 52, 15, 37, 38, 56, 4, 19, 26, 48, 13, 35, 53, 54, 58, 59]],
[213, [11, 12, 31, 52, 15, 37, 38, 56, 18, 41, 26, 48, 33, 34, 55, 63, 43, 64]],
[213, [11, 12, 31, 52, 15, 37, 38, 56, 18, 41, 26, 48, 34, 53, 54, 55, 58, 59]],
[213, [2, 10, 12, 30, 3, 14, 36, 38, 4, 17, 19, 57, 26, 48, 28, 51, 53, 54]],
[213, [2, 10, 12, 30, 3, 14, 36, 38, 4, 19, 39, 40, 26, 48, 28, 51, 33, 63]],
[213, [2, 10, 12, 30, 3, 14, 36, 38, 17, 18, 41, 57, 26, 48, 9, 29, 53, 54]],
[213, [2, 10, 12, 30, 3, 14, 36, 38, 18, 39, 40, 41, 26, 48, 9, 29, 33, 63]],
[213, [2, 10, 12, 30, 3, 37, 38, 56, 4, 17, 19, 57, 8, 25, 28, 51, 53, 54]],
[213, [2, 10, 12, 30, 3, 37, 38, 56, 4, 19, 39, 40, 8, 25, 28, 51, 33, 63]],
[213, [2, 10, 12, 30, 3, 37, 38, 56, 17, 18, 41, 57, 8, 25, 9, 29, 53, 54]],
[213, [2, 10, 12, 30, 3, 37, 38, 56, 18, 39, 40, 41, 8, 25, 9, 29, 33, 63]],
[213, [2, 10, 12, 30, 14, 15, 16, 36, 4, 17, 19, 57, 26, 48, 28, 51, 33, 63]],
[213, [2, 10, 12, 30, 14, 15, 16, 36, 4, 19, 39, 40, 26, 48, 28, 51, 53, 54]],
[213, [2, 10, 12, 30, 14, 15, 16, 36, 17, 18, 41, 57, 26, 48, 9, 29, 33, 63]],
[213, [2, 10, 12, 30, 14, 15, 16, 36, 18, 39, 40, 41, 26, 48, 9, 29, 53, 54]],
[213, [2, 10, 12, 30, 15, 16, 37, 56, 4, 17, 19, 57, 8, 25, 28, 51, 33, 63]],
[213, [2, 10, 12, 30, 15, 16, 37, 56, 4, 19, 39, 40, 8, 25, 28, 51, 53, 54]],
[213, [2, 10, 12, 30, 15, 16, 37, 56, 17, 18, 41, 57, 8, 25, 9, 29, 33, 63]],
[213, [2, 10, 12, 30, 15, 16, 37, 56, 18, 39, 40, 41, 8, 25, 9, 29, 53, 54]],
[213, [2, 12, 31, 52, 3, 14, 36, 38, 4, 17, 19, 57, 8, 25, 28, 51, 53, 54]],
[213, [2, 12, 31, 52, 3, 14, 36, 38, 4, 19, 39, 40, 8, 25, 28, 51, 33, 63]],
[213, [2, 12, 31, 52, 3, 14, 36, 38, 17, 18, 41, 57, 8, 25, 9, 29, 53, 54]],
[213, [2, 12, 31, 52, 3, 14, 36, 38, 18, 39, 40, 41, 8, 25, 9, 29, 33, 63]],
[213, [2, 12, 31, 52, 3, 37, 38, 56, 4, 17, 19, 57, 26, 48, 28, 51, 53, 54]],
[213, [2, 12, 31, 52, 3, 37, 38, 56, 4, 19, 39, 40, 26, 48, 28, 51, 33, 63]],
[213, [2, 12, 31, 52, 3, 37, 38, 56, 17, 18, 41, 57, 26, 48, 9, 29, 53, 54]],
[213, [2, 12, 31, 52, 3, 37, 38, 56, 18, 39, 40, 41, 26, 48, 9, 29, 33, 63]],
[213, [2, 12, 31, 52, 14, 15, 16, 36, 4, 17, 19, 57, 8, 25, 28, 51, 33, 63]],
[213, [2, 12, 31, 52, 14, 15, 16, 36, 4, 19, 39, 40, 8, 25, 28, 51, 53, 54]],
[213, [2, 12, 31, 52, 14, 15, 16, 36, 17, 18, 41, 57, 8, 25, 9, 29, 33, 63]],
[213, [2, 12, 31, 52, 14, 15, 16, 36, 18, 39, 40, 41, 8, 25, 9, 29, 53, 54]],
[213, [2, 12, 31, 52, 15, 16, 37, 56, 4, 17, 19, 57, 26, 48, 28, 51, 33, 63]],
[213, [2, 12, 31, 52, 15, 16, 37, 56, 4, 19, 39, 40, 26, 48, 28, 51, 53, 54]],
[213, [2, 12, 31, 52, 15, 16, 37, 56, 17, 18, 41, 57, 26, 48, 9, 29, 33, 63]],
[213, [2, 12, 31, 52, 15, 16, 37, 56, 18, 39, 40, 41, 26, 48, 9, 29, 53, 54]],
[213, [10, 11, 30, 32, 3, 14, 36, 38, 4, 17, 19, 57, 26, 48, 9, 29, 53, 54]],
[213, [10, 11, 30, 32, 3, 14, 36, 38, 4, 19, 39, 40, 26, 48, 9, 29, 33, 63]],
[213, [10, 11, 30, 32, 3, 14, 36, 38, 17, 18, 41, 57, 26, 48, 28, 51, 53, 54]],
[213, [10, 11, 30, 32, 3, 14, 36, 38, 18, 39, 40, 41, 26, 48, 28, 51, 33, 63]],
[213, [10, 11, 30, 32, 3, 37, 38, 56, 4, 17, 19, 57, 8, 25, 9, 29, 53, 54]],
[213, [10, 11, 30, 32, 3, 37, 38, 56, 4, 19, 39, 40, 8, 25, 9, 29, 33, 63]],
[213, [10, 11, 30, 32, 3, 37, 38, 56, 17, 18, 41, 57, 8, 25, 28, 51, 53, 54]],
[213, [10, 11, 30, 32, 3, 37, 38, 56, 18, 39, 40, 41, 8, 25, 28, 51, 33, 63]],
[213, [10, 11, 30, 32, 14, 15, 16, 36, 4, 17, 19, 57, 26, 48, 9, 29, 33, 63]],
[213, [10, 11, 30, 32, 14, 15, 16, 36, 4, 19, 39, 40, 26, 48, 9, 29, 53, 54]],
[213, [10, 11, 30, 32, 14, 15, 16, 36, 17, 18, 41, 57, 26, 48, 28, 51, 33, 63]],
[213, [10, 11, 30, 32, 14, 15, 16, 36, 18, 39, 40, 41, 26, 48, 28, 51, 53, 54]],
[213, [10, 11, 30, 32, 15, 16, 37, 56, 4, 17, 19, 57, 8, 25, 9, 29, 33, 63]],
[213, [10, 11, 30, 32, 15, 16, 37, 56, 4, 19, 39, 40, 8, 25, 9, 29, 53, 54]],
[213, [10, 11, 30, 32, 15, 16, 37, 56, 17, 18, 41, 57, 8, 25, 28, 51, 33, 63]],
[213, [10, 11, 30, 32, 15, 16, 37, 56, 18, 39, 40, 41, 8, 25, 28, 51, 53, 54]],
[213, [11, 31, 32, 52, 3, 14, 36, 38, 4, 17, 19, 57, 8, 25, 9, 29, 53, 54]],
[213, [11, 31, 32, 52, 3, 14, 36, 38, 4, 19, 39, 40, 8, 25, 9, 29, 33, 63]],
[213, [11, 31, 32, 52, 3, 14, 36, 38, 17, 18, 41, 57, 8, 25, 28, 51, 53, 54]],
[213, [11, 31, 32, 52, 3, 14, 36, 38, 18, 39, 40, 41, 8, 25, 28, 51, 33, 63]],
[213, [11, 31, 32, 52, 3, 37, 38, 56, 4, 17, 19, 57, 26, 48, 9, 29, 53, 54]],
[213, [11, 31, 32, 52, 3, 37, 38, 56, 4, 19, 39, 40, 26, 48, 9, 29, 33, 63]],
[213, [11, 31, 32, 52, 3, 37, 38, 56, 17, 18, 41, 57, 26, 48, 28, 51, 53, 54]],
[213, [11, 31, 32, 52, 3, 37, 38, 56, 18, 39, 40, 41, 26, 48, 28, 51, 33, 63]],
[213, [11, 31, 32, 52, 14, 15, 16, 36, 4, 17, 19, 57, 8, 25, 9, 29, 33, 63]],
[213, [11, 31, 32, 52, 14, 15, 16, 36, 4, 19, 39, 40, 8, 25, 9, 29, 53, 54]],
[213, [11, 31, 32, 52, 14, 15, 16, 36, 17, 18, 41, 57, 8, 25, 28, 51, 33, 63]],
[213, [11, 31, 32, 52, 14, 15, 16, 36, 18, 39, 40, 41, 8, 25, 28, 51, 53, 54]],
[213, [11, 31, 32, 52, 15, 16, 37, 56, 4, 17, 19, 57, 26, 48, 9, 29, 33, 63]],
[213, [11, 31, 32, 52, 15, 16, 37, 56, 4, 19, 39, 40, 26, 48, 9, 29, 53, 54]],
[213, [11, 31, 32, 52, 15, 16, 37, 56, 17, 18, 41, 57, 26, 48, 28, 51, 33, 63]],
[213, [11, 31, 32, 52, 15, 16, 37, 56, 18, 39, 40, 41, 26, 48, 28, 51, 53, 54]],
[213, [5, 20, 3, 16, 4, 19, 24, 61, 9, 51, 33, 34, 55, 63, 23, 44, 59, 64]],
[213, [5, 20, 3, 16, 4, 19, 24, 61, 9, 51, 33, 34, 55, 63, 43, 45, 58, 60]],
[213, [5, 20, 3, 16, 4, 19, 24, 61, 28, 29, 34, 53, 54, 55, 23, 44, 59, 64]],
[213, [5, 20, 3, 16, 4, 19, 24, 61, 28, 29, 34, 53, 54, 55, 43, 45, 58, 60]],
[213, [5, 20, 3, 16, 4, 19, 46, 47, 9, 51, 34, 53, 54, 55, 23, 44, 59, 64]],
[213, [5, 20, 3, 16, 4, 19, 46, 47, 9, 51, 34, 53, 54, 55, 43, 45, 58, 60]],
[213, [5, 20, 3, 16, 4, 19, 46, 47, 28, 29, 33, 34, 55, 63, 23, 44, 59, 64]],
[213, [5, 20, 3, 16, 4, 19, 46, 47, 28, 29, 33, 34, 55, 63, 43, 45, 58, 60]],
[213, [5, 20, 3, 16, 18, 41, 24, 61, 9, 51, 13, 33, 35, 63, 23, 44, 59, 64]],
[213, [5, 20, 3, 16, 18, 41, 24, 61, 9, 51, 13, 33, 35, 63, 43, 45, 58, 60]],
[213, [5, 20, 3, 16, 18, 41, 24, 61, 28, 29, 13, 35, 53, 54, 23, 44, 59, 64]],
[213, [5, 20, 3, 16, 18, 41, 24, 61, 28, 29, 13, 35, 53, 54, 43, 45, 58, 60]],
[213, [5, 20, 3, 16, 18, 41, 46, 47, 9, 51, 13, 35, 53, 54, 23, 44, 59, 64]],
[213, [5, 20, 3, 16, 18, 41, 46, 47, 9, 51, 13, 35, 53, 54, 43, 45, 58, 60]],
[213, [5, 20, 3, 16, 18, 41, 46, 47, 28, 29, 13, 33, 35, 63, 23, 44, 59, 64]],
[213, [5, 20, 3, 16, 18, 41, 46, 47, 28, 29, 13, 33, 35, 63, 43, 45, 58, 60]],
[213, [5, 20, 15, 38, 4, 19, 24, 61, 9, 51, 13, 33, 35, 63, 23, 44, 59, 64]],
[213, [5, 20, 15, 38, 4, 19, 24, 61, 9, 51, 13, 33, 35, 63, 43, 45, 58, 60]],
[213, [5, 20, 15, 38, 4, 19, 24, 61, 28, 29, 13, 35, 53, 54, 23, 44, 59, 64]],
[213, [5, 20, 15, 38, 4, 19, 24, 61, 28, 29, 13, 35, 53, 54, 43, 45, 58, 60]],
[213, [5, 20, 15, 38, 4, 19, 46, 47, 9, 51, 13, 35, 53, 54, 23, 44, 59, 64]],
[213, [5, 20, 15, 38, 4, 19, 46, 47, 9, 51, 13, 35, 53, 54, 43, 45, 58, 60]],
[213, [5, 20, 15, 38, 4, 19, 46, 47, 28, 29, 13, 33, 35, 63, 23, 44, 59, 64]],
[213, [5, 20, 15, 38, 4, 19, 46, 47, 28, 29, 13, 33, 35, 63, 43, 45, 58, 60]],
[213, [5, 20, 15, 38, 18, 41, 24, 61, 9, 51, 33, 34, 55, 63, 23, 44, 59, 64]],
[213, [5, 20, 15, 38, 18, 41, 24, 61, 9, 51, 33, 34, 55, 63, 43, 45, 58, 60]],
[213, [5, 20, 15, 38, 18, 41, 24, 61, 28, 29, 34, 53, 54, 55, 23, 44, 59, 64]],
[213, [5, 20, 15, 38, 18, 41, 24, 61, 28, 29, 34, 53, 54, 55, 43, 45, 58, 60]],
[213, [5, 20, 15, 38, 18, 41, 46, 47, 9, 51, 34, 53, 54, 55, 23, 44, 59, 64]],
[213, [5, 20, 15, 38, 18, 41, 46, 47, 9, 51, 34, 53, 54, 55, 43, 45, 58, 60]],
[213, [5, 20, 15, 38, 18, 41, 46, 47, 28, 29, 33, 34, 55, 63, 23, 44, 59, 64]],
[213, [5, 20, 15, 38, 18, 41, 46, 47, 28, 29, 33, 34, 55, 63, 43, 45, 58, 60]],
[213, [21, 42, 3, 16, 4, 19, 24, 61, 9, 51, 33, 34, 55, 63, 23, 43, 44, 58]],
[213, [21, 42, 3, 16, 4, 19, 24, 61, 9, 51, 33, 34, 55, 63, 45, 59, 60, 64]],
[213, [21, 42, 3, 16, 4, 19, 24, 61, 28, 29, 34, 53, 54, 55, 23, 43, 44, 58]],
[213, [21, 42, 3, 16, 4, 19, 24, 61, 28, 29, 34, 53, 54, 55, 45, 59, 60, 64]],
[213, [21, 42, 3, 16, 4, 19, 46, 47, 9, 51, 34, 53, 54, 55, 23, 43, 44, 58]],
[213, [21, 42, 3, 16, 4, 19, 46, 47, 9, 51, 34, 53, 54, 55, 45, 59, 60, 64]],
[213, [21, 42, 3, 16, 4, 19, 46, 47, 28, 29, 33, 34, 55, 63, 23, 43, 44, 58]],
[213, [21, 42, 3, 16, 4, 19, 46, 47, 28, 29, 33, 34, 55, 63, 45, 59, 60, 64]],
[213, [21, 42, 3, 16, 18, 41, 24, 61, 9, 51, 13, 33, 35, 63, 23, 43, 44, 58]],
[213, [21, 42, 3, 16, 18, 41, 24, 61, 9, 51, 13, 33, 35, 63, 45, 59, 60, 64]],
[213, [21, 42, 3, 16, 18, 41, 24, 61, 28, 29, 13, 35, 53, 54, 23, 43, 44, 58]],
[213, [21, 42, 3, 16, 18, 41, 24, 61, 28, 29, 13, 35, 53, 54, 45, 59, 60, 64]],
[213, [21, 42, 3, 16, 18, 41, 46, 47, 9, 51, 13, 35, 53, 54, 23, 43, 44, 58]],
[213, [21, 42, 3, 16, 18, 41, 46, 47, 9, 51, 13, 35, 53, 54, 45, 59, 60, 64]],
[213, [21, 42, 3, 16, 18, 41, 46, 47, 28, 29, 13, 33, 35, 63, 23, 43, 44, 58]],
[213, [21, 42, 3, 16, 18, 41, 46, 47, 28, 29, 13, 33, 35, 63, 45, 59, 60, 64]],
[213, [21, 42, 15, 38, 4, 19, 24, 61, 9, 51, 13, 33, 35, 63, 23, 43, 44, 58]],
[213, [21, 42, 15, 38, 4, 19, 24, 61, 9, 51, 13, 33, 35, 63, 45, 59, 60, 64]],
[213, [21, 42, 15, 38, 4, 19, 24, 61, 28, 29, 13, 35, 53, 54, 23, 43, 44, 58]],
[213, [21, 42, 15, 38, 4, 19, 24, 61, 28, 29, 13, 35, 53, 54, 45, 59, 60, 64]],
[213, [21, 42, 15, 38, 4, 19, 46, 47, 9, 51, 13, 35, 53, 54, 23, 43, 44, 58]],
[213, [21, 42, 15, 38, 4, 19, 46, 47, 9, 51, 13, 35, 53, 54, 45, 59, 60, 64]],
[213, [21, 42, 15, 38, 4, 19, 46, 47, 28, 29, 13, 33, 35, 63, 23, 43, 44, 58]],
[213, [21, 42, 15, 38, 4, 19, 46, 47, 28, 29, 13, 33, 35, 63, 45, 59, 60, 64]],
[213, [21, 42, 15, 38, 18, 41, 24, 61, 9, 51, 33, 34, 55, 63, 23, 43, 44, 58]],
[213, [21, 42, 15, 38, 18, 41, 24, 61, 9, 51, 33, 34, 55, 63, 45, 59, 60, 64]],
[213, [21, 42, 15, 38, 18, 41, 24, 61, 28, 29, 34, 53, 54, 55, 23, 43, 44, 58]],
[213, [21, 42, 15, 38, 18, 41, 24, 61, 28, 29, 34, 53, 54, 55, 45, 59, 60, 64]],
[213, [21, 42, 15, 38, 18, 41, 46, 47, 9, 51, 34, 53, 54, 55, 23, 43, 44, 58]],
[213, [21, 42, 15, 38, 18, 41, 46, 47, 9, 51, 34, 53, 54, 55, 45, 59, 60, 64]],
[213, [21, 42, 15, 38, 18, 41, 46, 47, 28, 29, 33, 34, 55, 63, 23, 43, 44, 58]],
[213, [21, 42, 15, 38, 18, 41, 46, 47, 28, 29, 33, 34, 55, 63, 45, 59, 60, 64]],
[213, [5, 20, 3, 38, 4, 17, 19, 57, 24, 47, 9, 28, 50, 62, 53, 54, 58, 64]],
[213, [5, 20, 3, 38, 4, 17, 19, 57, 24, 47, 27, 29, 49, 51, 53, 54, 58, 64]],
[213, [5, 20, 3, 38, 4, 17, 19, 57, 46, 61, 9, 28, 50, 62, 53, 54, 43, 59]],
[213, [5, 20, 3, 38, 4, 17, 19, 57, 46, 61, 27, 29, 49, 51, 53, 54, 43, 59]],
[213, [5, 20, 3, 38, 4, 19, 39, 40, 24, 47, 9, 28, 50, 62, 33, 63, 58, 64]],
[213, [5, 20, 3, 38, 4, 19, 39, 40, 24, 47, 27, 29, 49, 51, 33, 63, 58, 64]],
[213, [5, 20, 3, 38, 4, 19, 39, 40, 46, 61, 9, 28, 50, 62, 33, 63, 43, 59]],
[213, [5, 20, 3, 38, 4, 19, 39, 40, 46, 61, 27, 29, 49, 51, 33, 63, 43, 59]],
[213, [5, 20, 3, 38, 17, 18, 41, 57, 24, 47, 9, 28, 50, 62, 53, 54, 43, 59]],
[213, [5, 20, 3, 38, 17, 18, 41, 57, 24, 47, 27, 29, 49, 51, 53, 54, 43, 59]],
[213, [5, 20, 3, 38, 17, 18, 41, 57, 46, 61, 9, 28, 50, 62, 53, 54, 58, 64]],
[213, [5, 20, 3, 38, 17, 18, 41, 57, 46, 61, 27, 29, 49, 51, 53, 54, 58, 64]],
[213, [5, 20, 3, 38, 18, 39, 40, 41, 24, 47, 9, 28, 50, 62, 33, 63, 43, 59]],
[213, [5, 20, 3, 38, 18, 39, 40, 41, 24, 47, 27, 29, 49, 51, 33, 63, 43, 59]],
[213, [5, 20, 3, 38, 18, 39, 40, 41, 46, 61, 9, 28, 50, 62, 33, 63, 58, 64]],
[213, [5, 20, 3, 38, 18, 39, 40, 41, 46, 61, 27, 29, 49, 51, 33, 63, 58, 64]],
[213, [5, 20, 15, 16, 4, 17, 19, 57, 24, 47, 9, 28, 50, 62, 33, 63, 58, 64]],
[213, [5, 20, 15, 16, 4, 17, 19, 57, 24, 47, 27, 29, 49, 51, 33, 63, 58, 64]],
[213, [5, 20, 15, 16, 4, 17, 19, 57, 46, 61, 9, 28, 50, 62, 33, 63, 43, 59]],
[213, [5, 20, 15, 16, 4, 17, 19, 57, 46, 61, 27, 29, 49, 51, 33, 63, 43, 59]],
[213, [5, 20, 15, 16, 4, 19, 39, 40, 24, 47, 9, 28, 50, 62, 53, 54, 58, 64]],
[213, [5, 20, 15, 16, 4, 19, 39, 40, 24, 47, 27, 29, 49, 51, 53, 54, 58, 64]],
[213, [5, 20, 15, 16, 4, 19, 39, 40, 46, 61, 9, 28, 50, 62, 53, 54, 43, 59]],
[213, [5, 20, 15, 16, 4, 19, 39, 40, 46, 61, 27, 29, 49, 51, 53, 54, 43, 59]],
[213, [5, 20, 15, 16, 17, 18, 41, 57, 24, 47, 9, 28, 50, 62, 33, 63, 43, 59]],
[213, [5, 20, 15, 16, 17, 18, 41, 57, 24, 47, 27, 29, 49, 51, 33, 63, 43, 59]],
[213, [5, 20, 15, 16, 17, 18, 41, 57, 46, 61, 9, 28, 50, 62, 33, 63, 58, 64]],
[213, [5, 20, 15, 16, 17, 18, 41, 57, 46, 61, 27, 29, 49, 51, 33, 63, 58, 64]],
[213, [5, 20, 15, 16, 18, 39, 40, 41, 24, 47, 9, 28, 50, 62, 53, 54, 43, 59]],
[213, [5, 20, 15, 16, 18, 39, 40, 41, 24, 47, 27, 29, 49, 51, 53, 54, 43, 59]],
[213, [5, 20, 15, 16, 18, 39, 40, 41, 46, 61, 9, 28, 50, 62, 53, 54, 58, 64]],
[213, [5, 20, 15, 16, 18, 39, 40, 41, 46, 61, 27, 29, 49, 51, 53, 54, 58, 64]],
[213, [21, 42, 3, 38, 4, 17, 19, 57, 24, 47, 9, 27, 28, 49, 53, 54, 58, 64]],
[213, [21, 42, 3, 38, 4, 17, 19, 57, 24, 47, 29, 50, 51, 62, 53, 54, 58, 64]],
[213, [21, 42, 3, 38, 4, 17, 19, 57, 46, 61, 9, 27, 28, 49, 53, 54, 43, 59]],
[213, [21, 42, 3, 38, 4, 17, 19, 57, 46, 61, 29, 50, 51, 62, 53, 54, 43, 59]],
[213, [21, 42, 3, 38, 4, 19, 39, 40, 24, 47, 9, 27, 28, 49, 33, 63, 58, 64]],
[213, [21, 42, 3, 38, 4, 19, 39, 40, 24, 47, 29, 50, 51, 62, 33, 63, 58, 64]],
[213, [21, 42, 3, 38, 4, 19, 39, 40, 46, 61, 9, 27, 28, 49, 33, 63, 43, 59]],
[213, [21, 42, 3, 38, 4, 19, 39, 40, 46, 61, 29, 50, 51, 62, 33, 63, 43, 59]],
[213, [21, 42, 3, 38, 17, 18, 41, 57, 24, 47, 9, 27, 28, 49, 53, 54, 43, 59]],
[213, [21, 42, 3, 38, 17, 18, 41, 57, 24, 47, 29, 50, 51, 62, 53, 54, 43, 59]],
[213, [21, 42, 3, 38, 17, 18, 41, 57, 46, 61, 9, 27, 28, 49, 53, 54, 58, 64]],
[213, [21, 42, 3, 38, 17, 18, 41, 57, 46, 61, 29, 50, 51, 62, 53, 54, 58, 64]],
[213, [21, 42, 3, 38, 18, 39, 40, 41, 24, 47, 9, 27, 28, 49, 33, 63, 43, 59]],
[213, [21, 42, 3, 38, 18, 39, 40, 41, 24, 47, 29, 50, 51, 62, 33, 63, 43, 59]],
[213, [21, 42, 3, 38, 18, 39, 40, 41, 46, 61, 9, 27, 28, 49, 33, 63, 58, 64]],
[213, [21, 42, 3, 38, 18, 39, 40, 41, 46, 61, 29, 50, 51, 62, 33, 63, 58, 64]],
[213, [21, 42, 15, 16, 4, 17, 19, 57, 24, 47, 9, 27, 28, 49, 33, 63, 58, 64]],
[213, [21, 42, 15, 16, 4, 17, 19, 57, 24, 47, 29, 50, 51, 62, 33, 63, 58, 64]],
[213, [21, 42, 15, 16, 4, 17, 19, 57, 46, 61, 9, 27, 28, 49, 33, 63, 43, 59]],
[213, [21, 42, 15, 16, 4, 17, 19, 57, 46, 61, 29, 50, 51, 62, 33, 63, 43, 59]],
[213, [21, 42, 15, 16, 4, 19, 39, 40, 24, 47, 9, 27, 28, 49, 53, 54, 58, 64]],
[213, [21, 42, 15, 16, 4, 19, 39, 40, 24, 47, 29, 50, 51, 62, 53, 54, 58, 64]],
[213, [21, 42, 15, 16, 4, 19, 39, 40, 46, 61, 9, 27, 28, 49, 53, 54, 43, 59]],
[213, [21, 42, 15, 16, 4, 19, 39, 40, 46, 61, 29, 50, 51, 62, 53, 54, 43, 59]],
[213, [21, 42, 15, 16, 17, 18, 41, 57, 24, 47, 9, 27, 28, 49, 33, 63, 43, 59]],
[213, [21, 42, 15, 16, 17, 18, 41, 57, 24, 47, 29, 50, 51, 62, 33, 63, 43, 59]],
[213, [21, 42, 15, 16, 17, 18, 41, 57, 46, 61, 9, 27, 28, 49, 33, 63, 58, 64]],
[213, [21, 42, 15, 16, 17, 18, 41, 57, 46, 61, 29, 50, 51, 62, 33, 63, 58, 64]],
[213, [21, 42, 15, 16, 18, 39, 40, 41, 24, 47, 9, 27, 28, 49, 53, 54, 43, 59]],
[213, [21, 42, 15, 16, 18, 39, 40, 41, 24, 47, 29, 50, 51, 62, 53, 54, 43, 59]],
[213, [21, 42, 15, 16, 18, 39, 40, 41, 46, 61, 9, 27, 28, 49, 53, 54, 58, 64]],
[213, [21, 42, 15, 16, 18, 39, 40, 41, 46, 61, 29, 50, 51, 62, 53, 54, 58, 64]],
[213, [5, 20, 2, 32, 3, 16, 4, 19, 9, 28, 50, 62, 33, 34, 55, 63, 58, 59]],
[213, [5, 20, 2, 32, 3, 16, 4, 19, 9, 28, 50, 62, 34, 53, 54, 55, 43, 64]],
[213, [5, 20, 2, 32, 3, 16, 4, 19, 27, 29, 49, 51, 33, 34, 55, 63, 58, 59]],
[213, [5, 20, 2, 32, 3, 16, 4, 19, 27, 29, 49, 51, 34, 53, 54, 55, 43, 64]],
[213, [5, 20, 2, 32, 3, 16, 18, 41, 9, 28, 50, 62, 13, 33, 35, 63, 58, 59]],
[213, [5, 20, 2, 32, 3, 16, 18, 41, 9, 28, 50, 62, 13, 35, 53, 54, 43, 64]],
[213, [5, 20, 2, 32, 3, 16, 18, 41, 27, 29, 49, 51, 13, 33, 35, 63, 58, 59]],
[213, [5, 20, 2, 32, 3, 16, 18, 41, 27, 29, 49, 51, 13, 35, 53, 54, 43, 64]],
[213, [5, 20, 2, 32, 15, 38, 4, 19, 9, 28, 50, 62, 13, 33, 35, 63, 58, 59]],
[213, [5, 20, 2, 32, 15, 38, 4, 19, 9, 28, 50, 62, 13, 35, 53, 54, 43, 64]],
[213, [5, 20, 2, 32, 15, 38, 4, 19, 27, 29, 49, 51, 13, 33, 35, 63, 58, 59]],
[213, [5, 20, 2, 32, 15, 38, 4, 19, 27, 29, 49, 51, 13, 35, 53, 54, 43, 64]],
[213, [5, 20, 2, 32, 15, 38, 18, 41, 9, 28, 50, 62, 33, 34, 55, 63, 58, 59]],
[213, [5, 20, 2, 32, 15, 38, 18, 41, 9, 28, 50, 62, 34, 53, 54, 55, 43, 64]],
[213, [5, 20, 2, 32, 15, 38, 18, 41, 27, 29, 49, 51, 33, 34, 55, 63, 58, 59]],
[213, [5, 20, 2, 32, 15, 38, 18, 41, 27, 29, 49, 51, 34, 53, 54, 55, 43, 64]],
[213, [5, 20, 11, 12, 3, 16, 4, 19, 9, 28, 50, 62, 33, 34, 55, 63, 43, 64]],
[213, [5, 20, 11, 12, 3, 16, 4, 19, 9, 28, 50, 62, 34, 53, 54, 55, 58, 59]],
[213, [5, 20, 11, 12, 3, 16, 4, 19, 27, 29, 49, 51, 33, 34, 55, 63, 43, 64]],
[213, [5, 20, 11, 12, 3, 16, 4, 19, 27, 29, 49, 51, 34, 53, 54, 55, 58, 59]],
[213, [5, 20, 11, 12, 3, 16, 18, 41, 9, 28, 50, 62, 13, 33, 35, 63, 43, 64]],
[213, [5, 20, 11, 12, 3, 16, 18, 41, 9, 28, 50, 62, 13, 35, 53, 54, 58, 59]],
[213, [5, 20, 11, 12, 3, 16, 18, 41, 27, 29, 49, 51, 13, 33, 35, 63, 43, 64]],
[213, [5, 20, 11, 12, 3, 16, 18, 41, 27, 29, 49, 51, 13, 35, 53, 54, 58, 59]],
[213, [5, 20, 11, 12, 15, 38, 4, 19, 9, 28, 50, 62, 13, 33, 35, 63, 43, 64]],
[213, [5, 20, 11, 12, 15, 38, 4, 19, 9, 28, 50, 62, 13, 35, 53, 54, 58, 59]],
[213, [5, 20, 11, 12, 15, 38, 4, 19, 27, 29, 49, 51, 13, 33, 35, 63, 43, 64]],
[213, [5, 20, 11, 12, 15, 38, 4, 19, 27, 29, 49, 51, 13, 35, 53, 54, 58, 59]],
[213, [5, 20, 11, 12, 15, 38, 18, 41, 9, 28, 50, 62, 33, 34, 55, 63, 43, 64]],
[213, [5, 20, 11, 12, 15, 38, 18, 41, 9, 28, 50, 62, 34, 53, 54, 55, 58, 59]],
[213, [5, 20, 11, 12, 15, 38, 18, 41, 27, 29, 49, 51, 33, 34, 55, 63, 43, 64]],
[213, [5, 20, 11, 12, 15, 38, 18, 41, 27, 29, 49, 51, 34, 53, 54, 55, 58, 59]],
[213, [21, 42, 2, 32, 3, 16, 4, 19, 9, 27, 28, 49, 33, 34, 55, 63, 58, 59]],
[213, [21, 42, 2, 32, 3, 16, 4, 19, 9, 27, 28, 49, 34, 53, 54, 55, 43, 64]],
[213, [21, 42, 2, 32, 3, 16, 4, 19, 29, 50, 51, 62, 33, 34, 55, 63, 58, 59]],
[213, [21, 42, 2, 32, 3, 16, 4, 19, 29, 50, 51, 62, 34, 53, 54, 55, 43, 64]],
[213, [21, 42, 2, 32, 3, 16, 18, 41, 9, 27, 28, 49, 13, 33, 35, 63, 58, 59]],
[213, [21, 42, 2, 32, 3, 16, 18, 41, 9, 27, 28, 49, 13, 35, 53, 54, 43, 64]],
[213, [21, 42, 2, 32, 3, 16, 18, 41, 29, 50, 51, 62, 13, 33, 35, 63, 58, 59]],
[213, [21, 42, 2, 32, 3, 16, 18, 41, 29, 50, 51, 62, 13, 35, 53, 54, 43, 64]],
[213, [21, 42, 2, 32, 15, 38, 4, 19, 9, 27, 28, 49, 13, 33, 35, 63, 58, 59]],
[213, [21, 42, 2, 32, 15, 38, 4, 19, 9, 27, 28, 49, 13, 35, 53, 54, 43, 64]],
[213, [21, 42, 2, 32, 15, 38, 4, 19, 29, 50, 51, 62, 13, 33, 35, 63, 58, 59]],
[213, [21, 42, 2, 32, 15, 38, 4, 19, 29, 50, 51, 62, 13, 35, 53, 54, 43, 64]],
[213, [21, 42, 2, 32, 15, 38, 18, 41, 9, 27, 28, 49, 33, 34, 55, 63, 58, 59]],
[213, [21, 42, 2, 32, 15, 38, 18, 41, 9, 27, 28, 49, 34, 53, 54, 55, 43, 64]],
[213, [21, 42, 2, 32, 15, 38, 18, 41, 29, 50, 51, 62, 33, 34, 55, 63, 58, 59]],
[213, [21, 42, 2, 32, 15, 38, 18, 41, 29, 50, 51, 62, 34, 53, 54, 55, 43, 64]],
[213, [21, 42, 11, 12, 3, 16, 4, 19, 9, 27, 28, 49, 33, 34, 55, 63, 43, 64]],
[213, [21, 42, 11, 12, 3, 16, 4, 19, 9, 27, 28, 49, 34, 53, 54, 55, 58, 59]],
[213, [21, 42, 11, 12, 3, 16, 4, 19, 29, 50, 51, 62, 33, 34, 55, 63, 43, 64]],
[213, [21, 42, 11, 12, 3, 16, 4, 19, 29, 50, 51, 62, 34, 53, 54, 55, 58, 59]],
[213, [21, 42, 11, 12, 3, 16, 18, 41, 9, 27, 28, 49, 13, 33, 35, 63, 43, 64]],
[213, [21, 42, 11, 12, 3, 16, 18, 41, 9, 27, 28, 49, 13, 35, 53, 54, 58, 59]],
[213, [21, 42, 11, 12, 3, 16, 18, 41, 29, 50, 51, 62, 13, 33, 35, 63, 43, 64]],
[213, [21, 42, 11, 12, 3, 16, 18, 41, 29, 50, 51, 62, 13, 35, 53, 54, 58, 59]],
[213, [21, 42, 11, 12, 15, 38, 4, 19, 9, 27, 28, 49, 13, 33, 35, 63, 43, 64]],
[213, [21, 42, 11, 12, 15, 38, 4, 19, 9, 27, 28, 49, 13, 35, 53, 54, 58, 59]],
[213, [21, 42, 11, 12, 15, 38, 4, 19, 29, 50, 51, 62, 13, 33, 35, 63, 43, 64]],
[213, [21, 42, 11, 12, 15, 38, 4, 19, 29, 50, 51, 62, 13, 35, 53, 54, 58, 59]],
[213, [21, 42, 11, 12, 15, 38, 18, 41, 9, 27, 28, 49, 33, 34, 55, 63, 43, 64]],
[213, [21, 42, 11, 12, 15, 38, 18, 41, 9, 27, 28, 49, 34, 53, 54, 55, 58, 59]],
[213, [21, 42, 11, 12, 15, 38, 18, 41, 29, 50, 51, 62, 33, 34, 55, 63, 43, 64]],
[213, [21, 42, 11, 12, 15, 38, 18, 41, 29, 50, 51, 62, 34, 53, 54, 55, 58, 59]],
[213, [5, 20, 2, 32, 3, 16, 4, 19, 8, 25, 47, 61, 33, 34, 55, 63, 58, 59]],
[213, [5, 20, 2, 32, 3, 16, 4, 19, 8, 25, 47, 61, 34, 53, 54, 55, 43, 64]],
[213, [5, 20, 2, 32, 3, 16, 4, 19, 24, 26, 46, 48, 33, 34, 55, 63, 58, 59]],
[213, [5, 20, 2, 32, 3, 16, 4, 19, 24, 26, 46, 48, 34, 53, 54, 55, 43, 64]],
[213, [5, 20, 2, 32, 3, 16, 18, 41, 8, 25, 47, 61, 13, 33, 35, 63, 58, 59]],
[213, [5, 20, 2, 32, 3, 16, 18, 41, 8, 25, 47, 61, 13, 35, 53, 54, 43, 64]],
[213, [5, 20, 2, 32, 3, 16, 18, 41, 24, 26, 46, 48, 13, 33, 35, 63, 58, 59]],
[213, [5, 20, 2, 32, 3, 16, 18, 41, 24, 26, 46, 48, 13, 35, 53, 54, 43, 64]],
[213, [5, 20, 2, 32, 15, 38, 4, 19, 8, 25, 47, 61, 13, 33, 35, 63, 58, 59]],
[213, [5, 20, 2, 32, 15, 38, 4, 19, 8, 25, 47, 61, 13, 35, 53, 54, 43, 64]],
[213, [5, 20, 2, 32, 15, 38, 4, 19, 24, 26, 46, 48, 13, 33, 35, 63, 58, 59]],
[213, [5, 20, 2, 32, 15, 38, 4, 19, 24, 26, 46, 48, 13, 35, 53, 54, 43, 64]],
[213, [5, 20, 2, 32, 15, 38, 18, 41, 8, 25, 47, 61, 33, 34, 55, 63, 58, 59]],
[213, [5, 20, 2, 32, 15, 38, 18, 41, 8, 25, 47, 61, 34, 53, 54, 55, 43, 64]],
[213, [5, 20, 2, 32, 15, 38, 18, 41, 24, 26, 46, 48, 33, 34, 55, 63, 58, 59]],
[213, [5, 20, 2, 32, 15, 38, 18, 41, 24, 26, 46, 48, 34, 53, 54, 55, 43, 64]],
[213, [5, 20, 11, 12, 3, 16, 4, 19, 8, 25, 47, 61, 33, 34, 55, 63, 43, 64]],
[213, [5, 20, 11, 12, 3, 16, 4, 19, 8, 25, 47, 61, 34, 53, 54, 55, 58, 59]],
[213, [5, 20, 11, 12, 3, 16, 4, 19, 24, 26, 46, 48, 33, 34, 55, 63, 43, 64]],
[213, [5, 20, 11, 12, 3, 16, 4, 19, 24, 26, 46, 48, 34, 53, 54, 55, 58, 59]],
[213, [5, 20, 11, 12, 3, 16, 18, 41, 8, 25, 47, 61, 13, 33, 35, 63, 43, 64]],
[213, [5, 20, 11, 12, 3, 16, 18, 41, 8, 25, 47, 61, 13, 35, 53, 54, 58, 59]],
[213, [5, 20, 11, 12, 3, 16, 18, 41, 24, 26, 46, 48, 13, 33, 35, 63, 43, 64]],
[213, [5, 20, 11, 12, 3, 16, 18, 41, 24, 26, 46, 48, 13, 35, 53, 54, 58, 59]],
[213, [5, 20, 11, 12, 15, 38, 4, 19, 8, 25, 47, 61, 13, 33, 35, 63, 43, 64]],
[213, [5, 20, 11, 12, 15, 38, 4, 19, 8, 25, 47, 61, 13, 35, 53, 54, 58, 59]],
[213, [5, 20, 11, 12, 15, 38, 4, 19, 24, 26, 46, 48, 13, 33, 35, 63, 43, 64]],
[213, [5, 20, 11, 12, 15, 38, 4, 19, 24, 26, 46, 48, 13, 35, 53, 54, 58, 59]],
[213, [5, 20, 11, 12, 15, 38, 18, 41, 8, 25, 47, 61, 33, 34, 55, 63, 43, 64]],
[213, [5, 20, 11, 12, 15, 38, 18, 41, 8, 25, 47, 61, 34, 53, 54, 55, 58, 59]],
[213, [5, 20, 11, 12, 15, 38, 18, 41, 24, 26, 46, 48, 33, 34, 55, 63, 43, 64]],
[213, [5, 20, 11, 12, 15, 38, 18, 41, 24, 26, 46, 48, 34, 53, 54, 55, 58, 59]],
[213, [21, 42, 2, 32, 3, 16, 4, 19, 8, 24, 25, 46, 33, 34, 55, 63, 58, 59]],
[213, [21, 42, 2, 32, 3, 16, 4, 19, 8, 24, 25, 46, 34, 53, 54, 55, 43, 64]],
[213, [21, 42, 2, 32, 3, 16, 4, 19, 26, 47, 48, 61, 33, 34, 55, 63, 58, 59]],
[213, [21, 42, 2, 32, 3, 16, 4, 19, 26, 47, 48, 61, 34, 53, 54, 55, 43, 64]],
[213, [21, 42, 2, 32, 3, 16, 18, 41, 8, 24, 25, 46, 13, 33, 35, 63, 58, 59]],
[213, [21, 42, 2, 32, 3, 16, 18, 41, 8, 24, 25, 46, 13, 35, 53, 54, 43, 64]],
[213, [21, 42, 2, 32, 3, 16, 18, 41, 26, 47, 48, 61, 13, 33, 35, 63, 58, 59]],
[213, [21, 42, 2, 32, 3, 16, 18, 41, 26, 47, 48, 61, 13, 35, 53, 54, 43, 64]],
[213, [21, 42, 2, 32, 15, 38, 4, 19, 8, 24, 25, 46, 13, 33, 35, 63, 58, 59]],
[213, [21, 42, 2, 32, 15, 38, 4, 19, 8, 24, 25, 46, 13, 35, 53, 54, 43, 64]],
[213, [21, 42, 2, 32, 15, 38, 4, 19, 26, 47, 48, 61, 13, 33, 35, 63, 58, 59]],
[213, [21, 42, 2, 32, 15, 38, 4, 19, 26, 47, 48, 61, 13, 35, 53, 54, 43, 64]],
[213, [21, 42, 2, 32, 15, 38, 18, 41, 8, 24, 25, 46, 33, 34, 55, 63, 58, 59]],
[213, [21, 42, 2, 32, 15, 38, 18, 41, 8, 24, 25, 46, 34, 53, 54, 55, 43, 64]],
[213, [21, 42, 2, 32, 15, 38, 18, 41, 26, 47, 48, 61, 33, 34, 55, 63, 58, 59]],
[213, [21, 42, 2, 32, 15, 38, 18, 41, 26, 47, 48, 61, 34, 53, 54, 55, 43, 64]],
[213, [21, 42, 11, 12, 3, 16, 4, 19, 8, 24, 25, 46, 33, 34, 55, 63, 43, 64]],
[213, [21, 42, 11, 12, 3, 16, 4, 19, 8, 24, 25, 46, 34, 53, 54, 55, 58, 59]],
[213, [21, 42, 11, 12, 3, 16, 4, 19, 26, 47, 48, 61, 33, 34, 55, 63, 43, 64]],
[213, [21, 42, 11, 12, 3, 16, 4, 19, 26, 47, 48, 61, 34, 53, 54, 55, 58, 59]],
[213, [21, 42, 11, 12, 3, 16, 18, 41, 8, 24, 25, 46, 13, 33, 35, 63, 43, 64]],
[213, [21, 42, 11, 12, 3, 16, 18, 41, 8, 24, 25, 46, 13, 35, 53, 54, 58, 59]],
[213, [21, 42, 11, 12, 3, 16, 18, 41, 26, 47, 48, 61, 13, 33, 35, 63, 43, 64]],
[213, [21, 42, 11, 12, 3, 16, 18, 41, 26, 47, 48, 61, 13, 35, 53, 54, 58, 59]],
[213, [21, 42, 11, 12, 15, 38, 4, 19, 8, 24, 25, 46, 13, 33, 35, 63, 43, 64]],
[213, [21, 42, 11, 12, 15, 38, 4, 19, 8, 24, 25, 46, 13, 35, 53, 54, 58, 59]],
[213, [21, 42, 11, 12, 15, 38, 4, 19, 26, 47, 48, 61, 13, 33, 35, 63, 43, 64]],
[213, [21, 42, 11, 12, 15, 38, 4, 19, 26, 47, 48, 61, 13, 35, 53, 54, 58, 59]],
[213, [21, 42, 11, 12, 15, 38, 18, 41, 8, 24, 25, 46, 33, 34, 55, 63, 43, 64]],
[213, [21, 42, 11, 12, 15, 38, 18, 41, 8, 24, 25, 46, 34, 53, 54, 55, 58, 59]],
[213, [21, 42, 11, 12, 15, 38, 18, 41, 26, 47, 48, 61, 33, 34, 55, 63, 43, 64]],
[213, [21, 42, 11, 12, 15, 38, 18, 41, 26, 47, 48, 61, 34, 53, 54, 55, 58, 59]],
[213, [5, 20, 2, 12, 3, 38, 4, 17, 19, 57, 28, 51, 53, 54, 23, 44, 59, 64]],
[213, [5, 20, 2, 12, 3, 38, 4, 17, 19, 57, 28, 51, 53, 54, 43, 45, 58, 60]],
[213, [5, 20, 2, 12, 3, 38, 4, 19, 39, 40, 28, 51, 33, 63, 23, 44, 59, 64]],
[213, [5, 20, 2, 12, 3, 38, 4, 19, 39, 40, 28, 51, 33, 63, 43, 45, 58, 60]],
[213, [5, 20, 2, 12, 3, 38, 17, 18, 41, 57, 9, 29, 53, 54, 23, 44, 59, 64]],
[213, [5, 20, 2, 12, 3, 38, 17, 18, 41, 57, 9, 29, 53, 54, 43, 45, 58, 60]],
[213, [5, 20, 2, 12, 3, 38, 18, 39, 40, 41, 9, 29, 33, 63, 23, 44, 59, 64]],
[213, [5, 20, 2, 12, 3, 38, 18, 39, 40, 41, 9, 29, 33, 63, 43, 45, 58, 60]],
[213, [5, 20, 2, 12, 15, 16, 4, 17, 19, 57, 28, 51, 33, 63, 23, 44, 59, 64]],
[213, [5, 20, 2, 12, 15, 16, 4, 17, 19, 57, 28, 51, 33, 63, 43, 45, 58, 60]],
[213, [5, 20, 2, 12, 15, 16, 4, 19, 39, 40, 28, 51, 53, 54, 23, 44, 59, 64]],
[213, [5, 20, 2, 12, 15, 16, 4, 19, 39, 40, 28, 51, 53, 54, 43, 45, 58, 60]],
[213, [5, 20, 2, 12, 15, 16, 17, 18, 41, 57, 9, 29, 33, 63, 23, 44, 59, 64]],
[213, [5, 20, 2, 12, 15, 16, 17, 18, 41, 57, 9, 29, 33, 63, 43, 45, 58, 60]],
[213, [5, 20, 2, 12, 15, 16, 18, 39, 40, 41, 9, 29, 53, 54, 23, 44, 59, 64]],
[213, [5, 20, 2, 12, 15, 16, 18, 39, 40, 41, 9, 29, 53, 54, 43, 45, 58, 60]],
[213, [5, 20, 11, 32, 3, 38, 4, 17, 19, 57, 9, 29, 53, 54, 23, 44, 59, 64]],
[213, [5, 20, 11, 32, 3, 38, 4, 17, 19, 57, 9, 29, 53, 54, 43, 45, 58, 60]],
[213, [5, 20, 11, 32, 3, 38, 4, 19, 39, 40, 9, 29, 33, 63, 23, 44, 59, 64]],
[213, [5, 20, 11, 32, 3, 38, 4, 19, 39, 40, 9, 29, 33, 63, 43, 45, 58, 60]],
[213, [5, 20, 11, 32, 3, 38, 17, 18, 41, 57, 28, 51, 53, 54, 23, 44, 59, 64]],
[213, [5, 20, 11, 32, 3, 38, 17, 18, 41, 57, 28, 51, 53, 54, 43, 45, 58, 60]],
[213, [5, 20, 11, 32, 3, 38, 18, 39, 40, 41, 28, 51, 33, 63, 23, 44, 59, 64]],
[213, [5, 20, 11, 32, 3, 38, 18, 39, 40, 41, 28, 51, 33, 63, 43, 45, 58, 60]],
[213, [5, 20, 11, 32, 15, 16, 4, 17, 19, 57, 9, 29, 33, 63, 23, 44, 59, 64]],
[213, [5, 20, 11, 32, 15, 16, 4, 17, 19, 57, 9, 29, 33, 63, 43, 45, 58, 60]],
[213, [5, 20, 11, 32, 15, 16, 4, 19, 39, 40, 9, 29, 53, 54, 23, 44, 59, 64]],
[213, [5, 20, 11, 32, 15, 16, 4, 19, 39, 40, 9, 29, 53, 54, 43, 45, 58, 60]],
[213, [5, 20, 11, 32, 15, 16, 17, 18, 41, 57, 28, 51, 33, 63, 23, 44, 59, 64]],
[213, [5, 20, 11, 32, 15, 16, 17, 18, 41, 57, 28, 51, 33, 63, 43, 45, 58, 60]],
[213, [5, 20, 11, 32, 15, 16, 18, 39, 40, 41, 28, 51, 53, 54, 23, 44, 59, 64]],
[213, [5, 20, 11, 32, 15, 16, 18, 39, 40, 41, 28, 51, 53, 54, 43, 45, 58, 60]],
[213, [21, 42, 2, 12, 3, 38, 4, 17, 19, 57, 28, 51, 53, 54, 23, 43, 44, 58]],
[213, [21, 42, 2, 12, 3, 38, 4, 17, 19, 57, 28, 51, 53, 54, 45, 59, 60, 64]],
[213, [21, 42, 2, 12, 3, 38, 4, 19, 39, 40, 28, 51, 33, 63, 23, 43, 44, 58]],
[213, [21, 42, 2, 12, 3, 38, 4, 19, 39, 40, 28, 51, 33, 63, 45, 59, 60, 64]],
[213, [21, 42, 2, 12, 3, 38, 17, 18, 41, 57, 9, 29, 53, 54, 23, 43, 44, 58]],
[213, [21, 42, 2, 12, 3, 38, 17, 18, 41, 57, 9, 29, 53, 54, 45, 59, 60, 64]],
[213, [21, 42, 2, 12, 3, 38, 18, 39, 40, 41, 9, 29, 33, 63, 23, 43, 44, 58]],
[213, [21, 42, 2, 12, 3, 38, 18, 39, 40, 41, 9, 29, 33, 63, 45, 59, 60, 64]],
[213, [21, 42, 2, 12, 15, 16, 4, 17, 19, 57, 28, 51, 33, 63, 23, 43, 44, 58]],
[213, [21, 42, 2, 12, 15, 16, 4, 17, 19, 57, 28, 51, 33, 63, 45, 59, 60, 64]],
[213, [21, 42, 2, 12, 15, 16, 4, 19, 39, 40, 28, 51, 53, 54, 23, 43, 44, 58]],
[213, [21, 42, 2, 12, 15, 16, 4, 19, 39, 40, 28, 51, 53, 54, 45, 59, 60, 64]],
[213, [21, 42, 2, 12, 15, 16, 17, 18, 41, 57, 9, 29, 33, 63, 23, 43, 44, 58]],
[213, [21, 42, 2, 12, 15, 16, 17, 18, 41, 57, 9, 29, 33, 63, 45, 59, 60, 64]],
[213, [21, 42, 2, 12, 15, 16, 18, 39, 40, 41, 9, 29, 53, 54, 23, 43, 44, 58]],
[213, [21, 42, 2, 12, 15, 16, 18, 39, 40, 41, 9, 29, 53, 54, 45, 59, 60, 64]],
[213, [21, 42, 11, 32, 3, 38, 4, 17, 19, 57, 9, 29, 53, 54, 23, 43, 44, 58]],
[213, [21, 42, 11, 32, 3, 38, 4, 17, 19, 57, 9, 29, 53, 54, 45, 59, 60, 64]],
[213, [21, 42, 11, 32, 3, 38, 4, 19, 39, 40, 9, 29, 33, 63, 23, 43, 44, 58]],
[213, [21, 42, 11, 32, 3, 38, 4, 19, 39, 40, 9, 29, 33, 63, 45, 59, 60, 64]],
[213, [21, 42, 11, 32, 3, 38, 17, 18, 41, 57, 28, 51, 53, 54, 23, 43, 44, 58]],
[213, [21, 42, 11, 32, 3, 38, 17, 18, 41, 57, 28, 51, 53, 54, 45, 59, 60, 64]],
[213, [21, 42, 11, 32, 3, 38, 18, 39, 40, 41, 28, 51, 33, 63, 23, 43, 44, 58]],
[213, [21, 42, 11, 32, 3, 38, 18, 39, 40, 41, 28, 51, 33, 63, 45, 59, 60, 64]],
[213, [21, 42, 11, 32, 15, 16, 4, 17, 19, 57, 9, 29, 33, 63, 23, 43, 44, 58]],
[213, [21, 42, 11, 32, 15, 16, 4, 17, 19, 57, 9, 29, 33, 63, 45, 59, 60, 64]],
[213, [21, 42, 11, 32, 15, 16, 4, 19, 39, 40, 9, 29, 53, 54, 23, 43, 44, 58]],
[213, [21, 42, 11, 32, 15, 16, 4, 19, 39, 40, 9, 29, 53, 54, 45, 59, 60, 64]],
[213, [21, 42, 11, 32, 15, 16, 17, 18, 41, 57, 28, 51, 33, 63, 23, 43, 44, 58]],
[213, [21, 42, 11, 32, 15, 16, 17, 18, 41, 57, 28, 51, 33, 63, 45, 59, 60, 64]],
[213, [21, 42, 11, 32, 15, 16, 18, 39, 40, 41, 28, 51, 53, 54, 23, 43, 44, 58]],
[213, [21, 42, 11, 32, 15, 16, 18, 39, 40, 41, 28, 51, 53, 54, 45, 59, 60, 64]],
[213, [5, 20, 2, 12, 3, 38, 4, 17, 19, 57, 8, 25, 47, 61, 28, 51, 53, 54]],
[213, [5, 20, 2, 12, 3, 38, 4, 17, 19, 57, 24, 26, 46, 48, 28, 51, 53, 54]],
[213, [5, 20, 2, 12, 3, 38, 4, 19, 39, 40, 8, 25, 47, 61, 28, 51, 33, 63]],
[213, [5, 20, 2, 12, 3, 38, 4, 19, 39, 40, 24, 26, 46, 48, 28, 51, 33, 63]],
[213, [5, 20, 2, 12, 3, 38, 17, 18, 41, 57, 8, 25, 47, 61, 9, 29, 53, 54]],
[213, [5, 20, 2, 12, 3, 38, 17, 18, 41, 57, 24, 26, 46, 48, 9, 29, 53, 54]],
[213, [5, 20, 2, 12, 3, 38, 18, 39, 40, 41, 8, 25, 47, 61, 9, 29, 33, 63]],
[213, [5, 20, 2, 12, 3, 38, 18, 39, 40, 41, 24, 26, 46, 48, 9, 29, 33, 63]],
[213, [5, 20, 2, 12, 15, 16, 4, 17, 19, 57, 8, 25, 47, 61, 28, 51, 33, 63]],
[213, [5, 20, 2, 12, 15, 16, 4, 17, 19, 57, 24, 26, 46, 48, 28, 51, 33, 63]],
[213, [5, 20, 2, 12, 15, 16, 4, 19, 39, 40, 8, 25, 47, 61, 28, 51, 53, 54]],
[213, [5, 20, 2, 12, 15, 16, 4, 19, 39, 40, 24, 26, 46, 48, 28, 51, 53, 54]],
[213, [5, 20, 2, 12, 15, 16, 17, 18, 41, 57, 8, 25, 47, 61, 9, 29, 33, 63]],
[213, [5, 20, 2, 12, 15, 16, 17, 18, 41, 57, 24, 26, 46, 48, 9, 29, 33, 63]],
[213, [5, 20, 2, 12, 15, 16, 18, 39, 40, 41, 8, 25, 47, 61, 9, 29, 53, 54]],
[213, [5, 20, 2, 12, 15, 16, 18, 39, 40, 41, 24, 26, 46, 48, 9, 29, 53, 54]],
[213, [5, 20, 11, 32, 3, 38, 4, 17, 19, 57, 8, 25, 47, 61, 9, 29, 53, 54]],
[213, [5, 20, 11, 32, 3, 38, 4, 17, 19, 57, 24, 26, 46, 48, 9, 29, 53, 54]],
[213, [5, 20, 11, 32, 3, 38, 4, 19, 39, 40, 8, 25, 47, 61, 9, 29, 33, 63]],
[213, [5, 20, 11, 32, 3, 38, 4, 19, 39, 40, 24, 26, 46, 48, 9, 29, 33, 63]],
[213, [5, 20, 11, 32, 3, 38, 17, 18, 41, 57, 8, 25, 47, 61, 28, 51, 53, 54]],
[213, [5, 20, 11, 32, 3, 38, 17, 18, 41, 57, 24, 26, 46, 48, 28, 51, 53, 54]],
[213, [5, 20, 11, 32, 3, 38, 18, 39, 40, 41, 8, 25, 47, 61, 28, 51, 33, 63]],
[213, [5, 20, 11, 32, 3, 38, 18, 39, 40, 41, 24, 26, 46, 48, 28, 51, 33, 63]],
[213, [5, 20, 11, 32, 15, 16, 4, 17, 19, 57, 8, 25, 47, 61, 9, 29, 33, 63]],
[213, [5, 20, 11, 32, 15, 16, 4, 17, 19, 57, 24, 26, 46, 48, 9, 29, 33, 63]],
[213, [5, 20, 11, 32, 15, 16, 4, 19, 39, 40, 8, 25, 47, 61, 9, 29, 53, 54]],
[213, [5, 20, 11, 32, 15, 16, 4, 19, 39, 40, 24, 26, 46, 48, 9, 29, 53, 54]],
[213, [5, 20, 11, 32, 15, 16, 17, 18, 41, 57, 8, 25, 47, 61, 28, 51, 33, 63]],
[213, [5, 20, 11, 32, 15, 16, 17, 18, 41, 57, 24, 26, 46, 48, 28, 51, 33, 63]],
[213, [5, 20, 11, 32, 15, 16, 18, 39, 40, 41, 8, 25, 47, 61, 28, 51, 53, 54]],
[213, [5, 20, 11, 32, 15, 16, 18, 39, 40, 41, 24, 26, 46, 48, 28, 51, 53, 54]],
[213, [21, 42, 2, 12, 3, 38, 4, 17, 19, 57, 8, 24, 25, 46, 28, 51, 53, 54]],
[213, [21, 42, 2, 12, 3, 38, 4, 17, 19, 57, 26, 47, 48, 61, 28, 51, 53, 54]],
[213, [21, 42, 2, 12, 3, 38, 4, 19, 39, 40, 8, 24, 25, 46, 28, 51, 33, 63]],
[213, [21, 42, 2, 12, 3, 38, 4, 19, 39, 40, 26, 47, 48, 61, 28, 51, 33, 63]],
[213, [21, 42, 2, 12, 3, 38, 17, 18, 41, 57, 8, 24, 25, 46, 9, 29, 53, 54]],
[213, [21, 42, 2, 12, 3, 38, 17, 18, 41, 57, 26, 47, 48, 61, 9, 29, 53, 54]],
[213, [21, 42, 2, 12, 3, 38, 18, 39, 40, 41, 8, 24, 25, 46, 9, 29, 33, 63]],
[213, [21, 42, 2, 12, 3, 38, 18, 39, 40, 41, 26, 47, 48, 61, 9, 29, 33, 63]],
[213, [21, 42, 2, 12, 15, 16, 4, 17, 19, 57, 8, 24, 25, 46, 28, 51, 33, 63]],
[213, [21, 42, 2, 12, 15, 16, 4, 17, 19, 57, 26, 47, 48, 61, 28, 51, 33, 63]],
[213, [21, 42, 2, 12, 15, 16, 4, 19, 39, 40, 8, 24, 25, 46, 28, 51, 53, 54]],
[213, [21, 42, 2, 12, 15, 16, 4, 19, 39, 40, 26, 47, 48, 61, 28, 51, 53, 54]],
[213, [21, 42, 2, 12, 15, 16, 17, 18, 41, 57, 8, 24, 25, 46, 9, 29, 33, 63]],
[213, [21, 42, 2, 12, 15, 16, 17, 18, 41, 57, 26, 47, 48, 61, 9, 29, 33, 63]],
[213, [21, 42, 2, 12, 15, 16, 18, 39, 40, 41, 8, 24, 25, 46, 9, 29, 53, 54]],
[213, [21, 42, 2, 12, 15, 16, 18, 39, 40, 41, 26, 47, 48, 61, 9, 29, 53, 54]],
[213, [21, 42, 11, 32, 3, 38, 4, 17, 19, 57, 8, 24, 25, 46, 9, 29, 53, 54]],
[213, [21, 42, 11, 32, 3, 38, 4, 17, 19, 57, 26, 47, 48, 61, 9, 29, 53, 54]],
[213, [21, 42, 11, 32, 3, 38, 4, 19, 39, 40, 8, 24, 25, 46, 9, 29, 33, 63]],
[213, [21, 42, 11, 32, 3, 38, 4, 19, 39, 40, 26, 47, 48, 61, 9, 29, 33, 63]],
[213, [21, 42, 11, 32, 3, 38, 17, 18, 41, 57, 8, 24, 25, 46, 28, 51, 53, 54]],
[213, [21, 42, 11, 32, 3, 38, 17, 18, 41, 57, 26, 47, 48, 61, 28, 51, 53, 54]],
[213, [21, 42, 11, 32, 3, 38, 18, 39, 40, 41, 8, 24, 25, 46, 28, 51, 33, 63]],
[213, [21, 42, 11, 32, 3, 38, 18, 39, 40, 41, 26, 47, 48, 61, 28, 51, 33, 63]],
[213, [21, 42, 11, 32, 15, 16, 4, 17, 19, 57, 8, 24, 25, 46, 9, 29, 33, 63]],
[213, [21, 42, 11, 32, 15, 16, 4, 17, 19, 57, 26, 47, 48, 61, 9, 29, 33, 63]],
[213, [21, 42, 11, 32, 15, 16, 4, 19, 39, 40, 8, 24, 25, 46, 9, 29, 53, 54]],
[213, [21, 42, 11, 32, 15, 16, 4, 19, 39, 40, 26, 47, 48, 61, 9, 29, 53, 54]],
[213, [21, 42, 11, 32, 15, 16, 17, 18, 41, 57, 8, 24, 25, 46, 28, 51, 33, 63]],
[213, [21, 42, 11, 32, 15, 16, 17, 18, 41, 57, 26, 47, 48, 61, 28, 51, 33, 63]],
[213, [21, 42, 11, 32, 15, 16, 18, 39, 40, 41, 8, 24, 25, 46, 28, 51, 53, 54]],
[213, [21, 42, 11, 32, 15, 16, 18, 39, 40, 41, 26, 47, 48, 61, 28, 51, 53, 54]],
[213, [5, 20, 2, 11, 31, 52, 3, 16, 4, 19, 24, 61, 9, 51, 33, 34, 55, 63]],
[213, [5, 20, 2, 11, 31, 52, 3, 16, 4, 19, 24, 61, 28, 29, 34, 53, 54, 55]],
[213, [5, 20, 2, 11, 31, 52, 3, 16, 4, 19, 46, 47, 9, 51, 34, 53, 54, 55]],
[213, [5, 20, 2, 11, 31, 52, 3, 16, 4, 19, 46, 47, 28, 29, 33, 34, 55, 63]],
[213, [5, 20, 2, 11, 31, 52, 3, 16, 18, 41, 24, 61, 9, 51, 13, 33, 35, 63]],
[213, [5, 20, 2, 11, 31, 52, 3, 16, 18, 41, 24, 61, 28, 29, 13, 35, 53, 54]],
[213, [5, 20, 2, 11, 31, 52, 3, 16, 18, 41, 46, 47, 9, 51, 13, 35, 53, 54]],
[213, [5, 20, 2, 11, 31, 52, 3, 16, 18, 41, 46, 47, 28, 29, 13, 33, 35, 63]],
[213, [5, 20, 2, 11, 31, 52, 15, 38, 4, 19, 24, 61, 9, 51, 13, 33, 35, 63]],
[213, [5, 20, 2, 11, 31, 52, 15, 38, 4, 19, 24, 61, 28, 29, 13, 35, 53, 54]],
[213, [5, 20, 2, 11, 31, 52, 15, 38, 4, 19, 46, 47, 9, 51, 13, 35, 53, 54]],
[213, [5, 20, 2, 11, 31, 52, 15, 38, 4, 19, 46, 47, 28, 29, 13, 33, 35, 63]],
[213, [5, 20, 2, 11, 31, 52, 15, 38, 18, 41, 24, 61, 9, 51, 33, 34, 55, 63]],
[213, [5, 20, 2, 11, 31, 52, 15, 38, 18, 41, 24, 61, 28, 29, 34, 53, 54, 55]],
[213, [5, 20, 2, 11, 31, 52, 15, 38, 18, 41, 46, 47, 9, 51, 34, 53, 54, 55]],
[213, [5, 20, 2, 11, 31, 52, 15, 38, 18, 41, 46, 47, 28, 29, 33, 34, 55, 63]],
[213, [5, 20, 10, 12, 30, 32, 3, 16, 4, 19, 24, 61, 9, 51, 33, 34, 55, 63]],
[213, [5, 20, 10, 12, 30, 32, 3, 16, 4, 19, 24, 61, 28, 29, 34, 53, 54, 55]],
[213, [5, 20, 10, 12, 30, 32, 3, 16, 4, 19, 46, 47, 9, 51, 34, 53, 54, 55]],
[213, [5, 20, 10, 12, 30, 32, 3, 16, 4, 19, 46, 47, 28, 29, 33, 34, 55, 63]],
[213, [5, 20, 10, 12, 30, 32, 3, 16, 18, 41, 24, 61, 9, 51, 13, 33, 35, 63]],
[213, [5, 20, 10, 12, 30, 32, 3, 16, 18, 41, 24, 61, 28, 29, 13, 35, 53, 54]],
[213, [5, 20, 10, 12, 30, 32, 3, 16, 18, 41, 46, 47, 9, 51, 13, 35, 53, 54]],
[213, [5, 20, 10, 12, 30, 32, 3, 16, 18, 41, 46, 47, 28, 29, 13, 33, 35, 63]],
[213, [5, 20, 10, 12, 30, 32, 15, 38, 4, 19, 24, 61, 9, 51, 13, 33, 35, 63]],
[213, [5, 20, 10, 12, 30, 32, 15, 38, 4, 19, 24, 61, 28, 29, 13, 35, 53, 54]],
[213, [5, 20, 10, 12, 30, 32, 15, 38, 4, 19, 46, 47, 9, 51, 13, 35, 53, 54]],
[213, [5, 20, 10, 12, 30, 32, 15, 38, 4, 19, 46, 47, 28, 29, 13, 33, 35, 63]],
[213, [5, 20, 10, 12, 30, 32, 15, 38, 18, 41, 24, 61, 9, 51, 33, 34, 55, 63]],
[213, [5, 20, 10, 12, 30, 32, 15, 38, 18, 41, 24, 61, 28, 29, 34, 53, 54, 55]],
[213, [5, 20, 10, 12, 30, 32, 15, 38, 18, 41, 46, 47, 9, 51, 34, 53, 54, 55]],
[213, [5, 20, 10, 12, 30, 32, 15, 38, 18, 41, 46, 47, 28, 29, 33, 34, 55, 63]],
[213, [21, 42, 2, 10, 11, 30, 3, 16, 4, 19, 24, 61, 9, 51, 33, 34, 55, 63]],
[213, [21, 42, 2, 10, 11, 30, 3, 16, 4, 19, 24, 61, 28, 29, 34, 53, 54, 55]],
[213, [21, 42, 2, 10, 11, 30, 3, 16, 4, 19, 46, 47, 9, 51, 34, 53, 54, 55]],
[213, [21, 42, 2, 10, 11, 30, 3, 16, 4, 19, 46, 47, 28, 29, 33, 34, 55, 63]],
[213, [21, 42, 2, 10, 11, 30, 3, 16, 18, 41, 24, 61, 9, 51, 13, 33, 35, 63]],
[213, [21, 42, 2, 10, 11, 30, 3, 16, 18, 41, 24, 61, 28, 29, 13, 35, 53, 54]],
[213, [21, 42, 2, 10, 11, 30, 3, 16, 18, 41, 46, 47, 9, 51, 13, 35, 53, 54]],
[213, [21, 42, 2, 10, 11, 30, 3, 16, 18, 41, 46, 47, 28, 29, 13, 33, 35, 63]],
[213, [21, 42, 2, 10, 11, 30, 15, 38, 4, 19, 24, 61, 9, 51, 13, 33, 35, 63]],
[213, [21, 42, 2, 10, 11, 30, 15, 38, 4, 19, 24, 61, 28, 29, 13, 35, 53, 54]],
[213, [21, 42, 2, 10, 11, 30, 15, 38, 4, 19, 46, 47, 9, 51, 13, 35, 53, 54]],
[213, [21, 42, 2, 10, 11, 30, 15, 38, 4, 19, 46, 47, 28, 29, 13, 33, 35, 63]],
[213, [21, 42, 2, 10, 11, 30, 15, 38, 18, 41, 24, 61, 9, 51, 33, 34, 55, 63]],
[213, [21, 42, 2, 10, 11, 30, 15, 38, 18, 41, 24, 61, 28, 29, 34, 53, 54, 55]],
[213, [21, 42, 2, 10, 11, 30, 15, 38, 18, 41, 46, 47, 9, 51, 34, 53, 54, 55]],
[213, [21, 42, 2, 10, 11, 30, 15, 38, 18, 41, 46, 47, 28, 29, 33, 34, 55, 63]],
[213, [21, 42, 12, 31, 32, 52, 3, 16, 4, 19, 24, 61, 9, 51, 33, 34, 55, 63]],
[213, [21, 42, 12, 31, 32, 52, 3, 16, 4, 19, 24, 61, 28, 29, 34, 53, 54, 55]],
[213, [21, 42, 12, 31, 32, 52, 3, 16, 4, 19, 46, 47, 9, 51, 34, 53, 54, 55]],
[213, [21, 42, 12, 31, 32, 52, 3, 16, 4, 19, 46, 47, 28, 29, 33, 34, 55, 63]],
[213, [21, 42, 12, 31, 32, 52, 3, 16, 18, 41, 24, 61, 9, 51, 13, 33, 35, 63]],
[213, [21, 42, 12, 31, 32, 52, 3, 16, 18, 41, 24, 61, 28, 29, 13, 35, 53, 54]],
[213, [21, 42, 12, 31, 32, 52, 3, 16, 18, 41, 46, 47, 9, 51, 13, 35, 53, 54]],
[213, [21, 42, 12, 31, 32, 52, 3, 16, 18, 41, 46, 47, 28, 29, 13, 33, 35, 63]],
[213, [21, 42, 12, 31, 32, 52, 15, 38, 4, 19, 24, 61, 9, 51, 13, 33, 35, 63]],
[213, [21, 42, 12, 31, 32, 52, 15, 38, 4, 19, 24, 61, 28, 29, 13, 35, 53, 54]],
[213, [21, 42, 12, 31, 32, 52, 15, 38, 4, 19, 46, 47, 9, 51, 13, 35, 53, 54]],
[213, [21, 42, 12, 31, 32, 52, 15, 38, 4, 19, 46, 47, 28, 29, 13, 33, 35, 63]],
[213, [21, 42, 12, 31, 32, 52, 15, 38, 18, 41, 24, 61, 9, 51, 33, 34, 55, 63]],
[213, [21, 42, 12, 31, 32, 52, 15, 38, 18, 41, 24, 61, 28, 29, 34, 53, 54, 55]],
[213, [21, 42, 12, 31, 32, 52, 15, 38, 18, 41, 46, 47, 9, 51, 34, 53, 54, 55]],
[213, [21, 42, 12, 31, 32, 52, 15, 38, 18, 41, 46, 47, 28, 29, 33, 34, 55, 63]],
[213, [5, 20, 2, 11, 31, 52, 3, 38, 4, 17, 19, 57, 24, 47, 53, 54, 58, 64]],
[213, [5, 20, 2, 11, 31, 52, 3, 38, 4, 17, 19, 57, 46, 61, 53, 54, 43, 59]],
[213, [5, 20, 2, 11, 31, 52, 3, 38, 4, 19, 39, 40, 24, 47, 33, 63, 58, 64]],
[213, [5, 20, 2, 11, 31, 52, 3, 38, 4, 19, 39, 40, 46, 61, 33, 63, 43, 59]],
[213, [5, 20, 2, 11, 31, 52, 3, 38, 17, 18, 41, 57, 24, 47, 53, 54, 43, 59]],
[213, [5, 20, 2, 11, 31, 52, 3, 38, 17, 18, 41, 57, 46, 61, 53, 54, 58, 64]],
[213, [5, 20, 2, 11, 31, 52, 3, 38, 18, 39, 40, 41, 24, 47, 33, 63, 43, 59]],
[213, [5, 20, 2, 11, 31, 52, 3, 38, 18, 39, 40, 41, 46, 61, 33, 63, 58, 64]],
[213, [5, 20, 2, 11, 31, 52, 15, 16, 4, 17, 19, 57, 24, 47, 33, 63, 58, 64]],
[213, [5, 20, 2, 11, 31, 52, 15, 16, 4, 17, 19, 57, 46, 61, 33, 63, 43, 59]],
[213, [5, 20, 2, 11, 31, 52, 15, 16, 4, 19, 39, 40, 24, 47, 53, 54, 58, 64]],
[213, [5, 20, 2, 11, 31, 52, 15, 16, 4, 19, 39, 40, 46, 61, 53, 54, 43, 59]],
[213, [5, 20, 2, 11, 31, 52, 15, 16, 17, 18, 41, 57, 24, 47, 33, 63, 43, 59]],
[213, [5, 20, 2, 11, 31, 52, 15, 16, 17, 18, 41, 57, 46, 61, 33, 63, 58, 64]],
[213, [5, 20, 2, 11, 31, 52, 15, 16, 18, 39, 40, 41, 24, 47, 53, 54, 43, 59]],
[213, [5, 20, 2, 11, 31, 52, 15, 16, 18, 39, 40, 41, 46, 61, 53, 54, 58, 64]],
[213, [5, 20, 10, 12, 30, 32, 3, 38, 4, 17, 19, 57, 24, 47, 53, 54, 58, 64]],
[213, [5, 20, 10, 12, 30, 32, 3, 38, 4, 17, 19, 57, 46, 61, 53, 54, 43, 59]],
[213, [5, 20, 10, 12, 30, 32, 3, 38, 4, 19, 39, 40, 24, 47, 33, 63, 58, 64]],
[213, [5, 20, 10, 12, 30, 32, 3, 38, 4, 19, 39, 40, 46, 61, 33, 63, 43, 59]],
[213, [5, 20, 10, 12, 30, 32, 3, 38, 17, 18, 41, 57, 24, 47, 53, 54, 43, 59]],
[213, [5, 20, 10, 12, 30, 32, 3, 38, 17, 18, 41, 57, 46, 61, 53, 54, 58, 64]],
[213, [5, 20, 10, 12, 30, 32, 3, 38, 18, 39, 40, 41, 24, 47, 33, 63, 43, 59]],
[213, [5, 20, 10, 12, 30, 32, 3, 38, 18, 39, 40, 41, 46, 61, 33, 63, 58, 64]],
[213, [5, 20, 10, 12, 30, 32, 15, 16, 4, 17, 19, 57, 24, 47, 33, 63, 58, 64]],
[213, [5, 20, 10, 12, 30, 32, 15, 16, 4, 17, 19, 57, 46, 61, 33, 63, 43, 59]],
[213, [5, 20, 10, 12, 30, 32, 15, 16, 4, 19, 39, 40, 24, 47, 53, 54, 58, 64]],
[213, [5, 20, 10, 12, 30, 32, 15, 16, 4, 19, 39, 40, 46, 61, 53, 54, 43, 59]],
[213, [5, 20, 10, 12, 30, 32, 15, 16, 17, 18, 41, 57, 24, 47, 33, 63, 43, 59]],
[213, [5, 20, 10, 12, 30, 32, 15, 16, 17, 18, 41, 57, 46, 61, 33, 63, 58, 64]],
[213, [5, 20, 10, 12, 30, 32, 15, 16, 18, 39, 40, 41, 24, 47, 53, 54, 43, 59]],
[213, [5, 20, 10, 12, 30, 32, 15, 16, 18, 39, 40, 41, 46, 61, 53, 54, 58, 64]],
[213, [21, 42, 2, 10, 11, 30, 3, 38, 4, 17, 19, 57, 24, 47, 53, 54, 58, 64]],
[213, [21, 42, 2, 10, 11, 30, 3, 38, 4, 17, 19, 57, 46, 61, 53, 54, 43, 59]],
[213, [21, 42, 2, 10, 11, 30, 3, 38, 4, 19, 39, 40, 24, 47, 33, 63, 58, 64]],
[213, [21, 42, 2, 10, 11, 30, 3, 38, 4, 19, 39, 40, 46, 61, 33, 63, 43, 59]],
[213, [21, 42, 2, 10, 11, 30, 3, 38, 17, 18, 41, 57, 24, 47, 53, 54, 43, 59]],
[213, [21, 42, 2, 10, 11, 30, 3, 38, 17, 18, 41, 57, 46, 61, 53, 54, 58, 64]],
[213, [21, 42, 2, 10, 11, 30, 3, 38, 18, 39, 40, 41, 24, 47, 33, 63, 43, 59]],
[213, [21, 42, 2, 10, 11, 30, 3, 38, 18, 39, 40, 41, 46, 61, 33, 63, 58, 64]],
[213, [21, 42, 2, 10, 11, 30, 15, 16, 4, 17, 19, 57, 24, 47, 33, 63, 58, 64]],
[213, [21, 42, 2, 10, 11, 30, 15, 16, 4, 17, 19, 57, 46, 61, 33, 63, 43, 59]],
[213, [21, 42, 2, 10, 11, 30, 15, 16, 4, 19, 39, 40, 24, 47, 53, 54, 58, 64]],
[213, [21, 42, 2, 10, 11, 30, 15, 16, 4, 19, 39, 40, 46, 61, 53, 54, 43, 59]],
[213, [21, 42, 2, 10, 11, 30, 15, 16, 17, 18, 41, 57, 24, 47, 33, 63, 43, 59]],
[213, [21, 42, 2, 10, 11, 30, 15, 16, 17, 18, 41, 57, 46, 61, 33, 63, 58, 64]],
[213, [21, 42, 2, 10, 11, 30, 15, 16, 18, 39, 40, 41, 24, 47, 53, 54, 43, 59]],
[213, [21, 42, 2, 10, 11, 30, 15, 16, 18, 39, 40, 41, 46, 61, 53, 54, 58, 64]],
[213, [21, 42, 12, 31, 32, 52, 3, 38, 4, 17, 19, 57, 24, 47, 53, 54, 58, 64]],
[213, [21, 42, 12, 31, 32, 52, 3, 38, 4, 17, 19, 57, 46, 61, 53, 54, 43, 59]],
[213, [21, 42, 12, 31, 32, 52, 3, 38, 4, 19, 39, 40, 24, 47, 33, 63, 58, 64]],
[213, [21, 42, 12, 31, 32, 52, 3, 38, 4, 19, 39, 40, 46, 61, 33, 63, 43, 59]],
[213, [21, 42, 12, 31, 32, 52, 3, 38, 17, 18, 41, 57, 24, 47, 53, 54, 43, 59]],
[213, [21, 42, 12, 31, 32, 52, 3, 38, 17, 18, 41, 57, 46, 61, 53, 54, 58, 64]],
[213, [21, 42, 12, 31, 32, 52, 3, 38, 18, 39, 40, 41, 24, 47, 33, 63, 43, 59]],
[213, [21, 42, 12, 31, 32, 52, 3, 38, 18, 39, 40, 41, 46, 61, 33, 63, 58, 64]],
[213, [21, 42, 12, 31, 32, 52, 15, 16, 4, 17, 19, 57, 24, 47, 33, 63, 58, 64]],
[213, [21, 42, 12, 31, 32, 52, 15, 16, 4, 17, 19, 57, 46, 61, 33, 63, 43, 59]],
[213, [21, 42, 12, 31, 32, 52, 15, 16, 4, 19, 39, 40, 24, 47, 53, 54, 58, 64]],
[213, [21, 42, 12, 31, 32, 52, 15, 16, 4, 19, 39, 40, 46, 61, 53, 54, 43, 59]],
[213, [21, 42, 12, 31, 32, 52, 15, 16, 17, 18, 41, 57, 24, 47, 33, 63, 43, 59]],
[213, [21, 42, 12, 31, 32, 52, 15, 16, 17, 18, 41, 57, 46, 61, 33, 63, 58, 64]],
[213, [21, 42, 12, 31, 32, 52, 15, 16, 18, 39, 40, 41, 24, 47, 53, 54, 43, 59]],
[213, [21, 42, 12, 31, 32, 52, 15, 16, 18, 39, 40, 41, 46, 61, 53, 54, 58, 64]]];
