pds_list := [[174, [5, 21, 2, 11, 4, 17, 18, 57, 8, 48, 29, 51, 13, 35, 53, 63, 58, 59]],
[174, [5, 21, 2, 11, 4, 17, 18, 57, 8, 48, 29, 51, 33, 34, 54, 55, 58, 59]],
[174, [5, 21, 2, 11, 4, 17, 18, 57, 24, 61, 29, 51, 13, 35, 53, 63, 23, 60]],
[174, [5, 21, 2, 11, 4, 17, 18, 57, 24, 61, 29, 51, 33, 34, 54, 55, 23, 60]],
[174, [5, 21, 2, 11, 4, 17, 18, 57, 25, 26, 29, 51, 13, 35, 53, 63, 43, 64]],
[174, [5, 21, 2, 11, 4, 17, 18, 57, 25, 26, 29, 51, 33, 34, 54, 55, 43, 64]],
[174, [5, 21, 2, 11, 4, 17, 18, 57, 46, 47, 29, 51, 13, 35, 53, 63, 44, 45]],
[174, [5, 21, 2, 11, 4, 17, 18, 57, 46, 47, 29, 51, 33, 34, 54, 55, 44, 45]],
[174, [5, 21, 2, 11, 4, 18, 39, 40, 8, 48, 29, 51, 13, 35, 53, 63, 43, 64]],
[174, [5, 21, 2, 11, 4, 18, 39, 40, 8, 48, 29, 51, 33, 34, 54, 55, 43, 64]],
[174, [5, 21, 2, 11, 4, 18, 39, 40, 24, 61, 29, 51, 13, 35, 53, 63, 44, 45]],
[174, [5, 21, 2, 11, 4, 18, 39, 40, 24, 61, 29, 51, 33, 34, 54, 55, 44, 45]],
[174, [5, 21, 2, 11, 4, 18, 39, 40, 25, 26, 29, 51, 13, 35, 53, 63, 58, 59]],
[174, [5, 21, 2, 11, 4, 18, 39, 40, 25, 26, 29, 51, 33, 34, 54, 55, 58, 59]],
[174, [5, 21, 2, 11, 4, 18, 39, 40, 46, 47, 29, 51, 13, 35, 53, 63, 23, 60]],
[174, [5, 21, 2, 11, 4, 18, 39, 40, 46, 47, 29, 51, 33, 34, 54, 55, 23, 60]],
[174, [5, 21, 2, 11, 17, 19, 41, 57, 8, 48, 9, 28, 13, 35, 53, 63, 58, 59]],
[174, [5, 21, 2, 11, 17, 19, 41, 57, 8, 48, 9, 28, 33, 34, 54, 55, 58, 59]],
[174, [5, 21, 2, 11, 17, 19, 41, 57, 24, 61, 9, 28, 13, 35, 53, 63, 23, 60]],
[174, [5, 21, 2, 11, 17, 19, 41, 57, 24, 61, 9, 28, 33, 34, 54, 55, 23, 60]],
[174, [5, 21, 2, 11, 17, 19, 41, 57, 25, 26, 9, 28, 13, 35, 53, 63, 43, 64]],
[174, [5, 21, 2, 11, 17, 19, 41, 57, 25, 26, 9, 28, 33, 34, 54, 55, 43, 64]],
[174, [5, 21, 2, 11, 17, 19, 41, 57, 46, 47, 9, 28, 13, 35, 53, 63, 44, 45]],
[174, [5, 21, 2, 11, 17, 19, 41, 57, 46, 47, 9, 28, 33, 34, 54, 55, 44, 45]],
[174, [5, 21, 2, 11, 19, 39, 40, 41, 8, 48, 9, 28, 13, 35, 53, 63, 43, 64]],
[174, [5, 21, 2, 11, 19, 39, 40, 41, 8, 48, 9, 28, 33, 34, 54, 55, 43, 64]],
[174, [5, 21, 2, 11, 19, 39, 40, 41, 24, 61, 9, 28, 13, 35, 53, 63, 44, 45]],
[174, [5, 21, 2, 11, 19, 39, 40, 41, 24, 61, 9, 28, 33, 34, 54, 55, 44, 45]],
[174, [5, 21, 2, 11, 19, 39, 40, 41, 25, 26, 9, 28, 13, 35, 53, 63, 58, 59]],
[174, [5, 21, 2, 11, 19, 39, 40, 41, 25, 26, 9, 28, 33, 34, 54, 55, 58, 59]],
[174, [5, 21, 2, 11, 19, 39, 40, 41, 46, 47, 9, 28, 13, 35, 53, 63, 23, 60]],
[174, [5, 21, 2, 11, 19, 39, 40, 41, 46, 47, 9, 28, 33, 34, 54, 55, 23, 60]],
[174, [5, 21, 2, 32, 4, 17, 18, 57, 8, 25, 49, 50, 13, 35, 53, 63, 45, 60]],
[174, [5, 21, 2, 32, 4, 17, 18, 57, 8, 25, 49, 50, 33, 34, 54, 55, 45, 60]],
[174, [5, 21, 2, 32, 4, 17, 18, 57, 24, 46, 49, 50, 13, 35, 53, 63, 59, 64]],
[174, [5, 21, 2, 32, 4, 17, 18, 57, 24, 46, 49, 50, 33, 34, 54, 55, 59, 64]],
[174, [5, 21, 2, 32, 4, 17, 18, 57, 26, 48, 49, 50, 13, 35, 53, 63, 23, 44]],
[174, [5, 21, 2, 32, 4, 17, 18, 57, 26, 48, 49, 50, 33, 34, 54, 55, 23, 44]],
[174, [5, 21, 2, 32, 4, 17, 18, 57, 47, 61, 49, 50, 13, 35, 53, 63, 43, 58]],
[174, [5, 21, 2, 32, 4, 17, 18, 57, 47, 61, 49, 50, 33, 34, 54, 55, 43, 58]],
[174, [5, 21, 2, 32, 4, 18, 39, 40, 8, 25, 27, 62, 13, 35, 53, 63, 45, 60]],
[174, [5, 21, 2, 32, 4, 18, 39, 40, 8, 25, 27, 62, 33, 34, 54, 55, 45, 60]],
[174, [5, 21, 2, 32, 4, 18, 39, 40, 24, 46, 27, 62, 13, 35, 53, 63, 59, 64]],
[174, [5, 21, 2, 32, 4, 18, 39, 40, 24, 46, 27, 62, 33, 34, 54, 55, 59, 64]],
[174, [5, 21, 2, 32, 4, 18, 39, 40, 26, 48, 27, 62, 13, 35, 53, 63, 23, 44]],
[174, [5, 21, 2, 32, 4, 18, 39, 40, 26, 48, 27, 62, 33, 34, 54, 55, 23, 44]],
[174, [5, 21, 2, 32, 4, 18, 39, 40, 47, 61, 27, 62, 13, 35, 53, 63, 43, 58]],
[174, [5, 21, 2, 32, 4, 18, 39, 40, 47, 61, 27, 62, 33, 34, 54, 55, 43, 58]],
[174, [5, 21, 2, 32, 17, 19, 41, 57, 8, 25, 49, 50, 13, 35, 53, 63, 23, 44]],
[174, [5, 21, 2, 32, 17, 19, 41, 57, 8, 25, 49, 50, 33, 34, 54, 55, 23, 44]],
[174, [5, 21, 2, 32, 17, 19, 41, 57, 24, 46, 49, 50, 13, 35, 53, 63, 43, 58]],
[174, [5, 21, 2, 32, 17, 19, 41, 57, 24, 46, 49, 50, 33, 34, 54, 55, 43, 58]],
[174, [5, 21, 2, 32, 17, 19, 41, 57, 26, 48, 49, 50, 13, 35, 53, 63, 45, 60]],
[174, [5, 21, 2, 32, 17, 19, 41, 57, 26, 48, 49, 50, 33, 34, 54, 55, 45, 60]],
[174, [5, 21, 2, 32, 17, 19, 41, 57, 47, 61, 49, 50, 13, 35, 53, 63, 59, 64]],
[174, [5, 21, 2, 32, 17, 19, 41, 57, 47, 61, 49, 50, 33, 34, 54, 55, 59, 64]],
[174, [5, 21, 2, 32, 19, 39, 40, 41, 8, 25, 27, 62, 13, 35, 53, 63, 23, 44]],
[174, [5, 21, 2, 32, 19, 39, 40, 41, 8, 25, 27, 62, 33, 34, 54, 55, 23, 44]],
[174, [5, 21, 2, 32, 19, 39, 40, 41, 24, 46, 27, 62, 13, 35, 53, 63, 43, 58]],
[174, [5, 21, 2, 32, 19, 39, 40, 41, 24, 46, 27, 62, 33, 34, 54, 55, 43, 58]],
[174, [5, 21, 2, 32, 19, 39, 40, 41, 26, 48, 27, 62, 13, 35, 53, 63, 45, 60]],
[174, [5, 21, 2, 32, 19, 39, 40, 41, 26, 48, 27, 62, 33, 34, 54, 55, 45, 60]],
[174, [5, 21, 2, 32, 19, 39, 40, 41, 47, 61, 27, 62, 13, 35, 53, 63, 59, 64]],
[174, [5, 21, 2, 32, 19, 39, 40, 41, 47, 61, 27, 62, 33, 34, 54, 55, 59, 64]],
[174, [5, 21, 10, 30, 4, 17, 18, 57, 8, 48, 50, 62, 13, 35, 53, 63, 58, 59]],
[174, [5, 21, 10, 30, 4, 17, 18, 57, 8, 48, 50, 62, 33, 34, 54, 55, 58, 59]],
[174, [5, 21, 10, 30, 4, 17, 18, 57, 24, 61, 50, 62, 13, 35, 53, 63, 23, 60]],
[174, [5, 21, 10, 30, 4, 17, 18, 57, 24, 61, 50, 62, 33, 34, 54, 55, 23, 60]],
[174, [5, 21, 10, 30, 4, 17, 18, 57, 25, 26, 50, 62, 13, 35, 53, 63, 43, 64]],
[174, [5, 21, 10, 30, 4, 17, 18, 57, 25, 26, 50, 62, 33, 34, 54, 55, 43, 64]],
[174, [5, 21, 10, 30, 4, 17, 18, 57, 46, 47, 50, 62, 13, 35, 53, 63, 44, 45]],
[174, [5, 21, 10, 30, 4, 17, 18, 57, 46, 47, 50, 62, 33, 34, 54, 55, 44, 45]],
[174, [5, 21, 10, 30, 4, 18, 39, 40, 8, 48, 50, 62, 13, 35, 53, 63, 43, 64]],
[174, [5, 21, 10, 30, 4, 18, 39, 40, 8, 48, 50, 62, 33, 34, 54, 55, 43, 64]],
[174, [5, 21, 10, 30, 4, 18, 39, 40, 24, 61, 50, 62, 13, 35, 53, 63, 44, 45]],
[174, [5, 21, 10, 30, 4, 18, 39, 40, 24, 61, 50, 62, 33, 34, 54, 55, 44, 45]],
[174, [5, 21, 10, 30, 4, 18, 39, 40, 25, 26, 50, 62, 13, 35, 53, 63, 58, 59]],
[174, [5, 21, 10, 30, 4, 18, 39, 40, 25, 26, 50, 62, 33, 34, 54, 55, 58, 59]],
[174, [5, 21, 10, 30, 4, 18, 39, 40, 46, 47, 50, 62, 13, 35, 53, 63, 23, 60]],
[174, [5, 21, 10, 30, 4, 18, 39, 40, 46, 47, 50, 62, 33, 34, 54, 55, 23, 60]],
[174, [5, 21, 10, 30, 17, 19, 41, 57, 8, 48, 27, 49, 13, 35, 53, 63, 58, 59]],
[174, [5, 21, 10, 30, 17, 19, 41, 57, 8, 48, 27, 49, 33, 34, 54, 55, 58, 59]],
[174, [5, 21, 10, 30, 17, 19, 41, 57, 24, 61, 27, 49, 13, 35, 53, 63, 23, 60]],
[174, [5, 21, 10, 30, 17, 19, 41, 57, 24, 61, 27, 49, 33, 34, 54, 55, 23, 60]],
[174, [5, 21, 10, 30, 17, 19, 41, 57, 25, 26, 27, 49, 13, 35, 53, 63, 43, 64]],
[174, [5, 21, 10, 30, 17, 19, 41, 57, 25, 26, 27, 49, 33, 34, 54, 55, 43, 64]],
[174, [5, 21, 10, 30, 17, 19, 41, 57, 46, 47, 27, 49, 13, 35, 53, 63, 44, 45]],
[174, [5, 21, 10, 30, 17, 19, 41, 57, 46, 47, 27, 49, 33, 34, 54, 55, 44, 45]],
[174, [5, 21, 10, 30, 19, 39, 40, 41, 8, 48, 27, 49, 13, 35, 53, 63, 43, 64]],
[174, [5, 21, 10, 30, 19, 39, 40, 41, 8, 48, 27, 49, 33, 34, 54, 55, 43, 64]],
[174, [5, 21, 10, 30, 19, 39, 40, 41, 24, 61, 27, 49, 13, 35, 53, 63, 44, 45]],
[174, [5, 21, 10, 30, 19, 39, 40, 41, 24, 61, 27, 49, 33, 34, 54, 55, 44, 45]],
[174, [5, 21, 10, 30, 19, 39, 40, 41, 25, 26, 27, 49, 13, 35, 53, 63, 58, 59]],
[174, [5, 21, 10, 30, 19, 39, 40, 41, 25, 26, 27, 49, 33, 34, 54, 55, 58, 59]],
[174, [5, 21, 10, 30, 19, 39, 40, 41, 46, 47, 27, 49, 13, 35, 53, 63, 23, 60]],
[174, [5, 21, 10, 30, 19, 39, 40, 41, 46, 47, 27, 49, 33, 34, 54, 55, 23, 60]],
[174, [5, 21, 10, 52, 4, 17, 18, 57, 8, 25, 9, 51, 13, 35, 53, 63, 45, 60]],
[174, [5, 21, 10, 52, 4, 17, 18, 57, 8, 25, 9, 51, 33, 34, 54, 55, 45, 60]],
[174, [5, 21, 10, 52, 4, 17, 18, 57, 24, 46, 9, 51, 13, 35, 53, 63, 59, 64]],
[174, [5, 21, 10, 52, 4, 17, 18, 57, 24, 46, 9, 51, 33, 34, 54, 55, 59, 64]],
[174, [5, 21, 10, 52, 4, 17, 18, 57, 26, 48, 9, 51, 13, 35, 53, 63, 23, 44]],
[174, [5, 21, 10, 52, 4, 17, 18, 57, 26, 48, 9, 51, 33, 34, 54, 55, 23, 44]],
[174, [5, 21, 10, 52, 4, 17, 18, 57, 47, 61, 9, 51, 13, 35, 53, 63, 43, 58]],
[174, [5, 21, 10, 52, 4, 17, 18, 57, 47, 61, 9, 51, 33, 34, 54, 55, 43, 58]],
[174, [5, 21, 10, 52, 4, 18, 39, 40, 8, 25, 28, 29, 13, 35, 53, 63, 45, 60]],
[174, [5, 21, 10, 52, 4, 18, 39, 40, 8, 25, 28, 29, 33, 34, 54, 55, 45, 60]],
[174, [5, 21, 10, 52, 4, 18, 39, 40, 24, 46, 28, 29, 13, 35, 53, 63, 59, 64]],
[174, [5, 21, 10, 52, 4, 18, 39, 40, 24, 46, 28, 29, 33, 34, 54, 55, 59, 64]],
[174, [5, 21, 10, 52, 4, 18, 39, 40, 26, 48, 28, 29, 13, 35, 53, 63, 23, 44]],
[174, [5, 21, 10, 52, 4, 18, 39, 40, 26, 48, 28, 29, 33, 34, 54, 55, 23, 44]],
[174, [5, 21, 10, 52, 4, 18, 39, 40, 47, 61, 28, 29, 13, 35, 53, 63, 43, 58]],
[174, [5, 21, 10, 52, 4, 18, 39, 40, 47, 61, 28, 29, 33, 34, 54, 55, 43, 58]],
[174, [5, 21, 10, 52, 17, 19, 41, 57, 8, 25, 9, 51, 13, 35, 53, 63, 23, 44]],
[174, [5, 21, 10, 52, 17, 19, 41, 57, 8, 25, 9, 51, 33, 34, 54, 55, 23, 44]],
[174, [5, 21, 10, 52, 17, 19, 41, 57, 24, 46, 9, 51, 13, 35, 53, 63, 43, 58]],
[174, [5, 21, 10, 52, 17, 19, 41, 57, 24, 46, 9, 51, 33, 34, 54, 55, 43, 58]],
[174, [5, 21, 10, 52, 17, 19, 41, 57, 26, 48, 9, 51, 13, 35, 53, 63, 45, 60]],
[174, [5, 21, 10, 52, 17, 19, 41, 57, 26, 48, 9, 51, 33, 34, 54, 55, 45, 60]],
[174, [5, 21, 10, 52, 17, 19, 41, 57, 47, 61, 9, 51, 13, 35, 53, 63, 59, 64]],
[174, [5, 21, 10, 52, 17, 19, 41, 57, 47, 61, 9, 51, 33, 34, 54, 55, 59, 64]],
[174, [5, 21, 10, 52, 19, 39, 40, 41, 8, 25, 28, 29, 13, 35, 53, 63, 23, 44]],
[174, [5, 21, 10, 52, 19, 39, 40, 41, 8, 25, 28, 29, 33, 34, 54, 55, 23, 44]],
[174, [5, 21, 10, 52, 19, 39, 40, 41, 24, 46, 28, 29, 13, 35, 53, 63, 43, 58]],
[174, [5, 21, 10, 52, 19, 39, 40, 41, 24, 46, 28, 29, 33, 34, 54, 55, 43, 58]],
[174, [5, 21, 10, 52, 19, 39, 40, 41, 26, 48, 28, 29, 13, 35, 53, 63, 45, 60]],
[174, [5, 21, 10, 52, 19, 39, 40, 41, 26, 48, 28, 29, 33, 34, 54, 55, 45, 60]],
[174, [5, 21, 10, 52, 19, 39, 40, 41, 47, 61, 28, 29, 13, 35, 53, 63, 59, 64]],
[174, [5, 21, 10, 52, 19, 39, 40, 41, 47, 61, 28, 29, 33, 34, 54, 55, 59, 64]],
[174, [5, 21, 11, 12, 4, 17, 18, 57, 8, 25, 27, 62, 13, 35, 53, 63, 45, 60]],
[174, [5, 21, 11, 12, 4, 17, 18, 57, 8, 25, 27, 62, 33, 34, 54, 55, 45, 60]],
[174, [5, 21, 11, 12, 4, 17, 18, 57, 24, 46, 27, 62, 13, 35, 53, 63, 59, 64]],
[174, [5, 21, 11, 12, 4, 17, 18, 57, 24, 46, 27, 62, 33, 34, 54, 55, 59, 64]],
[174, [5, 21, 11, 12, 4, 17, 18, 57, 26, 48, 27, 62, 13, 35, 53, 63, 23, 44]],
[174, [5, 21, 11, 12, 4, 17, 18, 57, 26, 48, 27, 62, 33, 34, 54, 55, 23, 44]],
[174, [5, 21, 11, 12, 4, 17, 18, 57, 47, 61, 27, 62, 13, 35, 53, 63, 43, 58]],
[174, [5, 21, 11, 12, 4, 17, 18, 57, 47, 61, 27, 62, 33, 34, 54, 55, 43, 58]],
[174, [5, 21, 11, 12, 4, 18, 39, 40, 8, 25, 49, 50, 13, 35, 53, 63, 45, 60]],
[174, [5, 21, 11, 12, 4, 18, 39, 40, 8, 25, 49, 50, 33, 34, 54, 55, 45, 60]],
[174, [5, 21, 11, 12, 4, 18, 39, 40, 24, 46, 49, 50, 13, 35, 53, 63, 59, 64]],
[174, [5, 21, 11, 12, 4, 18, 39, 40, 24, 46, 49, 50, 33, 34, 54, 55, 59, 64]],
[174, [5, 21, 11, 12, 4, 18, 39, 40, 26, 48, 49, 50, 13, 35, 53, 63, 23, 44]],
[174, [5, 21, 11, 12, 4, 18, 39, 40, 26, 48, 49, 50, 33, 34, 54, 55, 23, 44]],
[174, [5, 21, 11, 12, 4, 18, 39, 40, 47, 61, 49, 50, 13, 35, 53, 63, 43, 58]],
[174, [5, 21, 11, 12, 4, 18, 39, 40, 47, 61, 49, 50, 33, 34, 54, 55, 43, 58]],
[174, [5, 21, 11, 12, 17, 19, 41, 57, 8, 25, 27, 62, 13, 35, 53, 63, 23, 44]],
[174, [5, 21, 11, 12, 17, 19, 41, 57, 8, 25, 27, 62, 33, 34, 54, 55, 23, 44]],
[174, [5, 21, 11, 12, 17, 19, 41, 57, 24, 46, 27, 62, 13, 35, 53, 63, 43, 58]],
[174, [5, 21, 11, 12, 17, 19, 41, 57, 24, 46, 27, 62, 33, 34, 54, 55, 43, 58]],
[174, [5, 21, 11, 12, 17, 19, 41, 57, 26, 48, 27, 62, 13, 35, 53, 63, 45, 60]],
[174, [5, 21, 11, 12, 17, 19, 41, 57, 26, 48, 27, 62, 33, 34, 54, 55, 45, 60]],
[174, [5, 21, 11, 12, 17, 19, 41, 57, 47, 61, 27, 62, 13, 35, 53, 63, 59, 64]],
[174, [5, 21, 11, 12, 17, 19, 41, 57, 47, 61, 27, 62, 33, 34, 54, 55, 59, 64]],
[174, [5, 21, 11, 12, 19, 39, 40, 41, 8, 25, 49, 50, 13, 35, 53, 63, 23, 44]],
[174, [5, 21, 11, 12, 19, 39, 40, 41, 8, 25, 49, 50, 33, 34, 54, 55, 23, 44]],
[174, [5, 21, 11, 12, 19, 39, 40, 41, 24, 46, 49, 50, 13, 35, 53, 63, 43, 58]],
[174, [5, 21, 11, 12, 19, 39, 40, 41, 24, 46, 49, 50, 33, 34, 54, 55, 43, 58]],
[174, [5, 21, 11, 12, 19, 39, 40, 41, 26, 48, 49, 50, 13, 35, 53, 63, 45, 60]],
[174, [5, 21, 11, 12, 19, 39, 40, 41, 26, 48, 49, 50, 33, 34, 54, 55, 45, 60]],
[174, [5, 21, 11, 12, 19, 39, 40, 41, 47, 61, 49, 50, 13, 35, 53, 63, 59, 64]],
[174, [5, 21, 11, 12, 19, 39, 40, 41, 47, 61, 49, 50, 33, 34, 54, 55, 59, 64]],
[174, [5, 21, 12, 32, 4, 17, 18, 57, 8, 48, 9, 28, 13, 35, 53, 63, 58, 59]],
[174, [5, 21, 12, 32, 4, 17, 18, 57, 8, 48, 9, 28, 33, 34, 54, 55, 58, 59]],
[174, [5, 21, 12, 32, 4, 17, 18, 57, 24, 61, 9, 28, 13, 35, 53, 63, 23, 60]],
[174, [5, 21, 12, 32, 4, 17, 18, 57, 24, 61, 9, 28, 33, 34, 54, 55, 23, 60]],
[174, [5, 21, 12, 32, 4, 17, 18, 57, 25, 26, 9, 28, 13, 35, 53, 63, 43, 64]],
[174, [5, 21, 12, 32, 4, 17, 18, 57, 25, 26, 9, 28, 33, 34, 54, 55, 43, 64]],
[174, [5, 21, 12, 32, 4, 17, 18, 57, 46, 47, 9, 28, 13, 35, 53, 63, 44, 45]],
[174, [5, 21, 12, 32, 4, 17, 18, 57, 46, 47, 9, 28, 33, 34, 54, 55, 44, 45]],
[174, [5, 21, 12, 32, 4, 18, 39, 40, 8, 48, 9, 28, 13, 35, 53, 63, 43, 64]],
[174, [5, 21, 12, 32, 4, 18, 39, 40, 8, 48, 9, 28, 33, 34, 54, 55, 43, 64]],
[174, [5, 21, 12, 32, 4, 18, 39, 40, 24, 61, 9, 28, 13, 35, 53, 63, 44, 45]],
[174, [5, 21, 12, 32, 4, 18, 39, 40, 24, 61, 9, 28, 33, 34, 54, 55, 44, 45]],
[174, [5, 21, 12, 32, 4, 18, 39, 40, 25, 26, 9, 28, 13, 35, 53, 63, 58, 59]],
[174, [5, 21, 12, 32, 4, 18, 39, 40, 25, 26, 9, 28, 33, 34, 54, 55, 58, 59]],
[174, [5, 21, 12, 32, 4, 18, 39, 40, 46, 47, 9, 28, 13, 35, 53, 63, 23, 60]],
[174, [5, 21, 12, 32, 4, 18, 39, 40, 46, 47, 9, 28, 33, 34, 54, 55, 23, 60]],
[174, [5, 21, 12, 32, 17, 19, 41, 57, 8, 48, 29, 51, 13, 35, 53, 63, 58, 59]],
[174, [5, 21, 12, 32, 17, 19, 41, 57, 8, 48, 29, 51, 33, 34, 54, 55, 58, 59]],
[174, [5, 21, 12, 32, 17, 19, 41, 57, 24, 61, 29, 51, 13, 35, 53, 63, 23, 60]],
[174, [5, 21, 12, 32, 17, 19, 41, 57, 24, 61, 29, 51, 33, 34, 54, 55, 23, 60]],
[174, [5, 21, 12, 32, 17, 19, 41, 57, 25, 26, 29, 51, 13, 35, 53, 63, 43, 64]],
[174, [5, 21, 12, 32, 17, 19, 41, 57, 25, 26, 29, 51, 33, 34, 54, 55, 43, 64]],
[174, [5, 21, 12, 32, 17, 19, 41, 57, 46, 47, 29, 51, 13, 35, 53, 63, 44, 45]],
[174, [5, 21, 12, 32, 17, 19, 41, 57, 46, 47, 29, 51, 33, 34, 54, 55, 44, 45]],
[174, [5, 21, 12, 32, 19, 39, 40, 41, 8, 48, 29, 51, 13, 35, 53, 63, 43, 64]],
[174, [5, 21, 12, 32, 19, 39, 40, 41, 8, 48, 29, 51, 33, 34, 54, 55, 43, 64]],
[174, [5, 21, 12, 32, 19, 39, 40, 41, 24, 61, 29, 51, 13, 35, 53, 63, 44, 45]],
[174, [5, 21, 12, 32, 19, 39, 40, 41, 24, 61, 29, 51, 33, 34, 54, 55, 44, 45]],
[174, [5, 21, 12, 32, 19, 39, 40, 41, 25, 26, 29, 51, 13, 35, 53, 63, 58, 59]],
[174, [5, 21, 12, 32, 19, 39, 40, 41, 25, 26, 29, 51, 33, 34, 54, 55, 58, 59]],
[174, [5, 21, 12, 32, 19, 39, 40, 41, 46, 47, 29, 51, 13, 35, 53, 63, 23, 60]],
[174, [5, 21, 12, 32, 19, 39, 40, 41, 46, 47, 29, 51, 33, 34, 54, 55, 23, 60]],
[174, [5, 21, 30, 31, 4, 17, 18, 57, 8, 25, 28, 29, 13, 35, 53, 63, 45, 60]],
[174, [5, 21, 30, 31, 4, 17, 18, 57, 8, 25, 28, 29, 33, 34, 54, 55, 45, 60]],
[174, [5, 21, 30, 31, 4, 17, 18, 57, 24, 46, 28, 29, 13, 35, 53, 63, 59, 64]],
[174, [5, 21, 30, 31, 4, 17, 18, 57, 24, 46, 28, 29, 33, 34, 54, 55, 59, 64]],
[174, [5, 21, 30, 31, 4, 17, 18, 57, 26, 48, 28, 29, 13, 35, 53, 63, 23, 44]],
[174, [5, 21, 30, 31, 4, 17, 18, 57, 26, 48, 28, 29, 33, 34, 54, 55, 23, 44]],
[174, [5, 21, 30, 31, 4, 17, 18, 57, 47, 61, 28, 29, 13, 35, 53, 63, 43, 58]],
[174, [5, 21, 30, 31, 4, 17, 18, 57, 47, 61, 28, 29, 33, 34, 54, 55, 43, 58]],
[174, [5, 21, 30, 31, 4, 18, 39, 40, 8, 25, 9, 51, 13, 35, 53, 63, 45, 60]],
[174, [5, 21, 30, 31, 4, 18, 39, 40, 8, 25, 9, 51, 33, 34, 54, 55, 45, 60]],
[174, [5, 21, 30, 31, 4, 18, 39, 40, 24, 46, 9, 51, 13, 35, 53, 63, 59, 64]],
[174, [5, 21, 30, 31, 4, 18, 39, 40, 24, 46, 9, 51, 33, 34, 54, 55, 59, 64]],
[174, [5, 21, 30, 31, 4, 18, 39, 40, 26, 48, 9, 51, 13, 35, 53, 63, 23, 44]],
[174, [5, 21, 30, 31, 4, 18, 39, 40, 26, 48, 9, 51, 33, 34, 54, 55, 23, 44]],
[174, [5, 21, 30, 31, 4, 18, 39, 40, 47, 61, 9, 51, 13, 35, 53, 63, 43, 58]],
[174, [5, 21, 30, 31, 4, 18, 39, 40, 47, 61, 9, 51, 33, 34, 54, 55, 43, 58]],
[174, [5, 21, 30, 31, 17, 19, 41, 57, 8, 25, 28, 29, 13, 35, 53, 63, 23, 44]],
[174, [5, 21, 30, 31, 17, 19, 41, 57, 8, 25, 28, 29, 33, 34, 54, 55, 23, 44]],
[174, [5, 21, 30, 31, 17, 19, 41, 57, 24, 46, 28, 29, 13, 35, 53, 63, 43, 58]],
[174, [5, 21, 30, 31, 17, 19, 41, 57, 24, 46, 28, 29, 33, 34, 54, 55, 43, 58]],
[174, [5, 21, 30, 31, 17, 19, 41, 57, 26, 48, 28, 29, 13, 35, 53, 63, 45, 60]],
[174, [5, 21, 30, 31, 17, 19, 41, 57, 26, 48, 28, 29, 33, 34, 54, 55, 45, 60]],
[174, [5, 21, 30, 31, 17, 19, 41, 57, 47, 61, 28, 29, 13, 35, 53, 63, 59, 64]],
[174, [5, 21, 30, 31, 17, 19, 41, 57, 47, 61, 28, 29, 33, 34, 54, 55, 59, 64]],
[174, [5, 21, 30, 31, 19, 39, 40, 41, 8, 25, 9, 51, 13, 35, 53, 63, 23, 44]],
[174, [5, 21, 30, 31, 19, 39, 40, 41, 8, 25, 9, 51, 33, 34, 54, 55, 23, 44]],
[174, [5, 21, 30, 31, 19, 39, 40, 41, 24, 46, 9, 51, 13, 35, 53, 63, 43, 58]],
[174, [5, 21, 30, 31, 19, 39, 40, 41, 24, 46, 9, 51, 33, 34, 54, 55, 43, 58]],
[174, [5, 21, 30, 31, 19, 39, 40, 41, 26, 48, 9, 51, 13, 35, 53, 63, 45, 60]],
[174, [5, 21, 30, 31, 19, 39, 40, 41, 26, 48, 9, 51, 33, 34, 54, 55, 45, 60]],
[174, [5, 21, 30, 31, 19, 39, 40, 41, 47, 61, 9, 51, 13, 35, 53, 63, 59, 64]],
[174, [5, 21, 30, 31, 19, 39, 40, 41, 47, 61, 9, 51, 33, 34, 54, 55, 59, 64]],
[174, [5, 21, 31, 52, 4, 17, 18, 57, 8, 48, 27, 49, 13, 35, 53, 63, 58, 59]],
[174, [5, 21, 31, 52, 4, 17, 18, 57, 8, 48, 27, 49, 33, 34, 54, 55, 58, 59]],
[174, [5, 21, 31, 52, 4, 17, 18, 57, 24, 61, 27, 49, 13, 35, 53, 63, 23, 60]],
[174, [5, 21, 31, 52, 4, 17, 18, 57, 24, 61, 27, 49, 33, 34, 54, 55, 23, 60]],
[174, [5, 21, 31, 52, 4, 17, 18, 57, 25, 26, 27, 49, 13, 35, 53, 63, 43, 64]],
[174, [5, 21, 31, 52, 4, 17, 18, 57, 25, 26, 27, 49, 33, 34, 54, 55, 43, 64]],
[174, [5, 21, 31, 52, 4, 17, 18, 57, 46, 47, 27, 49, 13, 35, 53, 63, 44, 45]],
[174, [5, 21, 31, 52, 4, 17, 18, 57, 46, 47, 27, 49, 33, 34, 54, 55, 44, 45]],
[174, [5, 21, 31, 52, 4, 18, 39, 40, 8, 48, 27, 49, 13, 35, 53, 63, 43, 64]],
[174, [5, 21, 31, 52, 4, 18, 39, 40, 8, 48, 27, 49, 33, 34, 54, 55, 43, 64]],
[174, [5, 21, 31, 52, 4, 18, 39, 40, 24, 61, 27, 49, 13, 35, 53, 63, 44, 45]],
[174, [5, 21, 31, 52, 4, 18, 39, 40, 24, 61, 27, 49, 33, 34, 54, 55, 44, 45]],
[174, [5, 21, 31, 52, 4, 18, 39, 40, 25, 26, 27, 49, 13, 35, 53, 63, 58, 59]],
[174, [5, 21, 31, 52, 4, 18, 39, 40, 25, 26, 27, 49, 33, 34, 54, 55, 58, 59]],
[174, [5, 21, 31, 52, 4, 18, 39, 40, 46, 47, 27, 49, 13, 35, 53, 63, 23, 60]],
[174, [5, 21, 31, 52, 4, 18, 39, 40, 46, 47, 27, 49, 33, 34, 54, 55, 23, 60]],
[174, [5, 21, 31, 52, 17, 19, 41, 57, 8, 48, 50, 62, 13, 35, 53, 63, 58, 59]],
[174, [5, 21, 31, 52, 17, 19, 41, 57, 8, 48, 50, 62, 33, 34, 54, 55, 58, 59]],
[174, [5, 21, 31, 52, 17, 19, 41, 57, 24, 61, 50, 62, 13, 35, 53, 63, 23, 60]],
[174, [5, 21, 31, 52, 17, 19, 41, 57, 24, 61, 50, 62, 33, 34, 54, 55, 23, 60]],
[174, [5, 21, 31, 52, 17, 19, 41, 57, 25, 26, 50, 62, 13, 35, 53, 63, 43, 64]],
[174, [5, 21, 31, 52, 17, 19, 41, 57, 25, 26, 50, 62, 33, 34, 54, 55, 43, 64]],
[174, [5, 21, 31, 52, 17, 19, 41, 57, 46, 47, 50, 62, 13, 35, 53, 63, 44, 45]],
[174, [5, 21, 31, 52, 17, 19, 41, 57, 46, 47, 50, 62, 33, 34, 54, 55, 44, 45]],
[174, [5, 21, 31, 52, 19, 39, 40, 41, 8, 48, 50, 62, 13, 35, 53, 63, 43, 64]],
[174, [5, 21, 31, 52, 19, 39, 40, 41, 8, 48, 50, 62, 33, 34, 54, 55, 43, 64]],
[174, [5, 21, 31, 52, 19, 39, 40, 41, 24, 61, 50, 62, 13, 35, 53, 63, 44, 45]],
[174, [5, 21, 31, 52, 19, 39, 40, 41, 24, 61, 50, 62, 33, 34, 54, 55, 44, 45]],
[174, [5, 21, 31, 52, 19, 39, 40, 41, 25, 26, 50, 62, 13, 35, 53, 63, 58, 59]],
[174, [5, 21, 31, 52, 19, 39, 40, 41, 25, 26, 50, 62, 33, 34, 54, 55, 58, 59]],
[174, [5, 21, 31, 52, 19, 39, 40, 41, 46, 47, 50, 62, 13, 35, 53, 63, 23, 60]],
[174, [5, 21, 31, 52, 19, 39, 40, 41, 46, 47, 50, 62, 33, 34, 54, 55, 23, 60]],
[174, [20, 42, 2, 11, 3, 14, 16, 37, 4, 17, 18, 57, 8, 48, 29, 51, 58, 59]],
[174, [20, 42, 2, 11, 3, 14, 16, 37, 4, 17, 18, 57, 24, 61, 29, 51, 23, 60]],
[174, [20, 42, 2, 11, 3, 14, 16, 37, 4, 17, 18, 57, 25, 26, 29, 51, 43, 64]],
[174, [20, 42, 2, 11, 3, 14, 16, 37, 4, 17, 18, 57, 46, 47, 29, 51, 44, 45]],
[174, [20, 42, 2, 11, 3, 14, 16, 37, 4, 18, 39, 40, 8, 48, 29, 51, 43, 64]],
[174, [20, 42, 2, 11, 3, 14, 16, 37, 4, 18, 39, 40, 24, 61, 29, 51, 44, 45]],
[174, [20, 42, 2, 11, 3, 14, 16, 37, 4, 18, 39, 40, 25, 26, 29, 51, 58, 59]],
[174, [20, 42, 2, 11, 3, 14, 16, 37, 4, 18, 39, 40, 46, 47, 29, 51, 23, 60]],
[174, [20, 42, 2, 11, 3, 14, 16, 37, 17, 19, 41, 57, 8, 48, 9, 28, 58, 59]],
[174, [20, 42, 2, 11, 3, 14, 16, 37, 17, 19, 41, 57, 24, 61, 9, 28, 23, 60]],
[174, [20, 42, 2, 11, 3, 14, 16, 37, 17, 19, 41, 57, 25, 26, 9, 28, 43, 64]],
[174, [20, 42, 2, 11, 3, 14, 16, 37, 17, 19, 41, 57, 46, 47, 9, 28, 44, 45]],
[174, [20, 42, 2, 11, 3, 14, 16, 37, 19, 39, 40, 41, 8, 48, 9, 28, 43, 64]],
[174, [20, 42, 2, 11, 3, 14, 16, 37, 19, 39, 40, 41, 24, 61, 9, 28, 44, 45]],
[174, [20, 42, 2, 11, 3, 14, 16, 37, 19, 39, 40, 41, 25, 26, 9, 28, 58, 59]],
[174, [20, 42, 2, 11, 3, 14, 16, 37, 19, 39, 40, 41, 46, 47, 9, 28, 23, 60]],
[174, [20, 42, 2, 11, 15, 36, 38, 56, 4, 17, 18, 57, 8, 48, 29, 51, 58, 59]],
[174, [20, 42, 2, 11, 15, 36, 38, 56, 4, 17, 18, 57, 24, 61, 29, 51, 23, 60]],
[174, [20, 42, 2, 11, 15, 36, 38, 56, 4, 17, 18, 57, 25, 26, 29, 51, 43, 64]],
[174, [20, 42, 2, 11, 15, 36, 38, 56, 4, 17, 18, 57, 46, 47, 29, 51, 44, 45]],
[174, [20, 42, 2, 11, 15, 36, 38, 56, 4, 18, 39, 40, 8, 48, 29, 51, 43, 64]],
[174, [20, 42, 2, 11, 15, 36, 38, 56, 4, 18, 39, 40, 24, 61, 29, 51, 44, 45]],
[174, [20, 42, 2, 11, 15, 36, 38, 56, 4, 18, 39, 40, 25, 26, 29, 51, 58, 59]],
[174, [20, 42, 2, 11, 15, 36, 38, 56, 4, 18, 39, 40, 46, 47, 29, 51, 23, 60]],
[174, [20, 42, 2, 11, 15, 36, 38, 56, 17, 19, 41, 57, 8, 48, 9, 28, 58, 59]],
[174, [20, 42, 2, 11, 15, 36, 38, 56, 17, 19, 41, 57, 24, 61, 9, 28, 23, 60]],
[174, [20, 42, 2, 11, 15, 36, 38, 56, 17, 19, 41, 57, 25, 26, 9, 28, 43, 64]],
[174, [20, 42, 2, 11, 15, 36, 38, 56, 17, 19, 41, 57, 46, 47, 9, 28, 44, 45]],
[174, [20, 42, 2, 11, 15, 36, 38, 56, 19, 39, 40, 41, 8, 48, 9, 28, 43, 64]],
[174, [20, 42, 2, 11, 15, 36, 38, 56, 19, 39, 40, 41, 24, 61, 9, 28, 44, 45]],
[174, [20, 42, 2, 11, 15, 36, 38, 56, 19, 39, 40, 41, 25, 26, 9, 28, 58, 59]],
[174, [20, 42, 2, 11, 15, 36, 38, 56, 19, 39, 40, 41, 46, 47, 9, 28, 23, 60]],
[174, [20, 42, 2, 32, 3, 14, 16, 37, 4, 17, 18, 57, 8, 25, 49, 50, 45, 60]],
[174, [20, 42, 2, 32, 3, 14, 16, 37, 4, 17, 18, 57, 24, 46, 49, 50, 59, 64]],
[174, [20, 42, 2, 32, 3, 14, 16, 37, 4, 17, 18, 57, 26, 48, 49, 50, 23, 44]],
[174, [20, 42, 2, 32, 3, 14, 16, 37, 4, 17, 18, 57, 47, 61, 49, 50, 43, 58]],
[174, [20, 42, 2, 32, 3, 14, 16, 37, 4, 18, 39, 40, 8, 25, 27, 62, 45, 60]],
[174, [20, 42, 2, 32, 3, 14, 16, 37, 4, 18, 39, 40, 24, 46, 27, 62, 59, 64]],
[174, [20, 42, 2, 32, 3, 14, 16, 37, 4, 18, 39, 40, 26, 48, 27, 62, 23, 44]],
[174, [20, 42, 2, 32, 3, 14, 16, 37, 4, 18, 39, 40, 47, 61, 27, 62, 43, 58]],
[174, [20, 42, 2, 32, 3, 14, 16, 37, 17, 19, 41, 57, 8, 25, 49, 50, 23, 44]],
[174, [20, 42, 2, 32, 3, 14, 16, 37, 17, 19, 41, 57, 24, 46, 49, 50, 43, 58]],
[174, [20, 42, 2, 32, 3, 14, 16, 37, 17, 19, 41, 57, 26, 48, 49, 50, 45, 60]],
[174, [20, 42, 2, 32, 3, 14, 16, 37, 17, 19, 41, 57, 47, 61, 49, 50, 59, 64]],
[174, [20, 42, 2, 32, 3, 14, 16, 37, 19, 39, 40, 41, 8, 25, 27, 62, 23, 44]],
[174, [20, 42, 2, 32, 3, 14, 16, 37, 19, 39, 40, 41, 24, 46, 27, 62, 43, 58]],
[174, [20, 42, 2, 32, 3, 14, 16, 37, 19, 39, 40, 41, 26, 48, 27, 62, 45, 60]],
[174, [20, 42, 2, 32, 3, 14, 16, 37, 19, 39, 40, 41, 47, 61, 27, 62, 59, 64]],
[174, [20, 42, 2, 32, 15, 36, 38, 56, 4, 17, 18, 57, 8, 25, 49, 50, 45, 60]],
[174, [20, 42, 2, 32, 15, 36, 38, 56, 4, 17, 18, 57, 24, 46, 49, 50, 59, 64]],
[174, [20, 42, 2, 32, 15, 36, 38, 56, 4, 17, 18, 57, 26, 48, 49, 50, 23, 44]],
[174, [20, 42, 2, 32, 15, 36, 38, 56, 4, 17, 18, 57, 47, 61, 49, 50, 43, 58]],
[174, [20, 42, 2, 32, 15, 36, 38, 56, 4, 18, 39, 40, 8, 25, 27, 62, 45, 60]],
[174, [20, 42, 2, 32, 15, 36, 38, 56, 4, 18, 39, 40, 24, 46, 27, 62, 59, 64]],
[174, [20, 42, 2, 32, 15, 36, 38, 56, 4, 18, 39, 40, 26, 48, 27, 62, 23, 44]],
[174, [20, 42, 2, 32, 15, 36, 38, 56, 4, 18, 39, 40, 47, 61, 27, 62, 43, 58]],
[174, [20, 42, 2, 32, 15, 36, 38, 56, 17, 19, 41, 57, 8, 25, 49, 50, 23, 44]],
[174, [20, 42, 2, 32, 15, 36, 38, 56, 17, 19, 41, 57, 24, 46, 49, 50, 43, 58]],
[174, [20, 42, 2, 32, 15, 36, 38, 56, 17, 19, 41, 57, 26, 48, 49, 50, 45, 60]],
[174, [20, 42, 2, 32, 15, 36, 38, 56, 17, 19, 41, 57, 47, 61, 49, 50, 59, 64]],
[174, [20, 42, 2, 32, 15, 36, 38, 56, 19, 39, 40, 41, 8, 25, 27, 62, 23, 44]],
[174, [20, 42, 2, 32, 15, 36, 38, 56, 19, 39, 40, 41, 24, 46, 27, 62, 43, 58]],
[174, [20, 42, 2, 32, 15, 36, 38, 56, 19, 39, 40, 41, 26, 48, 27, 62, 45, 60]],
[174, [20, 42, 2, 32, 15, 36, 38, 56, 19, 39, 40, 41, 47, 61, 27, 62, 59, 64]],
[174, [20, 42, 10, 30, 3, 14, 16, 37, 4, 17, 18, 57, 8, 48, 50, 62, 58, 59]],
[174, [20, 42, 10, 30, 3, 14, 16, 37, 4, 17, 18, 57, 24, 61, 50, 62, 23, 60]],
[174, [20, 42, 10, 30, 3, 14, 16, 37, 4, 17, 18, 57, 25, 26, 50, 62, 43, 64]],
[174, [20, 42, 10, 30, 3, 14, 16, 37, 4, 17, 18, 57, 46, 47, 50, 62, 44, 45]],
[174, [20, 42, 10, 30, 3, 14, 16, 37, 4, 18, 39, 40, 8, 48, 50, 62, 43, 64]],
[174, [20, 42, 10, 30, 3, 14, 16, 37, 4, 18, 39, 40, 24, 61, 50, 62, 44, 45]],
[174, [20, 42, 10, 30, 3, 14, 16, 37, 4, 18, 39, 40, 25, 26, 50, 62, 58, 59]],
[174, [20, 42, 10, 30, 3, 14, 16, 37, 4, 18, 39, 40, 46, 47, 50, 62, 23, 60]],
[174, [20, 42, 10, 30, 3, 14, 16, 37, 17, 19, 41, 57, 8, 48, 27, 49, 58, 59]],
[174, [20, 42, 10, 30, 3, 14, 16, 37, 17, 19, 41, 57, 24, 61, 27, 49, 23, 60]],
[174, [20, 42, 10, 30, 3, 14, 16, 37, 17, 19, 41, 57, 25, 26, 27, 49, 43, 64]],
[174, [20, 42, 10, 30, 3, 14, 16, 37, 17, 19, 41, 57, 46, 47, 27, 49, 44, 45]],
[174, [20, 42, 10, 30, 3, 14, 16, 37, 19, 39, 40, 41, 8, 48, 27, 49, 43, 64]],
[174, [20, 42, 10, 30, 3, 14, 16, 37, 19, 39, 40, 41, 24, 61, 27, 49, 44, 45]],
[174, [20, 42, 10, 30, 3, 14, 16, 37, 19, 39, 40, 41, 25, 26, 27, 49, 58, 59]],
[174, [20, 42, 10, 30, 3, 14, 16, 37, 19, 39, 40, 41, 46, 47, 27, 49, 23, 60]],
[174, [20, 42, 10, 30, 15, 36, 38, 56, 4, 17, 18, 57, 8, 48, 50, 62, 58, 59]],
[174, [20, 42, 10, 30, 15, 36, 38, 56, 4, 17, 18, 57, 24, 61, 50, 62, 23, 60]],
[174, [20, 42, 10, 30, 15, 36, 38, 56, 4, 17, 18, 57, 25, 26, 50, 62, 43, 64]],
[174, [20, 42, 10, 30, 15, 36, 38, 56, 4, 17, 18, 57, 46, 47, 50, 62, 44, 45]],
[174, [20, 42, 10, 30, 15, 36, 38, 56, 4, 18, 39, 40, 8, 48, 50, 62, 43, 64]],
[174, [20, 42, 10, 30, 15, 36, 38, 56, 4, 18, 39, 40, 24, 61, 50, 62, 44, 45]],
[174, [20, 42, 10, 30, 15, 36, 38, 56, 4, 18, 39, 40, 25, 26, 50, 62, 58, 59]],
[174, [20, 42, 10, 30, 15, 36, 38, 56, 4, 18, 39, 40, 46, 47, 50, 62, 23, 60]],
[174, [20, 42, 10, 30, 15, 36, 38, 56, 17, 19, 41, 57, 8, 48, 27, 49, 58, 59]],
[174, [20, 42, 10, 30, 15, 36, 38, 56, 17, 19, 41, 57, 24, 61, 27, 49, 23, 60]],
[174, [20, 42, 10, 30, 15, 36, 38, 56, 17, 19, 41, 57, 25, 26, 27, 49, 43, 64]],
[174, [20, 42, 10, 30, 15, 36, 38, 56, 17, 19, 41, 57, 46, 47, 27, 49, 44, 45]],
[174, [20, 42, 10, 30, 15, 36, 38, 56, 19, 39, 40, 41, 8, 48, 27, 49, 43, 64]],
[174, [20, 42, 10, 30, 15, 36, 38, 56, 19, 39, 40, 41, 24, 61, 27, 49, 44, 45]],
[174, [20, 42, 10, 30, 15, 36, 38, 56, 19, 39, 40, 41, 25, 26, 27, 49, 58, 59]],
[174, [20, 42, 10, 30, 15, 36, 38, 56, 19, 39, 40, 41, 46, 47, 27, 49, 23, 60]],
[174, [20, 42, 10, 52, 3, 14, 16, 37, 4, 17, 18, 57, 8, 25, 9, 51, 45, 60]],
[174, [20, 42, 10, 52, 3, 14, 16, 37, 4, 17, 18, 57, 24, 46, 9, 51, 59, 64]],
[174, [20, 42, 10, 52, 3, 14, 16, 37, 4, 17, 18, 57, 26, 48, 9, 51, 23, 44]],
[174, [20, 42, 10, 52, 3, 14, 16, 37, 4, 17, 18, 57, 47, 61, 9, 51, 43, 58]],
[174, [20, 42, 10, 52, 3, 14, 16, 37, 4, 18, 39, 40, 8, 25, 28, 29, 45, 60]],
[174, [20, 42, 10, 52, 3, 14, 16, 37, 4, 18, 39, 40, 24, 46, 28, 29, 59, 64]],
[174, [20, 42, 10, 52, 3, 14, 16, 37, 4, 18, 39, 40, 26, 48, 28, 29, 23, 44]],
[174, [20, 42, 10, 52, 3, 14, 16, 37, 4, 18, 39, 40, 47, 61, 28, 29, 43, 58]],
[174, [20, 42, 10, 52, 3, 14, 16, 37, 17, 19, 41, 57, 8, 25, 9, 51, 23, 44]],
[174, [20, 42, 10, 52, 3, 14, 16, 37, 17, 19, 41, 57, 24, 46, 9, 51, 43, 58]],
[174, [20, 42, 10, 52, 3, 14, 16, 37, 17, 19, 41, 57, 26, 48, 9, 51, 45, 60]],
[174, [20, 42, 10, 52, 3, 14, 16, 37, 17, 19, 41, 57, 47, 61, 9, 51, 59, 64]],
[174, [20, 42, 10, 52, 3, 14, 16, 37, 19, 39, 40, 41, 8, 25, 28, 29, 23, 44]],
[174, [20, 42, 10, 52, 3, 14, 16, 37, 19, 39, 40, 41, 24, 46, 28, 29, 43, 58]],
[174, [20, 42, 10, 52, 3, 14, 16, 37, 19, 39, 40, 41, 26, 48, 28, 29, 45, 60]],
[174, [20, 42, 10, 52, 3, 14, 16, 37, 19, 39, 40, 41, 47, 61, 28, 29, 59, 64]],
[174, [20, 42, 10, 52, 15, 36, 38, 56, 4, 17, 18, 57, 8, 25, 9, 51, 45, 60]],
[174, [20, 42, 10, 52, 15, 36, 38, 56, 4, 17, 18, 57, 24, 46, 9, 51, 59, 64]],
[174, [20, 42, 10, 52, 15, 36, 38, 56, 4, 17, 18, 57, 26, 48, 9, 51, 23, 44]],
[174, [20, 42, 10, 52, 15, 36, 38, 56, 4, 17, 18, 57, 47, 61, 9, 51, 43, 58]],
[174, [20, 42, 10, 52, 15, 36, 38, 56, 4, 18, 39, 40, 8, 25, 28, 29, 45, 60]],
[174, [20, 42, 10, 52, 15, 36, 38, 56, 4, 18, 39, 40, 24, 46, 28, 29, 59, 64]],
[174, [20, 42, 10, 52, 15, 36, 38, 56, 4, 18, 39, 40, 26, 48, 28, 29, 23, 44]],
[174, [20, 42, 10, 52, 15, 36, 38, 56, 4, 18, 39, 40, 47, 61, 28, 29, 43, 58]],
[174, [20, 42, 10, 52, 15, 36, 38, 56, 17, 19, 41, 57, 8, 25, 9, 51, 23, 44]],
[174, [20, 42, 10, 52, 15, 36, 38, 56, 17, 19, 41, 57, 24, 46, 9, 51, 43, 58]],
[174, [20, 42, 10, 52, 15, 36, 38, 56, 17, 19, 41, 57, 26, 48, 9, 51, 45, 60]],
[174, [20, 42, 10, 52, 15, 36, 38, 56, 17, 19, 41, 57, 47, 61, 9, 51, 59, 64]],
[174, [20, 42, 10, 52, 15, 36, 38, 56, 19, 39, 40, 41, 8, 25, 28, 29, 23, 44]],
[174, [20, 42, 10, 52, 15, 36, 38, 56, 19, 39, 40, 41, 24, 46, 28, 29, 43, 58]],
[174, [20, 42, 10, 52, 15, 36, 38, 56, 19, 39, 40, 41, 26, 48, 28, 29, 45, 60]],
[174, [20, 42, 10, 52, 15, 36, 38, 56, 19, 39, 40, 41, 47, 61, 28, 29, 59, 64]],
[174, [20, 42, 11, 12, 3, 14, 16, 37, 4, 17, 18, 57, 8, 25, 27, 62, 45, 60]],
[174, [20, 42, 11, 12, 3, 14, 16, 37, 4, 17, 18, 57, 24, 46, 27, 62, 59, 64]],
[174, [20, 42, 11, 12, 3, 14, 16, 37, 4, 17, 18, 57, 26, 48, 27, 62, 23, 44]],
[174, [20, 42, 11, 12, 3, 14, 16, 37, 4, 17, 18, 57, 47, 61, 27, 62, 43, 58]],
[174, [20, 42, 11, 12, 3, 14, 16, 37, 4, 18, 39, 40, 8, 25, 49, 50, 45, 60]],
[174, [20, 42, 11, 12, 3, 14, 16, 37, 4, 18, 39, 40, 24, 46, 49, 50, 59, 64]],
[174, [20, 42, 11, 12, 3, 14, 16, 37, 4, 18, 39, 40, 26, 48, 49, 50, 23, 44]],
[174, [20, 42, 11, 12, 3, 14, 16, 37, 4, 18, 39, 40, 47, 61, 49, 50, 43, 58]],
[174, [20, 42, 11, 12, 3, 14, 16, 37, 17, 19, 41, 57, 8, 25, 27, 62, 23, 44]],
[174, [20, 42, 11, 12, 3, 14, 16, 37, 17, 19, 41, 57, 24, 46, 27, 62, 43, 58]],
[174, [20, 42, 11, 12, 3, 14, 16, 37, 17, 19, 41, 57, 26, 48, 27, 62, 45, 60]],
[174, [20, 42, 11, 12, 3, 14, 16, 37, 17, 19, 41, 57, 47, 61, 27, 62, 59, 64]],
[174, [20, 42, 11, 12, 3, 14, 16, 37, 19, 39, 40, 41, 8, 25, 49, 50, 23, 44]],
[174, [20, 42, 11, 12, 3, 14, 16, 37, 19, 39, 40, 41, 24, 46, 49, 50, 43, 58]],
[174, [20, 42, 11, 12, 3, 14, 16, 37, 19, 39, 40, 41, 26, 48, 49, 50, 45, 60]],
[174, [20, 42, 11, 12, 3, 14, 16, 37, 19, 39, 40, 41, 47, 61, 49, 50, 59, 64]],
[174, [20, 42, 11, 12, 15, 36, 38, 56, 4, 17, 18, 57, 8, 25, 27, 62, 45, 60]],
[174, [20, 42, 11, 12, 15, 36, 38, 56, 4, 17, 18, 57, 24, 46, 27, 62, 59, 64]],
[174, [20, 42, 11, 12, 15, 36, 38, 56, 4, 17, 18, 57, 26, 48, 27, 62, 23, 44]],
[174, [20, 42, 11, 12, 15, 36, 38, 56, 4, 17, 18, 57, 47, 61, 27, 62, 43, 58]],
[174, [20, 42, 11, 12, 15, 36, 38, 56, 4, 18, 39, 40, 8, 25, 49, 50, 45, 60]],
[174, [20, 42, 11, 12, 15, 36, 38, 56, 4, 18, 39, 40, 24, 46, 49, 50, 59, 64]],
[174, [20, 42, 11, 12, 15, 36, 38, 56, 4, 18, 39, 40, 26, 48, 49, 50, 23, 44]],
[174, [20, 42, 11, 12, 15, 36, 38, 56, 4, 18, 39, 40, 47, 61, 49, 50, 43, 58]],
[174, [20, 42, 11, 12, 15, 36, 38, 56, 17, 19, 41, 57, 8, 25, 27, 62, 23, 44]],
[174, [20, 42, 11, 12, 15, 36, 38, 56, 17, 19, 41, 57, 24, 46, 27, 62, 43, 58]],
[174, [20, 42, 11, 12, 15, 36, 38, 56, 17, 19, 41, 57, 26, 48, 27, 62, 45, 60]],
[174, [20, 42, 11, 12, 15, 36, 38, 56, 17, 19, 41, 57, 47, 61, 27, 62, 59, 64]],
[174, [20, 42, 11, 12, 15, 36, 38, 56, 19, 39, 40, 41, 8, 25, 49, 50, 23, 44]],
[174, [20, 42, 11, 12, 15, 36, 38, 56, 19, 39, 40, 41, 24, 46, 49, 50, 43, 58]],
[174, [20, 42, 11, 12, 15, 36, 38, 56, 19, 39, 40, 41, 26, 48, 49, 50, 45, 60]],
[174, [20, 42, 11, 12, 15, 36, 38, 56, 19, 39, 40, 41, 47, 61, 49, 50, 59, 64]],
[174, [20, 42, 12, 32, 3, 14, 16, 37, 4, 17, 18, 57, 8, 48, 9, 28, 58, 59]],
[174, [20, 42, 12, 32, 3, 14, 16, 37, 4, 17, 18, 57, 24, 61, 9, 28, 23, 60]],
[174, [20, 42, 12, 32, 3, 14, 16, 37, 4, 17, 18, 57, 25, 26, 9, 28, 43, 64]],
[174, [20, 42, 12, 32, 3, 14, 16, 37, 4, 17, 18, 57, 46, 47, 9, 28, 44, 45]],
[174, [20, 42, 12, 32, 3, 14, 16, 37, 4, 18, 39, 40, 8, 48, 9, 28, 43, 64]],
[174, [20, 42, 12, 32, 3, 14, 16, 37, 4, 18, 39, 40, 24, 61, 9, 28, 44, 45]],
[174, [20, 42, 12, 32, 3, 14, 16, 37, 4, 18, 39, 40, 25, 26, 9, 28, 58, 59]],
[174, [20, 42, 12, 32, 3, 14, 16, 37, 4, 18, 39, 40, 46, 47, 9, 28, 23, 60]],
[174, [20, 42, 12, 32, 3, 14, 16, 37, 17, 19, 41, 57, 8, 48, 29, 51, 58, 59]],
[174, [20, 42, 12, 32, 3, 14, 16, 37, 17, 19, 41, 57, 24, 61, 29, 51, 23, 60]],
[174, [20, 42, 12, 32, 3, 14, 16, 37, 17, 19, 41, 57, 25, 26, 29, 51, 43, 64]],
[174, [20, 42, 12, 32, 3, 14, 16, 37, 17, 19, 41, 57, 46, 47, 29, 51, 44, 45]],
[174, [20, 42, 12, 32, 3, 14, 16, 37, 19, 39, 40, 41, 8, 48, 29, 51, 43, 64]],
[174, [20, 42, 12, 32, 3, 14, 16, 37, 19, 39, 40, 41, 24, 61, 29, 51, 44, 45]],
[174, [20, 42, 12, 32, 3, 14, 16, 37, 19, 39, 40, 41, 25, 26, 29, 51, 58, 59]],
[174, [20, 42, 12, 32, 3, 14, 16, 37, 19, 39, 40, 41, 46, 47, 29, 51, 23, 60]],
[174, [20, 42, 12, 32, 15, 36, 38, 56, 4, 17, 18, 57, 8, 48, 9, 28, 58, 59]],
[174, [20, 42, 12, 32, 15, 36, 38, 56, 4, 17, 18, 57, 24, 61, 9, 28, 23, 60]],
[174, [20, 42, 12, 32, 15, 36, 38, 56, 4, 17, 18, 57, 25, 26, 9, 28, 43, 64]],
[174, [20, 42, 12, 32, 15, 36, 38, 56, 4, 17, 18, 57, 46, 47, 9, 28, 44, 45]],
[174, [20, 42, 12, 32, 15, 36, 38, 56, 4, 18, 39, 40, 8, 48, 9, 28, 43, 64]],
[174, [20, 42, 12, 32, 15, 36, 38, 56, 4, 18, 39, 40, 24, 61, 9, 28, 44, 45]],
[174, [20, 42, 12, 32, 15, 36, 38, 56, 4, 18, 39, 40, 25, 26, 9, 28, 58, 59]],
[174, [20, 42, 12, 32, 15, 36, 38, 56, 4, 18, 39, 40, 46, 47, 9, 28, 23, 60]],
[174, [20, 42, 12, 32, 15, 36, 38, 56, 17, 19, 41, 57, 8, 48, 29, 51, 58, 59]],
[174, [20, 42, 12, 32, 15, 36, 38, 56, 17, 19, 41, 57, 24, 61, 29, 51, 23, 60]],
[174, [20, 42, 12, 32, 15, 36, 38, 56, 17, 19, 41, 57, 25, 26, 29, 51, 43, 64]],
[174, [20, 42, 12, 32, 15, 36, 38, 56, 17, 19, 41, 57, 46, 47, 29, 51, 44, 45]],
[174, [20, 42, 12, 32, 15, 36, 38, 56, 19, 39, 40, 41, 8, 48, 29, 51, 43, 64]],
[174, [20, 42, 12, 32, 15, 36, 38, 56, 19, 39, 40, 41, 24, 61, 29, 51, 44, 45]],
[174, [20, 42, 12, 32, 15, 36, 38, 56, 19, 39, 40, 41, 25, 26, 29, 51, 58, 59]],
[174, [20, 42, 12, 32, 15, 36, 38, 56, 19, 39, 40, 41, 46, 47, 29, 51, 23, 60]],
[174, [20, 42, 30, 31, 3, 14, 16, 37, 4, 17, 18, 57, 8, 25, 28, 29, 45, 60]],
[174, [20, 42, 30, 31, 3, 14, 16, 37, 4, 17, 18, 57, 24, 46, 28, 29, 59, 64]],
[174, [20, 42, 30, 31, 3, 14, 16, 37, 4, 17, 18, 57, 26, 48, 28, 29, 23, 44]],
[174, [20, 42, 30, 31, 3, 14, 16, 37, 4, 17, 18, 57, 47, 61, 28, 29, 43, 58]],
[174, [20, 42, 30, 31, 3, 14, 16, 37, 4, 18, 39, 40, 8, 25, 9, 51, 45, 60]],
[174, [20, 42, 30, 31, 3, 14, 16, 37, 4, 18, 39, 40, 24, 46, 9, 51, 59, 64]],
[174, [20, 42, 30, 31, 3, 14, 16, 37, 4, 18, 39, 40, 26, 48, 9, 51, 23, 44]],
[174, [20, 42, 30, 31, 3, 14, 16, 37, 4, 18, 39, 40, 47, 61, 9, 51, 43, 58]],
[174, [20, 42, 30, 31, 3, 14, 16, 37, 17, 19, 41, 57, 8, 25, 28, 29, 23, 44]],
[174, [20, 42, 30, 31, 3, 14, 16, 37, 17, 19, 41, 57, 24, 46, 28, 29, 43, 58]],
[174, [20, 42, 30, 31, 3, 14, 16, 37, 17, 19, 41, 57, 26, 48, 28, 29, 45, 60]],
[174, [20, 42, 30, 31, 3, 14, 16, 37, 17, 19, 41, 57, 47, 61, 28, 29, 59, 64]],
[174, [20, 42, 30, 31, 3, 14, 16, 37, 19, 39, 40, 41, 8, 25, 9, 51, 23, 44]],
[174, [20, 42, 30, 31, 3, 14, 16, 37, 19, 39, 40, 41, 24, 46, 9, 51, 43, 58]],
[174, [20, 42, 30, 31, 3, 14, 16, 37, 19, 39, 40, 41, 26, 48, 9, 51, 45, 60]],
[174, [20, 42, 30, 31, 3, 14, 16, 37, 19, 39, 40, 41, 47, 61, 9, 51, 59, 64]],
[174, [20, 42, 30, 31, 15, 36, 38, 56, 4, 17, 18, 57, 8, 25, 28, 29, 45, 60]],
[174, [20, 42, 30, 31, 15, 36, 38, 56, 4, 17, 18, 57, 24, 46, 28, 29, 59, 64]],
[174, [20, 42, 30, 31, 15, 36, 38, 56, 4, 17, 18, 57, 26, 48, 28, 29, 23, 44]],
[174, [20, 42, 30, 31, 15, 36, 38, 56, 4, 17, 18, 57, 47, 61, 28, 29, 43, 58]],
[174, [20, 42, 30, 31, 15, 36, 38, 56, 4, 18, 39, 40, 8, 25, 9, 51, 45, 60]],
[174, [20, 42, 30, 31, 15, 36, 38, 56, 4, 18, 39, 40, 24, 46, 9, 51, 59, 64]],
[174, [20, 42, 30, 31, 15, 36, 38, 56, 4, 18, 39, 40, 26, 48, 9, 51, 23, 44]],
[174, [20, 42, 30, 31, 15, 36, 38, 56, 4, 18, 39, 40, 47, 61, 9, 51, 43, 58]],
[174, [20, 42, 30, 31, 15, 36, 38, 56, 17, 19, 41, 57, 8, 25, 28, 29, 23, 44]],
[174, [20, 42, 30, 31, 15, 36, 38, 56, 17, 19, 41, 57, 24, 46, 28, 29, 43, 58]],
[174, [20, 42, 30, 31, 15, 36, 38, 56, 17, 19, 41, 57, 26, 48, 28, 29, 45, 60]],
[174, [20, 42, 30, 31, 15, 36, 38, 56, 17, 19, 41, 57, 47, 61, 28, 29, 59, 64]],
[174, [20, 42, 30, 31, 15, 36, 38, 56, 19, 39, 40, 41, 8, 25, 9, 51, 23, 44]],
[174, [20, 42, 30, 31, 15, 36, 38, 56, 19, 39, 40, 41, 24, 46, 9, 51, 43, 58]],
[174, [20, 42, 30, 31, 15, 36, 38, 56, 19, 39, 40, 41, 26, 48, 9, 51, 45, 60]],
[174, [20, 42, 30, 31, 15, 36, 38, 56, 19, 39, 40, 41, 47, 61, 9, 51, 59, 64]],
[174, [20, 42, 31, 52, 3, 14, 16, 37, 4, 17, 18, 57, 8, 48, 27, 49, 58, 59]],
[174, [20, 42, 31, 52, 3, 14, 16, 37, 4, 17, 18, 57, 24, 61, 27, 49, 23, 60]],
[174, [20, 42, 31, 52, 3, 14, 16, 37, 4, 17, 18, 57, 25, 26, 27, 49, 43, 64]],
[174, [20, 42, 31, 52, 3, 14, 16, 37, 4, 17, 18, 57, 46, 47, 27, 49, 44, 45]],
[174, [20, 42, 31, 52, 3, 14, 16, 37, 4, 18, 39, 40, 8, 48, 27, 49, 43, 64]],
[174, [20, 42, 31, 52, 3, 14, 16, 37, 4, 18, 39, 40, 24, 61, 27, 49, 44, 45]],
[174, [20, 42, 31, 52, 3, 14, 16, 37, 4, 18, 39, 40, 25, 26, 27, 49, 58, 59]],
[174, [20, 42, 31, 52, 3, 14, 16, 37, 4, 18, 39, 40, 46, 47, 27, 49, 23, 60]],
[174, [20, 42, 31, 52, 3, 14, 16, 37, 17, 19, 41, 57, 8, 48, 50, 62, 58, 59]],
[174, [20, 42, 31, 52, 3, 14, 16, 37, 17, 19, 41, 57, 24, 61, 50, 62, 23, 60]],
[174, [20, 42, 31, 52, 3, 14, 16, 37, 17, 19, 41, 57, 25, 26, 50, 62, 43, 64]],
[174, [20, 42, 31, 52, 3, 14, 16, 37, 17, 19, 41, 57, 46, 47, 50, 62, 44, 45]],
[174, [20, 42, 31, 52, 3, 14, 16, 37, 19, 39, 40, 41, 8, 48, 50, 62, 43, 64]],
[174, [20, 42, 31, 52, 3, 14, 16, 37, 19, 39, 40, 41, 24, 61, 50, 62, 44, 45]],
[174, [20, 42, 31, 52, 3, 14, 16, 37, 19, 39, 40, 41, 25, 26, 50, 62, 58, 59]],
[174, [20, 42, 31, 52, 3, 14, 16, 37, 19, 39, 40, 41, 46, 47, 50, 62, 23, 60]],
[174, [20, 42, 31, 52, 15, 36, 38, 56, 4, 17, 18, 57, 8, 48, 27, 49, 58, 59]],
[174, [20, 42, 31, 52, 15, 36, 38, 56, 4, 17, 18, 57, 24, 61, 27, 49, 23, 60]],
[174, [20, 42, 31, 52, 15, 36, 38, 56, 4, 17, 18, 57, 25, 26, 27, 49, 43, 64]],
[174, [20, 42, 31, 52, 15, 36, 38, 56, 4, 17, 18, 57, 46, 47, 27, 49, 44, 45]],
[174, [20, 42, 31, 52, 15, 36, 38, 56, 4, 18, 39, 40, 8, 48, 27, 49, 43, 64]],
[174, [20, 42, 31, 52, 15, 36, 38, 56, 4, 18, 39, 40, 24, 61, 27, 49, 44, 45]],
[174, [20, 42, 31, 52, 15, 36, 38, 56, 4, 18, 39, 40, 25, 26, 27, 49, 58, 59]],
[174, [20, 42, 31, 52, 15, 36, 38, 56, 4, 18, 39, 40, 46, 47, 27, 49, 23, 60]],
[174, [20, 42, 31, 52, 15, 36, 38, 56, 17, 19, 41, 57, 8, 48, 50, 62, 58, 59]],
[174, [20, 42, 31, 52, 15, 36, 38, 56, 17, 19, 41, 57, 24, 61, 50, 62, 23, 60]],
[174, [20, 42, 31, 52, 15, 36, 38, 56, 17, 19, 41, 57, 25, 26, 50, 62, 43, 64]],
[174, [20, 42, 31, 52, 15, 36, 38, 56, 17, 19, 41, 57, 46, 47, 50, 62, 44, 45]],
[174, [20, 42, 31, 52, 15, 36, 38, 56, 19, 39, 40, 41, 8, 48, 50, 62, 43, 64]],
[174, [20, 42, 31, 52, 15, 36, 38, 56, 19, 39, 40, 41, 24, 61, 50, 62, 44, 45]],
[174, [20, 42, 31, 52, 15, 36, 38, 56, 19, 39, 40, 41, 25, 26, 50, 62, 58, 59]],
[174, [20, 42, 31, 52, 15, 36, 38, 56, 19, 39, 40, 41, 46, 47, 50, 62, 23, 60]]];
