pds_list := [[67, [7, 20, 3, 37, 4, 17, 18, 19, 8, 25, 9, 27, 51, 62, 53, 55, 59, 64]],
[67, [7, 20, 3, 37, 4, 17, 18, 19, 8, 25, 28, 29, 49, 50, 53, 55, 59, 64]],
[67, [7, 20, 3, 37, 4, 17, 18, 19, 24, 46, 9, 27, 51, 62, 53, 55, 45, 60]],
[67, [7, 20, 3, 37, 4, 17, 18, 19, 24, 46, 28, 29, 49, 50, 53, 55, 45, 60]],
[67, [7, 20, 3, 37, 4, 17, 18, 19, 26, 48, 9, 27, 51, 62, 53, 55, 43, 58]],
[67, [7, 20, 3, 37, 4, 17, 18, 19, 26, 48, 28, 29, 49, 50, 53, 55, 43, 58]],
[67, [7, 20, 3, 37, 4, 17, 18, 19, 47, 61, 9, 27, 51, 62, 53, 55, 23, 44]],
[67, [7, 20, 3, 37, 4, 17, 18, 19, 47, 61, 28, 29, 49, 50, 53, 55, 23, 44]],
[67, [7, 20, 3, 37, 4, 17, 39, 40, 8, 25, 9, 27, 51, 62, 34, 63, 45, 60]],
[67, [7, 20, 3, 37, 4, 17, 39, 40, 8, 25, 28, 29, 49, 50, 34, 63, 45, 60]],
[67, [7, 20, 3, 37, 4, 17, 39, 40, 24, 46, 9, 27, 51, 62, 34, 63, 59, 64]],
[67, [7, 20, 3, 37, 4, 17, 39, 40, 24, 46, 28, 29, 49, 50, 34, 63, 59, 64]],
[67, [7, 20, 3, 37, 4, 17, 39, 40, 26, 48, 9, 27, 51, 62, 34, 63, 23, 44]],
[67, [7, 20, 3, 37, 4, 17, 39, 40, 26, 48, 28, 29, 49, 50, 34, 63, 23, 44]],
[67, [7, 20, 3, 37, 4, 17, 39, 40, 47, 61, 9, 27, 51, 62, 34, 63, 43, 58]],
[67, [7, 20, 3, 37, 4, 17, 39, 40, 47, 61, 28, 29, 49, 50, 34, 63, 43, 58]],
[67, [7, 20, 3, 37, 4, 18, 39, 41, 8, 25, 9, 27, 51, 62, 33, 35, 59, 64]],
[67, [7, 20, 3, 37, 4, 18, 39, 41, 8, 25, 28, 29, 49, 50, 33, 35, 59, 64]],
[67, [7, 20, 3, 37, 4, 18, 39, 41, 24, 46, 9, 27, 51, 62, 33, 35, 45, 60]],
[67, [7, 20, 3, 37, 4, 18, 39, 41, 24, 46, 28, 29, 49, 50, 33, 35, 45, 60]],
[67, [7, 20, 3, 37, 4, 18, 39, 41, 26, 48, 9, 27, 51, 62, 33, 35, 43, 58]],
[67, [7, 20, 3, 37, 4, 18, 39, 41, 26, 48, 28, 29, 49, 50, 33, 35, 43, 58]],
[67, [7, 20, 3, 37, 4, 18, 39, 41, 47, 61, 9, 27, 51, 62, 33, 35, 23, 44]],
[67, [7, 20, 3, 37, 4, 18, 39, 41, 47, 61, 28, 29, 49, 50, 33, 35, 23, 44]],
[67, [7, 20, 3, 37, 4, 19, 40, 41, 8, 25, 9, 27, 51, 62, 34, 63, 43, 58]],
[67, [7, 20, 3, 37, 4, 19, 40, 41, 8, 25, 28, 29, 49, 50, 34, 63, 43, 58]],
[67, [7, 20, 3, 37, 4, 19, 40, 41, 24, 46, 9, 27, 51, 62, 34, 63, 23, 44]],
[67, [7, 20, 3, 37, 4, 19, 40, 41, 24, 46, 28, 29, 49, 50, 34, 63, 23, 44]],
[67, [7, 20, 3, 37, 4, 19, 40, 41, 26, 48, 9, 27, 51, 62, 34, 63, 59, 64]],
[67, [7, 20, 3, 37, 4, 19, 40, 41, 26, 48, 28, 29, 49, 50, 34, 63, 59, 64]],
[67, [7, 20, 3, 37, 4, 19, 40, 41, 47, 61, 9, 27, 51, 62, 34, 63, 45, 60]],
[67, [7, 20, 3, 37, 4, 19, 40, 41, 47, 61, 28, 29, 49, 50, 34, 63, 45, 60]],
[67, [7, 20, 3, 37, 17, 18, 39, 57, 8, 25, 9, 27, 51, 62, 13, 54, 45, 60]],
[67, [7, 20, 3, 37, 17, 18, 39, 57, 8, 25, 28, 29, 49, 50, 13, 54, 45, 60]],
[67, [7, 20, 3, 37, 17, 18, 39, 57, 24, 46, 9, 27, 51, 62, 13, 54, 59, 64]],
[67, [7, 20, 3, 37, 17, 18, 39, 57, 24, 46, 28, 29, 49, 50, 13, 54, 59, 64]],
[67, [7, 20, 3, 37, 17, 18, 39, 57, 26, 48, 9, 27, 51, 62, 13, 54, 23, 44]],
[67, [7, 20, 3, 37, 17, 18, 39, 57, 26, 48, 28, 29, 49, 50, 13, 54, 23, 44]],
[67, [7, 20, 3, 37, 17, 18, 39, 57, 47, 61, 9, 27, 51, 62, 13, 54, 43, 58]],
[67, [7, 20, 3, 37, 17, 18, 39, 57, 47, 61, 28, 29, 49, 50, 13, 54, 43, 58]],
[67, [7, 20, 3, 37, 17, 19, 40, 57, 8, 25, 9, 27, 51, 62, 53, 55, 23, 44]],
[67, [7, 20, 3, 37, 17, 19, 40, 57, 8, 25, 28, 29, 49, 50, 53, 55, 23, 44]],
[67, [7, 20, 3, 37, 17, 19, 40, 57, 24, 46, 9, 27, 51, 62, 53, 55, 43, 58]],
[67, [7, 20, 3, 37, 17, 19, 40, 57, 24, 46, 28, 29, 49, 50, 53, 55, 43, 58]],
[67, [7, 20, 3, 37, 17, 19, 40, 57, 26, 48, 9, 27, 51, 62, 53, 55, 45, 60]],
[67, [7, 20, 3, 37, 17, 19, 40, 57, 26, 48, 28, 29, 49, 50, 53, 55, 45, 60]],
[67, [7, 20, 3, 37, 17, 19, 40, 57, 47, 61, 9, 27, 51, 62, 53, 55, 59, 64]],
[67, [7, 20, 3, 37, 17, 19, 40, 57, 47, 61, 28, 29, 49, 50, 53, 55, 59, 64]],
[67, [7, 20, 3, 37, 18, 19, 41, 57, 8, 25, 9, 27, 51, 62, 13, 54, 43, 58]],
[67, [7, 20, 3, 37, 18, 19, 41, 57, 8, 25, 28, 29, 49, 50, 13, 54, 43, 58]],
[67, [7, 20, 3, 37, 18, 19, 41, 57, 24, 46, 9, 27, 51, 62, 13, 54, 23, 44]],
[67, [7, 20, 3, 37, 18, 19, 41, 57, 24, 46, 28, 29, 49, 50, 13, 54, 23, 44]],
[67, [7, 20, 3, 37, 18, 19, 41, 57, 26, 48, 9, 27, 51, 62, 13, 54, 59, 64]],
[67, [7, 20, 3, 37, 18, 19, 41, 57, 26, 48, 28, 29, 49, 50, 13, 54, 59, 64]],
[67, [7, 20, 3, 37, 18, 19, 41, 57, 47, 61, 9, 27, 51, 62, 13, 54, 45, 60]],
[67, [7, 20, 3, 37, 18, 19, 41, 57, 47, 61, 28, 29, 49, 50, 13, 54, 45, 60]],
[67, [7, 20, 3, 37, 39, 40, 41, 57, 8, 25, 9, 27, 51, 62, 33, 35, 23, 44]],
[67, [7, 20, 3, 37, 39, 40, 41, 57, 8, 25, 28, 29, 49, 50, 33, 35, 23, 44]],
[67, [7, 20, 3, 37, 39, 40, 41, 57, 24, 46, 9, 27, 51, 62, 33, 35, 43, 58]],
[67, [7, 20, 3, 37, 39, 40, 41, 57, 24, 46, 28, 29, 49, 50, 33, 35, 43, 58]],
[67, [7, 20, 3, 37, 39, 40, 41, 57, 26, 48, 9, 27, 51, 62, 33, 35, 45, 60]],
[67, [7, 20, 3, 37, 39, 40, 41, 57, 26, 48, 28, 29, 49, 50, 33, 35, 45, 60]],
[67, [7, 20, 3, 37, 39, 40, 41, 57, 47, 61, 9, 27, 51, 62, 33, 35, 59, 64]],
[67, [7, 20, 3, 37, 39, 40, 41, 57, 47, 61, 28, 29, 49, 50, 33, 35, 59, 64]],
[67, [7, 20, 14, 16, 4, 17, 18, 19, 8, 25, 9, 27, 51, 62, 34, 63, 59, 64]],
[67, [7, 20, 14, 16, 4, 17, 18, 19, 8, 25, 28, 29, 49, 50, 34, 63, 59, 64]],
[67, [7, 20, 14, 16, 4, 17, 18, 19, 24, 46, 9, 27, 51, 62, 34, 63, 45, 60]],
[67, [7, 20, 14, 16, 4, 17, 18, 19, 24, 46, 28, 29, 49, 50, 34, 63, 45, 60]],
[67, [7, 20, 14, 16, 4, 17, 18, 19, 26, 48, 9, 27, 51, 62, 34, 63, 43, 58]],
[67, [7, 20, 14, 16, 4, 17, 18, 19, 26, 48, 28, 29, 49, 50, 34, 63, 43, 58]],
[67, [7, 20, 14, 16, 4, 17, 18, 19, 47, 61, 9, 27, 51, 62, 34, 63, 23, 44]],
[67, [7, 20, 14, 16, 4, 17, 18, 19, 47, 61, 28, 29, 49, 50, 34, 63, 23, 44]],
[67, [7, 20, 14, 16, 4, 17, 39, 40, 8, 25, 9, 27, 51, 62, 53, 55, 45, 60]],
[67, [7, 20, 14, 16, 4, 17, 39, 40, 8, 25, 28, 29, 49, 50, 53, 55, 45, 60]],
[67, [7, 20, 14, 16, 4, 17, 39, 40, 24, 46, 9, 27, 51, 62, 53, 55, 59, 64]],
[67, [7, 20, 14, 16, 4, 17, 39, 40, 24, 46, 28, 29, 49, 50, 53, 55, 59, 64]],
[67, [7, 20, 14, 16, 4, 17, 39, 40, 26, 48, 9, 27, 51, 62, 53, 55, 23, 44]],
[67, [7, 20, 14, 16, 4, 17, 39, 40, 26, 48, 28, 29, 49, 50, 53, 55, 23, 44]],
[67, [7, 20, 14, 16, 4, 17, 39, 40, 47, 61, 9, 27, 51, 62, 53, 55, 43, 58]],
[67, [7, 20, 14, 16, 4, 17, 39, 40, 47, 61, 28, 29, 49, 50, 53, 55, 43, 58]],
[67, [7, 20, 14, 16, 4, 18, 39, 41, 8, 25, 9, 27, 51, 62, 13, 54, 59, 64]],
[67, [7, 20, 14, 16, 4, 18, 39, 41, 8, 25, 28, 29, 49, 50, 13, 54, 59, 64]],
[67, [7, 20, 14, 16, 4, 18, 39, 41, 24, 46, 9, 27, 51, 62, 13, 54, 45, 60]],
[67, [7, 20, 14, 16, 4, 18, 39, 41, 24, 46, 28, 29, 49, 50, 13, 54, 45, 60]],
[67, [7, 20, 14, 16, 4, 18, 39, 41, 26, 48, 9, 27, 51, 62, 13, 54, 43, 58]],
[67, [7, 20, 14, 16, 4, 18, 39, 41, 26, 48, 28, 29, 49, 50, 13, 54, 43, 58]],
[67, [7, 20, 14, 16, 4, 18, 39, 41, 47, 61, 9, 27, 51, 62, 13, 54, 23, 44]],
[67, [7, 20, 14, 16, 4, 18, 39, 41, 47, 61, 28, 29, 49, 50, 13, 54, 23, 44]],
[67, [7, 20, 14, 16, 4, 19, 40, 41, 8, 25, 9, 27, 51, 62, 53, 55, 43, 58]],
[67, [7, 20, 14, 16, 4, 19, 40, 41, 8, 25, 28, 29, 49, 50, 53, 55, 43, 58]],
[67, [7, 20, 14, 16, 4, 19, 40, 41, 24, 46, 9, 27, 51, 62, 53, 55, 23, 44]],
[67, [7, 20, 14, 16, 4, 19, 40, 41, 24, 46, 28, 29, 49, 50, 53, 55, 23, 44]],
[67, [7, 20, 14, 16, 4, 19, 40, 41, 26, 48, 9, 27, 51, 62, 53, 55, 59, 64]],
[67, [7, 20, 14, 16, 4, 19, 40, 41, 26, 48, 28, 29, 49, 50, 53, 55, 59, 64]],
[67, [7, 20, 14, 16, 4, 19, 40, 41, 47, 61, 9, 27, 51, 62, 53, 55, 45, 60]],
[67, [7, 20, 14, 16, 4, 19, 40, 41, 47, 61, 28, 29, 49, 50, 53, 55, 45, 60]],
[67, [7, 20, 14, 16, 17, 18, 39, 57, 8, 25, 9, 27, 51, 62, 33, 35, 45, 60]],
[67, [7, 20, 14, 16, 17, 18, 39, 57, 8, 25, 28, 29, 49, 50, 33, 35, 45, 60]],
[67, [7, 20, 14, 16, 17, 18, 39, 57, 24, 46, 9, 27, 51, 62, 33, 35, 59, 64]],
[67, [7, 20, 14, 16, 17, 18, 39, 57, 24, 46, 28, 29, 49, 50, 33, 35, 59, 64]],
[67, [7, 20, 14, 16, 17, 18, 39, 57, 26, 48, 9, 27, 51, 62, 33, 35, 23, 44]],
[67, [7, 20, 14, 16, 17, 18, 39, 57, 26, 48, 28, 29, 49, 50, 33, 35, 23, 44]],
[67, [7, 20, 14, 16, 17, 18, 39, 57, 47, 61, 9, 27, 51, 62, 33, 35, 43, 58]],
[67, [7, 20, 14, 16, 17, 18, 39, 57, 47, 61, 28, 29, 49, 50, 33, 35, 43, 58]],
[67, [7, 20, 14, 16, 17, 19, 40, 57, 8, 25, 9, 27, 51, 62, 34, 63, 23, 44]],
[67, [7, 20, 14, 16, 17, 19, 40, 57, 8, 25, 28, 29, 49, 50, 34, 63, 23, 44]],
[67, [7, 20, 14, 16, 17, 19, 40, 57, 24, 46, 9, 27, 51, 62, 34, 63, 43, 58]],
[67, [7, 20, 14, 16, 17, 19, 40, 57, 24, 46, 28, 29, 49, 50, 34, 63, 43, 58]],
[67, [7, 20, 14, 16, 17, 19, 40, 57, 26, 48, 9, 27, 51, 62, 34, 63, 45, 60]],
[67, [7, 20, 14, 16, 17, 19, 40, 57, 26, 48, 28, 29, 49, 50, 34, 63, 45, 60]],
[67, [7, 20, 14, 16, 17, 19, 40, 57, 47, 61, 9, 27, 51, 62, 34, 63, 59, 64]],
[67, [7, 20, 14, 16, 17, 19, 40, 57, 47, 61, 28, 29, 49, 50, 34, 63, 59, 64]],
[67, [7, 20, 14, 16, 18, 19, 41, 57, 8, 25, 9, 27, 51, 62, 33, 35, 43, 58]],
[67, [7, 20, 14, 16, 18, 19, 41, 57, 8, 25, 28, 29, 49, 50, 33, 35, 43, 58]],
[67, [7, 20, 14, 16, 18, 19, 41, 57, 24, 46, 9, 27, 51, 62, 33, 35, 23, 44]],
[67, [7, 20, 14, 16, 18, 19, 41, 57, 24, 46, 28, 29, 49, 50, 33, 35, 23, 44]],
[67, [7, 20, 14, 16, 18, 19, 41, 57, 26, 48, 9, 27, 51, 62, 33, 35, 59, 64]],
[67, [7, 20, 14, 16, 18, 19, 41, 57, 26, 48, 28, 29, 49, 50, 33, 35, 59, 64]],
[67, [7, 20, 14, 16, 18, 19, 41, 57, 47, 61, 9, 27, 51, 62, 33, 35, 45, 60]],
[67, [7, 20, 14, 16, 18, 19, 41, 57, 47, 61, 28, 29, 49, 50, 33, 35, 45, 60]],
[67, [7, 20, 14, 16, 39, 40, 41, 57, 8, 25, 9, 27, 51, 62, 13, 54, 23, 44]],
[67, [7, 20, 14, 16, 39, 40, 41, 57, 8, 25, 28, 29, 49, 50, 13, 54, 23, 44]],
[67, [7, 20, 14, 16, 39, 40, 41, 57, 24, 46, 9, 27, 51, 62, 13, 54, 43, 58]],
[67, [7, 20, 14, 16, 39, 40, 41, 57, 24, 46, 28, 29, 49, 50, 13, 54, 43, 58]],
[67, [7, 20, 14, 16, 39, 40, 41, 57, 26, 48, 9, 27, 51, 62, 13, 54, 45, 60]],
[67, [7, 20, 14, 16, 39, 40, 41, 57, 26, 48, 28, 29, 49, 50, 13, 54, 45, 60]],
[67, [7, 20, 14, 16, 39, 40, 41, 57, 47, 61, 9, 27, 51, 62, 13, 54, 59, 64]],
[67, [7, 20, 14, 16, 39, 40, 41, 57, 47, 61, 28, 29, 49, 50, 13, 54, 59, 64]],
[67, [7, 20, 15, 56, 4, 17, 18, 19, 8, 25, 9, 27, 51, 62, 33, 35, 59, 64]],
[67, [7, 20, 15, 56, 4, 17, 18, 19, 8, 25, 28, 29, 49, 50, 33, 35, 59, 64]],
[67, [7, 20, 15, 56, 4, 17, 18, 19, 24, 46, 9, 27, 51, 62, 33, 35, 45, 60]],
[67, [7, 20, 15, 56, 4, 17, 18, 19, 24, 46, 28, 29, 49, 50, 33, 35, 45, 60]],
[67, [7, 20, 15, 56, 4, 17, 18, 19, 26, 48, 9, 27, 51, 62, 33, 35, 43, 58]],
[67, [7, 20, 15, 56, 4, 17, 18, 19, 26, 48, 28, 29, 49, 50, 33, 35, 43, 58]],
[67, [7, 20, 15, 56, 4, 17, 18, 19, 47, 61, 9, 27, 51, 62, 33, 35, 23, 44]],
[67, [7, 20, 15, 56, 4, 17, 18, 19, 47, 61, 28, 29, 49, 50, 33, 35, 23, 44]],
[67, [7, 20, 15, 56, 4, 17, 39, 40, 8, 25, 9, 27, 51, 62, 13, 54, 45, 60]],
[67, [7, 20, 15, 56, 4, 17, 39, 40, 8, 25, 28, 29, 49, 50, 13, 54, 45, 60]],
[67, [7, 20, 15, 56, 4, 17, 39, 40, 24, 46, 9, 27, 51, 62, 13, 54, 59, 64]],
[67, [7, 20, 15, 56, 4, 17, 39, 40, 24, 46, 28, 29, 49, 50, 13, 54, 59, 64]],
[67, [7, 20, 15, 56, 4, 17, 39, 40, 26, 48, 9, 27, 51, 62, 13, 54, 23, 44]],
[67, [7, 20, 15, 56, 4, 17, 39, 40, 26, 48, 28, 29, 49, 50, 13, 54, 23, 44]],
[67, [7, 20, 15, 56, 4, 17, 39, 40, 47, 61, 9, 27, 51, 62, 13, 54, 43, 58]],
[67, [7, 20, 15, 56, 4, 17, 39, 40, 47, 61, 28, 29, 49, 50, 13, 54, 43, 58]],
[67, [7, 20, 15, 56, 4, 18, 39, 41, 8, 25, 9, 27, 51, 62, 53, 55, 59, 64]],
[67, [7, 20, 15, 56, 4, 18, 39, 41, 8, 25, 28, 29, 49, 50, 53, 55, 59, 64]],
[67, [7, 20, 15, 56, 4, 18, 39, 41, 24, 46, 9, 27, 51, 62, 53, 55, 45, 60]],
[67, [7, 20, 15, 56, 4, 18, 39, 41, 24, 46, 28, 29, 49, 50, 53, 55, 45, 60]],
[67, [7, 20, 15, 56, 4, 18, 39, 41, 26, 48, 9, 27, 51, 62, 53, 55, 43, 58]],
[67, [7, 20, 15, 56, 4, 18, 39, 41, 26, 48, 28, 29, 49, 50, 53, 55, 43, 58]],
[67, [7, 20, 15, 56, 4, 18, 39, 41, 47, 61, 9, 27, 51, 62, 53, 55, 23, 44]],
[67, [7, 20, 15, 56, 4, 18, 39, 41, 47, 61, 28, 29, 49, 50, 53, 55, 23, 44]],
[67, [7, 20, 15, 56, 4, 19, 40, 41, 8, 25, 9, 27, 51, 62, 13, 54, 43, 58]],
[67, [7, 20, 15, 56, 4, 19, 40, 41, 8, 25, 28, 29, 49, 50, 13, 54, 43, 58]],
[67, [7, 20, 15, 56, 4, 19, 40, 41, 24, 46, 9, 27, 51, 62, 13, 54, 23, 44]],
[67, [7, 20, 15, 56, 4, 19, 40, 41, 24, 46, 28, 29, 49, 50, 13, 54, 23, 44]],
[67, [7, 20, 15, 56, 4, 19, 40, 41, 26, 48, 9, 27, 51, 62, 13, 54, 59, 64]],
[67, [7, 20, 15, 56, 4, 19, 40, 41, 26, 48, 28, 29, 49, 50, 13, 54, 59, 64]],
[67, [7, 20, 15, 56, 4, 19, 40, 41, 47, 61, 9, 27, 51, 62, 13, 54, 45, 60]],
[67, [7, 20, 15, 56, 4, 19, 40, 41, 47, 61, 28, 29, 49, 50, 13, 54, 45, 60]],
[67, [7, 20, 15, 56, 17, 18, 39, 57, 8, 25, 9, 27, 51, 62, 34, 63, 45, 60]],
[67, [7, 20, 15, 56, 17, 18, 39, 57, 8, 25, 28, 29, 49, 50, 34, 63, 45, 60]],
[67, [7, 20, 15, 56, 17, 18, 39, 57, 24, 46, 9, 27, 51, 62, 34, 63, 59, 64]],
[67, [7, 20, 15, 56, 17, 18, 39, 57, 24, 46, 28, 29, 49, 50, 34, 63, 59, 64]],
[67, [7, 20, 15, 56, 17, 18, 39, 57, 26, 48, 9, 27, 51, 62, 34, 63, 23, 44]],
[67, [7, 20, 15, 56, 17, 18, 39, 57, 26, 48, 28, 29, 49, 50, 34, 63, 23, 44]],
[67, [7, 20, 15, 56, 17, 18, 39, 57, 47, 61, 9, 27, 51, 62, 34, 63, 43, 58]],
[67, [7, 20, 15, 56, 17, 18, 39, 57, 47, 61, 28, 29, 49, 50, 34, 63, 43, 58]],
[67, [7, 20, 15, 56, 17, 19, 40, 57, 8, 25, 9, 27, 51, 62, 33, 35, 23, 44]],
[67, [7, 20, 15, 56, 17, 19, 40, 57, 8, 25, 28, 29, 49, 50, 33, 35, 23, 44]],
[67, [7, 20, 15, 56, 17, 19, 40, 57, 24, 46, 9, 27, 51, 62, 33, 35, 43, 58]],
[67, [7, 20, 15, 56, 17, 19, 40, 57, 24, 46, 28, 29, 49, 50, 33, 35, 43, 58]],
[67, [7, 20, 15, 56, 17, 19, 40, 57, 26, 48, 9, 27, 51, 62, 33, 35, 45, 60]],
[67, [7, 20, 15, 56, 17, 19, 40, 57, 26, 48, 28, 29, 49, 50, 33, 35, 45, 60]],
[67, [7, 20, 15, 56, 17, 19, 40, 57, 47, 61, 9, 27, 51, 62, 33, 35, 59, 64]],
[67, [7, 20, 15, 56, 17, 19, 40, 57, 47, 61, 28, 29, 49, 50, 33, 35, 59, 64]],
[67, [7, 20, 15, 56, 18, 19, 41, 57, 8, 25, 9, 27, 51, 62, 34, 63, 43, 58]],
[67, [7, 20, 15, 56, 18, 19, 41, 57, 8, 25, 28, 29, 49, 50, 34, 63, 43, 58]],
[67, [7, 20, 15, 56, 18, 19, 41, 57, 24, 46, 9, 27, 51, 62, 34, 63, 23, 44]],
[67, [7, 20, 15, 56, 18, 19, 41, 57, 24, 46, 28, 29, 49, 50, 34, 63, 23, 44]],
[67, [7, 20, 15, 56, 18, 19, 41, 57, 26, 48, 9, 27, 51, 62, 34, 63, 59, 64]],
[67, [7, 20, 15, 56, 18, 19, 41, 57, 26, 48, 28, 29, 49, 50, 34, 63, 59, 64]],
[67, [7, 20, 15, 56, 18, 19, 41, 57, 47, 61, 9, 27, 51, 62, 34, 63, 45, 60]],
[67, [7, 20, 15, 56, 18, 19, 41, 57, 47, 61, 28, 29, 49, 50, 34, 63, 45, 60]],
[67, [7, 20, 15, 56, 39, 40, 41, 57, 8, 25, 9, 27, 51, 62, 53, 55, 23, 44]],
[67, [7, 20, 15, 56, 39, 40, 41, 57, 8, 25, 28, 29, 49, 50, 53, 55, 23, 44]],
[67, [7, 20, 15, 56, 39, 40, 41, 57, 24, 46, 9, 27, 51, 62, 53, 55, 43, 58]],
[67, [7, 20, 15, 56, 39, 40, 41, 57, 24, 46, 28, 29, 49, 50, 53, 55, 43, 58]],
[67, [7, 20, 15, 56, 39, 40, 41, 57, 26, 48, 9, 27, 51, 62, 53, 55, 45, 60]],
[67, [7, 20, 15, 56, 39, 40, 41, 57, 26, 48, 28, 29, 49, 50, 53, 55, 45, 60]],
[67, [7, 20, 15, 56, 39, 40, 41, 57, 47, 61, 9, 27, 51, 62, 53, 55, 59, 64]],
[67, [7, 20, 15, 56, 39, 40, 41, 57, 47, 61, 28, 29, 49, 50, 53, 55, 59, 64]],
[67, [7, 20, 36, 38, 4, 17, 18, 19, 8, 25, 9, 27, 51, 62, 13, 54, 59, 64]],
[67, [7, 20, 36, 38, 4, 17, 18, 19, 8, 25, 28, 29, 49, 50, 13, 54, 59, 64]],
[67, [7, 20, 36, 38, 4, 17, 18, 19, 24, 46, 9, 27, 51, 62, 13, 54, 45, 60]],
[67, [7, 20, 36, 38, 4, 17, 18, 19, 24, 46, 28, 29, 49, 50, 13, 54, 45, 60]],
[67, [7, 20, 36, 38, 4, 17, 18, 19, 26, 48, 9, 27, 51, 62, 13, 54, 43, 58]],
[67, [7, 20, 36, 38, 4, 17, 18, 19, 26, 48, 28, 29, 49, 50, 13, 54, 43, 58]],
[67, [7, 20, 36, 38, 4, 17, 18, 19, 47, 61, 9, 27, 51, 62, 13, 54, 23, 44]],
[67, [7, 20, 36, 38, 4, 17, 18, 19, 47, 61, 28, 29, 49, 50, 13, 54, 23, 44]],
[67, [7, 20, 36, 38, 4, 17, 39, 40, 8, 25, 9, 27, 51, 62, 33, 35, 45, 60]],
[67, [7, 20, 36, 38, 4, 17, 39, 40, 8, 25, 28, 29, 49, 50, 33, 35, 45, 60]],
[67, [7, 20, 36, 38, 4, 17, 39, 40, 24, 46, 9, 27, 51, 62, 33, 35, 59, 64]],
[67, [7, 20, 36, 38, 4, 17, 39, 40, 24, 46, 28, 29, 49, 50, 33, 35, 59, 64]],
[67, [7, 20, 36, 38, 4, 17, 39, 40, 26, 48, 9, 27, 51, 62, 33, 35, 23, 44]],
[67, [7, 20, 36, 38, 4, 17, 39, 40, 26, 48, 28, 29, 49, 50, 33, 35, 23, 44]],
[67, [7, 20, 36, 38, 4, 17, 39, 40, 47, 61, 9, 27, 51, 62, 33, 35, 43, 58]],
[67, [7, 20, 36, 38, 4, 17, 39, 40, 47, 61, 28, 29, 49, 50, 33, 35, 43, 58]],
[67, [7, 20, 36, 38, 4, 18, 39, 41, 8, 25, 9, 27, 51, 62, 34, 63, 59, 64]],
[67, [7, 20, 36, 38, 4, 18, 39, 41, 8, 25, 28, 29, 49, 50, 34, 63, 59, 64]],
[67, [7, 20, 36, 38, 4, 18, 39, 41, 24, 46, 9, 27, 51, 62, 34, 63, 45, 60]],
[67, [7, 20, 36, 38, 4, 18, 39, 41, 24, 46, 28, 29, 49, 50, 34, 63, 45, 60]],
[67, [7, 20, 36, 38, 4, 18, 39, 41, 26, 48, 9, 27, 51, 62, 34, 63, 43, 58]],
[67, [7, 20, 36, 38, 4, 18, 39, 41, 26, 48, 28, 29, 49, 50, 34, 63, 43, 58]],
[67, [7, 20, 36, 38, 4, 18, 39, 41, 47, 61, 9, 27, 51, 62, 34, 63, 23, 44]],
[67, [7, 20, 36, 38, 4, 18, 39, 41, 47, 61, 28, 29, 49, 50, 34, 63, 23, 44]],
[67, [7, 20, 36, 38, 4, 19, 40, 41, 8, 25, 9, 27, 51, 62, 33, 35, 43, 58]],
[67, [7, 20, 36, 38, 4, 19, 40, 41, 8, 25, 28, 29, 49, 50, 33, 35, 43, 58]],
[67, [7, 20, 36, 38, 4, 19, 40, 41, 24, 46, 9, 27, 51, 62, 33, 35, 23, 44]],
[67, [7, 20, 36, 38, 4, 19, 40, 41, 24, 46, 28, 29, 49, 50, 33, 35, 23, 44]],
[67, [7, 20, 36, 38, 4, 19, 40, 41, 26, 48, 9, 27, 51, 62, 33, 35, 59, 64]],
[67, [7, 20, 36, 38, 4, 19, 40, 41, 26, 48, 28, 29, 49, 50, 33, 35, 59, 64]],
[67, [7, 20, 36, 38, 4, 19, 40, 41, 47, 61, 9, 27, 51, 62, 33, 35, 45, 60]],
[67, [7, 20, 36, 38, 4, 19, 40, 41, 47, 61, 28, 29, 49, 50, 33, 35, 45, 60]],
[67, [7, 20, 36, 38, 17, 18, 39, 57, 8, 25, 9, 27, 51, 62, 53, 55, 45, 60]],
[67, [7, 20, 36, 38, 17, 18, 39, 57, 8, 25, 28, 29, 49, 50, 53, 55, 45, 60]],
[67, [7, 20, 36, 38, 17, 18, 39, 57, 24, 46, 9, 27, 51, 62, 53, 55, 59, 64]],
[67, [7, 20, 36, 38, 17, 18, 39, 57, 24, 46, 28, 29, 49, 50, 53, 55, 59, 64]],
[67, [7, 20, 36, 38, 17, 18, 39, 57, 26, 48, 9, 27, 51, 62, 53, 55, 23, 44]],
[67, [7, 20, 36, 38, 17, 18, 39, 57, 26, 48, 28, 29, 49, 50, 53, 55, 23, 44]],
[67, [7, 20, 36, 38, 17, 18, 39, 57, 47, 61, 9, 27, 51, 62, 53, 55, 43, 58]],
[67, [7, 20, 36, 38, 17, 18, 39, 57, 47, 61, 28, 29, 49, 50, 53, 55, 43, 58]],
[67, [7, 20, 36, 38, 17, 19, 40, 57, 8, 25, 9, 27, 51, 62, 13, 54, 23, 44]],
[67, [7, 20, 36, 38, 17, 19, 40, 57, 8, 25, 28, 29, 49, 50, 13, 54, 23, 44]],
[67, [7, 20, 36, 38, 17, 19, 40, 57, 24, 46, 9, 27, 51, 62, 13, 54, 43, 58]],
[67, [7, 20, 36, 38, 17, 19, 40, 57, 24, 46, 28, 29, 49, 50, 13, 54, 43, 58]],
[67, [7, 20, 36, 38, 17, 19, 40, 57, 26, 48, 9, 27, 51, 62, 13, 54, 45, 60]],
[67, [7, 20, 36, 38, 17, 19, 40, 57, 26, 48, 28, 29, 49, 50, 13, 54, 45, 60]],
[67, [7, 20, 36, 38, 17, 19, 40, 57, 47, 61, 9, 27, 51, 62, 13, 54, 59, 64]],
[67, [7, 20, 36, 38, 17, 19, 40, 57, 47, 61, 28, 29, 49, 50, 13, 54, 59, 64]],
[67, [7, 20, 36, 38, 18, 19, 41, 57, 8, 25, 9, 27, 51, 62, 53, 55, 43, 58]],
[67, [7, 20, 36, 38, 18, 19, 41, 57, 8, 25, 28, 29, 49, 50, 53, 55, 43, 58]],
[67, [7, 20, 36, 38, 18, 19, 41, 57, 24, 46, 9, 27, 51, 62, 53, 55, 23, 44]],
[67, [7, 20, 36, 38, 18, 19, 41, 57, 24, 46, 28, 29, 49, 50, 53, 55, 23, 44]],
[67, [7, 20, 36, 38, 18, 19, 41, 57, 26, 48, 9, 27, 51, 62, 53, 55, 59, 64]],
[67, [7, 20, 36, 38, 18, 19, 41, 57, 26, 48, 28, 29, 49, 50, 53, 55, 59, 64]],
[67, [7, 20, 36, 38, 18, 19, 41, 57, 47, 61, 9, 27, 51, 62, 53, 55, 45, 60]],
[67, [7, 20, 36, 38, 18, 19, 41, 57, 47, 61, 28, 29, 49, 50, 53, 55, 45, 60]],
[67, [7, 20, 36, 38, 39, 40, 41, 57, 8, 25, 9, 27, 51, 62, 34, 63, 23, 44]],
[67, [7, 20, 36, 38, 39, 40, 41, 57, 8, 25, 28, 29, 49, 50, 34, 63, 23, 44]],
[67, [7, 20, 36, 38, 39, 40, 41, 57, 24, 46, 9, 27, 51, 62, 34, 63, 43, 58]],
[67, [7, 20, 36, 38, 39, 40, 41, 57, 24, 46, 28, 29, 49, 50, 34, 63, 43, 58]],
[67, [7, 20, 36, 38, 39, 40, 41, 57, 26, 48, 9, 27, 51, 62, 34, 63, 45, 60]],
[67, [7, 20, 36, 38, 39, 40, 41, 57, 26, 48, 28, 29, 49, 50, 34, 63, 45, 60]],
[67, [7, 20, 36, 38, 39, 40, 41, 57, 47, 61, 9, 27, 51, 62, 34, 63, 59, 64]],
[67, [7, 20, 36, 38, 39, 40, 41, 57, 47, 61, 28, 29, 49, 50, 34, 63, 59, 64]],
[67, [5, 22, 2, 12, 30, 52, 3, 37, 4, 17, 18, 19, 8, 25, 53, 55, 59, 64]],
[67, [5, 22, 2, 12, 30, 52, 3, 37, 4, 17, 18, 19, 24, 46, 53, 55, 45, 60]],
[67, [5, 22, 2, 12, 30, 52, 3, 37, 4, 17, 18, 19, 26, 48, 53, 55, 43, 58]],
[67, [5, 22, 2, 12, 30, 52, 3, 37, 4, 17, 18, 19, 47, 61, 53, 55, 23, 44]],
[67, [5, 22, 2, 12, 30, 52, 3, 37, 4, 17, 39, 40, 8, 25, 34, 63, 45, 60]],
[67, [5, 22, 2, 12, 30, 52, 3, 37, 4, 17, 39, 40, 24, 46, 34, 63, 59, 64]],
[67, [5, 22, 2, 12, 30, 52, 3, 37, 4, 17, 39, 40, 26, 48, 34, 63, 23, 44]],
[67, [5, 22, 2, 12, 30, 52, 3, 37, 4, 17, 39, 40, 47, 61, 34, 63, 43, 58]],
[67, [5, 22, 2, 12, 30, 52, 3, 37, 4, 18, 39, 41, 8, 25, 33, 35, 59, 64]],
[67, [5, 22, 2, 12, 30, 52, 3, 37, 4, 18, 39, 41, 24, 46, 33, 35, 45, 60]],
[67, [5, 22, 2, 12, 30, 52, 3, 37, 4, 18, 39, 41, 26, 48, 33, 35, 43, 58]],
[67, [5, 22, 2, 12, 30, 52, 3, 37, 4, 18, 39, 41, 47, 61, 33, 35, 23, 44]],
[67, [5, 22, 2, 12, 30, 52, 3, 37, 4, 19, 40, 41, 8, 25, 34, 63, 43, 58]],
[67, [5, 22, 2, 12, 30, 52, 3, 37, 4, 19, 40, 41, 24, 46, 34, 63, 23, 44]],
[67, [5, 22, 2, 12, 30, 52, 3, 37, 4, 19, 40, 41, 26, 48, 34, 63, 59, 64]],
[67, [5, 22, 2, 12, 30, 52, 3, 37, 4, 19, 40, 41, 47, 61, 34, 63, 45, 60]],
[67, [5, 22, 2, 12, 30, 52, 3, 37, 17, 18, 39, 57, 8, 25, 13, 54, 45, 60]],
[67, [5, 22, 2, 12, 30, 52, 3, 37, 17, 18, 39, 57, 24, 46, 13, 54, 59, 64]],
[67, [5, 22, 2, 12, 30, 52, 3, 37, 17, 18, 39, 57, 26, 48, 13, 54, 23, 44]],
[67, [5, 22, 2, 12, 30, 52, 3, 37, 17, 18, 39, 57, 47, 61, 13, 54, 43, 58]],
[67, [5, 22, 2, 12, 30, 52, 3, 37, 17, 19, 40, 57, 8, 25, 53, 55, 23, 44]],
[67, [5, 22, 2, 12, 30, 52, 3, 37, 17, 19, 40, 57, 24, 46, 53, 55, 43, 58]],
[67, [5, 22, 2, 12, 30, 52, 3, 37, 17, 19, 40, 57, 26, 48, 53, 55, 45, 60]],
[67, [5, 22, 2, 12, 30, 52, 3, 37, 17, 19, 40, 57, 47, 61, 53, 55, 59, 64]],
[67, [5, 22, 2, 12, 30, 52, 3, 37, 18, 19, 41, 57, 8, 25, 13, 54, 43, 58]],
[67, [5, 22, 2, 12, 30, 52, 3, 37, 18, 19, 41, 57, 24, 46, 13, 54, 23, 44]],
[67, [5, 22, 2, 12, 30, 52, 3, 37, 18, 19, 41, 57, 26, 48, 13, 54, 59, 64]],
[67, [5, 22, 2, 12, 30, 52, 3, 37, 18, 19, 41, 57, 47, 61, 13, 54, 45, 60]],
[67, [5, 22, 2, 12, 30, 52, 3, 37, 39, 40, 41, 57, 8, 25, 33, 35, 23, 44]],
[67, [5, 22, 2, 12, 30, 52, 3, 37, 39, 40, 41, 57, 24, 46, 33, 35, 43, 58]],
[67, [5, 22, 2, 12, 30, 52, 3, 37, 39, 40, 41, 57, 26, 48, 33, 35, 45, 60]],
[67, [5, 22, 2, 12, 30, 52, 3, 37, 39, 40, 41, 57, 47, 61, 33, 35, 59, 64]],
[67, [5, 22, 2, 12, 30, 52, 14, 16, 4, 17, 18, 19, 8, 25, 34, 63, 59, 64]],
[67, [5, 22, 2, 12, 30, 52, 14, 16, 4, 17, 18, 19, 24, 46, 34, 63, 45, 60]],
[67, [5, 22, 2, 12, 30, 52, 14, 16, 4, 17, 18, 19, 26, 48, 34, 63, 43, 58]],
[67, [5, 22, 2, 12, 30, 52, 14, 16, 4, 17, 18, 19, 47, 61, 34, 63, 23, 44]],
[67, [5, 22, 2, 12, 30, 52, 14, 16, 4, 17, 39, 40, 8, 25, 53, 55, 45, 60]],
[67, [5, 22, 2, 12, 30, 52, 14, 16, 4, 17, 39, 40, 24, 46, 53, 55, 59, 64]],
[67, [5, 22, 2, 12, 30, 52, 14, 16, 4, 17, 39, 40, 26, 48, 53, 55, 23, 44]],
[67, [5, 22, 2, 12, 30, 52, 14, 16, 4, 17, 39, 40, 47, 61, 53, 55, 43, 58]],
[67, [5, 22, 2, 12, 30, 52, 14, 16, 4, 18, 39, 41, 8, 25, 13, 54, 59, 64]],
[67, [5, 22, 2, 12, 30, 52, 14, 16, 4, 18, 39, 41, 24, 46, 13, 54, 45, 60]],
[67, [5, 22, 2, 12, 30, 52, 14, 16, 4, 18, 39, 41, 26, 48, 13, 54, 43, 58]],
[67, [5, 22, 2, 12, 30, 52, 14, 16, 4, 18, 39, 41, 47, 61, 13, 54, 23, 44]],
[67, [5, 22, 2, 12, 30, 52, 14, 16, 4, 19, 40, 41, 8, 25, 53, 55, 43, 58]],
[67, [5, 22, 2, 12, 30, 52, 14, 16, 4, 19, 40, 41, 24, 46, 53, 55, 23, 44]],
[67, [5, 22, 2, 12, 30, 52, 14, 16, 4, 19, 40, 41, 26, 48, 53, 55, 59, 64]],
[67, [5, 22, 2, 12, 30, 52, 14, 16, 4, 19, 40, 41, 47, 61, 53, 55, 45, 60]],
[67, [5, 22, 2, 12, 30, 52, 14, 16, 17, 18, 39, 57, 8, 25, 33, 35, 45, 60]],
[67, [5, 22, 2, 12, 30, 52, 14, 16, 17, 18, 39, 57, 24, 46, 33, 35, 59, 64]],
[67, [5, 22, 2, 12, 30, 52, 14, 16, 17, 18, 39, 57, 26, 48, 33, 35, 23, 44]],
[67, [5, 22, 2, 12, 30, 52, 14, 16, 17, 18, 39, 57, 47, 61, 33, 35, 43, 58]],
[67, [5, 22, 2, 12, 30, 52, 14, 16, 17, 19, 40, 57, 8, 25, 34, 63, 23, 44]],
[67, [5, 22, 2, 12, 30, 52, 14, 16, 17, 19, 40, 57, 24, 46, 34, 63, 43, 58]],
[67, [5, 22, 2, 12, 30, 52, 14, 16, 17, 19, 40, 57, 26, 48, 34, 63, 45, 60]],
[67, [5, 22, 2, 12, 30, 52, 14, 16, 17, 19, 40, 57, 47, 61, 34, 63, 59, 64]],
[67, [5, 22, 2, 12, 30, 52, 14, 16, 18, 19, 41, 57, 8, 25, 33, 35, 43, 58]],
[67, [5, 22, 2, 12, 30, 52, 14, 16, 18, 19, 41, 57, 24, 46, 33, 35, 23, 44]],
[67, [5, 22, 2, 12, 30, 52, 14, 16, 18, 19, 41, 57, 26, 48, 33, 35, 59, 64]],
[67, [5, 22, 2, 12, 30, 52, 14, 16, 18, 19, 41, 57, 47, 61, 33, 35, 45, 60]],
[67, [5, 22, 2, 12, 30, 52, 14, 16, 39, 40, 41, 57, 8, 25, 13, 54, 23, 44]],
[67, [5, 22, 2, 12, 30, 52, 14, 16, 39, 40, 41, 57, 24, 46, 13, 54, 43, 58]],
[67, [5, 22, 2, 12, 30, 52, 14, 16, 39, 40, 41, 57, 26, 48, 13, 54, 45, 60]],
[67, [5, 22, 2, 12, 30, 52, 14, 16, 39, 40, 41, 57, 47, 61, 13, 54, 59, 64]],
[67, [5, 22, 2, 12, 30, 52, 15, 56, 4, 17, 18, 19, 8, 25, 33, 35, 59, 64]],
[67, [5, 22, 2, 12, 30, 52, 15, 56, 4, 17, 18, 19, 24, 46, 33, 35, 45, 60]],
[67, [5, 22, 2, 12, 30, 52, 15, 56, 4, 17, 18, 19, 26, 48, 33, 35, 43, 58]],
[67, [5, 22, 2, 12, 30, 52, 15, 56, 4, 17, 18, 19, 47, 61, 33, 35, 23, 44]],
[67, [5, 22, 2, 12, 30, 52, 15, 56, 4, 17, 39, 40, 8, 25, 13, 54, 45, 60]],
[67, [5, 22, 2, 12, 30, 52, 15, 56, 4, 17, 39, 40, 24, 46, 13, 54, 59, 64]],
[67, [5, 22, 2, 12, 30, 52, 15, 56, 4, 17, 39, 40, 26, 48, 13, 54, 23, 44]],
[67, [5, 22, 2, 12, 30, 52, 15, 56, 4, 17, 39, 40, 47, 61, 13, 54, 43, 58]],
[67, [5, 22, 2, 12, 30, 52, 15, 56, 4, 18, 39, 41, 8, 25, 53, 55, 59, 64]],
[67, [5, 22, 2, 12, 30, 52, 15, 56, 4, 18, 39, 41, 24, 46, 53, 55, 45, 60]],
[67, [5, 22, 2, 12, 30, 52, 15, 56, 4, 18, 39, 41, 26, 48, 53, 55, 43, 58]],
[67, [5, 22, 2, 12, 30, 52, 15, 56, 4, 18, 39, 41, 47, 61, 53, 55, 23, 44]],
[67, [5, 22, 2, 12, 30, 52, 15, 56, 4, 19, 40, 41, 8, 25, 13, 54, 43, 58]],
[67, [5, 22, 2, 12, 30, 52, 15, 56, 4, 19, 40, 41, 24, 46, 13, 54, 23, 44]],
[67, [5, 22, 2, 12, 30, 52, 15, 56, 4, 19, 40, 41, 26, 48, 13, 54, 59, 64]],
[67, [5, 22, 2, 12, 30, 52, 15, 56, 4, 19, 40, 41, 47, 61, 13, 54, 45, 60]],
[67, [5, 22, 2, 12, 30, 52, 15, 56, 17, 18, 39, 57, 8, 25, 34, 63, 45, 60]],
[67, [5, 22, 2, 12, 30, 52, 15, 56, 17, 18, 39, 57, 24, 46, 34, 63, 59, 64]],
[67, [5, 22, 2, 12, 30, 52, 15, 56, 17, 18, 39, 57, 26, 48, 34, 63, 23, 44]],
[67, [5, 22, 2, 12, 30, 52, 15, 56, 17, 18, 39, 57, 47, 61, 34, 63, 43, 58]],
[67, [5, 22, 2, 12, 30, 52, 15, 56, 17, 19, 40, 57, 8, 25, 33, 35, 23, 44]],
[67, [5, 22, 2, 12, 30, 52, 15, 56, 17, 19, 40, 57, 24, 46, 33, 35, 43, 58]],
[67, [5, 22, 2, 12, 30, 52, 15, 56, 17, 19, 40, 57, 26, 48, 33, 35, 45, 60]],
[67, [5, 22, 2, 12, 30, 52, 15, 56, 17, 19, 40, 57, 47, 61, 33, 35, 59, 64]],
[67, [5, 22, 2, 12, 30, 52, 15, 56, 18, 19, 41, 57, 8, 25, 34, 63, 43, 58]],
[67, [5, 22, 2, 12, 30, 52, 15, 56, 18, 19, 41, 57, 24, 46, 34, 63, 23, 44]],
[67, [5, 22, 2, 12, 30, 52, 15, 56, 18, 19, 41, 57, 26, 48, 34, 63, 59, 64]],
[67, [5, 22, 2, 12, 30, 52, 15, 56, 18, 19, 41, 57, 47, 61, 34, 63, 45, 60]],
[67, [5, 22, 2, 12, 30, 52, 15, 56, 39, 40, 41, 57, 8, 25, 53, 55, 23, 44]],
[67, [5, 22, 2, 12, 30, 52, 15, 56, 39, 40, 41, 57, 24, 46, 53, 55, 43, 58]],
[67, [5, 22, 2, 12, 30, 52, 15, 56, 39, 40, 41, 57, 26, 48, 53, 55, 45, 60]],
[67, [5, 22, 2, 12, 30, 52, 15, 56, 39, 40, 41, 57, 47, 61, 53, 55, 59, 64]],
[67, [5, 22, 2, 12, 30, 52, 36, 38, 4, 17, 18, 19, 8, 25, 13, 54, 59, 64]],
[67, [5, 22, 2, 12, 30, 52, 36, 38, 4, 17, 18, 19, 24, 46, 13, 54, 45, 60]],
[67, [5, 22, 2, 12, 30, 52, 36, 38, 4, 17, 18, 19, 26, 48, 13, 54, 43, 58]],
[67, [5, 22, 2, 12, 30, 52, 36, 38, 4, 17, 18, 19, 47, 61, 13, 54, 23, 44]],
[67, [5, 22, 2, 12, 30, 52, 36, 38, 4, 17, 39, 40, 8, 25, 33, 35, 45, 60]],
[67, [5, 22, 2, 12, 30, 52, 36, 38, 4, 17, 39, 40, 24, 46, 33, 35, 59, 64]],
[67, [5, 22, 2, 12, 30, 52, 36, 38, 4, 17, 39, 40, 26, 48, 33, 35, 23, 44]],
[67, [5, 22, 2, 12, 30, 52, 36, 38, 4, 17, 39, 40, 47, 61, 33, 35, 43, 58]],
[67, [5, 22, 2, 12, 30, 52, 36, 38, 4, 18, 39, 41, 8, 25, 34, 63, 59, 64]],
[67, [5, 22, 2, 12, 30, 52, 36, 38, 4, 18, 39, 41, 24, 46, 34, 63, 45, 60]],
[67, [5, 22, 2, 12, 30, 52, 36, 38, 4, 18, 39, 41, 26, 48, 34, 63, 43, 58]],
[67, [5, 22, 2, 12, 30, 52, 36, 38, 4, 18, 39, 41, 47, 61, 34, 63, 23, 44]],
[67, [5, 22, 2, 12, 30, 52, 36, 38, 4, 19, 40, 41, 8, 25, 33, 35, 43, 58]],
[67, [5, 22, 2, 12, 30, 52, 36, 38, 4, 19, 40, 41, 24, 46, 33, 35, 23, 44]],
[67, [5, 22, 2, 12, 30, 52, 36, 38, 4, 19, 40, 41, 26, 48, 33, 35, 59, 64]],
[67, [5, 22, 2, 12, 30, 52, 36, 38, 4, 19, 40, 41, 47, 61, 33, 35, 45, 60]],
[67, [5, 22, 2, 12, 30, 52, 36, 38, 17, 18, 39, 57, 8, 25, 53, 55, 45, 60]],
[67, [5, 22, 2, 12, 30, 52, 36, 38, 17, 18, 39, 57, 24, 46, 53, 55, 59, 64]],
[67, [5, 22, 2, 12, 30, 52, 36, 38, 17, 18, 39, 57, 26, 48, 53, 55, 23, 44]],
[67, [5, 22, 2, 12, 30, 52, 36, 38, 17, 18, 39, 57, 47, 61, 53, 55, 43, 58]],
[67, [5, 22, 2, 12, 30, 52, 36, 38, 17, 19, 40, 57, 8, 25, 13, 54, 23, 44]],
[67, [5, 22, 2, 12, 30, 52, 36, 38, 17, 19, 40, 57, 24, 46, 13, 54, 43, 58]],
[67, [5, 22, 2, 12, 30, 52, 36, 38, 17, 19, 40, 57, 26, 48, 13, 54, 45, 60]],
[67, [5, 22, 2, 12, 30, 52, 36, 38, 17, 19, 40, 57, 47, 61, 13, 54, 59, 64]],
[67, [5, 22, 2, 12, 30, 52, 36, 38, 18, 19, 41, 57, 8, 25, 53, 55, 43, 58]],
[67, [5, 22, 2, 12, 30, 52, 36, 38, 18, 19, 41, 57, 24, 46, 53, 55, 23, 44]],
[67, [5, 22, 2, 12, 30, 52, 36, 38, 18, 19, 41, 57, 26, 48, 53, 55, 59, 64]],
[67, [5, 22, 2, 12, 30, 52, 36, 38, 18, 19, 41, 57, 47, 61, 53, 55, 45, 60]],
[67, [5, 22, 2, 12, 30, 52, 36, 38, 39, 40, 41, 57, 8, 25, 34, 63, 23, 44]],
[67, [5, 22, 2, 12, 30, 52, 36, 38, 39, 40, 41, 57, 24, 46, 34, 63, 43, 58]],
[67, [5, 22, 2, 12, 30, 52, 36, 38, 39, 40, 41, 57, 26, 48, 34, 63, 45, 60]],
[67, [5, 22, 2, 12, 30, 52, 36, 38, 39, 40, 41, 57, 47, 61, 34, 63, 59, 64]],
[67, [5, 22, 10, 11, 31, 32, 3, 37, 4, 17, 18, 19, 8, 25, 53, 55, 59, 64]],
[67, [5, 22, 10, 11, 31, 32, 3, 37, 4, 17, 18, 19, 24, 46, 53, 55, 45, 60]],
[67, [5, 22, 10, 11, 31, 32, 3, 37, 4, 17, 18, 19, 26, 48, 53, 55, 43, 58]],
[67, [5, 22, 10, 11, 31, 32, 3, 37, 4, 17, 18, 19, 47, 61, 53, 55, 23, 44]],
[67, [5, 22, 10, 11, 31, 32, 3, 37, 4, 17, 39, 40, 8, 25, 34, 63, 45, 60]],
[67, [5, 22, 10, 11, 31, 32, 3, 37, 4, 17, 39, 40, 24, 46, 34, 63, 59, 64]],
[67, [5, 22, 10, 11, 31, 32, 3, 37, 4, 17, 39, 40, 26, 48, 34, 63, 23, 44]],
[67, [5, 22, 10, 11, 31, 32, 3, 37, 4, 17, 39, 40, 47, 61, 34, 63, 43, 58]],
[67, [5, 22, 10, 11, 31, 32, 3, 37, 4, 18, 39, 41, 8, 25, 33, 35, 59, 64]],
[67, [5, 22, 10, 11, 31, 32, 3, 37, 4, 18, 39, 41, 24, 46, 33, 35, 45, 60]],
[67, [5, 22, 10, 11, 31, 32, 3, 37, 4, 18, 39, 41, 26, 48, 33, 35, 43, 58]],
[67, [5, 22, 10, 11, 31, 32, 3, 37, 4, 18, 39, 41, 47, 61, 33, 35, 23, 44]],
[67, [5, 22, 10, 11, 31, 32, 3, 37, 4, 19, 40, 41, 8, 25, 34, 63, 43, 58]],
[67, [5, 22, 10, 11, 31, 32, 3, 37, 4, 19, 40, 41, 24, 46, 34, 63, 23, 44]],
[67, [5, 22, 10, 11, 31, 32, 3, 37, 4, 19, 40, 41, 26, 48, 34, 63, 59, 64]],
[67, [5, 22, 10, 11, 31, 32, 3, 37, 4, 19, 40, 41, 47, 61, 34, 63, 45, 60]],
[67, [5, 22, 10, 11, 31, 32, 3, 37, 17, 18, 39, 57, 8, 25, 13, 54, 45, 60]],
[67, [5, 22, 10, 11, 31, 32, 3, 37, 17, 18, 39, 57, 24, 46, 13, 54, 59, 64]],
[67, [5, 22, 10, 11, 31, 32, 3, 37, 17, 18, 39, 57, 26, 48, 13, 54, 23, 44]],
[67, [5, 22, 10, 11, 31, 32, 3, 37, 17, 18, 39, 57, 47, 61, 13, 54, 43, 58]],
[67, [5, 22, 10, 11, 31, 32, 3, 37, 17, 19, 40, 57, 8, 25, 53, 55, 23, 44]],
[67, [5, 22, 10, 11, 31, 32, 3, 37, 17, 19, 40, 57, 24, 46, 53, 55, 43, 58]],
[67, [5, 22, 10, 11, 31, 32, 3, 37, 17, 19, 40, 57, 26, 48, 53, 55, 45, 60]],
[67, [5, 22, 10, 11, 31, 32, 3, 37, 17, 19, 40, 57, 47, 61, 53, 55, 59, 64]],
[67, [5, 22, 10, 11, 31, 32, 3, 37, 18, 19, 41, 57, 8, 25, 13, 54, 43, 58]],
[67, [5, 22, 10, 11, 31, 32, 3, 37, 18, 19, 41, 57, 24, 46, 13, 54, 23, 44]],
[67, [5, 22, 10, 11, 31, 32, 3, 37, 18, 19, 41, 57, 26, 48, 13, 54, 59, 64]],
[67, [5, 22, 10, 11, 31, 32, 3, 37, 18, 19, 41, 57, 47, 61, 13, 54, 45, 60]],
[67, [5, 22, 10, 11, 31, 32, 3, 37, 39, 40, 41, 57, 8, 25, 33, 35, 23, 44]],
[67, [5, 22, 10, 11, 31, 32, 3, 37, 39, 40, 41, 57, 24, 46, 33, 35, 43, 58]],
[67, [5, 22, 10, 11, 31, 32, 3, 37, 39, 40, 41, 57, 26, 48, 33, 35, 45, 60]],
[67, [5, 22, 10, 11, 31, 32, 3, 37, 39, 40, 41, 57, 47, 61, 33, 35, 59, 64]],
[67, [5, 22, 10, 11, 31, 32, 14, 16, 4, 17, 18, 19, 8, 25, 34, 63, 59, 64]],
[67, [5, 22, 10, 11, 31, 32, 14, 16, 4, 17, 18, 19, 24, 46, 34, 63, 45, 60]],
[67, [5, 22, 10, 11, 31, 32, 14, 16, 4, 17, 18, 19, 26, 48, 34, 63, 43, 58]],
[67, [5, 22, 10, 11, 31, 32, 14, 16, 4, 17, 18, 19, 47, 61, 34, 63, 23, 44]],
[67, [5, 22, 10, 11, 31, 32, 14, 16, 4, 17, 39, 40, 8, 25, 53, 55, 45, 60]],
[67, [5, 22, 10, 11, 31, 32, 14, 16, 4, 17, 39, 40, 24, 46, 53, 55, 59, 64]],
[67, [5, 22, 10, 11, 31, 32, 14, 16, 4, 17, 39, 40, 26, 48, 53, 55, 23, 44]],
[67, [5, 22, 10, 11, 31, 32, 14, 16, 4, 17, 39, 40, 47, 61, 53, 55, 43, 58]],
[67, [5, 22, 10, 11, 31, 32, 14, 16, 4, 18, 39, 41, 8, 25, 13, 54, 59, 64]],
[67, [5, 22, 10, 11, 31, 32, 14, 16, 4, 18, 39, 41, 24, 46, 13, 54, 45, 60]],
[67, [5, 22, 10, 11, 31, 32, 14, 16, 4, 18, 39, 41, 26, 48, 13, 54, 43, 58]],
[67, [5, 22, 10, 11, 31, 32, 14, 16, 4, 18, 39, 41, 47, 61, 13, 54, 23, 44]],
[67, [5, 22, 10, 11, 31, 32, 14, 16, 4, 19, 40, 41, 8, 25, 53, 55, 43, 58]],
[67, [5, 22, 10, 11, 31, 32, 14, 16, 4, 19, 40, 41, 24, 46, 53, 55, 23, 44]],
[67, [5, 22, 10, 11, 31, 32, 14, 16, 4, 19, 40, 41, 26, 48, 53, 55, 59, 64]],
[67, [5, 22, 10, 11, 31, 32, 14, 16, 4, 19, 40, 41, 47, 61, 53, 55, 45, 60]],
[67, [5, 22, 10, 11, 31, 32, 14, 16, 17, 18, 39, 57, 8, 25, 33, 35, 45, 60]],
[67, [5, 22, 10, 11, 31, 32, 14, 16, 17, 18, 39, 57, 24, 46, 33, 35, 59, 64]],
[67, [5, 22, 10, 11, 31, 32, 14, 16, 17, 18, 39, 57, 26, 48, 33, 35, 23, 44]],
[67, [5, 22, 10, 11, 31, 32, 14, 16, 17, 18, 39, 57, 47, 61, 33, 35, 43, 58]],
[67, [5, 22, 10, 11, 31, 32, 14, 16, 17, 19, 40, 57, 8, 25, 34, 63, 23, 44]],
[67, [5, 22, 10, 11, 31, 32, 14, 16, 17, 19, 40, 57, 24, 46, 34, 63, 43, 58]],
[67, [5, 22, 10, 11, 31, 32, 14, 16, 17, 19, 40, 57, 26, 48, 34, 63, 45, 60]],
[67, [5, 22, 10, 11, 31, 32, 14, 16, 17, 19, 40, 57, 47, 61, 34, 63, 59, 64]],
[67, [5, 22, 10, 11, 31, 32, 14, 16, 18, 19, 41, 57, 8, 25, 33, 35, 43, 58]],
[67, [5, 22, 10, 11, 31, 32, 14, 16, 18, 19, 41, 57, 24, 46, 33, 35, 23, 44]],
[67, [5, 22, 10, 11, 31, 32, 14, 16, 18, 19, 41, 57, 26, 48, 33, 35, 59, 64]],
[67, [5, 22, 10, 11, 31, 32, 14, 16, 18, 19, 41, 57, 47, 61, 33, 35, 45, 60]],
[67, [5, 22, 10, 11, 31, 32, 14, 16, 39, 40, 41, 57, 8, 25, 13, 54, 23, 44]],
[67, [5, 22, 10, 11, 31, 32, 14, 16, 39, 40, 41, 57, 24, 46, 13, 54, 43, 58]],
[67, [5, 22, 10, 11, 31, 32, 14, 16, 39, 40, 41, 57, 26, 48, 13, 54, 45, 60]],
[67, [5, 22, 10, 11, 31, 32, 14, 16, 39, 40, 41, 57, 47, 61, 13, 54, 59, 64]],
[67, [5, 22, 10, 11, 31, 32, 15, 56, 4, 17, 18, 19, 8, 25, 33, 35, 59, 64]],
[67, [5, 22, 10, 11, 31, 32, 15, 56, 4, 17, 18, 19, 24, 46, 33, 35, 45, 60]],
[67, [5, 22, 10, 11, 31, 32, 15, 56, 4, 17, 18, 19, 26, 48, 33, 35, 43, 58]],
[67, [5, 22, 10, 11, 31, 32, 15, 56, 4, 17, 18, 19, 47, 61, 33, 35, 23, 44]],
[67, [5, 22, 10, 11, 31, 32, 15, 56, 4, 17, 39, 40, 8, 25, 13, 54, 45, 60]],
[67, [5, 22, 10, 11, 31, 32, 15, 56, 4, 17, 39, 40, 24, 46, 13, 54, 59, 64]],
[67, [5, 22, 10, 11, 31, 32, 15, 56, 4, 17, 39, 40, 26, 48, 13, 54, 23, 44]],
[67, [5, 22, 10, 11, 31, 32, 15, 56, 4, 17, 39, 40, 47, 61, 13, 54, 43, 58]],
[67, [5, 22, 10, 11, 31, 32, 15, 56, 4, 18, 39, 41, 8, 25, 53, 55, 59, 64]],
[67, [5, 22, 10, 11, 31, 32, 15, 56, 4, 18, 39, 41, 24, 46, 53, 55, 45, 60]],
[67, [5, 22, 10, 11, 31, 32, 15, 56, 4, 18, 39, 41, 26, 48, 53, 55, 43, 58]],
[67, [5, 22, 10, 11, 31, 32, 15, 56, 4, 18, 39, 41, 47, 61, 53, 55, 23, 44]],
[67, [5, 22, 10, 11, 31, 32, 15, 56, 4, 19, 40, 41, 8, 25, 13, 54, 43, 58]],
[67, [5, 22, 10, 11, 31, 32, 15, 56, 4, 19, 40, 41, 24, 46, 13, 54, 23, 44]],
[67, [5, 22, 10, 11, 31, 32, 15, 56, 4, 19, 40, 41, 26, 48, 13, 54, 59, 64]],
[67, [5, 22, 10, 11, 31, 32, 15, 56, 4, 19, 40, 41, 47, 61, 13, 54, 45, 60]],
[67, [5, 22, 10, 11, 31, 32, 15, 56, 17, 18, 39, 57, 8, 25, 34, 63, 45, 60]],
[67, [5, 22, 10, 11, 31, 32, 15, 56, 17, 18, 39, 57, 24, 46, 34, 63, 59, 64]],
[67, [5, 22, 10, 11, 31, 32, 15, 56, 17, 18, 39, 57, 26, 48, 34, 63, 23, 44]],
[67, [5, 22, 10, 11, 31, 32, 15, 56, 17, 18, 39, 57, 47, 61, 34, 63, 43, 58]],
[67, [5, 22, 10, 11, 31, 32, 15, 56, 17, 19, 40, 57, 8, 25, 33, 35, 23, 44]],
[67, [5, 22, 10, 11, 31, 32, 15, 56, 17, 19, 40, 57, 24, 46, 33, 35, 43, 58]],
[67, [5, 22, 10, 11, 31, 32, 15, 56, 17, 19, 40, 57, 26, 48, 33, 35, 45, 60]],
[67, [5, 22, 10, 11, 31, 32, 15, 56, 17, 19, 40, 57, 47, 61, 33, 35, 59, 64]],
[67, [5, 22, 10, 11, 31, 32, 15, 56, 18, 19, 41, 57, 8, 25, 34, 63, 43, 58]],
[67, [5, 22, 10, 11, 31, 32, 15, 56, 18, 19, 41, 57, 24, 46, 34, 63, 23, 44]],
[67, [5, 22, 10, 11, 31, 32, 15, 56, 18, 19, 41, 57, 26, 48, 34, 63, 59, 64]],
[67, [5, 22, 10, 11, 31, 32, 15, 56, 18, 19, 41, 57, 47, 61, 34, 63, 45, 60]],
[67, [5, 22, 10, 11, 31, 32, 15, 56, 39, 40, 41, 57, 8, 25, 53, 55, 23, 44]],
[67, [5, 22, 10, 11, 31, 32, 15, 56, 39, 40, 41, 57, 24, 46, 53, 55, 43, 58]],
[67, [5, 22, 10, 11, 31, 32, 15, 56, 39, 40, 41, 57, 26, 48, 53, 55, 45, 60]],
[67, [5, 22, 10, 11, 31, 32, 15, 56, 39, 40, 41, 57, 47, 61, 53, 55, 59, 64]],
[67, [5, 22, 10, 11, 31, 32, 36, 38, 4, 17, 18, 19, 8, 25, 13, 54, 59, 64]],
[67, [5, 22, 10, 11, 31, 32, 36, 38, 4, 17, 18, 19, 24, 46, 13, 54, 45, 60]],
[67, [5, 22, 10, 11, 31, 32, 36, 38, 4, 17, 18, 19, 26, 48, 13, 54, 43, 58]],
[67, [5, 22, 10, 11, 31, 32, 36, 38, 4, 17, 18, 19, 47, 61, 13, 54, 23, 44]],
[67, [5, 22, 10, 11, 31, 32, 36, 38, 4, 17, 39, 40, 8, 25, 33, 35, 45, 60]],
[67, [5, 22, 10, 11, 31, 32, 36, 38, 4, 17, 39, 40, 24, 46, 33, 35, 59, 64]],
[67, [5, 22, 10, 11, 31, 32, 36, 38, 4, 17, 39, 40, 26, 48, 33, 35, 23, 44]],
[67, [5, 22, 10, 11, 31, 32, 36, 38, 4, 17, 39, 40, 47, 61, 33, 35, 43, 58]],
[67, [5, 22, 10, 11, 31, 32, 36, 38, 4, 18, 39, 41, 8, 25, 34, 63, 59, 64]],
[67, [5, 22, 10, 11, 31, 32, 36, 38, 4, 18, 39, 41, 24, 46, 34, 63, 45, 60]],
[67, [5, 22, 10, 11, 31, 32, 36, 38, 4, 18, 39, 41, 26, 48, 34, 63, 43, 58]],
[67, [5, 22, 10, 11, 31, 32, 36, 38, 4, 18, 39, 41, 47, 61, 34, 63, 23, 44]],
[67, [5, 22, 10, 11, 31, 32, 36, 38, 4, 19, 40, 41, 8, 25, 33, 35, 43, 58]],
[67, [5, 22, 10, 11, 31, 32, 36, 38, 4, 19, 40, 41, 24, 46, 33, 35, 23, 44]],
[67, [5, 22, 10, 11, 31, 32, 36, 38, 4, 19, 40, 41, 26, 48, 33, 35, 59, 64]],
[67, [5, 22, 10, 11, 31, 32, 36, 38, 4, 19, 40, 41, 47, 61, 33, 35, 45, 60]],
[67, [5, 22, 10, 11, 31, 32, 36, 38, 17, 18, 39, 57, 8, 25, 53, 55, 45, 60]],
[67, [5, 22, 10, 11, 31, 32, 36, 38, 17, 18, 39, 57, 24, 46, 53, 55, 59, 64]],
[67, [5, 22, 10, 11, 31, 32, 36, 38, 17, 18, 39, 57, 26, 48, 53, 55, 23, 44]],
[67, [5, 22, 10, 11, 31, 32, 36, 38, 17, 18, 39, 57, 47, 61, 53, 55, 43, 58]],
[67, [5, 22, 10, 11, 31, 32, 36, 38, 17, 19, 40, 57, 8, 25, 13, 54, 23, 44]],
[67, [5, 22, 10, 11, 31, 32, 36, 38, 17, 19, 40, 57, 24, 46, 13, 54, 43, 58]],
[67, [5, 22, 10, 11, 31, 32, 36, 38, 17, 19, 40, 57, 26, 48, 13, 54, 45, 60]],
[67, [5, 22, 10, 11, 31, 32, 36, 38, 17, 19, 40, 57, 47, 61, 13, 54, 59, 64]],
[67, [5, 22, 10, 11, 31, 32, 36, 38, 18, 19, 41, 57, 8, 25, 53, 55, 43, 58]],
[67, [5, 22, 10, 11, 31, 32, 36, 38, 18, 19, 41, 57, 24, 46, 53, 55, 23, 44]],
[67, [5, 22, 10, 11, 31, 32, 36, 38, 18, 19, 41, 57, 26, 48, 53, 55, 59, 64]],
[67, [5, 22, 10, 11, 31, 32, 36, 38, 18, 19, 41, 57, 47, 61, 53, 55, 45, 60]],
[67, [5, 22, 10, 11, 31, 32, 36, 38, 39, 40, 41, 57, 8, 25, 34, 63, 23, 44]],
[67, [5, 22, 10, 11, 31, 32, 36, 38, 39, 40, 41, 57, 24, 46, 34, 63, 43, 58]],
[67, [5, 22, 10, 11, 31, 32, 36, 38, 39, 40, 41, 57, 26, 48, 34, 63, 45, 60]],
[67, [5, 22, 10, 11, 31, 32, 36, 38, 39, 40, 41, 57, 47, 61, 34, 63, 59, 64]]];
