pds_list := [[239, [5, 20, 10, 31, 3, 15, 37, 56, 4, 19, 8, 48, 9, 49, 51, 62, 13, 55]],
[239, [5, 20, 10, 31, 3, 15, 37, 56, 4, 19, 8, 48, 28, 29, 49, 62, 34, 35]],
[239, [5, 20, 10, 31, 3, 15, 37, 56, 4, 19, 24, 61, 9, 49, 51, 62, 33, 63]],
[239, [5, 20, 10, 31, 3, 15, 37, 56, 4, 19, 24, 61, 28, 29, 49, 62, 53, 54]],
[239, [5, 20, 10, 31, 3, 15, 37, 56, 4, 19, 25, 26, 9, 49, 51, 62, 34, 35]],
[239, [5, 20, 10, 31, 3, 15, 37, 56, 4, 19, 25, 26, 28, 29, 49, 62, 13, 55]],
[239, [5, 20, 10, 31, 3, 15, 37, 56, 4, 19, 46, 47, 9, 49, 51, 62, 53, 54]],
[239, [5, 20, 10, 31, 3, 15, 37, 56, 4, 19, 46, 47, 28, 29, 49, 62, 33, 63]],
[239, [5, 20, 10, 31, 3, 15, 37, 56, 18, 41, 8, 48, 9, 27, 50, 51, 13, 55]],
[239, [5, 20, 10, 31, 3, 15, 37, 56, 18, 41, 8, 48, 27, 28, 29, 50, 34, 35]],
[239, [5, 20, 10, 31, 3, 15, 37, 56, 18, 41, 24, 61, 9, 27, 50, 51, 33, 63]],
[239, [5, 20, 10, 31, 3, 15, 37, 56, 18, 41, 24, 61, 27, 28, 29, 50, 53, 54]],
[239, [5, 20, 10, 31, 3, 15, 37, 56, 18, 41, 25, 26, 9, 27, 50, 51, 34, 35]],
[239, [5, 20, 10, 31, 3, 15, 37, 56, 18, 41, 25, 26, 27, 28, 29, 50, 13, 55]],
[239, [5, 20, 10, 31, 3, 15, 37, 56, 18, 41, 46, 47, 9, 27, 50, 51, 53, 54]],
[239, [5, 20, 10, 31, 3, 15, 37, 56, 18, 41, 46, 47, 27, 28, 29, 50, 33, 63]],
[239, [5, 20, 10, 31, 14, 16, 36, 38, 4, 19, 8, 48, 9, 49, 51, 62, 13, 55]],
[239, [5, 20, 10, 31, 14, 16, 36, 38, 4, 19, 8, 48, 28, 29, 49, 62, 34, 35]],
[239, [5, 20, 10, 31, 14, 16, 36, 38, 4, 19, 24, 61, 9, 49, 51, 62, 33, 63]],
[239, [5, 20, 10, 31, 14, 16, 36, 38, 4, 19, 24, 61, 28, 29, 49, 62, 53, 54]],
[239, [5, 20, 10, 31, 14, 16, 36, 38, 4, 19, 25, 26, 9, 49, 51, 62, 34, 35]],
[239, [5, 20, 10, 31, 14, 16, 36, 38, 4, 19, 25, 26, 28, 29, 49, 62, 13, 55]],
[239, [5, 20, 10, 31, 14, 16, 36, 38, 4, 19, 46, 47, 9, 49, 51, 62, 53, 54]],
[239, [5, 20, 10, 31, 14, 16, 36, 38, 4, 19, 46, 47, 28, 29, 49, 62, 33, 63]],
[239, [5, 20, 10, 31, 14, 16, 36, 38, 18, 41, 8, 48, 9, 27, 50, 51, 13, 55]],
[239, [5, 20, 10, 31, 14, 16, 36, 38, 18, 41, 8, 48, 27, 28, 29, 50, 34, 35]],
[239, [5, 20, 10, 31, 14, 16, 36, 38, 18, 41, 24, 61, 9, 27, 50, 51, 33, 63]],
[239, [5, 20, 10, 31, 14, 16, 36, 38, 18, 41, 24, 61, 27, 28, 29, 50, 53, 54]],
[239, [5, 20, 10, 31, 14, 16, 36, 38, 18, 41, 25, 26, 9, 27, 50, 51, 34, 35]],
[239, [5, 20, 10, 31, 14, 16, 36, 38, 18, 41, 25, 26, 27, 28, 29, 50, 13, 55]],
[239, [5, 20, 10, 31, 14, 16, 36, 38, 18, 41, 46, 47, 9, 27, 50, 51, 53, 54]],
[239, [5, 20, 10, 31, 14, 16, 36, 38, 18, 41, 46, 47, 27, 28, 29, 50, 33, 63]],
[239, [5, 20, 30, 52, 3, 15, 37, 56, 4, 19, 8, 48, 9, 27, 50, 51, 13, 55]],
[239, [5, 20, 30, 52, 3, 15, 37, 56, 4, 19, 8, 48, 27, 28, 29, 50, 34, 35]],
[239, [5, 20, 30, 52, 3, 15, 37, 56, 4, 19, 24, 61, 9, 27, 50, 51, 33, 63]],
[239, [5, 20, 30, 52, 3, 15, 37, 56, 4, 19, 24, 61, 27, 28, 29, 50, 53, 54]],
[239, [5, 20, 30, 52, 3, 15, 37, 56, 4, 19, 25, 26, 9, 27, 50, 51, 34, 35]],
[239, [5, 20, 30, 52, 3, 15, 37, 56, 4, 19, 25, 26, 27, 28, 29, 50, 13, 55]],
[239, [5, 20, 30, 52, 3, 15, 37, 56, 4, 19, 46, 47, 9, 27, 50, 51, 53, 54]],
[239, [5, 20, 30, 52, 3, 15, 37, 56, 4, 19, 46, 47, 27, 28, 29, 50, 33, 63]],
[239, [5, 20, 30, 52, 3, 15, 37, 56, 18, 41, 8, 48, 9, 49, 51, 62, 13, 55]],
[239, [5, 20, 30, 52, 3, 15, 37, 56, 18, 41, 8, 48, 28, 29, 49, 62, 34, 35]],
[239, [5, 20, 30, 52, 3, 15, 37, 56, 18, 41, 24, 61, 9, 49, 51, 62, 33, 63]],
[239, [5, 20, 30, 52, 3, 15, 37, 56, 18, 41, 24, 61, 28, 29, 49, 62, 53, 54]],
[239, [5, 20, 30, 52, 3, 15, 37, 56, 18, 41, 25, 26, 9, 49, 51, 62, 34, 35]],
[239, [5, 20, 30, 52, 3, 15, 37, 56, 18, 41, 25, 26, 28, 29, 49, 62, 13, 55]],
[239, [5, 20, 30, 52, 3, 15, 37, 56, 18, 41, 46, 47, 9, 49, 51, 62, 53, 54]],
[239, [5, 20, 30, 52, 3, 15, 37, 56, 18, 41, 46, 47, 28, 29, 49, 62, 33, 63]],
[239, [5, 20, 30, 52, 14, 16, 36, 38, 4, 19, 8, 48, 9, 27, 50, 51, 13, 55]],
[239, [5, 20, 30, 52, 14, 16, 36, 38, 4, 19, 8, 48, 27, 28, 29, 50, 34, 35]],
[239, [5, 20, 30, 52, 14, 16, 36, 38, 4, 19, 24, 61, 9, 27, 50, 51, 33, 63]],
[239, [5, 20, 30, 52, 14, 16, 36, 38, 4, 19, 24, 61, 27, 28, 29, 50, 53, 54]],
[239, [5, 20, 30, 52, 14, 16, 36, 38, 4, 19, 25, 26, 9, 27, 50, 51, 34, 35]],
[239, [5, 20, 30, 52, 14, 16, 36, 38, 4, 19, 25, 26, 27, 28, 29, 50, 13, 55]],
[239, [5, 20, 30, 52, 14, 16, 36, 38, 4, 19, 46, 47, 9, 27, 50, 51, 53, 54]],
[239, [5, 20, 30, 52, 14, 16, 36, 38, 4, 19, 46, 47, 27, 28, 29, 50, 33, 63]],
[239, [5, 20, 30, 52, 14, 16, 36, 38, 18, 41, 8, 48, 9, 49, 51, 62, 13, 55]],
[239, [5, 20, 30, 52, 14, 16, 36, 38, 18, 41, 8, 48, 28, 29, 49, 62, 34, 35]],
[239, [5, 20, 30, 52, 14, 16, 36, 38, 18, 41, 24, 61, 9, 49, 51, 62, 33, 63]],
[239, [5, 20, 30, 52, 14, 16, 36, 38, 18, 41, 24, 61, 28, 29, 49, 62, 53, 54]],
[239, [5, 20, 30, 52, 14, 16, 36, 38, 18, 41, 25, 26, 9, 49, 51, 62, 34, 35]],
[239, [5, 20, 30, 52, 14, 16, 36, 38, 18, 41, 25, 26, 28, 29, 49, 62, 13, 55]],
[239, [5, 20, 30, 52, 14, 16, 36, 38, 18, 41, 46, 47, 9, 49, 51, 62, 53, 54]],
[239, [5, 20, 30, 52, 14, 16, 36, 38, 18, 41, 46, 47, 28, 29, 49, 62, 33, 63]],
[239, [21, 42, 10, 31, 3, 14, 15, 36, 4, 19, 8, 48, 9, 49, 51, 62, 13, 55]],
[239, [21, 42, 10, 31, 3, 14, 15, 36, 4, 19, 8, 48, 28, 29, 49, 62, 34, 35]],
[239, [21, 42, 10, 31, 3, 14, 15, 36, 4, 19, 24, 61, 9, 49, 51, 62, 33, 63]],
[239, [21, 42, 10, 31, 3, 14, 15, 36, 4, 19, 24, 61, 28, 29, 49, 62, 53, 54]],
[239, [21, 42, 10, 31, 3, 14, 15, 36, 4, 19, 25, 26, 9, 49, 51, 62, 34, 35]],
[239, [21, 42, 10, 31, 3, 14, 15, 36, 4, 19, 25, 26, 28, 29, 49, 62, 13, 55]],
[239, [21, 42, 10, 31, 3, 14, 15, 36, 4, 19, 46, 47, 9, 49, 51, 62, 53, 54]],
[239, [21, 42, 10, 31, 3, 14, 15, 36, 4, 19, 46, 47, 28, 29, 49, 62, 33, 63]],
[239, [21, 42, 10, 31, 3, 14, 15, 36, 18, 41, 8, 48, 9, 27, 50, 51, 13, 55]],
[239, [21, 42, 10, 31, 3, 14, 15, 36, 18, 41, 8, 48, 27, 28, 29, 50, 34, 35]],
[239, [21, 42, 10, 31, 3, 14, 15, 36, 18, 41, 24, 61, 9, 27, 50, 51, 33, 63]],
[239, [21, 42, 10, 31, 3, 14, 15, 36, 18, 41, 24, 61, 27, 28, 29, 50, 53, 54]],
[239, [21, 42, 10, 31, 3, 14, 15, 36, 18, 41, 25, 26, 9, 27, 50, 51, 34, 35]],
[239, [21, 42, 10, 31, 3, 14, 15, 36, 18, 41, 25, 26, 27, 28, 29, 50, 13, 55]],
[239, [21, 42, 10, 31, 3, 14, 15, 36, 18, 41, 46, 47, 9, 27, 50, 51, 53, 54]],
[239, [21, 42, 10, 31, 3, 14, 15, 36, 18, 41, 46, 47, 27, 28, 29, 50, 33, 63]],
[239, [21, 42, 10, 31, 16, 37, 38, 56, 4, 19, 8, 48, 9, 49, 51, 62, 13, 55]],
[239, [21, 42, 10, 31, 16, 37, 38, 56, 4, 19, 8, 48, 28, 29, 49, 62, 34, 35]],
[239, [21, 42, 10, 31, 16, 37, 38, 56, 4, 19, 24, 61, 9, 49, 51, 62, 33, 63]],
[239, [21, 42, 10, 31, 16, 37, 38, 56, 4, 19, 24, 61, 28, 29, 49, 62, 53, 54]],
[239, [21, 42, 10, 31, 16, 37, 38, 56, 4, 19, 25, 26, 9, 49, 51, 62, 34, 35]],
[239, [21, 42, 10, 31, 16, 37, 38, 56, 4, 19, 25, 26, 28, 29, 49, 62, 13, 55]],
[239, [21, 42, 10, 31, 16, 37, 38, 56, 4, 19, 46, 47, 9, 49, 51, 62, 53, 54]],
[239, [21, 42, 10, 31, 16, 37, 38, 56, 4, 19, 46, 47, 28, 29, 49, 62, 33, 63]],
[239, [21, 42, 10, 31, 16, 37, 38, 56, 18, 41, 8, 48, 9, 27, 50, 51, 13, 55]],
[239, [21, 42, 10, 31, 16, 37, 38, 56, 18, 41, 8, 48, 27, 28, 29, 50, 34, 35]],
[239, [21, 42, 10, 31, 16, 37, 38, 56, 18, 41, 24, 61, 9, 27, 50, 51, 33, 63]],
[239, [21, 42, 10, 31, 16, 37, 38, 56, 18, 41, 24, 61, 27, 28, 29, 50, 53, 54]],
[239, [21, 42, 10, 31, 16, 37, 38, 56, 18, 41, 25, 26, 9, 27, 50, 51, 34, 35]],
[239, [21, 42, 10, 31, 16, 37, 38, 56, 18, 41, 25, 26, 27, 28, 29, 50, 13, 55]],
[239, [21, 42, 10, 31, 16, 37, 38, 56, 18, 41, 46, 47, 9, 27, 50, 51, 53, 54]],
[239, [21, 42, 10, 31, 16, 37, 38, 56, 18, 41, 46, 47, 27, 28, 29, 50, 33, 63]],
[239, [21, 42, 30, 52, 3, 14, 15, 36, 4, 19, 8, 48, 9, 27, 50, 51, 13, 55]],
[239, [21, 42, 30, 52, 3, 14, 15, 36, 4, 19, 8, 48, 27, 28, 29, 50, 34, 35]],
[239, [21, 42, 30, 52, 3, 14, 15, 36, 4, 19, 24, 61, 9, 27, 50, 51, 33, 63]],
[239, [21, 42, 30, 52, 3, 14, 15, 36, 4, 19, 24, 61, 27, 28, 29, 50, 53, 54]],
[239, [21, 42, 30, 52, 3, 14, 15, 36, 4, 19, 25, 26, 9, 27, 50, 51, 34, 35]],
[239, [21, 42, 30, 52, 3, 14, 15, 36, 4, 19, 25, 26, 27, 28, 29, 50, 13, 55]],
[239, [21, 42, 30, 52, 3, 14, 15, 36, 4, 19, 46, 47, 9, 27, 50, 51, 53, 54]],
[239, [21, 42, 30, 52, 3, 14, 15, 36, 4, 19, 46, 47, 27, 28, 29, 50, 33, 63]],
[239, [21, 42, 30, 52, 3, 14, 15, 36, 18, 41, 8, 48, 9, 49, 51, 62, 13, 55]],
[239, [21, 42, 30, 52, 3, 14, 15, 36, 18, 41, 8, 48, 28, 29, 49, 62, 34, 35]],
[239, [21, 42, 30, 52, 3, 14, 15, 36, 18, 41, 24, 61, 9, 49, 51, 62, 33, 63]],
[239, [21, 42, 30, 52, 3, 14, 15, 36, 18, 41, 24, 61, 28, 29, 49, 62, 53, 54]],
[239, [21, 42, 30, 52, 3, 14, 15, 36, 18, 41, 25, 26, 9, 49, 51, 62, 34, 35]],
[239, [21, 42, 30, 52, 3, 14, 15, 36, 18, 41, 25, 26, 28, 29, 49, 62, 13, 55]],
[239, [21, 42, 30, 52, 3, 14, 15, 36, 18, 41, 46, 47, 9, 49, 51, 62, 53, 54]],
[239, [21, 42, 30, 52, 3, 14, 15, 36, 18, 41, 46, 47, 28, 29, 49, 62, 33, 63]],
[239, [21, 42, 30, 52, 16, 37, 38, 56, 4, 19, 8, 48, 9, 27, 50, 51, 13, 55]],
[239, [21, 42, 30, 52, 16, 37, 38, 56, 4, 19, 8, 48, 27, 28, 29, 50, 34, 35]],
[239, [21, 42, 30, 52, 16, 37, 38, 56, 4, 19, 24, 61, 9, 27, 50, 51, 33, 63]],
[239, [21, 42, 30, 52, 16, 37, 38, 56, 4, 19, 24, 61, 27, 28, 29, 50, 53, 54]],
[239, [21, 42, 30, 52, 16, 37, 38, 56, 4, 19, 25, 26, 9, 27, 50, 51, 34, 35]],
[239, [21, 42, 30, 52, 16, 37, 38, 56, 4, 19, 25, 26, 27, 28, 29, 50, 13, 55]],
[239, [21, 42, 30, 52, 16, 37, 38, 56, 4, 19, 46, 47, 9, 27, 50, 51, 53, 54]],
[239, [21, 42, 30, 52, 16, 37, 38, 56, 4, 19, 46, 47, 27, 28, 29, 50, 33, 63]],
[239, [21, 42, 30, 52, 16, 37, 38, 56, 18, 41, 8, 48, 9, 49, 51, 62, 13, 55]],
[239, [21, 42, 30, 52, 16, 37, 38, 56, 18, 41, 8, 48, 28, 29, 49, 62, 34, 35]],
[239, [21, 42, 30, 52, 16, 37, 38, 56, 18, 41, 24, 61, 9, 49, 51, 62, 33, 63]],
[239, [21, 42, 30, 52, 16, 37, 38, 56, 18, 41, 24, 61, 28, 29, 49, 62, 53, 54]],
[239, [21, 42, 30, 52, 16, 37, 38, 56, 18, 41, 25, 26, 9, 49, 51, 62, 34, 35]],
[239, [21, 42, 30, 52, 16, 37, 38, 56, 18, 41, 25, 26, 28, 29, 49, 62, 13, 55]],
[239, [21, 42, 30, 52, 16, 37, 38, 56, 18, 41, 46, 47, 9, 49, 51, 62, 53, 54]],
[239, [21, 42, 30, 52, 16, 37, 38, 56, 18, 41, 46, 47, 28, 29, 49, 62, 33, 63]],
[239, [5, 20, 10, 31, 3, 15, 37, 56, 4, 17, 19, 57, 8, 48, 49, 62, 58, 59]],
[239, [5, 20, 10, 31, 3, 15, 37, 56, 4, 17, 19, 57, 24, 61, 49, 62, 23, 60]],
[239, [5, 20, 10, 31, 3, 15, 37, 56, 4, 17, 19, 57, 25, 26, 49, 62, 43, 64]],
[239, [5, 20, 10, 31, 3, 15, 37, 56, 4, 17, 19, 57, 46, 47, 49, 62, 44, 45]],
[239, [5, 20, 10, 31, 3, 15, 37, 56, 4, 19, 39, 40, 8, 48, 49, 62, 43, 64]],
[239, [5, 20, 10, 31, 3, 15, 37, 56, 4, 19, 39, 40, 24, 61, 49, 62, 44, 45]],
[239, [5, 20, 10, 31, 3, 15, 37, 56, 4, 19, 39, 40, 25, 26, 49, 62, 58, 59]],
[239, [5, 20, 10, 31, 3, 15, 37, 56, 4, 19, 39, 40, 46, 47, 49, 62, 23, 60]],
[239, [5, 20, 10, 31, 3, 15, 37, 56, 17, 18, 41, 57, 8, 48, 27, 50, 58, 59]],
[239, [5, 20, 10, 31, 3, 15, 37, 56, 17, 18, 41, 57, 24, 61, 27, 50, 23, 60]],
[239, [5, 20, 10, 31, 3, 15, 37, 56, 17, 18, 41, 57, 25, 26, 27, 50, 43, 64]],
[239, [5, 20, 10, 31, 3, 15, 37, 56, 17, 18, 41, 57, 46, 47, 27, 50, 44, 45]],
[239, [5, 20, 10, 31, 3, 15, 37, 56, 18, 39, 40, 41, 8, 48, 27, 50, 43, 64]],
[239, [5, 20, 10, 31, 3, 15, 37, 56, 18, 39, 40, 41, 24, 61, 27, 50, 44, 45]],
[239, [5, 20, 10, 31, 3, 15, 37, 56, 18, 39, 40, 41, 25, 26, 27, 50, 58, 59]],
[239, [5, 20, 10, 31, 3, 15, 37, 56, 18, 39, 40, 41, 46, 47, 27, 50, 23, 60]],
[239, [5, 20, 10, 31, 14, 16, 36, 38, 4, 17, 19, 57, 8, 48, 49, 62, 58, 59]],
[239, [5, 20, 10, 31, 14, 16, 36, 38, 4, 17, 19, 57, 24, 61, 49, 62, 23, 60]],
[239, [5, 20, 10, 31, 14, 16, 36, 38, 4, 17, 19, 57, 25, 26, 49, 62, 43, 64]],
[239, [5, 20, 10, 31, 14, 16, 36, 38, 4, 17, 19, 57, 46, 47, 49, 62, 44, 45]],
[239, [5, 20, 10, 31, 14, 16, 36, 38, 4, 19, 39, 40, 8, 48, 49, 62, 43, 64]],
[239, [5, 20, 10, 31, 14, 16, 36, 38, 4, 19, 39, 40, 24, 61, 49, 62, 44, 45]],
[239, [5, 20, 10, 31, 14, 16, 36, 38, 4, 19, 39, 40, 25, 26, 49, 62, 58, 59]],
[239, [5, 20, 10, 31, 14, 16, 36, 38, 4, 19, 39, 40, 46, 47, 49, 62, 23, 60]],
[239, [5, 20, 10, 31, 14, 16, 36, 38, 17, 18, 41, 57, 8, 48, 27, 50, 58, 59]],
[239, [5, 20, 10, 31, 14, 16, 36, 38, 17, 18, 41, 57, 24, 61, 27, 50, 23, 60]],
[239, [5, 20, 10, 31, 14, 16, 36, 38, 17, 18, 41, 57, 25, 26, 27, 50, 43, 64]],
[239, [5, 20, 10, 31, 14, 16, 36, 38, 17, 18, 41, 57, 46, 47, 27, 50, 44, 45]],
[239, [5, 20, 10, 31, 14, 16, 36, 38, 18, 39, 40, 41, 8, 48, 27, 50, 43, 64]],
[239, [5, 20, 10, 31, 14, 16, 36, 38, 18, 39, 40, 41, 24, 61, 27, 50, 44, 45]],
[239, [5, 20, 10, 31, 14, 16, 36, 38, 18, 39, 40, 41, 25, 26, 27, 50, 58, 59]],
[239, [5, 20, 10, 31, 14, 16, 36, 38, 18, 39, 40, 41, 46, 47, 27, 50, 23, 60]],
[239, [5, 20, 30, 52, 3, 15, 37, 56, 4, 17, 19, 57, 8, 48, 27, 50, 58, 59]],
[239, [5, 20, 30, 52, 3, 15, 37, 56, 4, 17, 19, 57, 24, 61, 27, 50, 23, 60]],
[239, [5, 20, 30, 52, 3, 15, 37, 56, 4, 17, 19, 57, 25, 26, 27, 50, 43, 64]],
[239, [5, 20, 30, 52, 3, 15, 37, 56, 4, 17, 19, 57, 46, 47, 27, 50, 44, 45]],
[239, [5, 20, 30, 52, 3, 15, 37, 56, 4, 19, 39, 40, 8, 48, 27, 50, 43, 64]],
[239, [5, 20, 30, 52, 3, 15, 37, 56, 4, 19, 39, 40, 24, 61, 27, 50, 44, 45]],
[239, [5, 20, 30, 52, 3, 15, 37, 56, 4, 19, 39, 40, 25, 26, 27, 50, 58, 59]],
[239, [5, 20, 30, 52, 3, 15, 37, 56, 4, 19, 39, 40, 46, 47, 27, 50, 23, 60]],
[239, [5, 20, 30, 52, 3, 15, 37, 56, 17, 18, 41, 57, 8, 48, 49, 62, 58, 59]],
[239, [5, 20, 30, 52, 3, 15, 37, 56, 17, 18, 41, 57, 24, 61, 49, 62, 23, 60]],
[239, [5, 20, 30, 52, 3, 15, 37, 56, 17, 18, 41, 57, 25, 26, 49, 62, 43, 64]],
[239, [5, 20, 30, 52, 3, 15, 37, 56, 17, 18, 41, 57, 46, 47, 49, 62, 44, 45]],
[239, [5, 20, 30, 52, 3, 15, 37, 56, 18, 39, 40, 41, 8, 48, 49, 62, 43, 64]],
[239, [5, 20, 30, 52, 3, 15, 37, 56, 18, 39, 40, 41, 24, 61, 49, 62, 44, 45]],
[239, [5, 20, 30, 52, 3, 15, 37, 56, 18, 39, 40, 41, 25, 26, 49, 62, 58, 59]],
[239, [5, 20, 30, 52, 3, 15, 37, 56, 18, 39, 40, 41, 46, 47, 49, 62, 23, 60]],
[239, [5, 20, 30, 52, 14, 16, 36, 38, 4, 17, 19, 57, 8, 48, 27, 50, 58, 59]],
[239, [5, 20, 30, 52, 14, 16, 36, 38, 4, 17, 19, 57, 24, 61, 27, 50, 23, 60]],
[239, [5, 20, 30, 52, 14, 16, 36, 38, 4, 17, 19, 57, 25, 26, 27, 50, 43, 64]],
[239, [5, 20, 30, 52, 14, 16, 36, 38, 4, 17, 19, 57, 46, 47, 27, 50, 44, 45]],
[239, [5, 20, 30, 52, 14, 16, 36, 38, 4, 19, 39, 40, 8, 48, 27, 50, 43, 64]],
[239, [5, 20, 30, 52, 14, 16, 36, 38, 4, 19, 39, 40, 24, 61, 27, 50, 44, 45]],
[239, [5, 20, 30, 52, 14, 16, 36, 38, 4, 19, 39, 40, 25, 26, 27, 50, 58, 59]],
[239, [5, 20, 30, 52, 14, 16, 36, 38, 4, 19, 39, 40, 46, 47, 27, 50, 23, 60]],
[239, [5, 20, 30, 52, 14, 16, 36, 38, 17, 18, 41, 57, 8, 48, 49, 62, 58, 59]],
[239, [5, 20, 30, 52, 14, 16, 36, 38, 17, 18, 41, 57, 24, 61, 49, 62, 23, 60]],
[239, [5, 20, 30, 52, 14, 16, 36, 38, 17, 18, 41, 57, 25, 26, 49, 62, 43, 64]],
[239, [5, 20, 30, 52, 14, 16, 36, 38, 17, 18, 41, 57, 46, 47, 49, 62, 44, 45]],
[239, [5, 20, 30, 52, 14, 16, 36, 38, 18, 39, 40, 41, 8, 48, 49, 62, 43, 64]],
[239, [5, 20, 30, 52, 14, 16, 36, 38, 18, 39, 40, 41, 24, 61, 49, 62, 44, 45]],
[239, [5, 20, 30, 52, 14, 16, 36, 38, 18, 39, 40, 41, 25, 26, 49, 62, 58, 59]],
[239, [5, 20, 30, 52, 14, 16, 36, 38, 18, 39, 40, 41, 46, 47, 49, 62, 23, 60]],
[239, [21, 42, 10, 31, 3, 14, 15, 36, 4, 17, 19, 57, 8, 48, 49, 62, 58, 59]],
[239, [21, 42, 10, 31, 3, 14, 15, 36, 4, 17, 19, 57, 24, 61, 49, 62, 23, 60]],
[239, [21, 42, 10, 31, 3, 14, 15, 36, 4, 17, 19, 57, 25, 26, 49, 62, 43, 64]],
[239, [21, 42, 10, 31, 3, 14, 15, 36, 4, 17, 19, 57, 46, 47, 49, 62, 44, 45]],
[239, [21, 42, 10, 31, 3, 14, 15, 36, 4, 19, 39, 40, 8, 48, 49, 62, 43, 64]],
[239, [21, 42, 10, 31, 3, 14, 15, 36, 4, 19, 39, 40, 24, 61, 49, 62, 44, 45]],
[239, [21, 42, 10, 31, 3, 14, 15, 36, 4, 19, 39, 40, 25, 26, 49, 62, 58, 59]],
[239, [21, 42, 10, 31, 3, 14, 15, 36, 4, 19, 39, 40, 46, 47, 49, 62, 23, 60]],
[239, [21, 42, 10, 31, 3, 14, 15, 36, 17, 18, 41, 57, 8, 48, 27, 50, 58, 59]],
[239, [21, 42, 10, 31, 3, 14, 15, 36, 17, 18, 41, 57, 24, 61, 27, 50, 23, 60]],
[239, [21, 42, 10, 31, 3, 14, 15, 36, 17, 18, 41, 57, 25, 26, 27, 50, 43, 64]],
[239, [21, 42, 10, 31, 3, 14, 15, 36, 17, 18, 41, 57, 46, 47, 27, 50, 44, 45]],
[239, [21, 42, 10, 31, 3, 14, 15, 36, 18, 39, 40, 41, 8, 48, 27, 50, 43, 64]],
[239, [21, 42, 10, 31, 3, 14, 15, 36, 18, 39, 40, 41, 24, 61, 27, 50, 44, 45]],
[239, [21, 42, 10, 31, 3, 14, 15, 36, 18, 39, 40, 41, 25, 26, 27, 50, 58, 59]],
[239, [21, 42, 10, 31, 3, 14, 15, 36, 18, 39, 40, 41, 46, 47, 27, 50, 23, 60]],
[239, [21, 42, 10, 31, 16, 37, 38, 56, 4, 17, 19, 57, 8, 48, 49, 62, 58, 59]],
[239, [21, 42, 10, 31, 16, 37, 38, 56, 4, 17, 19, 57, 24, 61, 49, 62, 23, 60]],
[239, [21, 42, 10, 31, 16, 37, 38, 56, 4, 17, 19, 57, 25, 26, 49, 62, 43, 64]],
[239, [21, 42, 10, 31, 16, 37, 38, 56, 4, 17, 19, 57, 46, 47, 49, 62, 44, 45]],
[239, [21, 42, 10, 31, 16, 37, 38, 56, 4, 19, 39, 40, 8, 48, 49, 62, 43, 64]],
[239, [21, 42, 10, 31, 16, 37, 38, 56, 4, 19, 39, 40, 24, 61, 49, 62, 44, 45]],
[239, [21, 42, 10, 31, 16, 37, 38, 56, 4, 19, 39, 40, 25, 26, 49, 62, 58, 59]],
[239, [21, 42, 10, 31, 16, 37, 38, 56, 4, 19, 39, 40, 46, 47, 49, 62, 23, 60]],
[239, [21, 42, 10, 31, 16, 37, 38, 56, 17, 18, 41, 57, 8, 48, 27, 50, 58, 59]],
[239, [21, 42, 10, 31, 16, 37, 38, 56, 17, 18, 41, 57, 24, 61, 27, 50, 23, 60]],
[239, [21, 42, 10, 31, 16, 37, 38, 56, 17, 18, 41, 57, 25, 26, 27, 50, 43, 64]],
[239, [21, 42, 10, 31, 16, 37, 38, 56, 17, 18, 41, 57, 46, 47, 27, 50, 44, 45]],
[239, [21, 42, 10, 31, 16, 37, 38, 56, 18, 39, 40, 41, 8, 48, 27, 50, 43, 64]],
[239, [21, 42, 10, 31, 16, 37, 38, 56, 18, 39, 40, 41, 24, 61, 27, 50, 44, 45]],
[239, [21, 42, 10, 31, 16, 37, 38, 56, 18, 39, 40, 41, 25, 26, 27, 50, 58, 59]],
[239, [21, 42, 10, 31, 16, 37, 38, 56, 18, 39, 40, 41, 46, 47, 27, 50, 23, 60]],
[239, [21, 42, 30, 52, 3, 14, 15, 36, 4, 17, 19, 57, 8, 48, 27, 50, 58, 59]],
[239, [21, 42, 30, 52, 3, 14, 15, 36, 4, 17, 19, 57, 24, 61, 27, 50, 23, 60]],
[239, [21, 42, 30, 52, 3, 14, 15, 36, 4, 17, 19, 57, 25, 26, 27, 50, 43, 64]],
[239, [21, 42, 30, 52, 3, 14, 15, 36, 4, 17, 19, 57, 46, 47, 27, 50, 44, 45]],
[239, [21, 42, 30, 52, 3, 14, 15, 36, 4, 19, 39, 40, 8, 48, 27, 50, 43, 64]],
[239, [21, 42, 30, 52, 3, 14, 15, 36, 4, 19, 39, 40, 24, 61, 27, 50, 44, 45]],
[239, [21, 42, 30, 52, 3, 14, 15, 36, 4, 19, 39, 40, 25, 26, 27, 50, 58, 59]],
[239, [21, 42, 30, 52, 3, 14, 15, 36, 4, 19, 39, 40, 46, 47, 27, 50, 23, 60]],
[239, [21, 42, 30, 52, 3, 14, 15, 36, 17, 18, 41, 57, 8, 48, 49, 62, 58, 59]],
[239, [21, 42, 30, 52, 3, 14, 15, 36, 17, 18, 41, 57, 24, 61, 49, 62, 23, 60]],
[239, [21, 42, 30, 52, 3, 14, 15, 36, 17, 18, 41, 57, 25, 26, 49, 62, 43, 64]],
[239, [21, 42, 30, 52, 3, 14, 15, 36, 17, 18, 41, 57, 46, 47, 49, 62, 44, 45]],
[239, [21, 42, 30, 52, 3, 14, 15, 36, 18, 39, 40, 41, 8, 48, 49, 62, 43, 64]],
[239, [21, 42, 30, 52, 3, 14, 15, 36, 18, 39, 40, 41, 24, 61, 49, 62, 44, 45]],
[239, [21, 42, 30, 52, 3, 14, 15, 36, 18, 39, 40, 41, 25, 26, 49, 62, 58, 59]],
[239, [21, 42, 30, 52, 3, 14, 15, 36, 18, 39, 40, 41, 46, 47, 49, 62, 23, 60]],
[239, [21, 42, 30, 52, 16, 37, 38, 56, 4, 17, 19, 57, 8, 48, 27, 50, 58, 59]],
[239, [21, 42, 30, 52, 16, 37, 38, 56, 4, 17, 19, 57, 24, 61, 27, 50, 23, 60]],
[239, [21, 42, 30, 52, 16, 37, 38, 56, 4, 17, 19, 57, 25, 26, 27, 50, 43, 64]],
[239, [21, 42, 30, 52, 16, 37, 38, 56, 4, 17, 19, 57, 46, 47, 27, 50, 44, 45]],
[239, [21, 42, 30, 52, 16, 37, 38, 56, 4, 19, 39, 40, 8, 48, 27, 50, 43, 64]],
[239, [21, 42, 30, 52, 16, 37, 38, 56, 4, 19, 39, 40, 24, 61, 27, 50, 44, 45]],
[239, [21, 42, 30, 52, 16, 37, 38, 56, 4, 19, 39, 40, 25, 26, 27, 50, 58, 59]],
[239, [21, 42, 30, 52, 16, 37, 38, 56, 4, 19, 39, 40, 46, 47, 27, 50, 23, 60]],
[239, [21, 42, 30, 52, 16, 37, 38, 56, 17, 18, 41, 57, 8, 48, 49, 62, 58, 59]],
[239, [21, 42, 30, 52, 16, 37, 38, 56, 17, 18, 41, 57, 24, 61, 49, 62, 23, 60]],
[239, [21, 42, 30, 52, 16, 37, 38, 56, 17, 18, 41, 57, 25, 26, 49, 62, 43, 64]],
[239, [21, 42, 30, 52, 16, 37, 38, 56, 17, 18, 41, 57, 46, 47, 49, 62, 44, 45]],
[239, [21, 42, 30, 52, 16, 37, 38, 56, 18, 39, 40, 41, 8, 48, 49, 62, 43, 64]],
[239, [21, 42, 30, 52, 16, 37, 38, 56, 18, 39, 40, 41, 24, 61, 49, 62, 44, 45]],
[239, [21, 42, 30, 52, 16, 37, 38, 56, 18, 39, 40, 41, 25, 26, 49, 62, 58, 59]],
[239, [21, 42, 30, 52, 16, 37, 38, 56, 18, 39, 40, 41, 46, 47, 49, 62, 23, 60]],
[239, [5, 20, 2, 10, 31, 32, 3, 15, 37, 56, 4, 19, 49, 62, 13, 55, 44, 45]],
[239, [5, 20, 2, 10, 31, 32, 3, 15, 37, 56, 4, 19, 49, 62, 33, 63, 58, 59]],
[239, [5, 20, 2, 10, 31, 32, 3, 15, 37, 56, 4, 19, 49, 62, 34, 35, 23, 60]],
[239, [5, 20, 2, 10, 31, 32, 3, 15, 37, 56, 4, 19, 49, 62, 53, 54, 43, 64]],
[239, [5, 20, 2, 10, 31, 32, 3, 15, 37, 56, 18, 41, 27, 50, 13, 55, 44, 45]],
[239, [5, 20, 2, 10, 31, 32, 3, 15, 37, 56, 18, 41, 27, 50, 33, 63, 58, 59]],
[239, [5, 20, 2, 10, 31, 32, 3, 15, 37, 56, 18, 41, 27, 50, 34, 35, 23, 60]],
[239, [5, 20, 2, 10, 31, 32, 3, 15, 37, 56, 18, 41, 27, 50, 53, 54, 43, 64]],
[239, [5, 20, 2, 10, 31, 32, 14, 16, 36, 38, 4, 19, 49, 62, 13, 55, 44, 45]],
[239, [5, 20, 2, 10, 31, 32, 14, 16, 36, 38, 4, 19, 49, 62, 33, 63, 58, 59]],
[239, [5, 20, 2, 10, 31, 32, 14, 16, 36, 38, 4, 19, 49, 62, 34, 35, 23, 60]],
[239, [5, 20, 2, 10, 31, 32, 14, 16, 36, 38, 4, 19, 49, 62, 53, 54, 43, 64]],
[239, [5, 20, 2, 10, 31, 32, 14, 16, 36, 38, 18, 41, 27, 50, 13, 55, 44, 45]],
[239, [5, 20, 2, 10, 31, 32, 14, 16, 36, 38, 18, 41, 27, 50, 33, 63, 58, 59]],
[239, [5, 20, 2, 10, 31, 32, 14, 16, 36, 38, 18, 41, 27, 50, 34, 35, 23, 60]],
[239, [5, 20, 2, 10, 31, 32, 14, 16, 36, 38, 18, 41, 27, 50, 53, 54, 43, 64]],
[239, [5, 20, 2, 30, 32, 52, 3, 15, 37, 56, 4, 19, 27, 50, 13, 55, 44, 45]],
[239, [5, 20, 2, 30, 32, 52, 3, 15, 37, 56, 4, 19, 27, 50, 33, 63, 58, 59]],
[239, [5, 20, 2, 30, 32, 52, 3, 15, 37, 56, 4, 19, 27, 50, 34, 35, 23, 60]],
[239, [5, 20, 2, 30, 32, 52, 3, 15, 37, 56, 4, 19, 27, 50, 53, 54, 43, 64]],
[239, [5, 20, 2, 30, 32, 52, 3, 15, 37, 56, 18, 41, 49, 62, 13, 55, 44, 45]],
[239, [5, 20, 2, 30, 32, 52, 3, 15, 37, 56, 18, 41, 49, 62, 33, 63, 58, 59]],
[239, [5, 20, 2, 30, 32, 52, 3, 15, 37, 56, 18, 41, 49, 62, 34, 35, 23, 60]],
[239, [5, 20, 2, 30, 32, 52, 3, 15, 37, 56, 18, 41, 49, 62, 53, 54, 43, 64]],
[239, [5, 20, 2, 30, 32, 52, 14, 16, 36, 38, 4, 19, 27, 50, 13, 55, 44, 45]],
[239, [5, 20, 2, 30, 32, 52, 14, 16, 36, 38, 4, 19, 27, 50, 33, 63, 58, 59]],
[239, [5, 20, 2, 30, 32, 52, 14, 16, 36, 38, 4, 19, 27, 50, 34, 35, 23, 60]],
[239, [5, 20, 2, 30, 32, 52, 14, 16, 36, 38, 4, 19, 27, 50, 53, 54, 43, 64]],
[239, [5, 20, 2, 30, 32, 52, 14, 16, 36, 38, 18, 41, 49, 62, 13, 55, 44, 45]],
[239, [5, 20, 2, 30, 32, 52, 14, 16, 36, 38, 18, 41, 49, 62, 33, 63, 58, 59]],
[239, [5, 20, 2, 30, 32, 52, 14, 16, 36, 38, 18, 41, 49, 62, 34, 35, 23, 60]],
[239, [5, 20, 2, 30, 32, 52, 14, 16, 36, 38, 18, 41, 49, 62, 53, 54, 43, 64]],
[239, [5, 20, 10, 11, 12, 31, 3, 15, 37, 56, 4, 19, 49, 62, 13, 55, 23, 60]],
[239, [5, 20, 10, 11, 12, 31, 3, 15, 37, 56, 4, 19, 49, 62, 33, 63, 43, 64]],
[239, [5, 20, 10, 11, 12, 31, 3, 15, 37, 56, 4, 19, 49, 62, 34, 35, 44, 45]],
[239, [5, 20, 10, 11, 12, 31, 3, 15, 37, 56, 4, 19, 49, 62, 53, 54, 58, 59]],
[239, [5, 20, 10, 11, 12, 31, 3, 15, 37, 56, 18, 41, 27, 50, 13, 55, 23, 60]],
[239, [5, 20, 10, 11, 12, 31, 3, 15, 37, 56, 18, 41, 27, 50, 33, 63, 43, 64]],
[239, [5, 20, 10, 11, 12, 31, 3, 15, 37, 56, 18, 41, 27, 50, 34, 35, 44, 45]],
[239, [5, 20, 10, 11, 12, 31, 3, 15, 37, 56, 18, 41, 27, 50, 53, 54, 58, 59]],
[239, [5, 20, 10, 11, 12, 31, 14, 16, 36, 38, 4, 19, 49, 62, 13, 55, 23, 60]],
[239, [5, 20, 10, 11, 12, 31, 14, 16, 36, 38, 4, 19, 49, 62, 33, 63, 43, 64]],
[239, [5, 20, 10, 11, 12, 31, 14, 16, 36, 38, 4, 19, 49, 62, 34, 35, 44, 45]],
[239, [5, 20, 10, 11, 12, 31, 14, 16, 36, 38, 4, 19, 49, 62, 53, 54, 58, 59]],
[239, [5, 20, 10, 11, 12, 31, 14, 16, 36, 38, 18, 41, 27, 50, 13, 55, 23, 60]],
[239, [5, 20, 10, 11, 12, 31, 14, 16, 36, 38, 18, 41, 27, 50, 33, 63, 43, 64]],
[239, [5, 20, 10, 11, 12, 31, 14, 16, 36, 38, 18, 41, 27, 50, 34, 35, 44, 45]],
[239, [5, 20, 10, 11, 12, 31, 14, 16, 36, 38, 18, 41, 27, 50, 53, 54, 58, 59]],
[239, [5, 20, 11, 12, 30, 52, 3, 15, 37, 56, 4, 19, 27, 50, 13, 55, 23, 60]],
[239, [5, 20, 11, 12, 30, 52, 3, 15, 37, 56, 4, 19, 27, 50, 33, 63, 43, 64]],
[239, [5, 20, 11, 12, 30, 52, 3, 15, 37, 56, 4, 19, 27, 50, 34, 35, 44, 45]],
[239, [5, 20, 11, 12, 30, 52, 3, 15, 37, 56, 4, 19, 27, 50, 53, 54, 58, 59]],
[239, [5, 20, 11, 12, 30, 52, 3, 15, 37, 56, 18, 41, 49, 62, 13, 55, 23, 60]],
[239, [5, 20, 11, 12, 30, 52, 3, 15, 37, 56, 18, 41, 49, 62, 33, 63, 43, 64]],
[239, [5, 20, 11, 12, 30, 52, 3, 15, 37, 56, 18, 41, 49, 62, 34, 35, 44, 45]],
[239, [5, 20, 11, 12, 30, 52, 3, 15, 37, 56, 18, 41, 49, 62, 53, 54, 58, 59]],
[239, [5, 20, 11, 12, 30, 52, 14, 16, 36, 38, 4, 19, 27, 50, 13, 55, 23, 60]],
[239, [5, 20, 11, 12, 30, 52, 14, 16, 36, 38, 4, 19, 27, 50, 33, 63, 43, 64]],
[239, [5, 20, 11, 12, 30, 52, 14, 16, 36, 38, 4, 19, 27, 50, 34, 35, 44, 45]],
[239, [5, 20, 11, 12, 30, 52, 14, 16, 36, 38, 4, 19, 27, 50, 53, 54, 58, 59]],
[239, [5, 20, 11, 12, 30, 52, 14, 16, 36, 38, 18, 41, 49, 62, 13, 55, 23, 60]],
[239, [5, 20, 11, 12, 30, 52, 14, 16, 36, 38, 18, 41, 49, 62, 33, 63, 43, 64]],
[239, [5, 20, 11, 12, 30, 52, 14, 16, 36, 38, 18, 41, 49, 62, 34, 35, 44, 45]],
[239, [5, 20, 11, 12, 30, 52, 14, 16, 36, 38, 18, 41, 49, 62, 53, 54, 58, 59]],
[239, [21, 42, 2, 10, 31, 32, 3, 14, 15, 36, 4, 19, 49, 62, 13, 55, 44, 45]],
[239, [21, 42, 2, 10, 31, 32, 3, 14, 15, 36, 4, 19, 49, 62, 33, 63, 58, 59]],
[239, [21, 42, 2, 10, 31, 32, 3, 14, 15, 36, 4, 19, 49, 62, 34, 35, 23, 60]],
[239, [21, 42, 2, 10, 31, 32, 3, 14, 15, 36, 4, 19, 49, 62, 53, 54, 43, 64]],
[239, [21, 42, 2, 10, 31, 32, 3, 14, 15, 36, 18, 41, 27, 50, 13, 55, 44, 45]],
[239, [21, 42, 2, 10, 31, 32, 3, 14, 15, 36, 18, 41, 27, 50, 33, 63, 58, 59]],
[239, [21, 42, 2, 10, 31, 32, 3, 14, 15, 36, 18, 41, 27, 50, 34, 35, 23, 60]],
[239, [21, 42, 2, 10, 31, 32, 3, 14, 15, 36, 18, 41, 27, 50, 53, 54, 43, 64]],
[239, [21, 42, 2, 10, 31, 32, 16, 37, 38, 56, 4, 19, 49, 62, 13, 55, 44, 45]],
[239, [21, 42, 2, 10, 31, 32, 16, 37, 38, 56, 4, 19, 49, 62, 33, 63, 58, 59]],
[239, [21, 42, 2, 10, 31, 32, 16, 37, 38, 56, 4, 19, 49, 62, 34, 35, 23, 60]],
[239, [21, 42, 2, 10, 31, 32, 16, 37, 38, 56, 4, 19, 49, 62, 53, 54, 43, 64]],
[239, [21, 42, 2, 10, 31, 32, 16, 37, 38, 56, 18, 41, 27, 50, 13, 55, 44, 45]],
[239, [21, 42, 2, 10, 31, 32, 16, 37, 38, 56, 18, 41, 27, 50, 33, 63, 58, 59]],
[239, [21, 42, 2, 10, 31, 32, 16, 37, 38, 56, 18, 41, 27, 50, 34, 35, 23, 60]],
[239, [21, 42, 2, 10, 31, 32, 16, 37, 38, 56, 18, 41, 27, 50, 53, 54, 43, 64]],
[239, [21, 42, 2, 30, 32, 52, 3, 14, 15, 36, 4, 19, 27, 50, 13, 55, 44, 45]],
[239, [21, 42, 2, 30, 32, 52, 3, 14, 15, 36, 4, 19, 27, 50, 33, 63, 58, 59]],
[239, [21, 42, 2, 30, 32, 52, 3, 14, 15, 36, 4, 19, 27, 50, 34, 35, 23, 60]],
[239, [21, 42, 2, 30, 32, 52, 3, 14, 15, 36, 4, 19, 27, 50, 53, 54, 43, 64]],
[239, [21, 42, 2, 30, 32, 52, 3, 14, 15, 36, 18, 41, 49, 62, 13, 55, 44, 45]],
[239, [21, 42, 2, 30, 32, 52, 3, 14, 15, 36, 18, 41, 49, 62, 33, 63, 58, 59]],
[239, [21, 42, 2, 30, 32, 52, 3, 14, 15, 36, 18, 41, 49, 62, 34, 35, 23, 60]],
[239, [21, 42, 2, 30, 32, 52, 3, 14, 15, 36, 18, 41, 49, 62, 53, 54, 43, 64]],
[239, [21, 42, 2, 30, 32, 52, 16, 37, 38, 56, 4, 19, 27, 50, 13, 55, 44, 45]],
[239, [21, 42, 2, 30, 32, 52, 16, 37, 38, 56, 4, 19, 27, 50, 33, 63, 58, 59]],
[239, [21, 42, 2, 30, 32, 52, 16, 37, 38, 56, 4, 19, 27, 50, 34, 35, 23, 60]],
[239, [21, 42, 2, 30, 32, 52, 16, 37, 38, 56, 4, 19, 27, 50, 53, 54, 43, 64]],
[239, [21, 42, 2, 30, 32, 52, 16, 37, 38, 56, 18, 41, 49, 62, 13, 55, 44, 45]],
[239, [21, 42, 2, 30, 32, 52, 16, 37, 38, 56, 18, 41, 49, 62, 33, 63, 58, 59]],
[239, [21, 42, 2, 30, 32, 52, 16, 37, 38, 56, 18, 41, 49, 62, 34, 35, 23, 60]],
[239, [21, 42, 2, 30, 32, 52, 16, 37, 38, 56, 18, 41, 49, 62, 53, 54, 43, 64]],
[239, [21, 42, 10, 11, 12, 31, 3, 14, 15, 36, 4, 19, 49, 62, 13, 55, 23, 60]],
[239, [21, 42, 10, 11, 12, 31, 3, 14, 15, 36, 4, 19, 49, 62, 33, 63, 43, 64]],
[239, [21, 42, 10, 11, 12, 31, 3, 14, 15, 36, 4, 19, 49, 62, 34, 35, 44, 45]],
[239, [21, 42, 10, 11, 12, 31, 3, 14, 15, 36, 4, 19, 49, 62, 53, 54, 58, 59]],
[239, [21, 42, 10, 11, 12, 31, 3, 14, 15, 36, 18, 41, 27, 50, 13, 55, 23, 60]],
[239, [21, 42, 10, 11, 12, 31, 3, 14, 15, 36, 18, 41, 27, 50, 33, 63, 43, 64]],
[239, [21, 42, 10, 11, 12, 31, 3, 14, 15, 36, 18, 41, 27, 50, 34, 35, 44, 45]],
[239, [21, 42, 10, 11, 12, 31, 3, 14, 15, 36, 18, 41, 27, 50, 53, 54, 58, 59]],
[239, [21, 42, 10, 11, 12, 31, 16, 37, 38, 56, 4, 19, 49, 62, 13, 55, 23, 60]],
[239, [21, 42, 10, 11, 12, 31, 16, 37, 38, 56, 4, 19, 49, 62, 33, 63, 43, 64]],
[239, [21, 42, 10, 11, 12, 31, 16, 37, 38, 56, 4, 19, 49, 62, 34, 35, 44, 45]],
[239, [21, 42, 10, 11, 12, 31, 16, 37, 38, 56, 4, 19, 49, 62, 53, 54, 58, 59]],
[239, [21, 42, 10, 11, 12, 31, 16, 37, 38, 56, 18, 41, 27, 50, 13, 55, 23, 60]],
[239, [21, 42, 10, 11, 12, 31, 16, 37, 38, 56, 18, 41, 27, 50, 33, 63, 43, 64]],
[239, [21, 42, 10, 11, 12, 31, 16, 37, 38, 56, 18, 41, 27, 50, 34, 35, 44, 45]],
[239, [21, 42, 10, 11, 12, 31, 16, 37, 38, 56, 18, 41, 27, 50, 53, 54, 58, 59]],
[239, [21, 42, 11, 12, 30, 52, 3, 14, 15, 36, 4, 19, 27, 50, 13, 55, 23, 60]],
[239, [21, 42, 11, 12, 30, 52, 3, 14, 15, 36, 4, 19, 27, 50, 33, 63, 43, 64]],
[239, [21, 42, 11, 12, 30, 52, 3, 14, 15, 36, 4, 19, 27, 50, 34, 35, 44, 45]],
[239, [21, 42, 11, 12, 30, 52, 3, 14, 15, 36, 4, 19, 27, 50, 53, 54, 58, 59]],
[239, [21, 42, 11, 12, 30, 52, 3, 14, 15, 36, 18, 41, 49, 62, 13, 55, 23, 60]],
[239, [21, 42, 11, 12, 30, 52, 3, 14, 15, 36, 18, 41, 49, 62, 33, 63, 43, 64]],
[239, [21, 42, 11, 12, 30, 52, 3, 14, 15, 36, 18, 41, 49, 62, 34, 35, 44, 45]],
[239, [21, 42, 11, 12, 30, 52, 3, 14, 15, 36, 18, 41, 49, 62, 53, 54, 58, 59]],
[239, [21, 42, 11, 12, 30, 52, 16, 37, 38, 56, 4, 19, 27, 50, 13, 55, 23, 60]],
[239, [21, 42, 11, 12, 30, 52, 16, 37, 38, 56, 4, 19, 27, 50, 33, 63, 43, 64]],
[239, [21, 42, 11, 12, 30, 52, 16, 37, 38, 56, 4, 19, 27, 50, 34, 35, 44, 45]],
[239, [21, 42, 11, 12, 30, 52, 16, 37, 38, 56, 4, 19, 27, 50, 53, 54, 58, 59]],
[239, [21, 42, 11, 12, 30, 52, 16, 37, 38, 56, 18, 41, 49, 62, 13, 55, 23, 60]],
[239, [21, 42, 11, 12, 30, 52, 16, 37, 38, 56, 18, 41, 49, 62, 33, 63, 43, 64]],
[239, [21, 42, 11, 12, 30, 52, 16, 37, 38, 56, 18, 41, 49, 62, 34, 35, 44, 45]],
[239, [21, 42, 11, 12, 30, 52, 16, 37, 38, 56, 18, 41, 49, 62, 53, 54, 58, 59]]];
