pds_list := [[236, [5, 20, 3, 16, 4, 18, 40, 57, 8, 48, 9, 27, 50, 51, 13, 55, 43, 59]],
[236, [5, 20, 3, 16, 4, 18, 40, 57, 8, 48, 9, 49, 51, 62, 13, 55, 58, 64]],
[236, [5, 20, 3, 16, 4, 18, 40, 57, 8, 48, 27, 28, 29, 50, 34, 35, 43, 59]],
[236, [5, 20, 3, 16, 4, 18, 40, 57, 8, 48, 28, 29, 49, 62, 34, 35, 58, 64]],
[236, [5, 20, 3, 16, 4, 18, 40, 57, 24, 61, 9, 27, 50, 51, 33, 63, 43, 59]],
[236, [5, 20, 3, 16, 4, 18, 40, 57, 24, 61, 9, 49, 51, 62, 33, 63, 58, 64]],
[236, [5, 20, 3, 16, 4, 18, 40, 57, 24, 61, 27, 28, 29, 50, 53, 54, 43, 59]],
[236, [5, 20, 3, 16, 4, 18, 40, 57, 24, 61, 28, 29, 49, 62, 53, 54, 58, 64]],
[236, [5, 20, 3, 16, 4, 18, 40, 57, 25, 26, 9, 27, 50, 51, 34, 35, 43, 59]],
[236, [5, 20, 3, 16, 4, 18, 40, 57, 25, 26, 9, 49, 51, 62, 34, 35, 58, 64]],
[236, [5, 20, 3, 16, 4, 18, 40, 57, 25, 26, 27, 28, 29, 50, 13, 55, 43, 59]],
[236, [5, 20, 3, 16, 4, 18, 40, 57, 25, 26, 28, 29, 49, 62, 13, 55, 58, 64]],
[236, [5, 20, 3, 16, 4, 18, 40, 57, 46, 47, 9, 27, 50, 51, 53, 54, 43, 59]],
[236, [5, 20, 3, 16, 4, 18, 40, 57, 46, 47, 9, 49, 51, 62, 53, 54, 58, 64]],
[236, [5, 20, 3, 16, 4, 18, 40, 57, 46, 47, 27, 28, 29, 50, 33, 63, 43, 59]],
[236, [5, 20, 3, 16, 4, 18, 40, 57, 46, 47, 28, 29, 49, 62, 33, 63, 58, 64]],
[236, [5, 20, 3, 16, 17, 19, 39, 41, 8, 48, 9, 27, 50, 51, 13, 55, 43, 59]],
[236, [5, 20, 3, 16, 17, 19, 39, 41, 8, 48, 9, 49, 51, 62, 13, 55, 58, 64]],
[236, [5, 20, 3, 16, 17, 19, 39, 41, 8, 48, 27, 28, 29, 50, 34, 35, 43, 59]],
[236, [5, 20, 3, 16, 17, 19, 39, 41, 8, 48, 28, 29, 49, 62, 34, 35, 58, 64]],
[236, [5, 20, 3, 16, 17, 19, 39, 41, 24, 61, 9, 27, 50, 51, 33, 63, 43, 59]],
[236, [5, 20, 3, 16, 17, 19, 39, 41, 24, 61, 9, 49, 51, 62, 33, 63, 58, 64]],
[236, [5, 20, 3, 16, 17, 19, 39, 41, 24, 61, 27, 28, 29, 50, 53, 54, 43, 59]],
[236, [5, 20, 3, 16, 17, 19, 39, 41, 24, 61, 28, 29, 49, 62, 53, 54, 58, 64]],
[236, [5, 20, 3, 16, 17, 19, 39, 41, 25, 26, 9, 27, 50, 51, 34, 35, 43, 59]],
[236, [5, 20, 3, 16, 17, 19, 39, 41, 25, 26, 9, 49, 51, 62, 34, 35, 58, 64]],
[236, [5, 20, 3, 16, 17, 19, 39, 41, 25, 26, 27, 28, 29, 50, 13, 55, 43, 59]],
[236, [5, 20, 3, 16, 17, 19, 39, 41, 25, 26, 28, 29, 49, 62, 13, 55, 58, 64]],
[236, [5, 20, 3, 16, 17, 19, 39, 41, 46, 47, 9, 27, 50, 51, 53, 54, 43, 59]],
[236, [5, 20, 3, 16, 17, 19, 39, 41, 46, 47, 9, 49, 51, 62, 53, 54, 58, 64]],
[236, [5, 20, 3, 16, 17, 19, 39, 41, 46, 47, 27, 28, 29, 50, 33, 63, 43, 59]],
[236, [5, 20, 3, 16, 17, 19, 39, 41, 46, 47, 28, 29, 49, 62, 33, 63, 58, 64]],
[236, [5, 20, 14, 37, 4, 18, 40, 57, 8, 48, 9, 27, 50, 51, 13, 55, 44, 60]],
[236, [5, 20, 14, 37, 4, 18, 40, 57, 8, 48, 9, 49, 51, 62, 13, 55, 23, 45]],
[236, [5, 20, 14, 37, 4, 18, 40, 57, 8, 48, 27, 28, 29, 50, 34, 35, 44, 60]],
[236, [5, 20, 14, 37, 4, 18, 40, 57, 8, 48, 28, 29, 49, 62, 34, 35, 23, 45]],
[236, [5, 20, 14, 37, 4, 18, 40, 57, 24, 61, 9, 27, 50, 51, 33, 63, 44, 60]],
[236, [5, 20, 14, 37, 4, 18, 40, 57, 24, 61, 9, 49, 51, 62, 33, 63, 23, 45]],
[236, [5, 20, 14, 37, 4, 18, 40, 57, 24, 61, 27, 28, 29, 50, 53, 54, 44, 60]],
[236, [5, 20, 14, 37, 4, 18, 40, 57, 24, 61, 28, 29, 49, 62, 53, 54, 23, 45]],
[236, [5, 20, 14, 37, 4, 18, 40, 57, 25, 26, 9, 27, 50, 51, 34, 35, 44, 60]],
[236, [5, 20, 14, 37, 4, 18, 40, 57, 25, 26, 9, 49, 51, 62, 34, 35, 23, 45]],
[236, [5, 20, 14, 37, 4, 18, 40, 57, 25, 26, 27, 28, 29, 50, 13, 55, 44, 60]],
[236, [5, 20, 14, 37, 4, 18, 40, 57, 25, 26, 28, 29, 49, 62, 13, 55, 23, 45]],
[236, [5, 20, 14, 37, 4, 18, 40, 57, 46, 47, 9, 27, 50, 51, 53, 54, 44, 60]],
[236, [5, 20, 14, 37, 4, 18, 40, 57, 46, 47, 9, 49, 51, 62, 53, 54, 23, 45]],
[236, [5, 20, 14, 37, 4, 18, 40, 57, 46, 47, 27, 28, 29, 50, 33, 63, 44, 60]],
[236, [5, 20, 14, 37, 4, 18, 40, 57, 46, 47, 28, 29, 49, 62, 33, 63, 23, 45]],
[236, [5, 20, 14, 37, 17, 19, 39, 41, 8, 48, 9, 27, 50, 51, 13, 55, 44, 60]],
[236, [5, 20, 14, 37, 17, 19, 39, 41, 8, 48, 9, 49, 51, 62, 13, 55, 23, 45]],
[236, [5, 20, 14, 37, 17, 19, 39, 41, 8, 48, 27, 28, 29, 50, 34, 35, 44, 60]],
[236, [5, 20, 14, 37, 17, 19, 39, 41, 8, 48, 28, 29, 49, 62, 34, 35, 23, 45]],
[236, [5, 20, 14, 37, 17, 19, 39, 41, 24, 61, 9, 27, 50, 51, 33, 63, 44, 60]],
[236, [5, 20, 14, 37, 17, 19, 39, 41, 24, 61, 9, 49, 51, 62, 33, 63, 23, 45]],
[236, [5, 20, 14, 37, 17, 19, 39, 41, 24, 61, 27, 28, 29, 50, 53, 54, 44, 60]],
[236, [5, 20, 14, 37, 17, 19, 39, 41, 24, 61, 28, 29, 49, 62, 53, 54, 23, 45]],
[236, [5, 20, 14, 37, 17, 19, 39, 41, 25, 26, 9, 27, 50, 51, 34, 35, 44, 60]],
[236, [5, 20, 14, 37, 17, 19, 39, 41, 25, 26, 9, 49, 51, 62, 34, 35, 23, 45]],
[236, [5, 20, 14, 37, 17, 19, 39, 41, 25, 26, 27, 28, 29, 50, 13, 55, 44, 60]],
[236, [5, 20, 14, 37, 17, 19, 39, 41, 25, 26, 28, 29, 49, 62, 13, 55, 23, 45]],
[236, [5, 20, 14, 37, 17, 19, 39, 41, 46, 47, 9, 27, 50, 51, 53, 54, 44, 60]],
[236, [5, 20, 14, 37, 17, 19, 39, 41, 46, 47, 9, 49, 51, 62, 53, 54, 23, 45]],
[236, [5, 20, 14, 37, 17, 19, 39, 41, 46, 47, 27, 28, 29, 50, 33, 63, 44, 60]],
[236, [5, 20, 14, 37, 17, 19, 39, 41, 46, 47, 28, 29, 49, 62, 33, 63, 23, 45]],
[236, [5, 20, 15, 38, 4, 18, 40, 57, 8, 48, 9, 27, 50, 51, 13, 55, 58, 64]],
[236, [5, 20, 15, 38, 4, 18, 40, 57, 8, 48, 9, 49, 51, 62, 13, 55, 43, 59]],
[236, [5, 20, 15, 38, 4, 18, 40, 57, 8, 48, 27, 28, 29, 50, 34, 35, 58, 64]],
[236, [5, 20, 15, 38, 4, 18, 40, 57, 8, 48, 28, 29, 49, 62, 34, 35, 43, 59]],
[236, [5, 20, 15, 38, 4, 18, 40, 57, 24, 61, 9, 27, 50, 51, 33, 63, 58, 64]],
[236, [5, 20, 15, 38, 4, 18, 40, 57, 24, 61, 9, 49, 51, 62, 33, 63, 43, 59]],
[236, [5, 20, 15, 38, 4, 18, 40, 57, 24, 61, 27, 28, 29, 50, 53, 54, 58, 64]],
[236, [5, 20, 15, 38, 4, 18, 40, 57, 24, 61, 28, 29, 49, 62, 53, 54, 43, 59]],
[236, [5, 20, 15, 38, 4, 18, 40, 57, 25, 26, 9, 27, 50, 51, 34, 35, 58, 64]],
[236, [5, 20, 15, 38, 4, 18, 40, 57, 25, 26, 9, 49, 51, 62, 34, 35, 43, 59]],
[236, [5, 20, 15, 38, 4, 18, 40, 57, 25, 26, 27, 28, 29, 50, 13, 55, 58, 64]],
[236, [5, 20, 15, 38, 4, 18, 40, 57, 25, 26, 28, 29, 49, 62, 13, 55, 43, 59]],
[236, [5, 20, 15, 38, 4, 18, 40, 57, 46, 47, 9, 27, 50, 51, 53, 54, 58, 64]],
[236, [5, 20, 15, 38, 4, 18, 40, 57, 46, 47, 9, 49, 51, 62, 53, 54, 43, 59]],
[236, [5, 20, 15, 38, 4, 18, 40, 57, 46, 47, 27, 28, 29, 50, 33, 63, 58, 64]],
[236, [5, 20, 15, 38, 4, 18, 40, 57, 46, 47, 28, 29, 49, 62, 33, 63, 43, 59]],
[236, [5, 20, 15, 38, 17, 19, 39, 41, 8, 48, 9, 27, 50, 51, 13, 55, 58, 64]],
[236, [5, 20, 15, 38, 17, 19, 39, 41, 8, 48, 9, 49, 51, 62, 13, 55, 43, 59]],
[236, [5, 20, 15, 38, 17, 19, 39, 41, 8, 48, 27, 28, 29, 50, 34, 35, 58, 64]],
[236, [5, 20, 15, 38, 17, 19, 39, 41, 8, 48, 28, 29, 49, 62, 34, 35, 43, 59]],
[236, [5, 20, 15, 38, 17, 19, 39, 41, 24, 61, 9, 27, 50, 51, 33, 63, 58, 64]],
[236, [5, 20, 15, 38, 17, 19, 39, 41, 24, 61, 9, 49, 51, 62, 33, 63, 43, 59]],
[236, [5, 20, 15, 38, 17, 19, 39, 41, 24, 61, 27, 28, 29, 50, 53, 54, 58, 64]],
[236, [5, 20, 15, 38, 17, 19, 39, 41, 24, 61, 28, 29, 49, 62, 53, 54, 43, 59]],
[236, [5, 20, 15, 38, 17, 19, 39, 41, 25, 26, 9, 27, 50, 51, 34, 35, 58, 64]],
[236, [5, 20, 15, 38, 17, 19, 39, 41, 25, 26, 9, 49, 51, 62, 34, 35, 43, 59]],
[236, [5, 20, 15, 38, 17, 19, 39, 41, 25, 26, 27, 28, 29, 50, 13, 55, 58, 64]],
[236, [5, 20, 15, 38, 17, 19, 39, 41, 25, 26, 28, 29, 49, 62, 13, 55, 43, 59]],
[236, [5, 20, 15, 38, 17, 19, 39, 41, 46, 47, 9, 27, 50, 51, 53, 54, 58, 64]],
[236, [5, 20, 15, 38, 17, 19, 39, 41, 46, 47, 9, 49, 51, 62, 53, 54, 43, 59]],
[236, [5, 20, 15, 38, 17, 19, 39, 41, 46, 47, 27, 28, 29, 50, 33, 63, 58, 64]],
[236, [5, 20, 15, 38, 17, 19, 39, 41, 46, 47, 28, 29, 49, 62, 33, 63, 43, 59]],
[236, [5, 20, 36, 56, 4, 18, 40, 57, 8, 48, 9, 27, 50, 51, 13, 55, 23, 45]],
[236, [5, 20, 36, 56, 4, 18, 40, 57, 8, 48, 9, 49, 51, 62, 13, 55, 44, 60]],
[236, [5, 20, 36, 56, 4, 18, 40, 57, 8, 48, 27, 28, 29, 50, 34, 35, 23, 45]],
[236, [5, 20, 36, 56, 4, 18, 40, 57, 8, 48, 28, 29, 49, 62, 34, 35, 44, 60]],
[236, [5, 20, 36, 56, 4, 18, 40, 57, 24, 61, 9, 27, 50, 51, 33, 63, 23, 45]],
[236, [5, 20, 36, 56, 4, 18, 40, 57, 24, 61, 9, 49, 51, 62, 33, 63, 44, 60]],
[236, [5, 20, 36, 56, 4, 18, 40, 57, 24, 61, 27, 28, 29, 50, 53, 54, 23, 45]],
[236, [5, 20, 36, 56, 4, 18, 40, 57, 24, 61, 28, 29, 49, 62, 53, 54, 44, 60]],
[236, [5, 20, 36, 56, 4, 18, 40, 57, 25, 26, 9, 27, 50, 51, 34, 35, 23, 45]],
[236, [5, 20, 36, 56, 4, 18, 40, 57, 25, 26, 9, 49, 51, 62, 34, 35, 44, 60]],
[236, [5, 20, 36, 56, 4, 18, 40, 57, 25, 26, 27, 28, 29, 50, 13, 55, 23, 45]],
[236, [5, 20, 36, 56, 4, 18, 40, 57, 25, 26, 28, 29, 49, 62, 13, 55, 44, 60]],
[236, [5, 20, 36, 56, 4, 18, 40, 57, 46, 47, 9, 27, 50, 51, 53, 54, 23, 45]],
[236, [5, 20, 36, 56, 4, 18, 40, 57, 46, 47, 9, 49, 51, 62, 53, 54, 44, 60]],
[236, [5, 20, 36, 56, 4, 18, 40, 57, 46, 47, 27, 28, 29, 50, 33, 63, 23, 45]],
[236, [5, 20, 36, 56, 4, 18, 40, 57, 46, 47, 28, 29, 49, 62, 33, 63, 44, 60]],
[236, [5, 20, 36, 56, 17, 19, 39, 41, 8, 48, 9, 27, 50, 51, 13, 55, 23, 45]],
[236, [5, 20, 36, 56, 17, 19, 39, 41, 8, 48, 9, 49, 51, 62, 13, 55, 44, 60]],
[236, [5, 20, 36, 56, 17, 19, 39, 41, 8, 48, 27, 28, 29, 50, 34, 35, 23, 45]],
[236, [5, 20, 36, 56, 17, 19, 39, 41, 8, 48, 28, 29, 49, 62, 34, 35, 44, 60]],
[236, [5, 20, 36, 56, 17, 19, 39, 41, 24, 61, 9, 27, 50, 51, 33, 63, 23, 45]],
[236, [5, 20, 36, 56, 17, 19, 39, 41, 24, 61, 9, 49, 51, 62, 33, 63, 44, 60]],
[236, [5, 20, 36, 56, 17, 19, 39, 41, 24, 61, 27, 28, 29, 50, 53, 54, 23, 45]],
[236, [5, 20, 36, 56, 17, 19, 39, 41, 24, 61, 28, 29, 49, 62, 53, 54, 44, 60]],
[236, [5, 20, 36, 56, 17, 19, 39, 41, 25, 26, 9, 27, 50, 51, 34, 35, 23, 45]],
[236, [5, 20, 36, 56, 17, 19, 39, 41, 25, 26, 9, 49, 51, 62, 34, 35, 44, 60]],
[236, [5, 20, 36, 56, 17, 19, 39, 41, 25, 26, 27, 28, 29, 50, 13, 55, 23, 45]],
[236, [5, 20, 36, 56, 17, 19, 39, 41, 25, 26, 28, 29, 49, 62, 13, 55, 44, 60]],
[236, [5, 20, 36, 56, 17, 19, 39, 41, 46, 47, 9, 27, 50, 51, 53, 54, 23, 45]],
[236, [5, 20, 36, 56, 17, 19, 39, 41, 46, 47, 9, 49, 51, 62, 53, 54, 44, 60]],
[236, [5, 20, 36, 56, 17, 19, 39, 41, 46, 47, 27, 28, 29, 50, 33, 63, 23, 45]],
[236, [5, 20, 36, 56, 17, 19, 39, 41, 46, 47, 28, 29, 49, 62, 33, 63, 44, 60]],
[236, [21, 42, 3, 16, 4, 17, 18, 39, 8, 48, 9, 27, 50, 51, 13, 55, 43, 59]],
[236, [21, 42, 3, 16, 4, 17, 18, 39, 8, 48, 9, 49, 51, 62, 13, 55, 58, 64]],
[236, [21, 42, 3, 16, 4, 17, 18, 39, 8, 48, 27, 28, 29, 50, 34, 35, 43, 59]],
[236, [21, 42, 3, 16, 4, 17, 18, 39, 8, 48, 28, 29, 49, 62, 34, 35, 58, 64]],
[236, [21, 42, 3, 16, 4, 17, 18, 39, 24, 61, 9, 27, 50, 51, 33, 63, 43, 59]],
[236, [21, 42, 3, 16, 4, 17, 18, 39, 24, 61, 9, 49, 51, 62, 33, 63, 58, 64]],
[236, [21, 42, 3, 16, 4, 17, 18, 39, 24, 61, 27, 28, 29, 50, 53, 54, 43, 59]],
[236, [21, 42, 3, 16, 4, 17, 18, 39, 24, 61, 28, 29, 49, 62, 53, 54, 58, 64]],
[236, [21, 42, 3, 16, 4, 17, 18, 39, 25, 26, 9, 27, 50, 51, 34, 35, 43, 59]],
[236, [21, 42, 3, 16, 4, 17, 18, 39, 25, 26, 9, 49, 51, 62, 34, 35, 58, 64]],
[236, [21, 42, 3, 16, 4, 17, 18, 39, 25, 26, 27, 28, 29, 50, 13, 55, 43, 59]],
[236, [21, 42, 3, 16, 4, 17, 18, 39, 25, 26, 28, 29, 49, 62, 13, 55, 58, 64]],
[236, [21, 42, 3, 16, 4, 17, 18, 39, 46, 47, 9, 27, 50, 51, 53, 54, 43, 59]],
[236, [21, 42, 3, 16, 4, 17, 18, 39, 46, 47, 9, 49, 51, 62, 53, 54, 58, 64]],
[236, [21, 42, 3, 16, 4, 17, 18, 39, 46, 47, 27, 28, 29, 50, 33, 63, 43, 59]],
[236, [21, 42, 3, 16, 4, 17, 18, 39, 46, 47, 28, 29, 49, 62, 33, 63, 58, 64]],
[236, [21, 42, 3, 16, 19, 40, 41, 57, 8, 48, 9, 27, 50, 51, 13, 55, 43, 59]],
[236, [21, 42, 3, 16, 19, 40, 41, 57, 8, 48, 9, 49, 51, 62, 13, 55, 58, 64]],
[236, [21, 42, 3, 16, 19, 40, 41, 57, 8, 48, 27, 28, 29, 50, 34, 35, 43, 59]],
[236, [21, 42, 3, 16, 19, 40, 41, 57, 8, 48, 28, 29, 49, 62, 34, 35, 58, 64]],
[236, [21, 42, 3, 16, 19, 40, 41, 57, 24, 61, 9, 27, 50, 51, 33, 63, 43, 59]],
[236, [21, 42, 3, 16, 19, 40, 41, 57, 24, 61, 9, 49, 51, 62, 33, 63, 58, 64]],
[236, [21, 42, 3, 16, 19, 40, 41, 57, 24, 61, 27, 28, 29, 50, 53, 54, 43, 59]],
[236, [21, 42, 3, 16, 19, 40, 41, 57, 24, 61, 28, 29, 49, 62, 53, 54, 58, 64]],
[236, [21, 42, 3, 16, 19, 40, 41, 57, 25, 26, 9, 27, 50, 51, 34, 35, 43, 59]],
[236, [21, 42, 3, 16, 19, 40, 41, 57, 25, 26, 9, 49, 51, 62, 34, 35, 58, 64]],
[236, [21, 42, 3, 16, 19, 40, 41, 57, 25, 26, 27, 28, 29, 50, 13, 55, 43, 59]],
[236, [21, 42, 3, 16, 19, 40, 41, 57, 25, 26, 28, 29, 49, 62, 13, 55, 58, 64]],
[236, [21, 42, 3, 16, 19, 40, 41, 57, 46, 47, 9, 27, 50, 51, 53, 54, 43, 59]],
[236, [21, 42, 3, 16, 19, 40, 41, 57, 46, 47, 9, 49, 51, 62, 53, 54, 58, 64]],
[236, [21, 42, 3, 16, 19, 40, 41, 57, 46, 47, 27, 28, 29, 50, 33, 63, 43, 59]],
[236, [21, 42, 3, 16, 19, 40, 41, 57, 46, 47, 28, 29, 49, 62, 33, 63, 58, 64]],
[236, [21, 42, 14, 37, 4, 17, 18, 39, 8, 48, 9, 27, 50, 51, 13, 55, 44, 60]],
[236, [21, 42, 14, 37, 4, 17, 18, 39, 8, 48, 9, 49, 51, 62, 13, 55, 23, 45]],
[236, [21, 42, 14, 37, 4, 17, 18, 39, 8, 48, 27, 28, 29, 50, 34, 35, 44, 60]],
[236, [21, 42, 14, 37, 4, 17, 18, 39, 8, 48, 28, 29, 49, 62, 34, 35, 23, 45]],
[236, [21, 42, 14, 37, 4, 17, 18, 39, 24, 61, 9, 27, 50, 51, 33, 63, 44, 60]],
[236, [21, 42, 14, 37, 4, 17, 18, 39, 24, 61, 9, 49, 51, 62, 33, 63, 23, 45]],
[236, [21, 42, 14, 37, 4, 17, 18, 39, 24, 61, 27, 28, 29, 50, 53, 54, 44, 60]],
[236, [21, 42, 14, 37, 4, 17, 18, 39, 24, 61, 28, 29, 49, 62, 53, 54, 23, 45]],
[236, [21, 42, 14, 37, 4, 17, 18, 39, 25, 26, 9, 27, 50, 51, 34, 35, 44, 60]],
[236, [21, 42, 14, 37, 4, 17, 18, 39, 25, 26, 9, 49, 51, 62, 34, 35, 23, 45]],
[236, [21, 42, 14, 37, 4, 17, 18, 39, 25, 26, 27, 28, 29, 50, 13, 55, 44, 60]],
[236, [21, 42, 14, 37, 4, 17, 18, 39, 25, 26, 28, 29, 49, 62, 13, 55, 23, 45]],
[236, [21, 42, 14, 37, 4, 17, 18, 39, 46, 47, 9, 27, 50, 51, 53, 54, 44, 60]],
[236, [21, 42, 14, 37, 4, 17, 18, 39, 46, 47, 9, 49, 51, 62, 53, 54, 23, 45]],
[236, [21, 42, 14, 37, 4, 17, 18, 39, 46, 47, 27, 28, 29, 50, 33, 63, 44, 60]],
[236, [21, 42, 14, 37, 4, 17, 18, 39, 46, 47, 28, 29, 49, 62, 33, 63, 23, 45]],
[236, [21, 42, 14, 37, 19, 40, 41, 57, 8, 48, 9, 27, 50, 51, 13, 55, 44, 60]],
[236, [21, 42, 14, 37, 19, 40, 41, 57, 8, 48, 9, 49, 51, 62, 13, 55, 23, 45]],
[236, [21, 42, 14, 37, 19, 40, 41, 57, 8, 48, 27, 28, 29, 50, 34, 35, 44, 60]],
[236, [21, 42, 14, 37, 19, 40, 41, 57, 8, 48, 28, 29, 49, 62, 34, 35, 23, 45]],
[236, [21, 42, 14, 37, 19, 40, 41, 57, 24, 61, 9, 27, 50, 51, 33, 63, 44, 60]],
[236, [21, 42, 14, 37, 19, 40, 41, 57, 24, 61, 9, 49, 51, 62, 33, 63, 23, 45]],
[236, [21, 42, 14, 37, 19, 40, 41, 57, 24, 61, 27, 28, 29, 50, 53, 54, 44, 60]],
[236, [21, 42, 14, 37, 19, 40, 41, 57, 24, 61, 28, 29, 49, 62, 53, 54, 23, 45]],
[236, [21, 42, 14, 37, 19, 40, 41, 57, 25, 26, 9, 27, 50, 51, 34, 35, 44, 60]],
[236, [21, 42, 14, 37, 19, 40, 41, 57, 25, 26, 9, 49, 51, 62, 34, 35, 23, 45]],
[236, [21, 42, 14, 37, 19, 40, 41, 57, 25, 26, 27, 28, 29, 50, 13, 55, 44, 60]],
[236, [21, 42, 14, 37, 19, 40, 41, 57, 25, 26, 28, 29, 49, 62, 13, 55, 23, 45]],
[236, [21, 42, 14, 37, 19, 40, 41, 57, 46, 47, 9, 27, 50, 51, 53, 54, 44, 60]],
[236, [21, 42, 14, 37, 19, 40, 41, 57, 46, 47, 9, 49, 51, 62, 53, 54, 23, 45]],
[236, [21, 42, 14, 37, 19, 40, 41, 57, 46, 47, 27, 28, 29, 50, 33, 63, 44, 60]],
[236, [21, 42, 14, 37, 19, 40, 41, 57, 46, 47, 28, 29, 49, 62, 33, 63, 23, 45]],
[236, [21, 42, 15, 38, 4, 17, 18, 39, 8, 48, 9, 27, 50, 51, 13, 55, 58, 64]],
[236, [21, 42, 15, 38, 4, 17, 18, 39, 8, 48, 9, 49, 51, 62, 13, 55, 43, 59]],
[236, [21, 42, 15, 38, 4, 17, 18, 39, 8, 48, 27, 28, 29, 50, 34, 35, 58, 64]],
[236, [21, 42, 15, 38, 4, 17, 18, 39, 8, 48, 28, 29, 49, 62, 34, 35, 43, 59]],
[236, [21, 42, 15, 38, 4, 17, 18, 39, 24, 61, 9, 27, 50, 51, 33, 63, 58, 64]],
[236, [21, 42, 15, 38, 4, 17, 18, 39, 24, 61, 9, 49, 51, 62, 33, 63, 43, 59]],
[236, [21, 42, 15, 38, 4, 17, 18, 39, 24, 61, 27, 28, 29, 50, 53, 54, 58, 64]],
[236, [21, 42, 15, 38, 4, 17, 18, 39, 24, 61, 28, 29, 49, 62, 53, 54, 43, 59]],
[236, [21, 42, 15, 38, 4, 17, 18, 39, 25, 26, 9, 27, 50, 51, 34, 35, 58, 64]],
[236, [21, 42, 15, 38, 4, 17, 18, 39, 25, 26, 9, 49, 51, 62, 34, 35, 43, 59]],
[236, [21, 42, 15, 38, 4, 17, 18, 39, 25, 26, 27, 28, 29, 50, 13, 55, 58, 64]],
[236, [21, 42, 15, 38, 4, 17, 18, 39, 25, 26, 28, 29, 49, 62, 13, 55, 43, 59]],
[236, [21, 42, 15, 38, 4, 17, 18, 39, 46, 47, 9, 27, 50, 51, 53, 54, 58, 64]],
[236, [21, 42, 15, 38, 4, 17, 18, 39, 46, 47, 9, 49, 51, 62, 53, 54, 43, 59]],
[236, [21, 42, 15, 38, 4, 17, 18, 39, 46, 47, 27, 28, 29, 50, 33, 63, 58, 64]],
[236, [21, 42, 15, 38, 4, 17, 18, 39, 46, 47, 28, 29, 49, 62, 33, 63, 43, 59]],
[236, [21, 42, 15, 38, 19, 40, 41, 57, 8, 48, 9, 27, 50, 51, 13, 55, 58, 64]],
[236, [21, 42, 15, 38, 19, 40, 41, 57, 8, 48, 9, 49, 51, 62, 13, 55, 43, 59]],
[236, [21, 42, 15, 38, 19, 40, 41, 57, 8, 48, 27, 28, 29, 50, 34, 35, 58, 64]],
[236, [21, 42, 15, 38, 19, 40, 41, 57, 8, 48, 28, 29, 49, 62, 34, 35, 43, 59]],
[236, [21, 42, 15, 38, 19, 40, 41, 57, 24, 61, 9, 27, 50, 51, 33, 63, 58, 64]],
[236, [21, 42, 15, 38, 19, 40, 41, 57, 24, 61, 9, 49, 51, 62, 33, 63, 43, 59]],
[236, [21, 42, 15, 38, 19, 40, 41, 57, 24, 61, 27, 28, 29, 50, 53, 54, 58, 64]],
[236, [21, 42, 15, 38, 19, 40, 41, 57, 24, 61, 28, 29, 49, 62, 53, 54, 43, 59]],
[236, [21, 42, 15, 38, 19, 40, 41, 57, 25, 26, 9, 27, 50, 51, 34, 35, 58, 64]],
[236, [21, 42, 15, 38, 19, 40, 41, 57, 25, 26, 9, 49, 51, 62, 34, 35, 43, 59]],
[236, [21, 42, 15, 38, 19, 40, 41, 57, 25, 26, 27, 28, 29, 50, 13, 55, 58, 64]],
[236, [21, 42, 15, 38, 19, 40, 41, 57, 25, 26, 28, 29, 49, 62, 13, 55, 43, 59]],
[236, [21, 42, 15, 38, 19, 40, 41, 57, 46, 47, 9, 27, 50, 51, 53, 54, 58, 64]],
[236, [21, 42, 15, 38, 19, 40, 41, 57, 46, 47, 9, 49, 51, 62, 53, 54, 43, 59]],
[236, [21, 42, 15, 38, 19, 40, 41, 57, 46, 47, 27, 28, 29, 50, 33, 63, 58, 64]],
[236, [21, 42, 15, 38, 19, 40, 41, 57, 46, 47, 28, 29, 49, 62, 33, 63, 43, 59]],
[236, [21, 42, 36, 56, 4, 17, 18, 39, 8, 48, 9, 27, 50, 51, 13, 55, 23, 45]],
[236, [21, 42, 36, 56, 4, 17, 18, 39, 8, 48, 9, 49, 51, 62, 13, 55, 44, 60]],
[236, [21, 42, 36, 56, 4, 17, 18, 39, 8, 48, 27, 28, 29, 50, 34, 35, 23, 45]],
[236, [21, 42, 36, 56, 4, 17, 18, 39, 8, 48, 28, 29, 49, 62, 34, 35, 44, 60]],
[236, [21, 42, 36, 56, 4, 17, 18, 39, 24, 61, 9, 27, 50, 51, 33, 63, 23, 45]],
[236, [21, 42, 36, 56, 4, 17, 18, 39, 24, 61, 9, 49, 51, 62, 33, 63, 44, 60]],
[236, [21, 42, 36, 56, 4, 17, 18, 39, 24, 61, 27, 28, 29, 50, 53, 54, 23, 45]],
[236, [21, 42, 36, 56, 4, 17, 18, 39, 24, 61, 28, 29, 49, 62, 53, 54, 44, 60]],
[236, [21, 42, 36, 56, 4, 17, 18, 39, 25, 26, 9, 27, 50, 51, 34, 35, 23, 45]],
[236, [21, 42, 36, 56, 4, 17, 18, 39, 25, 26, 9, 49, 51, 62, 34, 35, 44, 60]],
[236, [21, 42, 36, 56, 4, 17, 18, 39, 25, 26, 27, 28, 29, 50, 13, 55, 23, 45]],
[236, [21, 42, 36, 56, 4, 17, 18, 39, 25, 26, 28, 29, 49, 62, 13, 55, 44, 60]],
[236, [21, 42, 36, 56, 4, 17, 18, 39, 46, 47, 9, 27, 50, 51, 53, 54, 23, 45]],
[236, [21, 42, 36, 56, 4, 17, 18, 39, 46, 47, 9, 49, 51, 62, 53, 54, 44, 60]],
[236, [21, 42, 36, 56, 4, 17, 18, 39, 46, 47, 27, 28, 29, 50, 33, 63, 23, 45]],
[236, [21, 42, 36, 56, 4, 17, 18, 39, 46, 47, 28, 29, 49, 62, 33, 63, 44, 60]],
[236, [21, 42, 36, 56, 19, 40, 41, 57, 8, 48, 9, 27, 50, 51, 13, 55, 23, 45]],
[236, [21, 42, 36, 56, 19, 40, 41, 57, 8, 48, 9, 49, 51, 62, 13, 55, 44, 60]],
[236, [21, 42, 36, 56, 19, 40, 41, 57, 8, 48, 27, 28, 29, 50, 34, 35, 23, 45]],
[236, [21, 42, 36, 56, 19, 40, 41, 57, 8, 48, 28, 29, 49, 62, 34, 35, 44, 60]],
[236, [21, 42, 36, 56, 19, 40, 41, 57, 24, 61, 9, 27, 50, 51, 33, 63, 23, 45]],
[236, [21, 42, 36, 56, 19, 40, 41, 57, 24, 61, 9, 49, 51, 62, 33, 63, 44, 60]],
[236, [21, 42, 36, 56, 19, 40, 41, 57, 24, 61, 27, 28, 29, 50, 53, 54, 23, 45]],
[236, [21, 42, 36, 56, 19, 40, 41, 57, 24, 61, 28, 29, 49, 62, 53, 54, 44, 60]],
[236, [21, 42, 36, 56, 19, 40, 41, 57, 25, 26, 9, 27, 50, 51, 34, 35, 23, 45]],
[236, [21, 42, 36, 56, 19, 40, 41, 57, 25, 26, 9, 49, 51, 62, 34, 35, 44, 60]],
[236, [21, 42, 36, 56, 19, 40, 41, 57, 25, 26, 27, 28, 29, 50, 13, 55, 23, 45]],
[236, [21, 42, 36, 56, 19, 40, 41, 57, 25, 26, 28, 29, 49, 62, 13, 55, 44, 60]],
[236, [21, 42, 36, 56, 19, 40, 41, 57, 46, 47, 9, 27, 50, 51, 53, 54, 23, 45]],
[236, [21, 42, 36, 56, 19, 40, 41, 57, 46, 47, 9, 49, 51, 62, 53, 54, 44, 60]],
[236, [21, 42, 36, 56, 19, 40, 41, 57, 46, 47, 27, 28, 29, 50, 33, 63, 23, 45]],
[236, [21, 42, 36, 56, 19, 40, 41, 57, 46, 47, 28, 29, 49, 62, 33, 63, 44, 60]],
[236, [5, 20, 2, 12, 17, 40, 8, 48, 9, 49, 51, 62, 13, 55, 23, 44, 59, 64]],
[236, [5, 20, 2, 12, 17, 40, 8, 48, 9, 49, 51, 62, 13, 55, 43, 45, 58, 60]],
[236, [5, 20, 2, 12, 17, 40, 8, 48, 28, 29, 49, 62, 34, 35, 23, 44, 59, 64]],
[236, [5, 20, 2, 12, 17, 40, 8, 48, 28, 29, 49, 62, 34, 35, 43, 45, 58, 60]],
[236, [5, 20, 2, 12, 17, 40, 24, 61, 9, 49, 51, 62, 33, 63, 23, 44, 59, 64]],
[236, [5, 20, 2, 12, 17, 40, 24, 61, 9, 49, 51, 62, 33, 63, 43, 45, 58, 60]],
[236, [5, 20, 2, 12, 17, 40, 24, 61, 28, 29, 49, 62, 53, 54, 23, 44, 59, 64]],
[236, [5, 20, 2, 12, 17, 40, 24, 61, 28, 29, 49, 62, 53, 54, 43, 45, 58, 60]],
[236, [5, 20, 2, 12, 17, 40, 25, 26, 9, 49, 51, 62, 34, 35, 23, 44, 59, 64]],
[236, [5, 20, 2, 12, 17, 40, 25, 26, 9, 49, 51, 62, 34, 35, 43, 45, 58, 60]],
[236, [5, 20, 2, 12, 17, 40, 25, 26, 28, 29, 49, 62, 13, 55, 23, 44, 59, 64]],
[236, [5, 20, 2, 12, 17, 40, 25, 26, 28, 29, 49, 62, 13, 55, 43, 45, 58, 60]],
[236, [5, 20, 2, 12, 17, 40, 46, 47, 9, 49, 51, 62, 53, 54, 23, 44, 59, 64]],
[236, [5, 20, 2, 12, 17, 40, 46, 47, 9, 49, 51, 62, 53, 54, 43, 45, 58, 60]],
[236, [5, 20, 2, 12, 17, 40, 46, 47, 28, 29, 49, 62, 33, 63, 23, 44, 59, 64]],
[236, [5, 20, 2, 12, 17, 40, 46, 47, 28, 29, 49, 62, 33, 63, 43, 45, 58, 60]],
[236, [5, 20, 2, 12, 39, 57, 8, 48, 9, 27, 50, 51, 13, 55, 23, 44, 59, 64]],
[236, [5, 20, 2, 12, 39, 57, 8, 48, 9, 27, 50, 51, 13, 55, 43, 45, 58, 60]],
[236, [5, 20, 2, 12, 39, 57, 8, 48, 27, 28, 29, 50, 34, 35, 23, 44, 59, 64]],
[236, [5, 20, 2, 12, 39, 57, 8, 48, 27, 28, 29, 50, 34, 35, 43, 45, 58, 60]],
[236, [5, 20, 2, 12, 39, 57, 24, 61, 9, 27, 50, 51, 33, 63, 23, 44, 59, 64]],
[236, [5, 20, 2, 12, 39, 57, 24, 61, 9, 27, 50, 51, 33, 63, 43, 45, 58, 60]],
[236, [5, 20, 2, 12, 39, 57, 24, 61, 27, 28, 29, 50, 53, 54, 23, 44, 59, 64]],
[236, [5, 20, 2, 12, 39, 57, 24, 61, 27, 28, 29, 50, 53, 54, 43, 45, 58, 60]],
[236, [5, 20, 2, 12, 39, 57, 25, 26, 9, 27, 50, 51, 34, 35, 23, 44, 59, 64]],
[236, [5, 20, 2, 12, 39, 57, 25, 26, 9, 27, 50, 51, 34, 35, 43, 45, 58, 60]],
[236, [5, 20, 2, 12, 39, 57, 25, 26, 27, 28, 29, 50, 13, 55, 23, 44, 59, 64]],
[236, [5, 20, 2, 12, 39, 57, 25, 26, 27, 28, 29, 50, 13, 55, 43, 45, 58, 60]],
[236, [5, 20, 2, 12, 39, 57, 46, 47, 9, 27, 50, 51, 53, 54, 23, 44, 59, 64]],
[236, [5, 20, 2, 12, 39, 57, 46, 47, 9, 27, 50, 51, 53, 54, 43, 45, 58, 60]],
[236, [5, 20, 2, 12, 39, 57, 46, 47, 27, 28, 29, 50, 33, 63, 23, 44, 59, 64]],
[236, [5, 20, 2, 12, 39, 57, 46, 47, 27, 28, 29, 50, 33, 63, 43, 45, 58, 60]],
[236, [5, 20, 11, 32, 17, 40, 8, 48, 9, 27, 50, 51, 13, 55, 23, 44, 59, 64]],
[236, [5, 20, 11, 32, 17, 40, 8, 48, 9, 27, 50, 51, 13, 55, 43, 45, 58, 60]],
[236, [5, 20, 11, 32, 17, 40, 8, 48, 27, 28, 29, 50, 34, 35, 23, 44, 59, 64]],
[236, [5, 20, 11, 32, 17, 40, 8, 48, 27, 28, 29, 50, 34, 35, 43, 45, 58, 60]],
[236, [5, 20, 11, 32, 17, 40, 24, 61, 9, 27, 50, 51, 33, 63, 23, 44, 59, 64]],
[236, [5, 20, 11, 32, 17, 40, 24, 61, 9, 27, 50, 51, 33, 63, 43, 45, 58, 60]],
[236, [5, 20, 11, 32, 17, 40, 24, 61, 27, 28, 29, 50, 53, 54, 23, 44, 59, 64]],
[236, [5, 20, 11, 32, 17, 40, 24, 61, 27, 28, 29, 50, 53, 54, 43, 45, 58, 60]],
[236, [5, 20, 11, 32, 17, 40, 25, 26, 9, 27, 50, 51, 34, 35, 23, 44, 59, 64]],
[236, [5, 20, 11, 32, 17, 40, 25, 26, 9, 27, 50, 51, 34, 35, 43, 45, 58, 60]],
[236, [5, 20, 11, 32, 17, 40, 25, 26, 27, 28, 29, 50, 13, 55, 23, 44, 59, 64]],
[236, [5, 20, 11, 32, 17, 40, 25, 26, 27, 28, 29, 50, 13, 55, 43, 45, 58, 60]],
[236, [5, 20, 11, 32, 17, 40, 46, 47, 9, 27, 50, 51, 53, 54, 23, 44, 59, 64]],
[236, [5, 20, 11, 32, 17, 40, 46, 47, 9, 27, 50, 51, 53, 54, 43, 45, 58, 60]],
[236, [5, 20, 11, 32, 17, 40, 46, 47, 27, 28, 29, 50, 33, 63, 23, 44, 59, 64]],
[236, [5, 20, 11, 32, 17, 40, 46, 47, 27, 28, 29, 50, 33, 63, 43, 45, 58, 60]],
[236, [5, 20, 11, 32, 39, 57, 8, 48, 9, 49, 51, 62, 13, 55, 23, 44, 59, 64]],
[236, [5, 20, 11, 32, 39, 57, 8, 48, 9, 49, 51, 62, 13, 55, 43, 45, 58, 60]],
[236, [5, 20, 11, 32, 39, 57, 8, 48, 28, 29, 49, 62, 34, 35, 23, 44, 59, 64]],
[236, [5, 20, 11, 32, 39, 57, 8, 48, 28, 29, 49, 62, 34, 35, 43, 45, 58, 60]],
[236, [5, 20, 11, 32, 39, 57, 24, 61, 9, 49, 51, 62, 33, 63, 23, 44, 59, 64]],
[236, [5, 20, 11, 32, 39, 57, 24, 61, 9, 49, 51, 62, 33, 63, 43, 45, 58, 60]],
[236, [5, 20, 11, 32, 39, 57, 24, 61, 28, 29, 49, 62, 53, 54, 23, 44, 59, 64]],
[236, [5, 20, 11, 32, 39, 57, 24, 61, 28, 29, 49, 62, 53, 54, 43, 45, 58, 60]],
[236, [5, 20, 11, 32, 39, 57, 25, 26, 9, 49, 51, 62, 34, 35, 23, 44, 59, 64]],
[236, [5, 20, 11, 32, 39, 57, 25, 26, 9, 49, 51, 62, 34, 35, 43, 45, 58, 60]],
[236, [5, 20, 11, 32, 39, 57, 25, 26, 28, 29, 49, 62, 13, 55, 23, 44, 59, 64]],
[236, [5, 20, 11, 32, 39, 57, 25, 26, 28, 29, 49, 62, 13, 55, 43, 45, 58, 60]],
[236, [5, 20, 11, 32, 39, 57, 46, 47, 9, 49, 51, 62, 53, 54, 23, 44, 59, 64]],
[236, [5, 20, 11, 32, 39, 57, 46, 47, 9, 49, 51, 62, 53, 54, 43, 45, 58, 60]],
[236, [5, 20, 11, 32, 39, 57, 46, 47, 28, 29, 49, 62, 33, 63, 23, 44, 59, 64]],
[236, [5, 20, 11, 32, 39, 57, 46, 47, 28, 29, 49, 62, 33, 63, 43, 45, 58, 60]],
[236, [21, 42, 2, 12, 17, 40, 8, 48, 9, 49, 51, 62, 13, 55, 23, 43, 44, 58]],
[236, [21, 42, 2, 12, 17, 40, 8, 48, 9, 49, 51, 62, 13, 55, 45, 59, 60, 64]],
[236, [21, 42, 2, 12, 17, 40, 8, 48, 28, 29, 49, 62, 34, 35, 23, 43, 44, 58]],
[236, [21, 42, 2, 12, 17, 40, 8, 48, 28, 29, 49, 62, 34, 35, 45, 59, 60, 64]],
[236, [21, 42, 2, 12, 17, 40, 24, 61, 9, 49, 51, 62, 33, 63, 23, 43, 44, 58]],
[236, [21, 42, 2, 12, 17, 40, 24, 61, 9, 49, 51, 62, 33, 63, 45, 59, 60, 64]],
[236, [21, 42, 2, 12, 17, 40, 24, 61, 28, 29, 49, 62, 53, 54, 23, 43, 44, 58]],
[236, [21, 42, 2, 12, 17, 40, 24, 61, 28, 29, 49, 62, 53, 54, 45, 59, 60, 64]],
[236, [21, 42, 2, 12, 17, 40, 25, 26, 9, 49, 51, 62, 34, 35, 23, 43, 44, 58]],
[236, [21, 42, 2, 12, 17, 40, 25, 26, 9, 49, 51, 62, 34, 35, 45, 59, 60, 64]],
[236, [21, 42, 2, 12, 17, 40, 25, 26, 28, 29, 49, 62, 13, 55, 23, 43, 44, 58]],
[236, [21, 42, 2, 12, 17, 40, 25, 26, 28, 29, 49, 62, 13, 55, 45, 59, 60, 64]],
[236, [21, 42, 2, 12, 17, 40, 46, 47, 9, 49, 51, 62, 53, 54, 23, 43, 44, 58]],
[236, [21, 42, 2, 12, 17, 40, 46, 47, 9, 49, 51, 62, 53, 54, 45, 59, 60, 64]],
[236, [21, 42, 2, 12, 17, 40, 46, 47, 28, 29, 49, 62, 33, 63, 23, 43, 44, 58]],
[236, [21, 42, 2, 12, 17, 40, 46, 47, 28, 29, 49, 62, 33, 63, 45, 59, 60, 64]],
[236, [21, 42, 2, 12, 39, 57, 8, 48, 9, 27, 50, 51, 13, 55, 23, 43, 44, 58]],
[236, [21, 42, 2, 12, 39, 57, 8, 48, 9, 27, 50, 51, 13, 55, 45, 59, 60, 64]],
[236, [21, 42, 2, 12, 39, 57, 8, 48, 27, 28, 29, 50, 34, 35, 23, 43, 44, 58]],
[236, [21, 42, 2, 12, 39, 57, 8, 48, 27, 28, 29, 50, 34, 35, 45, 59, 60, 64]],
[236, [21, 42, 2, 12, 39, 57, 24, 61, 9, 27, 50, 51, 33, 63, 23, 43, 44, 58]],
[236, [21, 42, 2, 12, 39, 57, 24, 61, 9, 27, 50, 51, 33, 63, 45, 59, 60, 64]],
[236, [21, 42, 2, 12, 39, 57, 24, 61, 27, 28, 29, 50, 53, 54, 23, 43, 44, 58]],
[236, [21, 42, 2, 12, 39, 57, 24, 61, 27, 28, 29, 50, 53, 54, 45, 59, 60, 64]],
[236, [21, 42, 2, 12, 39, 57, 25, 26, 9, 27, 50, 51, 34, 35, 23, 43, 44, 58]],
[236, [21, 42, 2, 12, 39, 57, 25, 26, 9, 27, 50, 51, 34, 35, 45, 59, 60, 64]],
[236, [21, 42, 2, 12, 39, 57, 25, 26, 27, 28, 29, 50, 13, 55, 23, 43, 44, 58]],
[236, [21, 42, 2, 12, 39, 57, 25, 26, 27, 28, 29, 50, 13, 55, 45, 59, 60, 64]],
[236, [21, 42, 2, 12, 39, 57, 46, 47, 9, 27, 50, 51, 53, 54, 23, 43, 44, 58]],
[236, [21, 42, 2, 12, 39, 57, 46, 47, 9, 27, 50, 51, 53, 54, 45, 59, 60, 64]],
[236, [21, 42, 2, 12, 39, 57, 46, 47, 27, 28, 29, 50, 33, 63, 23, 43, 44, 58]],
[236, [21, 42, 2, 12, 39, 57, 46, 47, 27, 28, 29, 50, 33, 63, 45, 59, 60, 64]],
[236, [21, 42, 11, 32, 17, 40, 8, 48, 9, 27, 50, 51, 13, 55, 23, 43, 44, 58]],
[236, [21, 42, 11, 32, 17, 40, 8, 48, 9, 27, 50, 51, 13, 55, 45, 59, 60, 64]],
[236, [21, 42, 11, 32, 17, 40, 8, 48, 27, 28, 29, 50, 34, 35, 23, 43, 44, 58]],
[236, [21, 42, 11, 32, 17, 40, 8, 48, 27, 28, 29, 50, 34, 35, 45, 59, 60, 64]],
[236, [21, 42, 11, 32, 17, 40, 24, 61, 9, 27, 50, 51, 33, 63, 23, 43, 44, 58]],
[236, [21, 42, 11, 32, 17, 40, 24, 61, 9, 27, 50, 51, 33, 63, 45, 59, 60, 64]],
[236, [21, 42, 11, 32, 17, 40, 24, 61, 27, 28, 29, 50, 53, 54, 23, 43, 44, 58]],
[236, [21, 42, 11, 32, 17, 40, 24, 61, 27, 28, 29, 50, 53, 54, 45, 59, 60, 64]],
[236, [21, 42, 11, 32, 17, 40, 25, 26, 9, 27, 50, 51, 34, 35, 23, 43, 44, 58]],
[236, [21, 42, 11, 32, 17, 40, 25, 26, 9, 27, 50, 51, 34, 35, 45, 59, 60, 64]],
[236, [21, 42, 11, 32, 17, 40, 25, 26, 27, 28, 29, 50, 13, 55, 23, 43, 44, 58]],
[236, [21, 42, 11, 32, 17, 40, 25, 26, 27, 28, 29, 50, 13, 55, 45, 59, 60, 64]],
[236, [21, 42, 11, 32, 17, 40, 46, 47, 9, 27, 50, 51, 53, 54, 23, 43, 44, 58]],
[236, [21, 42, 11, 32, 17, 40, 46, 47, 9, 27, 50, 51, 53, 54, 45, 59, 60, 64]],
[236, [21, 42, 11, 32, 17, 40, 46, 47, 27, 28, 29, 50, 33, 63, 23, 43, 44, 58]],
[236, [21, 42, 11, 32, 17, 40, 46, 47, 27, 28, 29, 50, 33, 63, 45, 59, 60, 64]],
[236, [21, 42, 11, 32, 39, 57, 8, 48, 9, 49, 51, 62, 13, 55, 23, 43, 44, 58]],
[236, [21, 42, 11, 32, 39, 57, 8, 48, 9, 49, 51, 62, 13, 55, 45, 59, 60, 64]],
[236, [21, 42, 11, 32, 39, 57, 8, 48, 28, 29, 49, 62, 34, 35, 23, 43, 44, 58]],
[236, [21, 42, 11, 32, 39, 57, 8, 48, 28, 29, 49, 62, 34, 35, 45, 59, 60, 64]],
[236, [21, 42, 11, 32, 39, 57, 24, 61, 9, 49, 51, 62, 33, 63, 23, 43, 44, 58]],
[236, [21, 42, 11, 32, 39, 57, 24, 61, 9, 49, 51, 62, 33, 63, 45, 59, 60, 64]],
[236, [21, 42, 11, 32, 39, 57, 24, 61, 28, 29, 49, 62, 53, 54, 23, 43, 44, 58]],
[236, [21, 42, 11, 32, 39, 57, 24, 61, 28, 29, 49, 62, 53, 54, 45, 59, 60, 64]],
[236, [21, 42, 11, 32, 39, 57, 25, 26, 9, 49, 51, 62, 34, 35, 23, 43, 44, 58]],
[236, [21, 42, 11, 32, 39, 57, 25, 26, 9, 49, 51, 62, 34, 35, 45, 59, 60, 64]],
[236, [21, 42, 11, 32, 39, 57, 25, 26, 28, 29, 49, 62, 13, 55, 23, 43, 44, 58]],
[236, [21, 42, 11, 32, 39, 57, 25, 26, 28, 29, 49, 62, 13, 55, 45, 59, 60, 64]],
[236, [21, 42, 11, 32, 39, 57, 46, 47, 9, 49, 51, 62, 53, 54, 23, 43, 44, 58]],
[236, [21, 42, 11, 32, 39, 57, 46, 47, 9, 49, 51, 62, 53, 54, 45, 59, 60, 64]],
[236, [21, 42, 11, 32, 39, 57, 46, 47, 28, 29, 49, 62, 33, 63, 23, 43, 44, 58]],
[236, [21, 42, 11, 32, 39, 57, 46, 47, 28, 29, 49, 62, 33, 63, 45, 59, 60, 64]],
[236, [5, 20, 2, 32, 3, 16, 4, 18, 40, 57, 27, 50, 13, 55, 43, 44, 45, 59]],
[236, [5, 20, 2, 32, 3, 16, 4, 18, 40, 57, 27, 50, 34, 35, 23, 43, 59, 60]],
[236, [5, 20, 2, 32, 3, 16, 4, 18, 40, 57, 49, 62, 13, 55, 44, 45, 58, 64]],
[236, [5, 20, 2, 32, 3, 16, 4, 18, 40, 57, 49, 62, 34, 35, 23, 58, 60, 64]],
[236, [5, 20, 2, 32, 3, 16, 17, 19, 39, 41, 27, 50, 13, 55, 43, 44, 45, 59]],
[236, [5, 20, 2, 32, 3, 16, 17, 19, 39, 41, 27, 50, 34, 35, 23, 43, 59, 60]],
[236, [5, 20, 2, 32, 3, 16, 17, 19, 39, 41, 49, 62, 13, 55, 44, 45, 58, 64]],
[236, [5, 20, 2, 32, 3, 16, 17, 19, 39, 41, 49, 62, 34, 35, 23, 58, 60, 64]],
[236, [5, 20, 2, 32, 14, 37, 4, 18, 40, 57, 27, 50, 33, 63, 44, 58, 59, 60]],
[236, [5, 20, 2, 32, 14, 37, 4, 18, 40, 57, 27, 50, 53, 54, 43, 44, 60, 64]],
[236, [5, 20, 2, 32, 14, 37, 4, 18, 40, 57, 49, 62, 33, 63, 23, 45, 58, 59]],
[236, [5, 20, 2, 32, 14, 37, 4, 18, 40, 57, 49, 62, 53, 54, 23, 43, 45, 64]],
[236, [5, 20, 2, 32, 14, 37, 17, 19, 39, 41, 27, 50, 33, 63, 44, 58, 59, 60]],
[236, [5, 20, 2, 32, 14, 37, 17, 19, 39, 41, 27, 50, 53, 54, 43, 44, 60, 64]],
[236, [5, 20, 2, 32, 14, 37, 17, 19, 39, 41, 49, 62, 33, 63, 23, 45, 58, 59]],
[236, [5, 20, 2, 32, 14, 37, 17, 19, 39, 41, 49, 62, 53, 54, 23, 43, 45, 64]],
[236, [5, 20, 2, 32, 15, 38, 4, 18, 40, 57, 27, 50, 13, 55, 44, 45, 58, 64]],
[236, [5, 20, 2, 32, 15, 38, 4, 18, 40, 57, 27, 50, 34, 35, 23, 58, 60, 64]],
[236, [5, 20, 2, 32, 15, 38, 4, 18, 40, 57, 49, 62, 13, 55, 43, 44, 45, 59]],
[236, [5, 20, 2, 32, 15, 38, 4, 18, 40, 57, 49, 62, 34, 35, 23, 43, 59, 60]],
[236, [5, 20, 2, 32, 15, 38, 17, 19, 39, 41, 27, 50, 13, 55, 44, 45, 58, 64]],
[236, [5, 20, 2, 32, 15, 38, 17, 19, 39, 41, 27, 50, 34, 35, 23, 58, 60, 64]],
[236, [5, 20, 2, 32, 15, 38, 17, 19, 39, 41, 49, 62, 13, 55, 43, 44, 45, 59]],
[236, [5, 20, 2, 32, 15, 38, 17, 19, 39, 41, 49, 62, 34, 35, 23, 43, 59, 60]],
[236, [5, 20, 2, 32, 36, 56, 4, 18, 40, 57, 27, 50, 33, 63, 23, 45, 58, 59]],
[236, [5, 20, 2, 32, 36, 56, 4, 18, 40, 57, 27, 50, 53, 54, 23, 43, 45, 64]],
[236, [5, 20, 2, 32, 36, 56, 4, 18, 40, 57, 49, 62, 33, 63, 44, 58, 59, 60]],
[236, [5, 20, 2, 32, 36, 56, 4, 18, 40, 57, 49, 62, 53, 54, 43, 44, 60, 64]],
[236, [5, 20, 2, 32, 36, 56, 17, 19, 39, 41, 27, 50, 33, 63, 23, 45, 58, 59]],
[236, [5, 20, 2, 32, 36, 56, 17, 19, 39, 41, 27, 50, 53, 54, 23, 43, 45, 64]],
[236, [5, 20, 2, 32, 36, 56, 17, 19, 39, 41, 49, 62, 33, 63, 44, 58, 59, 60]],
[236, [5, 20, 2, 32, 36, 56, 17, 19, 39, 41, 49, 62, 53, 54, 43, 44, 60, 64]],
[236, [5, 20, 11, 12, 3, 16, 4, 18, 40, 57, 27, 50, 13, 55, 23, 43, 59, 60]],
[236, [5, 20, 11, 12, 3, 16, 4, 18, 40, 57, 27, 50, 34, 35, 43, 44, 45, 59]],
[236, [5, 20, 11, 12, 3, 16, 4, 18, 40, 57, 49, 62, 13, 55, 23, 58, 60, 64]],
[236, [5, 20, 11, 12, 3, 16, 4, 18, 40, 57, 49, 62, 34, 35, 44, 45, 58, 64]],
[236, [5, 20, 11, 12, 3, 16, 17, 19, 39, 41, 27, 50, 13, 55, 23, 43, 59, 60]],
[236, [5, 20, 11, 12, 3, 16, 17, 19, 39, 41, 27, 50, 34, 35, 43, 44, 45, 59]],
[236, [5, 20, 11, 12, 3, 16, 17, 19, 39, 41, 49, 62, 13, 55, 23, 58, 60, 64]],
[236, [5, 20, 11, 12, 3, 16, 17, 19, 39, 41, 49, 62, 34, 35, 44, 45, 58, 64]],
[236, [5, 20, 11, 12, 14, 37, 4, 18, 40, 57, 27, 50, 33, 63, 43, 44, 60, 64]],
[236, [5, 20, 11, 12, 14, 37, 4, 18, 40, 57, 27, 50, 53, 54, 44, 58, 59, 60]],
[236, [5, 20, 11, 12, 14, 37, 4, 18, 40, 57, 49, 62, 33, 63, 23, 43, 45, 64]],
[236, [5, 20, 11, 12, 14, 37, 4, 18, 40, 57, 49, 62, 53, 54, 23, 45, 58, 59]],
[236, [5, 20, 11, 12, 14, 37, 17, 19, 39, 41, 27, 50, 33, 63, 43, 44, 60, 64]],
[236, [5, 20, 11, 12, 14, 37, 17, 19, 39, 41, 27, 50, 53, 54, 44, 58, 59, 60]],
[236, [5, 20, 11, 12, 14, 37, 17, 19, 39, 41, 49, 62, 33, 63, 23, 43, 45, 64]],
[236, [5, 20, 11, 12, 14, 37, 17, 19, 39, 41, 49, 62, 53, 54, 23, 45, 58, 59]],
[236, [5, 20, 11, 12, 15, 38, 4, 18, 40, 57, 27, 50, 13, 55, 23, 58, 60, 64]],
[236, [5, 20, 11, 12, 15, 38, 4, 18, 40, 57, 27, 50, 34, 35, 44, 45, 58, 64]],
[236, [5, 20, 11, 12, 15, 38, 4, 18, 40, 57, 49, 62, 13, 55, 23, 43, 59, 60]],
[236, [5, 20, 11, 12, 15, 38, 4, 18, 40, 57, 49, 62, 34, 35, 43, 44, 45, 59]],
[236, [5, 20, 11, 12, 15, 38, 17, 19, 39, 41, 27, 50, 13, 55, 23, 58, 60, 64]],
[236, [5, 20, 11, 12, 15, 38, 17, 19, 39, 41, 27, 50, 34, 35, 44, 45, 58, 64]],
[236, [5, 20, 11, 12, 15, 38, 17, 19, 39, 41, 49, 62, 13, 55, 23, 43, 59, 60]],
[236, [5, 20, 11, 12, 15, 38, 17, 19, 39, 41, 49, 62, 34, 35, 43, 44, 45, 59]],
[236, [5, 20, 11, 12, 36, 56, 4, 18, 40, 57, 27, 50, 33, 63, 23, 43, 45, 64]],
[236, [5, 20, 11, 12, 36, 56, 4, 18, 40, 57, 27, 50, 53, 54, 23, 45, 58, 59]],
[236, [5, 20, 11, 12, 36, 56, 4, 18, 40, 57, 49, 62, 33, 63, 43, 44, 60, 64]],
[236, [5, 20, 11, 12, 36, 56, 4, 18, 40, 57, 49, 62, 53, 54, 44, 58, 59, 60]],
[236, [5, 20, 11, 12, 36, 56, 17, 19, 39, 41, 27, 50, 33, 63, 23, 43, 45, 64]],
[236, [5, 20, 11, 12, 36, 56, 17, 19, 39, 41, 27, 50, 53, 54, 23, 45, 58, 59]],
[236, [5, 20, 11, 12, 36, 56, 17, 19, 39, 41, 49, 62, 33, 63, 43, 44, 60, 64]],
[236, [5, 20, 11, 12, 36, 56, 17, 19, 39, 41, 49, 62, 53, 54, 44, 58, 59, 60]],
[236, [21, 42, 2, 32, 3, 16, 4, 17, 18, 39, 27, 50, 13, 55, 43, 44, 45, 59]],
[236, [21, 42, 2, 32, 3, 16, 4, 17, 18, 39, 27, 50, 34, 35, 23, 43, 59, 60]],
[236, [21, 42, 2, 32, 3, 16, 4, 17, 18, 39, 49, 62, 13, 55, 44, 45, 58, 64]],
[236, [21, 42, 2, 32, 3, 16, 4, 17, 18, 39, 49, 62, 34, 35, 23, 58, 60, 64]],
[236, [21, 42, 2, 32, 3, 16, 19, 40, 41, 57, 27, 50, 13, 55, 43, 44, 45, 59]],
[236, [21, 42, 2, 32, 3, 16, 19, 40, 41, 57, 27, 50, 34, 35, 23, 43, 59, 60]],
[236, [21, 42, 2, 32, 3, 16, 19, 40, 41, 57, 49, 62, 13, 55, 44, 45, 58, 64]],
[236, [21, 42, 2, 32, 3, 16, 19, 40, 41, 57, 49, 62, 34, 35, 23, 58, 60, 64]],
[236, [21, 42, 2, 32, 14, 37, 4, 17, 18, 39, 27, 50, 33, 63, 44, 58, 59, 60]],
[236, [21, 42, 2, 32, 14, 37, 4, 17, 18, 39, 27, 50, 53, 54, 43, 44, 60, 64]],
[236, [21, 42, 2, 32, 14, 37, 4, 17, 18, 39, 49, 62, 33, 63, 23, 45, 58, 59]],
[236, [21, 42, 2, 32, 14, 37, 4, 17, 18, 39, 49, 62, 53, 54, 23, 43, 45, 64]],
[236, [21, 42, 2, 32, 14, 37, 19, 40, 41, 57, 27, 50, 33, 63, 44, 58, 59, 60]],
[236, [21, 42, 2, 32, 14, 37, 19, 40, 41, 57, 27, 50, 53, 54, 43, 44, 60, 64]],
[236, [21, 42, 2, 32, 14, 37, 19, 40, 41, 57, 49, 62, 33, 63, 23, 45, 58, 59]],
[236, [21, 42, 2, 32, 14, 37, 19, 40, 41, 57, 49, 62, 53, 54, 23, 43, 45, 64]],
[236, [21, 42, 2, 32, 15, 38, 4, 17, 18, 39, 27, 50, 13, 55, 44, 45, 58, 64]],
[236, [21, 42, 2, 32, 15, 38, 4, 17, 18, 39, 27, 50, 34, 35, 23, 58, 60, 64]],
[236, [21, 42, 2, 32, 15, 38, 4, 17, 18, 39, 49, 62, 13, 55, 43, 44, 45, 59]],
[236, [21, 42, 2, 32, 15, 38, 4, 17, 18, 39, 49, 62, 34, 35, 23, 43, 59, 60]],
[236, [21, 42, 2, 32, 15, 38, 19, 40, 41, 57, 27, 50, 13, 55, 44, 45, 58, 64]],
[236, [21, 42, 2, 32, 15, 38, 19, 40, 41, 57, 27, 50, 34, 35, 23, 58, 60, 64]],
[236, [21, 42, 2, 32, 15, 38, 19, 40, 41, 57, 49, 62, 13, 55, 43, 44, 45, 59]],
[236, [21, 42, 2, 32, 15, 38, 19, 40, 41, 57, 49, 62, 34, 35, 23, 43, 59, 60]],
[236, [21, 42, 2, 32, 36, 56, 4, 17, 18, 39, 27, 50, 33, 63, 23, 45, 58, 59]],
[236, [21, 42, 2, 32, 36, 56, 4, 17, 18, 39, 27, 50, 53, 54, 23, 43, 45, 64]],
[236, [21, 42, 2, 32, 36, 56, 4, 17, 18, 39, 49, 62, 33, 63, 44, 58, 59, 60]],
[236, [21, 42, 2, 32, 36, 56, 4, 17, 18, 39, 49, 62, 53, 54, 43, 44, 60, 64]],
[236, [21, 42, 2, 32, 36, 56, 19, 40, 41, 57, 27, 50, 33, 63, 23, 45, 58, 59]],
[236, [21, 42, 2, 32, 36, 56, 19, 40, 41, 57, 27, 50, 53, 54, 23, 43, 45, 64]],
[236, [21, 42, 2, 32, 36, 56, 19, 40, 41, 57, 49, 62, 33, 63, 44, 58, 59, 60]],
[236, [21, 42, 2, 32, 36, 56, 19, 40, 41, 57, 49, 62, 53, 54, 43, 44, 60, 64]],
[236, [21, 42, 11, 12, 3, 16, 4, 17, 18, 39, 27, 50, 13, 55, 23, 43, 59, 60]],
[236, [21, 42, 11, 12, 3, 16, 4, 17, 18, 39, 27, 50, 34, 35, 43, 44, 45, 59]],
[236, [21, 42, 11, 12, 3, 16, 4, 17, 18, 39, 49, 62, 13, 55, 23, 58, 60, 64]],
[236, [21, 42, 11, 12, 3, 16, 4, 17, 18, 39, 49, 62, 34, 35, 44, 45, 58, 64]],
[236, [21, 42, 11, 12, 3, 16, 19, 40, 41, 57, 27, 50, 13, 55, 23, 43, 59, 60]],
[236, [21, 42, 11, 12, 3, 16, 19, 40, 41, 57, 27, 50, 34, 35, 43, 44, 45, 59]],
[236, [21, 42, 11, 12, 3, 16, 19, 40, 41, 57, 49, 62, 13, 55, 23, 58, 60, 64]],
[236, [21, 42, 11, 12, 3, 16, 19, 40, 41, 57, 49, 62, 34, 35, 44, 45, 58, 64]],
[236, [21, 42, 11, 12, 14, 37, 4, 17, 18, 39, 27, 50, 33, 63, 43, 44, 60, 64]],
[236, [21, 42, 11, 12, 14, 37, 4, 17, 18, 39, 27, 50, 53, 54, 44, 58, 59, 60]],
[236, [21, 42, 11, 12, 14, 37, 4, 17, 18, 39, 49, 62, 33, 63, 23, 43, 45, 64]],
[236, [21, 42, 11, 12, 14, 37, 4, 17, 18, 39, 49, 62, 53, 54, 23, 45, 58, 59]],
[236, [21, 42, 11, 12, 14, 37, 19, 40, 41, 57, 27, 50, 33, 63, 43, 44, 60, 64]],
[236, [21, 42, 11, 12, 14, 37, 19, 40, 41, 57, 27, 50, 53, 54, 44, 58, 59, 60]],
[236, [21, 42, 11, 12, 14, 37, 19, 40, 41, 57, 49, 62, 33, 63, 23, 43, 45, 64]],
[236, [21, 42, 11, 12, 14, 37, 19, 40, 41, 57, 49, 62, 53, 54, 23, 45, 58, 59]],
[236, [21, 42, 11, 12, 15, 38, 4, 17, 18, 39, 27, 50, 13, 55, 23, 58, 60, 64]],
[236, [21, 42, 11, 12, 15, 38, 4, 17, 18, 39, 27, 50, 34, 35, 44, 45, 58, 64]],
[236, [21, 42, 11, 12, 15, 38, 4, 17, 18, 39, 49, 62, 13, 55, 23, 43, 59, 60]],
[236, [21, 42, 11, 12, 15, 38, 4, 17, 18, 39, 49, 62, 34, 35, 43, 44, 45, 59]],
[236, [21, 42, 11, 12, 15, 38, 19, 40, 41, 57, 27, 50, 13, 55, 23, 58, 60, 64]],
[236, [21, 42, 11, 12, 15, 38, 19, 40, 41, 57, 27, 50, 34, 35, 44, 45, 58, 64]],
[236, [21, 42, 11, 12, 15, 38, 19, 40, 41, 57, 49, 62, 13, 55, 23, 43, 59, 60]],
[236, [21, 42, 11, 12, 15, 38, 19, 40, 41, 57, 49, 62, 34, 35, 43, 44, 45, 59]],
[236, [21, 42, 11, 12, 36, 56, 4, 17, 18, 39, 27, 50, 33, 63, 23, 43, 45, 64]],
[236, [21, 42, 11, 12, 36, 56, 4, 17, 18, 39, 27, 50, 53, 54, 23, 45, 58, 59]],
[236, [21, 42, 11, 12, 36, 56, 4, 17, 18, 39, 49, 62, 33, 63, 43, 44, 60, 64]],
[236, [21, 42, 11, 12, 36, 56, 4, 17, 18, 39, 49, 62, 53, 54, 44, 58, 59, 60]],
[236, [21, 42, 11, 12, 36, 56, 19, 40, 41, 57, 27, 50, 33, 63, 23, 43, 45, 64]],
[236, [21, 42, 11, 12, 36, 56, 19, 40, 41, 57, 27, 50, 53, 54, 23, 45, 58, 59]],
[236, [21, 42, 11, 12, 36, 56, 19, 40, 41, 57, 49, 62, 33, 63, 43, 44, 60, 64]],
[236, [21, 42, 11, 12, 36, 56, 19, 40, 41, 57, 49, 62, 53, 54, 44, 58, 59, 60]],
[236, [5, 20, 2, 11, 31, 52, 3, 16, 8, 48, 9, 27, 50, 51, 13, 55, 43, 59]],
[236, [5, 20, 2, 11, 31, 52, 3, 16, 8, 48, 9, 49, 51, 62, 13, 55, 58, 64]],
[236, [5, 20, 2, 11, 31, 52, 3, 16, 8, 48, 27, 28, 29, 50, 34, 35, 43, 59]],
[236, [5, 20, 2, 11, 31, 52, 3, 16, 8, 48, 28, 29, 49, 62, 34, 35, 58, 64]],
[236, [5, 20, 2, 11, 31, 52, 3, 16, 24, 61, 9, 27, 50, 51, 33, 63, 43, 59]],
[236, [5, 20, 2, 11, 31, 52, 3, 16, 24, 61, 9, 49, 51, 62, 33, 63, 58, 64]],
[236, [5, 20, 2, 11, 31, 52, 3, 16, 24, 61, 27, 28, 29, 50, 53, 54, 43, 59]],
[236, [5, 20, 2, 11, 31, 52, 3, 16, 24, 61, 28, 29, 49, 62, 53, 54, 58, 64]],
[236, [5, 20, 2, 11, 31, 52, 3, 16, 25, 26, 9, 27, 50, 51, 34, 35, 43, 59]],
[236, [5, 20, 2, 11, 31, 52, 3, 16, 25, 26, 9, 49, 51, 62, 34, 35, 58, 64]],
[236, [5, 20, 2, 11, 31, 52, 3, 16, 25, 26, 27, 28, 29, 50, 13, 55, 43, 59]],
[236, [5, 20, 2, 11, 31, 52, 3, 16, 25, 26, 28, 29, 49, 62, 13, 55, 58, 64]],
[236, [5, 20, 2, 11, 31, 52, 3, 16, 46, 47, 9, 27, 50, 51, 53, 54, 43, 59]],
[236, [5, 20, 2, 11, 31, 52, 3, 16, 46, 47, 9, 49, 51, 62, 53, 54, 58, 64]],
[236, [5, 20, 2, 11, 31, 52, 3, 16, 46, 47, 27, 28, 29, 50, 33, 63, 43, 59]],
[236, [5, 20, 2, 11, 31, 52, 3, 16, 46, 47, 28, 29, 49, 62, 33, 63, 58, 64]],
[236, [5, 20, 2, 11, 31, 52, 14, 37, 8, 48, 9, 27, 50, 51, 13, 55, 44, 60]],
[236, [5, 20, 2, 11, 31, 52, 14, 37, 8, 48, 9, 49, 51, 62, 13, 55, 23, 45]],
[236, [5, 20, 2, 11, 31, 52, 14, 37, 8, 48, 27, 28, 29, 50, 34, 35, 44, 60]],
[236, [5, 20, 2, 11, 31, 52, 14, 37, 8, 48, 28, 29, 49, 62, 34, 35, 23, 45]],
[236, [5, 20, 2, 11, 31, 52, 14, 37, 24, 61, 9, 27, 50, 51, 33, 63, 44, 60]],
[236, [5, 20, 2, 11, 31, 52, 14, 37, 24, 61, 9, 49, 51, 62, 33, 63, 23, 45]],
[236, [5, 20, 2, 11, 31, 52, 14, 37, 24, 61, 27, 28, 29, 50, 53, 54, 44, 60]],
[236, [5, 20, 2, 11, 31, 52, 14, 37, 24, 61, 28, 29, 49, 62, 53, 54, 23, 45]],
[236, [5, 20, 2, 11, 31, 52, 14, 37, 25, 26, 9, 27, 50, 51, 34, 35, 44, 60]],
[236, [5, 20, 2, 11, 31, 52, 14, 37, 25, 26, 9, 49, 51, 62, 34, 35, 23, 45]],
[236, [5, 20, 2, 11, 31, 52, 14, 37, 25, 26, 27, 28, 29, 50, 13, 55, 44, 60]],
[236, [5, 20, 2, 11, 31, 52, 14, 37, 25, 26, 28, 29, 49, 62, 13, 55, 23, 45]],
[236, [5, 20, 2, 11, 31, 52, 14, 37, 46, 47, 9, 27, 50, 51, 53, 54, 44, 60]],
[236, [5, 20, 2, 11, 31, 52, 14, 37, 46, 47, 9, 49, 51, 62, 53, 54, 23, 45]],
[236, [5, 20, 2, 11, 31, 52, 14, 37, 46, 47, 27, 28, 29, 50, 33, 63, 44, 60]],
[236, [5, 20, 2, 11, 31, 52, 14, 37, 46, 47, 28, 29, 49, 62, 33, 63, 23, 45]],
[236, [5, 20, 2, 11, 31, 52, 15, 38, 8, 48, 9, 27, 50, 51, 13, 55, 58, 64]],
[236, [5, 20, 2, 11, 31, 52, 15, 38, 8, 48, 9, 49, 51, 62, 13, 55, 43, 59]],
[236, [5, 20, 2, 11, 31, 52, 15, 38, 8, 48, 27, 28, 29, 50, 34, 35, 58, 64]],
[236, [5, 20, 2, 11, 31, 52, 15, 38, 8, 48, 28, 29, 49, 62, 34, 35, 43, 59]],
[236, [5, 20, 2, 11, 31, 52, 15, 38, 24, 61, 9, 27, 50, 51, 33, 63, 58, 64]],
[236, [5, 20, 2, 11, 31, 52, 15, 38, 24, 61, 9, 49, 51, 62, 33, 63, 43, 59]],
[236, [5, 20, 2, 11, 31, 52, 15, 38, 24, 61, 27, 28, 29, 50, 53, 54, 58, 64]],
[236, [5, 20, 2, 11, 31, 52, 15, 38, 24, 61, 28, 29, 49, 62, 53, 54, 43, 59]],
[236, [5, 20, 2, 11, 31, 52, 15, 38, 25, 26, 9, 27, 50, 51, 34, 35, 58, 64]],
[236, [5, 20, 2, 11, 31, 52, 15, 38, 25, 26, 9, 49, 51, 62, 34, 35, 43, 59]],
[236, [5, 20, 2, 11, 31, 52, 15, 38, 25, 26, 27, 28, 29, 50, 13, 55, 58, 64]],
[236, [5, 20, 2, 11, 31, 52, 15, 38, 25, 26, 28, 29, 49, 62, 13, 55, 43, 59]],
[236, [5, 20, 2, 11, 31, 52, 15, 38, 46, 47, 9, 27, 50, 51, 53, 54, 58, 64]],
[236, [5, 20, 2, 11, 31, 52, 15, 38, 46, 47, 9, 49, 51, 62, 53, 54, 43, 59]],
[236, [5, 20, 2, 11, 31, 52, 15, 38, 46, 47, 27, 28, 29, 50, 33, 63, 58, 64]],
[236, [5, 20, 2, 11, 31, 52, 15, 38, 46, 47, 28, 29, 49, 62, 33, 63, 43, 59]],
[236, [5, 20, 2, 11, 31, 52, 36, 56, 8, 48, 9, 27, 50, 51, 13, 55, 23, 45]],
[236, [5, 20, 2, 11, 31, 52, 36, 56, 8, 48, 9, 49, 51, 62, 13, 55, 44, 60]],
[236, [5, 20, 2, 11, 31, 52, 36, 56, 8, 48, 27, 28, 29, 50, 34, 35, 23, 45]],
[236, [5, 20, 2, 11, 31, 52, 36, 56, 8, 48, 28, 29, 49, 62, 34, 35, 44, 60]],
[236, [5, 20, 2, 11, 31, 52, 36, 56, 24, 61, 9, 27, 50, 51, 33, 63, 23, 45]],
[236, [5, 20, 2, 11, 31, 52, 36, 56, 24, 61, 9, 49, 51, 62, 33, 63, 44, 60]],
[236, [5, 20, 2, 11, 31, 52, 36, 56, 24, 61, 27, 28, 29, 50, 53, 54, 23, 45]],
[236, [5, 20, 2, 11, 31, 52, 36, 56, 24, 61, 28, 29, 49, 62, 53, 54, 44, 60]],
[236, [5, 20, 2, 11, 31, 52, 36, 56, 25, 26, 9, 27, 50, 51, 34, 35, 23, 45]],
[236, [5, 20, 2, 11, 31, 52, 36, 56, 25, 26, 9, 49, 51, 62, 34, 35, 44, 60]],
[236, [5, 20, 2, 11, 31, 52, 36, 56, 25, 26, 27, 28, 29, 50, 13, 55, 23, 45]],
[236, [5, 20, 2, 11, 31, 52, 36, 56, 25, 26, 28, 29, 49, 62, 13, 55, 44, 60]],
[236, [5, 20, 2, 11, 31, 52, 36, 56, 46, 47, 9, 27, 50, 51, 53, 54, 23, 45]],
[236, [5, 20, 2, 11, 31, 52, 36, 56, 46, 47, 9, 49, 51, 62, 53, 54, 44, 60]],
[236, [5, 20, 2, 11, 31, 52, 36, 56, 46, 47, 27, 28, 29, 50, 33, 63, 23, 45]],
[236, [5, 20, 2, 11, 31, 52, 36, 56, 46, 47, 28, 29, 49, 62, 33, 63, 44, 60]],
[236, [5, 20, 10, 12, 30, 32, 3, 16, 8, 48, 9, 27, 50, 51, 13, 55, 43, 59]],
[236, [5, 20, 10, 12, 30, 32, 3, 16, 8, 48, 9, 49, 51, 62, 13, 55, 58, 64]],
[236, [5, 20, 10, 12, 30, 32, 3, 16, 8, 48, 27, 28, 29, 50, 34, 35, 43, 59]],
[236, [5, 20, 10, 12, 30, 32, 3, 16, 8, 48, 28, 29, 49, 62, 34, 35, 58, 64]],
[236, [5, 20, 10, 12, 30, 32, 3, 16, 24, 61, 9, 27, 50, 51, 33, 63, 43, 59]],
[236, [5, 20, 10, 12, 30, 32, 3, 16, 24, 61, 9, 49, 51, 62, 33, 63, 58, 64]],
[236, [5, 20, 10, 12, 30, 32, 3, 16, 24, 61, 27, 28, 29, 50, 53, 54, 43, 59]],
[236, [5, 20, 10, 12, 30, 32, 3, 16, 24, 61, 28, 29, 49, 62, 53, 54, 58, 64]],
[236, [5, 20, 10, 12, 30, 32, 3, 16, 25, 26, 9, 27, 50, 51, 34, 35, 43, 59]],
[236, [5, 20, 10, 12, 30, 32, 3, 16, 25, 26, 9, 49, 51, 62, 34, 35, 58, 64]],
[236, [5, 20, 10, 12, 30, 32, 3, 16, 25, 26, 27, 28, 29, 50, 13, 55, 43, 59]],
[236, [5, 20, 10, 12, 30, 32, 3, 16, 25, 26, 28, 29, 49, 62, 13, 55, 58, 64]],
[236, [5, 20, 10, 12, 30, 32, 3, 16, 46, 47, 9, 27, 50, 51, 53, 54, 43, 59]],
[236, [5, 20, 10, 12, 30, 32, 3, 16, 46, 47, 9, 49, 51, 62, 53, 54, 58, 64]],
[236, [5, 20, 10, 12, 30, 32, 3, 16, 46, 47, 27, 28, 29, 50, 33, 63, 43, 59]],
[236, [5, 20, 10, 12, 30, 32, 3, 16, 46, 47, 28, 29, 49, 62, 33, 63, 58, 64]],
[236, [5, 20, 10, 12, 30, 32, 14, 37, 8, 48, 9, 27, 50, 51, 13, 55, 44, 60]],
[236, [5, 20, 10, 12, 30, 32, 14, 37, 8, 48, 9, 49, 51, 62, 13, 55, 23, 45]],
[236, [5, 20, 10, 12, 30, 32, 14, 37, 8, 48, 27, 28, 29, 50, 34, 35, 44, 60]],
[236, [5, 20, 10, 12, 30, 32, 14, 37, 8, 48, 28, 29, 49, 62, 34, 35, 23, 45]],
[236, [5, 20, 10, 12, 30, 32, 14, 37, 24, 61, 9, 27, 50, 51, 33, 63, 44, 60]],
[236, [5, 20, 10, 12, 30, 32, 14, 37, 24, 61, 9, 49, 51, 62, 33, 63, 23, 45]],
[236, [5, 20, 10, 12, 30, 32, 14, 37, 24, 61, 27, 28, 29, 50, 53, 54, 44, 60]],
[236, [5, 20, 10, 12, 30, 32, 14, 37, 24, 61, 28, 29, 49, 62, 53, 54, 23, 45]],
[236, [5, 20, 10, 12, 30, 32, 14, 37, 25, 26, 9, 27, 50, 51, 34, 35, 44, 60]],
[236, [5, 20, 10, 12, 30, 32, 14, 37, 25, 26, 9, 49, 51, 62, 34, 35, 23, 45]],
[236, [5, 20, 10, 12, 30, 32, 14, 37, 25, 26, 27, 28, 29, 50, 13, 55, 44, 60]],
[236, [5, 20, 10, 12, 30, 32, 14, 37, 25, 26, 28, 29, 49, 62, 13, 55, 23, 45]],
[236, [5, 20, 10, 12, 30, 32, 14, 37, 46, 47, 9, 27, 50, 51, 53, 54, 44, 60]],
[236, [5, 20, 10, 12, 30, 32, 14, 37, 46, 47, 9, 49, 51, 62, 53, 54, 23, 45]],
[236, [5, 20, 10, 12, 30, 32, 14, 37, 46, 47, 27, 28, 29, 50, 33, 63, 44, 60]],
[236, [5, 20, 10, 12, 30, 32, 14, 37, 46, 47, 28, 29, 49, 62, 33, 63, 23, 45]],
[236, [5, 20, 10, 12, 30, 32, 15, 38, 8, 48, 9, 27, 50, 51, 13, 55, 58, 64]],
[236, [5, 20, 10, 12, 30, 32, 15, 38, 8, 48, 9, 49, 51, 62, 13, 55, 43, 59]],
[236, [5, 20, 10, 12, 30, 32, 15, 38, 8, 48, 27, 28, 29, 50, 34, 35, 58, 64]],
[236, [5, 20, 10, 12, 30, 32, 15, 38, 8, 48, 28, 29, 49, 62, 34, 35, 43, 59]],
[236, [5, 20, 10, 12, 30, 32, 15, 38, 24, 61, 9, 27, 50, 51, 33, 63, 58, 64]],
[236, [5, 20, 10, 12, 30, 32, 15, 38, 24, 61, 9, 49, 51, 62, 33, 63, 43, 59]],
[236, [5, 20, 10, 12, 30, 32, 15, 38, 24, 61, 27, 28, 29, 50, 53, 54, 58, 64]],
[236, [5, 20, 10, 12, 30, 32, 15, 38, 24, 61, 28, 29, 49, 62, 53, 54, 43, 59]],
[236, [5, 20, 10, 12, 30, 32, 15, 38, 25, 26, 9, 27, 50, 51, 34, 35, 58, 64]],
[236, [5, 20, 10, 12, 30, 32, 15, 38, 25, 26, 9, 49, 51, 62, 34, 35, 43, 59]],
[236, [5, 20, 10, 12, 30, 32, 15, 38, 25, 26, 27, 28, 29, 50, 13, 55, 58, 64]],
[236, [5, 20, 10, 12, 30, 32, 15, 38, 25, 26, 28, 29, 49, 62, 13, 55, 43, 59]],
[236, [5, 20, 10, 12, 30, 32, 15, 38, 46, 47, 9, 27, 50, 51, 53, 54, 58, 64]],
[236, [5, 20, 10, 12, 30, 32, 15, 38, 46, 47, 9, 49, 51, 62, 53, 54, 43, 59]],
[236, [5, 20, 10, 12, 30, 32, 15, 38, 46, 47, 27, 28, 29, 50, 33, 63, 58, 64]],
[236, [5, 20, 10, 12, 30, 32, 15, 38, 46, 47, 28, 29, 49, 62, 33, 63, 43, 59]],
[236, [5, 20, 10, 12, 30, 32, 36, 56, 8, 48, 9, 27, 50, 51, 13, 55, 23, 45]],
[236, [5, 20, 10, 12, 30, 32, 36, 56, 8, 48, 9, 49, 51, 62, 13, 55, 44, 60]],
[236, [5, 20, 10, 12, 30, 32, 36, 56, 8, 48, 27, 28, 29, 50, 34, 35, 23, 45]],
[236, [5, 20, 10, 12, 30, 32, 36, 56, 8, 48, 28, 29, 49, 62, 34, 35, 44, 60]],
[236, [5, 20, 10, 12, 30, 32, 36, 56, 24, 61, 9, 27, 50, 51, 33, 63, 23, 45]],
[236, [5, 20, 10, 12, 30, 32, 36, 56, 24, 61, 9, 49, 51, 62, 33, 63, 44, 60]],
[236, [5, 20, 10, 12, 30, 32, 36, 56, 24, 61, 27, 28, 29, 50, 53, 54, 23, 45]],
[236, [5, 20, 10, 12, 30, 32, 36, 56, 24, 61, 28, 29, 49, 62, 53, 54, 44, 60]],
[236, [5, 20, 10, 12, 30, 32, 36, 56, 25, 26, 9, 27, 50, 51, 34, 35, 23, 45]],
[236, [5, 20, 10, 12, 30, 32, 36, 56, 25, 26, 9, 49, 51, 62, 34, 35, 44, 60]],
[236, [5, 20, 10, 12, 30, 32, 36, 56, 25, 26, 27, 28, 29, 50, 13, 55, 23, 45]],
[236, [5, 20, 10, 12, 30, 32, 36, 56, 25, 26, 28, 29, 49, 62, 13, 55, 44, 60]],
[236, [5, 20, 10, 12, 30, 32, 36, 56, 46, 47, 9, 27, 50, 51, 53, 54, 23, 45]],
[236, [5, 20, 10, 12, 30, 32, 36, 56, 46, 47, 9, 49, 51, 62, 53, 54, 44, 60]],
[236, [5, 20, 10, 12, 30, 32, 36, 56, 46, 47, 27, 28, 29, 50, 33, 63, 23, 45]],
[236, [5, 20, 10, 12, 30, 32, 36, 56, 46, 47, 28, 29, 49, 62, 33, 63, 44, 60]],
[236, [21, 42, 2, 10, 11, 30, 3, 16, 8, 48, 9, 27, 50, 51, 13, 55, 43, 59]],
[236, [21, 42, 2, 10, 11, 30, 3, 16, 8, 48, 9, 49, 51, 62, 13, 55, 58, 64]],
[236, [21, 42, 2, 10, 11, 30, 3, 16, 8, 48, 27, 28, 29, 50, 34, 35, 43, 59]],
[236, [21, 42, 2, 10, 11, 30, 3, 16, 8, 48, 28, 29, 49, 62, 34, 35, 58, 64]],
[236, [21, 42, 2, 10, 11, 30, 3, 16, 24, 61, 9, 27, 50, 51, 33, 63, 43, 59]],
[236, [21, 42, 2, 10, 11, 30, 3, 16, 24, 61, 9, 49, 51, 62, 33, 63, 58, 64]],
[236, [21, 42, 2, 10, 11, 30, 3, 16, 24, 61, 27, 28, 29, 50, 53, 54, 43, 59]],
[236, [21, 42, 2, 10, 11, 30, 3, 16, 24, 61, 28, 29, 49, 62, 53, 54, 58, 64]],
[236, [21, 42, 2, 10, 11, 30, 3, 16, 25, 26, 9, 27, 50, 51, 34, 35, 43, 59]],
[236, [21, 42, 2, 10, 11, 30, 3, 16, 25, 26, 9, 49, 51, 62, 34, 35, 58, 64]],
[236, [21, 42, 2, 10, 11, 30, 3, 16, 25, 26, 27, 28, 29, 50, 13, 55, 43, 59]],
[236, [21, 42, 2, 10, 11, 30, 3, 16, 25, 26, 28, 29, 49, 62, 13, 55, 58, 64]],
[236, [21, 42, 2, 10, 11, 30, 3, 16, 46, 47, 9, 27, 50, 51, 53, 54, 43, 59]],
[236, [21, 42, 2, 10, 11, 30, 3, 16, 46, 47, 9, 49, 51, 62, 53, 54, 58, 64]],
[236, [21, 42, 2, 10, 11, 30, 3, 16, 46, 47, 27, 28, 29, 50, 33, 63, 43, 59]],
[236, [21, 42, 2, 10, 11, 30, 3, 16, 46, 47, 28, 29, 49, 62, 33, 63, 58, 64]],
[236, [21, 42, 2, 10, 11, 30, 14, 37, 8, 48, 9, 27, 50, 51, 13, 55, 44, 60]],
[236, [21, 42, 2, 10, 11, 30, 14, 37, 8, 48, 9, 49, 51, 62, 13, 55, 23, 45]],
[236, [21, 42, 2, 10, 11, 30, 14, 37, 8, 48, 27, 28, 29, 50, 34, 35, 44, 60]],
[236, [21, 42, 2, 10, 11, 30, 14, 37, 8, 48, 28, 29, 49, 62, 34, 35, 23, 45]],
[236, [21, 42, 2, 10, 11, 30, 14, 37, 24, 61, 9, 27, 50, 51, 33, 63, 44, 60]],
[236, [21, 42, 2, 10, 11, 30, 14, 37, 24, 61, 9, 49, 51, 62, 33, 63, 23, 45]],
[236, [21, 42, 2, 10, 11, 30, 14, 37, 24, 61, 27, 28, 29, 50, 53, 54, 44, 60]],
[236, [21, 42, 2, 10, 11, 30, 14, 37, 24, 61, 28, 29, 49, 62, 53, 54, 23, 45]],
[236, [21, 42, 2, 10, 11, 30, 14, 37, 25, 26, 9, 27, 50, 51, 34, 35, 44, 60]],
[236, [21, 42, 2, 10, 11, 30, 14, 37, 25, 26, 9, 49, 51, 62, 34, 35, 23, 45]],
[236, [21, 42, 2, 10, 11, 30, 14, 37, 25, 26, 27, 28, 29, 50, 13, 55, 44, 60]],
[236, [21, 42, 2, 10, 11, 30, 14, 37, 25, 26, 28, 29, 49, 62, 13, 55, 23, 45]],
[236, [21, 42, 2, 10, 11, 30, 14, 37, 46, 47, 9, 27, 50, 51, 53, 54, 44, 60]],
[236, [21, 42, 2, 10, 11, 30, 14, 37, 46, 47, 9, 49, 51, 62, 53, 54, 23, 45]],
[236, [21, 42, 2, 10, 11, 30, 14, 37, 46, 47, 27, 28, 29, 50, 33, 63, 44, 60]],
[236, [21, 42, 2, 10, 11, 30, 14, 37, 46, 47, 28, 29, 49, 62, 33, 63, 23, 45]],
[236, [21, 42, 2, 10, 11, 30, 15, 38, 8, 48, 9, 27, 50, 51, 13, 55, 58, 64]],
[236, [21, 42, 2, 10, 11, 30, 15, 38, 8, 48, 9, 49, 51, 62, 13, 55, 43, 59]],
[236, [21, 42, 2, 10, 11, 30, 15, 38, 8, 48, 27, 28, 29, 50, 34, 35, 58, 64]],
[236, [21, 42, 2, 10, 11, 30, 15, 38, 8, 48, 28, 29, 49, 62, 34, 35, 43, 59]],
[236, [21, 42, 2, 10, 11, 30, 15, 38, 24, 61, 9, 27, 50, 51, 33, 63, 58, 64]],
[236, [21, 42, 2, 10, 11, 30, 15, 38, 24, 61, 9, 49, 51, 62, 33, 63, 43, 59]],
[236, [21, 42, 2, 10, 11, 30, 15, 38, 24, 61, 27, 28, 29, 50, 53, 54, 58, 64]],
[236, [21, 42, 2, 10, 11, 30, 15, 38, 24, 61, 28, 29, 49, 62, 53, 54, 43, 59]],
[236, [21, 42, 2, 10, 11, 30, 15, 38, 25, 26, 9, 27, 50, 51, 34, 35, 58, 64]],
[236, [21, 42, 2, 10, 11, 30, 15, 38, 25, 26, 9, 49, 51, 62, 34, 35, 43, 59]],
[236, [21, 42, 2, 10, 11, 30, 15, 38, 25, 26, 27, 28, 29, 50, 13, 55, 58, 64]],
[236, [21, 42, 2, 10, 11, 30, 15, 38, 25, 26, 28, 29, 49, 62, 13, 55, 43, 59]],
[236, [21, 42, 2, 10, 11, 30, 15, 38, 46, 47, 9, 27, 50, 51, 53, 54, 58, 64]],
[236, [21, 42, 2, 10, 11, 30, 15, 38, 46, 47, 9, 49, 51, 62, 53, 54, 43, 59]],
[236, [21, 42, 2, 10, 11, 30, 15, 38, 46, 47, 27, 28, 29, 50, 33, 63, 58, 64]],
[236, [21, 42, 2, 10, 11, 30, 15, 38, 46, 47, 28, 29, 49, 62, 33, 63, 43, 59]],
[236, [21, 42, 2, 10, 11, 30, 36, 56, 8, 48, 9, 27, 50, 51, 13, 55, 23, 45]],
[236, [21, 42, 2, 10, 11, 30, 36, 56, 8, 48, 9, 49, 51, 62, 13, 55, 44, 60]],
[236, [21, 42, 2, 10, 11, 30, 36, 56, 8, 48, 27, 28, 29, 50, 34, 35, 23, 45]],
[236, [21, 42, 2, 10, 11, 30, 36, 56, 8, 48, 28, 29, 49, 62, 34, 35, 44, 60]],
[236, [21, 42, 2, 10, 11, 30, 36, 56, 24, 61, 9, 27, 50, 51, 33, 63, 23, 45]],
[236, [21, 42, 2, 10, 11, 30, 36, 56, 24, 61, 9, 49, 51, 62, 33, 63, 44, 60]],
[236, [21, 42, 2, 10, 11, 30, 36, 56, 24, 61, 27, 28, 29, 50, 53, 54, 23, 45]],
[236, [21, 42, 2, 10, 11, 30, 36, 56, 24, 61, 28, 29, 49, 62, 53, 54, 44, 60]],
[236, [21, 42, 2, 10, 11, 30, 36, 56, 25, 26, 9, 27, 50, 51, 34, 35, 23, 45]],
[236, [21, 42, 2, 10, 11, 30, 36, 56, 25, 26, 9, 49, 51, 62, 34, 35, 44, 60]],
[236, [21, 42, 2, 10, 11, 30, 36, 56, 25, 26, 27, 28, 29, 50, 13, 55, 23, 45]],
[236, [21, 42, 2, 10, 11, 30, 36, 56, 25, 26, 28, 29, 49, 62, 13, 55, 44, 60]],
[236, [21, 42, 2, 10, 11, 30, 36, 56, 46, 47, 9, 27, 50, 51, 53, 54, 23, 45]],
[236, [21, 42, 2, 10, 11, 30, 36, 56, 46, 47, 9, 49, 51, 62, 53, 54, 44, 60]],
[236, [21, 42, 2, 10, 11, 30, 36, 56, 46, 47, 27, 28, 29, 50, 33, 63, 23, 45]],
[236, [21, 42, 2, 10, 11, 30, 36, 56, 46, 47, 28, 29, 49, 62, 33, 63, 44, 60]],
[236, [21, 42, 12, 31, 32, 52, 3, 16, 8, 48, 9, 27, 50, 51, 13, 55, 43, 59]],
[236, [21, 42, 12, 31, 32, 52, 3, 16, 8, 48, 9, 49, 51, 62, 13, 55, 58, 64]],
[236, [21, 42, 12, 31, 32, 52, 3, 16, 8, 48, 27, 28, 29, 50, 34, 35, 43, 59]],
[236, [21, 42, 12, 31, 32, 52, 3, 16, 8, 48, 28, 29, 49, 62, 34, 35, 58, 64]],
[236, [21, 42, 12, 31, 32, 52, 3, 16, 24, 61, 9, 27, 50, 51, 33, 63, 43, 59]],
[236, [21, 42, 12, 31, 32, 52, 3, 16, 24, 61, 9, 49, 51, 62, 33, 63, 58, 64]],
[236, [21, 42, 12, 31, 32, 52, 3, 16, 24, 61, 27, 28, 29, 50, 53, 54, 43, 59]],
[236, [21, 42, 12, 31, 32, 52, 3, 16, 24, 61, 28, 29, 49, 62, 53, 54, 58, 64]],
[236, [21, 42, 12, 31, 32, 52, 3, 16, 25, 26, 9, 27, 50, 51, 34, 35, 43, 59]],
[236, [21, 42, 12, 31, 32, 52, 3, 16, 25, 26, 9, 49, 51, 62, 34, 35, 58, 64]],
[236, [21, 42, 12, 31, 32, 52, 3, 16, 25, 26, 27, 28, 29, 50, 13, 55, 43, 59]],
[236, [21, 42, 12, 31, 32, 52, 3, 16, 25, 26, 28, 29, 49, 62, 13, 55, 58, 64]],
[236, [21, 42, 12, 31, 32, 52, 3, 16, 46, 47, 9, 27, 50, 51, 53, 54, 43, 59]],
[236, [21, 42, 12, 31, 32, 52, 3, 16, 46, 47, 9, 49, 51, 62, 53, 54, 58, 64]],
[236, [21, 42, 12, 31, 32, 52, 3, 16, 46, 47, 27, 28, 29, 50, 33, 63, 43, 59]],
[236, [21, 42, 12, 31, 32, 52, 3, 16, 46, 47, 28, 29, 49, 62, 33, 63, 58, 64]],
[236, [21, 42, 12, 31, 32, 52, 14, 37, 8, 48, 9, 27, 50, 51, 13, 55, 44, 60]],
[236, [21, 42, 12, 31, 32, 52, 14, 37, 8, 48, 9, 49, 51, 62, 13, 55, 23, 45]],
[236, [21, 42, 12, 31, 32, 52, 14, 37, 8, 48, 27, 28, 29, 50, 34, 35, 44, 60]],
[236, [21, 42, 12, 31, 32, 52, 14, 37, 8, 48, 28, 29, 49, 62, 34, 35, 23, 45]],
[236, [21, 42, 12, 31, 32, 52, 14, 37, 24, 61, 9, 27, 50, 51, 33, 63, 44, 60]],
[236, [21, 42, 12, 31, 32, 52, 14, 37, 24, 61, 9, 49, 51, 62, 33, 63, 23, 45]],
[236, [21, 42, 12, 31, 32, 52, 14, 37, 24, 61, 27, 28, 29, 50, 53, 54, 44, 60]],
[236, [21, 42, 12, 31, 32, 52, 14, 37, 24, 61, 28, 29, 49, 62, 53, 54, 23, 45]],
[236, [21, 42, 12, 31, 32, 52, 14, 37, 25, 26, 9, 27, 50, 51, 34, 35, 44, 60]],
[236, [21, 42, 12, 31, 32, 52, 14, 37, 25, 26, 9, 49, 51, 62, 34, 35, 23, 45]],
[236, [21, 42, 12, 31, 32, 52, 14, 37, 25, 26, 27, 28, 29, 50, 13, 55, 44, 60]],
[236, [21, 42, 12, 31, 32, 52, 14, 37, 25, 26, 28, 29, 49, 62, 13, 55, 23, 45]],
[236, [21, 42, 12, 31, 32, 52, 14, 37, 46, 47, 9, 27, 50, 51, 53, 54, 44, 60]],
[236, [21, 42, 12, 31, 32, 52, 14, 37, 46, 47, 9, 49, 51, 62, 53, 54, 23, 45]],
[236, [21, 42, 12, 31, 32, 52, 14, 37, 46, 47, 27, 28, 29, 50, 33, 63, 44, 60]],
[236, [21, 42, 12, 31, 32, 52, 14, 37, 46, 47, 28, 29, 49, 62, 33, 63, 23, 45]],
[236, [21, 42, 12, 31, 32, 52, 15, 38, 8, 48, 9, 27, 50, 51, 13, 55, 58, 64]],
[236, [21, 42, 12, 31, 32, 52, 15, 38, 8, 48, 9, 49, 51, 62, 13, 55, 43, 59]],
[236, [21, 42, 12, 31, 32, 52, 15, 38, 8, 48, 27, 28, 29, 50, 34, 35, 58, 64]],
[236, [21, 42, 12, 31, 32, 52, 15, 38, 8, 48, 28, 29, 49, 62, 34, 35, 43, 59]],
[236, [21, 42, 12, 31, 32, 52, 15, 38, 24, 61, 9, 27, 50, 51, 33, 63, 58, 64]],
[236, [21, 42, 12, 31, 32, 52, 15, 38, 24, 61, 9, 49, 51, 62, 33, 63, 43, 59]],
[236, [21, 42, 12, 31, 32, 52, 15, 38, 24, 61, 27, 28, 29, 50, 53, 54, 58, 64]],
[236, [21, 42, 12, 31, 32, 52, 15, 38, 24, 61, 28, 29, 49, 62, 53, 54, 43, 59]],
[236, [21, 42, 12, 31, 32, 52, 15, 38, 25, 26, 9, 27, 50, 51, 34, 35, 58, 64]],
[236, [21, 42, 12, 31, 32, 52, 15, 38, 25, 26, 9, 49, 51, 62, 34, 35, 43, 59]],
[236, [21, 42, 12, 31, 32, 52, 15, 38, 25, 26, 27, 28, 29, 50, 13, 55, 58, 64]],
[236, [21, 42, 12, 31, 32, 52, 15, 38, 25, 26, 28, 29, 49, 62, 13, 55, 43, 59]],
[236, [21, 42, 12, 31, 32, 52, 15, 38, 46, 47, 9, 27, 50, 51, 53, 54, 58, 64]],
[236, [21, 42, 12, 31, 32, 52, 15, 38, 46, 47, 9, 49, 51, 62, 53, 54, 43, 59]],
[236, [21, 42, 12, 31, 32, 52, 15, 38, 46, 47, 27, 28, 29, 50, 33, 63, 58, 64]],
[236, [21, 42, 12, 31, 32, 52, 15, 38, 46, 47, 28, 29, 49, 62, 33, 63, 43, 59]],
[236, [21, 42, 12, 31, 32, 52, 36, 56, 8, 48, 9, 27, 50, 51, 13, 55, 23, 45]],
[236, [21, 42, 12, 31, 32, 52, 36, 56, 8, 48, 9, 49, 51, 62, 13, 55, 44, 60]],
[236, [21, 42, 12, 31, 32, 52, 36, 56, 8, 48, 27, 28, 29, 50, 34, 35, 23, 45]],
[236, [21, 42, 12, 31, 32, 52, 36, 56, 8, 48, 28, 29, 49, 62, 34, 35, 44, 60]],
[236, [21, 42, 12, 31, 32, 52, 36, 56, 24, 61, 9, 27, 50, 51, 33, 63, 23, 45]],
[236, [21, 42, 12, 31, 32, 52, 36, 56, 24, 61, 9, 49, 51, 62, 33, 63, 44, 60]],
[236, [21, 42, 12, 31, 32, 52, 36, 56, 24, 61, 27, 28, 29, 50, 53, 54, 23, 45]],
[236, [21, 42, 12, 31, 32, 52, 36, 56, 24, 61, 28, 29, 49, 62, 53, 54, 44, 60]],
[236, [21, 42, 12, 31, 32, 52, 36, 56, 25, 26, 9, 27, 50, 51, 34, 35, 23, 45]],
[236, [21, 42, 12, 31, 32, 52, 36, 56, 25, 26, 9, 49, 51, 62, 34, 35, 44, 60]],
[236, [21, 42, 12, 31, 32, 52, 36, 56, 25, 26, 27, 28, 29, 50, 13, 55, 23, 45]],
[236, [21, 42, 12, 31, 32, 52, 36, 56, 25, 26, 28, 29, 49, 62, 13, 55, 44, 60]],
[236, [21, 42, 12, 31, 32, 52, 36, 56, 46, 47, 9, 27, 50, 51, 53, 54, 23, 45]],
[236, [21, 42, 12, 31, 32, 52, 36, 56, 46, 47, 9, 49, 51, 62, 53, 54, 44, 60]],
[236, [21, 42, 12, 31, 32, 52, 36, 56, 46, 47, 27, 28, 29, 50, 33, 63, 23, 45]],
[236, [21, 42, 12, 31, 32, 52, 36, 56, 46, 47, 28, 29, 49, 62, 33, 63, 44, 60]],
[236, [5, 20, 2, 11, 31, 52, 3, 16, 17, 57, 24, 61, 27, 50, 23, 43, 59, 60]],
[236, [5, 20, 2, 11, 31, 52, 3, 16, 17, 57, 24, 61, 49, 62, 23, 58, 60, 64]],
[236, [5, 20, 2, 11, 31, 52, 3, 16, 17, 57, 46, 47, 27, 50, 43, 44, 45, 59]],
[236, [5, 20, 2, 11, 31, 52, 3, 16, 17, 57, 46, 47, 49, 62, 44, 45, 58, 64]],
[236, [5, 20, 2, 11, 31, 52, 3, 16, 39, 40, 24, 61, 27, 50, 43, 44, 45, 59]],
[236, [5, 20, 2, 11, 31, 52, 3, 16, 39, 40, 24, 61, 49, 62, 44, 45, 58, 64]],
[236, [5, 20, 2, 11, 31, 52, 3, 16, 39, 40, 46, 47, 27, 50, 23, 43, 59, 60]],
[236, [5, 20, 2, 11, 31, 52, 3, 16, 39, 40, 46, 47, 49, 62, 23, 58, 60, 64]],
[236, [5, 20, 2, 11, 31, 52, 14, 37, 17, 57, 8, 48, 27, 50, 44, 58, 59, 60]],
[236, [5, 20, 2, 11, 31, 52, 14, 37, 17, 57, 8, 48, 49, 62, 23, 45, 58, 59]],
[236, [5, 20, 2, 11, 31, 52, 14, 37, 17, 57, 25, 26, 27, 50, 43, 44, 60, 64]],
[236, [5, 20, 2, 11, 31, 52, 14, 37, 17, 57, 25, 26, 49, 62, 23, 43, 45, 64]],
[236, [5, 20, 2, 11, 31, 52, 14, 37, 39, 40, 8, 48, 27, 50, 43, 44, 60, 64]],
[236, [5, 20, 2, 11, 31, 52, 14, 37, 39, 40, 8, 48, 49, 62, 23, 43, 45, 64]],
[236, [5, 20, 2, 11, 31, 52, 14, 37, 39, 40, 25, 26, 27, 50, 44, 58, 59, 60]],
[236, [5, 20, 2, 11, 31, 52, 14, 37, 39, 40, 25, 26, 49, 62, 23, 45, 58, 59]],
[236, [5, 20, 2, 11, 31, 52, 15, 38, 17, 57, 24, 61, 27, 50, 23, 58, 60, 64]],
[236, [5, 20, 2, 11, 31, 52, 15, 38, 17, 57, 24, 61, 49, 62, 23, 43, 59, 60]],
[236, [5, 20, 2, 11, 31, 52, 15, 38, 17, 57, 46, 47, 27, 50, 44, 45, 58, 64]],
[236, [5, 20, 2, 11, 31, 52, 15, 38, 17, 57, 46, 47, 49, 62, 43, 44, 45, 59]],
[236, [5, 20, 2, 11, 31, 52, 15, 38, 39, 40, 24, 61, 27, 50, 44, 45, 58, 64]],
[236, [5, 20, 2, 11, 31, 52, 15, 38, 39, 40, 24, 61, 49, 62, 43, 44, 45, 59]],
[236, [5, 20, 2, 11, 31, 52, 15, 38, 39, 40, 46, 47, 27, 50, 23, 58, 60, 64]],
[236, [5, 20, 2, 11, 31, 52, 15, 38, 39, 40, 46, 47, 49, 62, 23, 43, 59, 60]],
[236, [5, 20, 2, 11, 31, 52, 36, 56, 17, 57, 8, 48, 27, 50, 23, 45, 58, 59]],
[236, [5, 20, 2, 11, 31, 52, 36, 56, 17, 57, 8, 48, 49, 62, 44, 58, 59, 60]],
[236, [5, 20, 2, 11, 31, 52, 36, 56, 17, 57, 25, 26, 27, 50, 23, 43, 45, 64]],
[236, [5, 20, 2, 11, 31, 52, 36, 56, 17, 57, 25, 26, 49, 62, 43, 44, 60, 64]],
[236, [5, 20, 2, 11, 31, 52, 36, 56, 39, 40, 8, 48, 27, 50, 23, 43, 45, 64]],
[236, [5, 20, 2, 11, 31, 52, 36, 56, 39, 40, 8, 48, 49, 62, 43, 44, 60, 64]],
[236, [5, 20, 2, 11, 31, 52, 36, 56, 39, 40, 25, 26, 27, 50, 23, 45, 58, 59]],
[236, [5, 20, 2, 11, 31, 52, 36, 56, 39, 40, 25, 26, 49, 62, 44, 58, 59, 60]],
[236, [5, 20, 10, 12, 30, 32, 3, 16, 17, 57, 24, 61, 27, 50, 23, 43, 59, 60]],
[236, [5, 20, 10, 12, 30, 32, 3, 16, 17, 57, 24, 61, 49, 62, 23, 58, 60, 64]],
[236, [5, 20, 10, 12, 30, 32, 3, 16, 17, 57, 46, 47, 27, 50, 43, 44, 45, 59]],
[236, [5, 20, 10, 12, 30, 32, 3, 16, 17, 57, 46, 47, 49, 62, 44, 45, 58, 64]],
[236, [5, 20, 10, 12, 30, 32, 3, 16, 39, 40, 24, 61, 27, 50, 43, 44, 45, 59]],
[236, [5, 20, 10, 12, 30, 32, 3, 16, 39, 40, 24, 61, 49, 62, 44, 45, 58, 64]],
[236, [5, 20, 10, 12, 30, 32, 3, 16, 39, 40, 46, 47, 27, 50, 23, 43, 59, 60]],
[236, [5, 20, 10, 12, 30, 32, 3, 16, 39, 40, 46, 47, 49, 62, 23, 58, 60, 64]],
[236, [5, 20, 10, 12, 30, 32, 14, 37, 17, 57, 8, 48, 27, 50, 44, 58, 59, 60]],
[236, [5, 20, 10, 12, 30, 32, 14, 37, 17, 57, 8, 48, 49, 62, 23, 45, 58, 59]],
[236, [5, 20, 10, 12, 30, 32, 14, 37, 17, 57, 25, 26, 27, 50, 43, 44, 60, 64]],
[236, [5, 20, 10, 12, 30, 32, 14, 37, 17, 57, 25, 26, 49, 62, 23, 43, 45, 64]],
[236, [5, 20, 10, 12, 30, 32, 14, 37, 39, 40, 8, 48, 27, 50, 43, 44, 60, 64]],
[236, [5, 20, 10, 12, 30, 32, 14, 37, 39, 40, 8, 48, 49, 62, 23, 43, 45, 64]],
[236, [5, 20, 10, 12, 30, 32, 14, 37, 39, 40, 25, 26, 27, 50, 44, 58, 59, 60]],
[236, [5, 20, 10, 12, 30, 32, 14, 37, 39, 40, 25, 26, 49, 62, 23, 45, 58, 59]],
[236, [5, 20, 10, 12, 30, 32, 15, 38, 17, 57, 24, 61, 27, 50, 23, 58, 60, 64]],
[236, [5, 20, 10, 12, 30, 32, 15, 38, 17, 57, 24, 61, 49, 62, 23, 43, 59, 60]],
[236, [5, 20, 10, 12, 30, 32, 15, 38, 17, 57, 46, 47, 27, 50, 44, 45, 58, 64]],
[236, [5, 20, 10, 12, 30, 32, 15, 38, 17, 57, 46, 47, 49, 62, 43, 44, 45, 59]],
[236, [5, 20, 10, 12, 30, 32, 15, 38, 39, 40, 24, 61, 27, 50, 44, 45, 58, 64]],
[236, [5, 20, 10, 12, 30, 32, 15, 38, 39, 40, 24, 61, 49, 62, 43, 44, 45, 59]],
[236, [5, 20, 10, 12, 30, 32, 15, 38, 39, 40, 46, 47, 27, 50, 23, 58, 60, 64]],
[236, [5, 20, 10, 12, 30, 32, 15, 38, 39, 40, 46, 47, 49, 62, 23, 43, 59, 60]],
[236, [5, 20, 10, 12, 30, 32, 36, 56, 17, 57, 8, 48, 27, 50, 23, 45, 58, 59]],
[236, [5, 20, 10, 12, 30, 32, 36, 56, 17, 57, 8, 48, 49, 62, 44, 58, 59, 60]],
[236, [5, 20, 10, 12, 30, 32, 36, 56, 17, 57, 25, 26, 27, 50, 23, 43, 45, 64]],
[236, [5, 20, 10, 12, 30, 32, 36, 56, 17, 57, 25, 26, 49, 62, 43, 44, 60, 64]],
[236, [5, 20, 10, 12, 30, 32, 36, 56, 39, 40, 8, 48, 27, 50, 23, 43, 45, 64]],
[236, [5, 20, 10, 12, 30, 32, 36, 56, 39, 40, 8, 48, 49, 62, 43, 44, 60, 64]],
[236, [5, 20, 10, 12, 30, 32, 36, 56, 39, 40, 25, 26, 27, 50, 23, 45, 58, 59]],
[236, [5, 20, 10, 12, 30, 32, 36, 56, 39, 40, 25, 26, 49, 62, 44, 58, 59, 60]],
[236, [21, 42, 2, 10, 11, 30, 3, 16, 17, 57, 24, 61, 27, 50, 23, 43, 59, 60]],
[236, [21, 42, 2, 10, 11, 30, 3, 16, 17, 57, 24, 61, 49, 62, 23, 58, 60, 64]],
[236, [21, 42, 2, 10, 11, 30, 3, 16, 17, 57, 46, 47, 27, 50, 43, 44, 45, 59]],
[236, [21, 42, 2, 10, 11, 30, 3, 16, 17, 57, 46, 47, 49, 62, 44, 45, 58, 64]],
[236, [21, 42, 2, 10, 11, 30, 3, 16, 39, 40, 24, 61, 27, 50, 43, 44, 45, 59]],
[236, [21, 42, 2, 10, 11, 30, 3, 16, 39, 40, 24, 61, 49, 62, 44, 45, 58, 64]],
[236, [21, 42, 2, 10, 11, 30, 3, 16, 39, 40, 46, 47, 27, 50, 23, 43, 59, 60]],
[236, [21, 42, 2, 10, 11, 30, 3, 16, 39, 40, 46, 47, 49, 62, 23, 58, 60, 64]],
[236, [21, 42, 2, 10, 11, 30, 14, 37, 17, 57, 8, 48, 27, 50, 44, 58, 59, 60]],
[236, [21, 42, 2, 10, 11, 30, 14, 37, 17, 57, 8, 48, 49, 62, 23, 45, 58, 59]],
[236, [21, 42, 2, 10, 11, 30, 14, 37, 17, 57, 25, 26, 27, 50, 43, 44, 60, 64]],
[236, [21, 42, 2, 10, 11, 30, 14, 37, 17, 57, 25, 26, 49, 62, 23, 43, 45, 64]],
[236, [21, 42, 2, 10, 11, 30, 14, 37, 39, 40, 8, 48, 27, 50, 43, 44, 60, 64]],
[236, [21, 42, 2, 10, 11, 30, 14, 37, 39, 40, 8, 48, 49, 62, 23, 43, 45, 64]],
[236, [21, 42, 2, 10, 11, 30, 14, 37, 39, 40, 25, 26, 27, 50, 44, 58, 59, 60]],
[236, [21, 42, 2, 10, 11, 30, 14, 37, 39, 40, 25, 26, 49, 62, 23, 45, 58, 59]],
[236, [21, 42, 2, 10, 11, 30, 15, 38, 17, 57, 24, 61, 27, 50, 23, 58, 60, 64]],
[236, [21, 42, 2, 10, 11, 30, 15, 38, 17, 57, 24, 61, 49, 62, 23, 43, 59, 60]],
[236, [21, 42, 2, 10, 11, 30, 15, 38, 17, 57, 46, 47, 27, 50, 44, 45, 58, 64]],
[236, [21, 42, 2, 10, 11, 30, 15, 38, 17, 57, 46, 47, 49, 62, 43, 44, 45, 59]],
[236, [21, 42, 2, 10, 11, 30, 15, 38, 39, 40, 24, 61, 27, 50, 44, 45, 58, 64]],
[236, [21, 42, 2, 10, 11, 30, 15, 38, 39, 40, 24, 61, 49, 62, 43, 44, 45, 59]],
[236, [21, 42, 2, 10, 11, 30, 15, 38, 39, 40, 46, 47, 27, 50, 23, 58, 60, 64]],
[236, [21, 42, 2, 10, 11, 30, 15, 38, 39, 40, 46, 47, 49, 62, 23, 43, 59, 60]],
[236, [21, 42, 2, 10, 11, 30, 36, 56, 17, 57, 8, 48, 27, 50, 23, 45, 58, 59]],
[236, [21, 42, 2, 10, 11, 30, 36, 56, 17, 57, 8, 48, 49, 62, 44, 58, 59, 60]],
[236, [21, 42, 2, 10, 11, 30, 36, 56, 17, 57, 25, 26, 27, 50, 23, 43, 45, 64]],
[236, [21, 42, 2, 10, 11, 30, 36, 56, 17, 57, 25, 26, 49, 62, 43, 44, 60, 64]],
[236, [21, 42, 2, 10, 11, 30, 36, 56, 39, 40, 8, 48, 27, 50, 23, 43, 45, 64]],
[236, [21, 42, 2, 10, 11, 30, 36, 56, 39, 40, 8, 48, 49, 62, 43, 44, 60, 64]],
[236, [21, 42, 2, 10, 11, 30, 36, 56, 39, 40, 25, 26, 27, 50, 23, 45, 58, 59]],
[236, [21, 42, 2, 10, 11, 30, 36, 56, 39, 40, 25, 26, 49, 62, 44, 58, 59, 60]],
[236, [21, 42, 12, 31, 32, 52, 3, 16, 17, 57, 24, 61, 27, 50, 23, 43, 59, 60]],
[236, [21, 42, 12, 31, 32, 52, 3, 16, 17, 57, 24, 61, 49, 62, 23, 58, 60, 64]],
[236, [21, 42, 12, 31, 32, 52, 3, 16, 17, 57, 46, 47, 27, 50, 43, 44, 45, 59]],
[236, [21, 42, 12, 31, 32, 52, 3, 16, 17, 57, 46, 47, 49, 62, 44, 45, 58, 64]],
[236, [21, 42, 12, 31, 32, 52, 3, 16, 39, 40, 24, 61, 27, 50, 43, 44, 45, 59]],
[236, [21, 42, 12, 31, 32, 52, 3, 16, 39, 40, 24, 61, 49, 62, 44, 45, 58, 64]],
[236, [21, 42, 12, 31, 32, 52, 3, 16, 39, 40, 46, 47, 27, 50, 23, 43, 59, 60]],
[236, [21, 42, 12, 31, 32, 52, 3, 16, 39, 40, 46, 47, 49, 62, 23, 58, 60, 64]],
[236, [21, 42, 12, 31, 32, 52, 14, 37, 17, 57, 8, 48, 27, 50, 44, 58, 59, 60]],
[236, [21, 42, 12, 31, 32, 52, 14, 37, 17, 57, 8, 48, 49, 62, 23, 45, 58, 59]],
[236, [21, 42, 12, 31, 32, 52, 14, 37, 17, 57, 25, 26, 27, 50, 43, 44, 60, 64]],
[236, [21, 42, 12, 31, 32, 52, 14, 37, 17, 57, 25, 26, 49, 62, 23, 43, 45, 64]],
[236, [21, 42, 12, 31, 32, 52, 14, 37, 39, 40, 8, 48, 27, 50, 43, 44, 60, 64]],
[236, [21, 42, 12, 31, 32, 52, 14, 37, 39, 40, 8, 48, 49, 62, 23, 43, 45, 64]],
[236, [21, 42, 12, 31, 32, 52, 14, 37, 39, 40, 25, 26, 27, 50, 44, 58, 59, 60]],
[236, [21, 42, 12, 31, 32, 52, 14, 37, 39, 40, 25, 26, 49, 62, 23, 45, 58, 59]],
[236, [21, 42, 12, 31, 32, 52, 15, 38, 17, 57, 24, 61, 27, 50, 23, 58, 60, 64]],
[236, [21, 42, 12, 31, 32, 52, 15, 38, 17, 57, 24, 61, 49, 62, 23, 43, 59, 60]],
[236, [21, 42, 12, 31, 32, 52, 15, 38, 17, 57, 46, 47, 27, 50, 44, 45, 58, 64]],
[236, [21, 42, 12, 31, 32, 52, 15, 38, 17, 57, 46, 47, 49, 62, 43, 44, 45, 59]],
[236, [21, 42, 12, 31, 32, 52, 15, 38, 39, 40, 24, 61, 27, 50, 44, 45, 58, 64]],
[236, [21, 42, 12, 31, 32, 52, 15, 38, 39, 40, 24, 61, 49, 62, 43, 44, 45, 59]],
[236, [21, 42, 12, 31, 32, 52, 15, 38, 39, 40, 46, 47, 27, 50, 23, 58, 60, 64]],
[236, [21, 42, 12, 31, 32, 52, 15, 38, 39, 40, 46, 47, 49, 62, 23, 43, 59, 60]],
[236, [21, 42, 12, 31, 32, 52, 36, 56, 17, 57, 8, 48, 27, 50, 23, 45, 58, 59]],
[236, [21, 42, 12, 31, 32, 52, 36, 56, 17, 57, 8, 48, 49, 62, 44, 58, 59, 60]],
[236, [21, 42, 12, 31, 32, 52, 36, 56, 17, 57, 25, 26, 27, 50, 23, 43, 45, 64]],
[236, [21, 42, 12, 31, 32, 52, 36, 56, 17, 57, 25, 26, 49, 62, 43, 44, 60, 64]],
[236, [21, 42, 12, 31, 32, 52, 36, 56, 39, 40, 8, 48, 27, 50, 23, 43, 45, 64]],
[236, [21, 42, 12, 31, 32, 52, 36, 56, 39, 40, 8, 48, 49, 62, 43, 44, 60, 64]],
[236, [21, 42, 12, 31, 32, 52, 36, 56, 39, 40, 25, 26, 27, 50, 23, 45, 58, 59]],
[236, [21, 42, 12, 31, 32, 52, 36, 56, 39, 40, 25, 26, 49, 62, 44, 58, 59, 60]]];
