pds_list := [[231, [3, 15, 4, 17, 18, 57, 8, 24, 26, 61, 27, 50, 33, 35, 54, 55, 23, 60]],
[231, [3, 15, 4, 17, 18, 57, 8, 24, 26, 61, 49, 62, 35, 53, 55, 63, 23, 60]],
[231, [3, 15, 4, 17, 18, 57, 8, 26, 46, 47, 27, 50, 33, 35, 54, 55, 44, 45]],
[231, [3, 15, 4, 17, 18, 57, 8, 26, 46, 47, 49, 62, 35, 53, 55, 63, 44, 45]],
[231, [3, 15, 4, 17, 18, 57, 24, 25, 48, 61, 27, 50, 35, 53, 55, 63, 23, 60]],
[231, [3, 15, 4, 17, 18, 57, 24, 25, 48, 61, 49, 62, 33, 35, 54, 55, 23, 60]],
[231, [3, 15, 4, 17, 18, 57, 25, 46, 47, 48, 27, 50, 35, 53, 55, 63, 44, 45]],
[231, [3, 15, 4, 17, 18, 57, 25, 46, 47, 48, 49, 62, 33, 35, 54, 55, 44, 45]],
[231, [3, 15, 4, 18, 39, 40, 8, 24, 26, 61, 27, 50, 33, 35, 54, 55, 44, 45]],
[231, [3, 15, 4, 18, 39, 40, 8, 24, 26, 61, 49, 62, 35, 53, 55, 63, 44, 45]],
[231, [3, 15, 4, 18, 39, 40, 8, 26, 46, 47, 27, 50, 33, 35, 54, 55, 23, 60]],
[231, [3, 15, 4, 18, 39, 40, 8, 26, 46, 47, 49, 62, 35, 53, 55, 63, 23, 60]],
[231, [3, 15, 4, 18, 39, 40, 24, 25, 48, 61, 27, 50, 35, 53, 55, 63, 44, 45]],
[231, [3, 15, 4, 18, 39, 40, 24, 25, 48, 61, 49, 62, 33, 35, 54, 55, 44, 45]],
[231, [3, 15, 4, 18, 39, 40, 25, 46, 47, 48, 27, 50, 35, 53, 55, 63, 23, 60]],
[231, [3, 15, 4, 18, 39, 40, 25, 46, 47, 48, 49, 62, 33, 35, 54, 55, 23, 60]],
[231, [3, 15, 17, 19, 41, 57, 8, 24, 26, 61, 27, 50, 13, 33, 34, 54, 23, 60]],
[231, [3, 15, 17, 19, 41, 57, 8, 24, 26, 61, 49, 62, 13, 34, 53, 63, 23, 60]],
[231, [3, 15, 17, 19, 41, 57, 8, 26, 46, 47, 27, 50, 13, 33, 34, 54, 44, 45]],
[231, [3, 15, 17, 19, 41, 57, 8, 26, 46, 47, 49, 62, 13, 34, 53, 63, 44, 45]],
[231, [3, 15, 17, 19, 41, 57, 24, 25, 48, 61, 27, 50, 13, 34, 53, 63, 23, 60]],
[231, [3, 15, 17, 19, 41, 57, 24, 25, 48, 61, 49, 62, 13, 33, 34, 54, 23, 60]],
[231, [3, 15, 17, 19, 41, 57, 25, 46, 47, 48, 27, 50, 13, 34, 53, 63, 44, 45]],
[231, [3, 15, 17, 19, 41, 57, 25, 46, 47, 48, 49, 62, 13, 33, 34, 54, 44, 45]],
[231, [3, 15, 19, 39, 40, 41, 8, 24, 26, 61, 27, 50, 13, 33, 34, 54, 44, 45]],
[231, [3, 15, 19, 39, 40, 41, 8, 24, 26, 61, 49, 62, 13, 34, 53, 63, 44, 45]],
[231, [3, 15, 19, 39, 40, 41, 8, 26, 46, 47, 27, 50, 13, 33, 34, 54, 23, 60]],
[231, [3, 15, 19, 39, 40, 41, 8, 26, 46, 47, 49, 62, 13, 34, 53, 63, 23, 60]],
[231, [3, 15, 19, 39, 40, 41, 24, 25, 48, 61, 27, 50, 13, 34, 53, 63, 44, 45]],
[231, [3, 15, 19, 39, 40, 41, 24, 25, 48, 61, 49, 62, 13, 33, 34, 54, 44, 45]],
[231, [3, 15, 19, 39, 40, 41, 25, 46, 47, 48, 27, 50, 13, 34, 53, 63, 23, 60]],
[231, [3, 15, 19, 39, 40, 41, 25, 46, 47, 48, 49, 62, 13, 33, 34, 54, 23, 60]],
[231, [14, 36, 4, 17, 18, 57, 8, 24, 47, 48, 27, 50, 34, 54, 55, 63, 58, 59]],
[231, [14, 36, 4, 17, 18, 57, 8, 24, 47, 48, 49, 62, 13, 35, 54, 63, 58, 59]],
[231, [14, 36, 4, 17, 18, 57, 8, 46, 48, 61, 27, 50, 13, 35, 54, 63, 58, 59]],
[231, [14, 36, 4, 17, 18, 57, 8, 46, 48, 61, 49, 62, 34, 54, 55, 63, 58, 59]],
[231, [14, 36, 4, 17, 18, 57, 24, 25, 26, 47, 27, 50, 34, 54, 55, 63, 43, 64]],
[231, [14, 36, 4, 17, 18, 57, 24, 25, 26, 47, 49, 62, 13, 35, 54, 63, 43, 64]],
[231, [14, 36, 4, 17, 18, 57, 25, 26, 46, 61, 27, 50, 13, 35, 54, 63, 43, 64]],
[231, [14, 36, 4, 17, 18, 57, 25, 26, 46, 61, 49, 62, 34, 54, 55, 63, 43, 64]],
[231, [14, 36, 4, 18, 39, 40, 8, 24, 47, 48, 27, 50, 34, 54, 55, 63, 43, 64]],
[231, [14, 36, 4, 18, 39, 40, 8, 24, 47, 48, 49, 62, 13, 35, 54, 63, 43, 64]],
[231, [14, 36, 4, 18, 39, 40, 8, 46, 48, 61, 27, 50, 13, 35, 54, 63, 43, 64]],
[231, [14, 36, 4, 18, 39, 40, 8, 46, 48, 61, 49, 62, 34, 54, 55, 63, 43, 64]],
[231, [14, 36, 4, 18, 39, 40, 24, 25, 26, 47, 27, 50, 34, 54, 55, 63, 58, 59]],
[231, [14, 36, 4, 18, 39, 40, 24, 25, 26, 47, 49, 62, 13, 35, 54, 63, 58, 59]],
[231, [14, 36, 4, 18, 39, 40, 25, 26, 46, 61, 27, 50, 13, 35, 54, 63, 58, 59]],
[231, [14, 36, 4, 18, 39, 40, 25, 26, 46, 61, 49, 62, 34, 54, 55, 63, 58, 59]],
[231, [14, 36, 17, 19, 41, 57, 8, 24, 47, 48, 27, 50, 33, 34, 53, 55, 58, 59]],
[231, [14, 36, 17, 19, 41, 57, 8, 24, 47, 48, 49, 62, 13, 33, 35, 53, 58, 59]],
[231, [14, 36, 17, 19, 41, 57, 8, 46, 48, 61, 27, 50, 13, 33, 35, 53, 58, 59]],
[231, [14, 36, 17, 19, 41, 57, 8, 46, 48, 61, 49, 62, 33, 34, 53, 55, 58, 59]],
[231, [14, 36, 17, 19, 41, 57, 24, 25, 26, 47, 27, 50, 33, 34, 53, 55, 43, 64]],
[231, [14, 36, 17, 19, 41, 57, 24, 25, 26, 47, 49, 62, 13, 33, 35, 53, 43, 64]],
[231, [14, 36, 17, 19, 41, 57, 25, 26, 46, 61, 27, 50, 13, 33, 35, 53, 43, 64]],
[231, [14, 36, 17, 19, 41, 57, 25, 26, 46, 61, 49, 62, 33, 34, 53, 55, 43, 64]],
[231, [14, 36, 19, 39, 40, 41, 8, 24, 47, 48, 27, 50, 33, 34, 53, 55, 43, 64]],
[231, [14, 36, 19, 39, 40, 41, 8, 24, 47, 48, 49, 62, 13, 33, 35, 53, 43, 64]],
[231, [14, 36, 19, 39, 40, 41, 8, 46, 48, 61, 27, 50, 13, 33, 35, 53, 43, 64]],
[231, [14, 36, 19, 39, 40, 41, 8, 46, 48, 61, 49, 62, 33, 34, 53, 55, 43, 64]],
[231, [14, 36, 19, 39, 40, 41, 24, 25, 26, 47, 27, 50, 33, 34, 53, 55, 58, 59]],
[231, [14, 36, 19, 39, 40, 41, 24, 25, 26, 47, 49, 62, 13, 33, 35, 53, 58, 59]],
[231, [14, 36, 19, 39, 40, 41, 25, 26, 46, 61, 27, 50, 13, 33, 35, 53, 58, 59]],
[231, [14, 36, 19, 39, 40, 41, 25, 26, 46, 61, 49, 62, 33, 34, 53, 55, 58, 59]],
[231, [16, 38, 4, 17, 18, 57, 8, 24, 26, 61, 27, 50, 13, 33, 34, 54, 23, 60]],
[231, [16, 38, 4, 17, 18, 57, 8, 24, 26, 61, 49, 62, 13, 34, 53, 63, 23, 60]],
[231, [16, 38, 4, 17, 18, 57, 8, 26, 46, 47, 27, 50, 13, 33, 34, 54, 44, 45]],
[231, [16, 38, 4, 17, 18, 57, 8, 26, 46, 47, 49, 62, 13, 34, 53, 63, 44, 45]],
[231, [16, 38, 4, 17, 18, 57, 24, 25, 48, 61, 27, 50, 13, 34, 53, 63, 23, 60]],
[231, [16, 38, 4, 17, 18, 57, 24, 25, 48, 61, 49, 62, 13, 33, 34, 54, 23, 60]],
[231, [16, 38, 4, 17, 18, 57, 25, 46, 47, 48, 27, 50, 13, 34, 53, 63, 44, 45]],
[231, [16, 38, 4, 17, 18, 57, 25, 46, 47, 48, 49, 62, 13, 33, 34, 54, 44, 45]],
[231, [16, 38, 4, 18, 39, 40, 8, 24, 26, 61, 27, 50, 13, 33, 34, 54, 44, 45]],
[231, [16, 38, 4, 18, 39, 40, 8, 24, 26, 61, 49, 62, 13, 34, 53, 63, 44, 45]],
[231, [16, 38, 4, 18, 39, 40, 8, 26, 46, 47, 27, 50, 13, 33, 34, 54, 23, 60]],
[231, [16, 38, 4, 18, 39, 40, 8, 26, 46, 47, 49, 62, 13, 34, 53, 63, 23, 60]],
[231, [16, 38, 4, 18, 39, 40, 24, 25, 48, 61, 27, 50, 13, 34, 53, 63, 44, 45]],
[231, [16, 38, 4, 18, 39, 40, 24, 25, 48, 61, 49, 62, 13, 33, 34, 54, 44, 45]],
[231, [16, 38, 4, 18, 39, 40, 25, 46, 47, 48, 27, 50, 13, 34, 53, 63, 23, 60]],
[231, [16, 38, 4, 18, 39, 40, 25, 46, 47, 48, 49, 62, 13, 33, 34, 54, 23, 60]],
[231, [16, 38, 17, 19, 41, 57, 8, 24, 26, 61, 27, 50, 33, 35, 54, 55, 23, 60]],
[231, [16, 38, 17, 19, 41, 57, 8, 24, 26, 61, 49, 62, 35, 53, 55, 63, 23, 60]],
[231, [16, 38, 17, 19, 41, 57, 8, 26, 46, 47, 27, 50, 33, 35, 54, 55, 44, 45]],
[231, [16, 38, 17, 19, 41, 57, 8, 26, 46, 47, 49, 62, 35, 53, 55, 63, 44, 45]],
[231, [16, 38, 17, 19, 41, 57, 24, 25, 48, 61, 27, 50, 35, 53, 55, 63, 23, 60]],
[231, [16, 38, 17, 19, 41, 57, 24, 25, 48, 61, 49, 62, 33, 35, 54, 55, 23, 60]],
[231, [16, 38, 17, 19, 41, 57, 25, 46, 47, 48, 27, 50, 35, 53, 55, 63, 44, 45]],
[231, [16, 38, 17, 19, 41, 57, 25, 46, 47, 48, 49, 62, 33, 35, 54, 55, 44, 45]],
[231, [16, 38, 19, 39, 40, 41, 8, 24, 26, 61, 27, 50, 33, 35, 54, 55, 44, 45]],
[231, [16, 38, 19, 39, 40, 41, 8, 24, 26, 61, 49, 62, 35, 53, 55, 63, 44, 45]],
[231, [16, 38, 19, 39, 40, 41, 8, 26, 46, 47, 27, 50, 33, 35, 54, 55, 23, 60]],
[231, [16, 38, 19, 39, 40, 41, 8, 26, 46, 47, 49, 62, 35, 53, 55, 63, 23, 60]],
[231, [16, 38, 19, 39, 40, 41, 24, 25, 48, 61, 27, 50, 35, 53, 55, 63, 44, 45]],
[231, [16, 38, 19, 39, 40, 41, 24, 25, 48, 61, 49, 62, 33, 35, 54, 55, 44, 45]],
[231, [16, 38, 19, 39, 40, 41, 25, 46, 47, 48, 27, 50, 35, 53, 55, 63, 23, 60]],
[231, [16, 38, 19, 39, 40, 41, 25, 46, 47, 48, 49, 62, 33, 35, 54, 55, 23, 60]],
[231, [37, 56, 4, 17, 18, 57, 8, 24, 47, 48, 27, 50, 33, 34, 53, 55, 58, 59]],
[231, [37, 56, 4, 17, 18, 57, 8, 24, 47, 48, 49, 62, 13, 33, 35, 53, 58, 59]],
[231, [37, 56, 4, 17, 18, 57, 8, 46, 48, 61, 27, 50, 13, 33, 35, 53, 58, 59]],
[231, [37, 56, 4, 17, 18, 57, 8, 46, 48, 61, 49, 62, 33, 34, 53, 55, 58, 59]],
[231, [37, 56, 4, 17, 18, 57, 24, 25, 26, 47, 27, 50, 33, 34, 53, 55, 43, 64]],
[231, [37, 56, 4, 17, 18, 57, 24, 25, 26, 47, 49, 62, 13, 33, 35, 53, 43, 64]],
[231, [37, 56, 4, 17, 18, 57, 25, 26, 46, 61, 27, 50, 13, 33, 35, 53, 43, 64]],
[231, [37, 56, 4, 17, 18, 57, 25, 26, 46, 61, 49, 62, 33, 34, 53, 55, 43, 64]],
[231, [37, 56, 4, 18, 39, 40, 8, 24, 47, 48, 27, 50, 33, 34, 53, 55, 43, 64]],
[231, [37, 56, 4, 18, 39, 40, 8, 24, 47, 48, 49, 62, 13, 33, 35, 53, 43, 64]],
[231, [37, 56, 4, 18, 39, 40, 8, 46, 48, 61, 27, 50, 13, 33, 35, 53, 43, 64]],
[231, [37, 56, 4, 18, 39, 40, 8, 46, 48, 61, 49, 62, 33, 34, 53, 55, 43, 64]],
[231, [37, 56, 4, 18, 39, 40, 24, 25, 26, 47, 27, 50, 33, 34, 53, 55, 58, 59]],
[231, [37, 56, 4, 18, 39, 40, 24, 25, 26, 47, 49, 62, 13, 33, 35, 53, 58, 59]],
[231, [37, 56, 4, 18, 39, 40, 25, 26, 46, 61, 27, 50, 13, 33, 35, 53, 58, 59]],
[231, [37, 56, 4, 18, 39, 40, 25, 26, 46, 61, 49, 62, 33, 34, 53, 55, 58, 59]],
[231, [37, 56, 17, 19, 41, 57, 8, 24, 47, 48, 27, 50, 34, 54, 55, 63, 58, 59]],
[231, [37, 56, 17, 19, 41, 57, 8, 24, 47, 48, 49, 62, 13, 35, 54, 63, 58, 59]],
[231, [37, 56, 17, 19, 41, 57, 8, 46, 48, 61, 27, 50, 13, 35, 54, 63, 58, 59]],
[231, [37, 56, 17, 19, 41, 57, 8, 46, 48, 61, 49, 62, 34, 54, 55, 63, 58, 59]],
[231, [37, 56, 17, 19, 41, 57, 24, 25, 26, 47, 27, 50, 34, 54, 55, 63, 43, 64]],
[231, [37, 56, 17, 19, 41, 57, 24, 25, 26, 47, 49, 62, 13, 35, 54, 63, 43, 64]],
[231, [37, 56, 17, 19, 41, 57, 25, 26, 46, 61, 27, 50, 13, 35, 54, 63, 43, 64]],
[231, [37, 56, 17, 19, 41, 57, 25, 26, 46, 61, 49, 62, 34, 54, 55, 63, 43, 64]],
[231, [37, 56, 19, 39, 40, 41, 8, 24, 47, 48, 27, 50, 34, 54, 55, 63, 43, 64]],
[231, [37, 56, 19, 39, 40, 41, 8, 24, 47, 48, 49, 62, 13, 35, 54, 63, 43, 64]],
[231, [37, 56, 19, 39, 40, 41, 8, 46, 48, 61, 27, 50, 13, 35, 54, 63, 43, 64]],
[231, [37, 56, 19, 39, 40, 41, 8, 46, 48, 61, 49, 62, 34, 54, 55, 63, 43, 64]],
[231, [37, 56, 19, 39, 40, 41, 24, 25, 26, 47, 27, 50, 34, 54, 55, 63, 58, 59]],
[231, [37, 56, 19, 39, 40, 41, 24, 25, 26, 47, 49, 62, 13, 35, 54, 63, 58, 59]],
[231, [37, 56, 19, 39, 40, 41, 25, 26, 46, 61, 27, 50, 13, 35, 54, 63, 58, 59]],
[231, [37, 56, 19, 39, 40, 41, 25, 26, 46, 61, 49, 62, 34, 54, 55, 63, 58, 59]],
[231, [2, 12, 3, 15, 4, 17, 18, 40, 24, 61, 9, 49, 51, 62, 33, 35, 55, 63]],
[231, [2, 12, 3, 15, 4, 17, 18, 40, 24, 61, 28, 29, 49, 62, 35, 53, 54, 55]],
[231, [2, 12, 3, 15, 4, 17, 18, 40, 46, 47, 9, 49, 51, 62, 35, 53, 54, 55]],
[231, [2, 12, 3, 15, 4, 17, 18, 40, 46, 47, 28, 29, 49, 62, 33, 35, 55, 63]],
[231, [2, 12, 3, 15, 4, 18, 39, 57, 24, 61, 9, 27, 50, 51, 33, 35, 55, 63]],
[231, [2, 12, 3, 15, 4, 18, 39, 57, 24, 61, 27, 28, 29, 50, 35, 53, 54, 55]],
[231, [2, 12, 3, 15, 4, 18, 39, 57, 46, 47, 9, 27, 50, 51, 35, 53, 54, 55]],
[231, [2, 12, 3, 15, 4, 18, 39, 57, 46, 47, 27, 28, 29, 50, 33, 35, 55, 63]],
[231, [2, 12, 3, 15, 17, 19, 40, 41, 24, 61, 9, 49, 51, 62, 13, 33, 34, 63]],
[231, [2, 12, 3, 15, 17, 19, 40, 41, 24, 61, 28, 29, 49, 62, 13, 34, 53, 54]],
[231, [2, 12, 3, 15, 17, 19, 40, 41, 46, 47, 9, 49, 51, 62, 13, 34, 53, 54]],
[231, [2, 12, 3, 15, 17, 19, 40, 41, 46, 47, 28, 29, 49, 62, 13, 33, 34, 63]],
[231, [2, 12, 3, 15, 19, 39, 41, 57, 24, 61, 9, 27, 50, 51, 13, 33, 34, 63]],
[231, [2, 12, 3, 15, 19, 39, 41, 57, 24, 61, 27, 28, 29, 50, 13, 34, 53, 54]],
[231, [2, 12, 3, 15, 19, 39, 41, 57, 46, 47, 9, 27, 50, 51, 13, 34, 53, 54]],
[231, [2, 12, 3, 15, 19, 39, 41, 57, 46, 47, 27, 28, 29, 50, 13, 33, 34, 63]],
[231, [2, 12, 14, 36, 4, 17, 18, 40, 8, 48, 9, 49, 51, 62, 13, 54, 55, 63]],
[231, [2, 12, 14, 36, 4, 17, 18, 40, 8, 48, 28, 29, 49, 62, 34, 35, 54, 63]],
[231, [2, 12, 14, 36, 4, 17, 18, 40, 25, 26, 9, 49, 51, 62, 34, 35, 54, 63]],
[231, [2, 12, 14, 36, 4, 17, 18, 40, 25, 26, 28, 29, 49, 62, 13, 54, 55, 63]],
[231, [2, 12, 14, 36, 4, 18, 39, 57, 8, 48, 9, 27, 50, 51, 13, 54, 55, 63]],
[231, [2, 12, 14, 36, 4, 18, 39, 57, 8, 48, 27, 28, 29, 50, 34, 35, 54, 63]],
[231, [2, 12, 14, 36, 4, 18, 39, 57, 25, 26, 9, 27, 50, 51, 34, 35, 54, 63]],
[231, [2, 12, 14, 36, 4, 18, 39, 57, 25, 26, 27, 28, 29, 50, 13, 54, 55, 63]],
[231, [2, 12, 14, 36, 17, 19, 40, 41, 8, 48, 9, 49, 51, 62, 13, 33, 53, 55]],
[231, [2, 12, 14, 36, 17, 19, 40, 41, 8, 48, 28, 29, 49, 62, 33, 34, 35, 53]],
[231, [2, 12, 14, 36, 17, 19, 40, 41, 25, 26, 9, 49, 51, 62, 33, 34, 35, 53]],
[231, [2, 12, 14, 36, 17, 19, 40, 41, 25, 26, 28, 29, 49, 62, 13, 33, 53, 55]],
[231, [2, 12, 14, 36, 19, 39, 41, 57, 8, 48, 9, 27, 50, 51, 13, 33, 53, 55]],
[231, [2, 12, 14, 36, 19, 39, 41, 57, 8, 48, 27, 28, 29, 50, 33, 34, 35, 53]],
[231, [2, 12, 14, 36, 19, 39, 41, 57, 25, 26, 9, 27, 50, 51, 33, 34, 35, 53]],
[231, [2, 12, 14, 36, 19, 39, 41, 57, 25, 26, 27, 28, 29, 50, 13, 33, 53, 55]],
[231, [2, 12, 16, 38, 4, 17, 18, 40, 24, 61, 9, 49, 51, 62, 13, 33, 34, 63]],
[231, [2, 12, 16, 38, 4, 17, 18, 40, 24, 61, 28, 29, 49, 62, 13, 34, 53, 54]],
[231, [2, 12, 16, 38, 4, 17, 18, 40, 46, 47, 9, 49, 51, 62, 13, 34, 53, 54]],
[231, [2, 12, 16, 38, 4, 17, 18, 40, 46, 47, 28, 29, 49, 62, 13, 33, 34, 63]],
[231, [2, 12, 16, 38, 4, 18, 39, 57, 24, 61, 9, 27, 50, 51, 13, 33, 34, 63]],
[231, [2, 12, 16, 38, 4, 18, 39, 57, 24, 61, 27, 28, 29, 50, 13, 34, 53, 54]],
[231, [2, 12, 16, 38, 4, 18, 39, 57, 46, 47, 9, 27, 50, 51, 13, 34, 53, 54]],
[231, [2, 12, 16, 38, 4, 18, 39, 57, 46, 47, 27, 28, 29, 50, 13, 33, 34, 63]],
[231, [2, 12, 16, 38, 17, 19, 40, 41, 24, 61, 9, 49, 51, 62, 33, 35, 55, 63]],
[231, [2, 12, 16, 38, 17, 19, 40, 41, 24, 61, 28, 29, 49, 62, 35, 53, 54, 55]],
[231, [2, 12, 16, 38, 17, 19, 40, 41, 46, 47, 9, 49, 51, 62, 35, 53, 54, 55]],
[231, [2, 12, 16, 38, 17, 19, 40, 41, 46, 47, 28, 29, 49, 62, 33, 35, 55, 63]],
[231, [2, 12, 16, 38, 19, 39, 41, 57, 24, 61, 9, 27, 50, 51, 33, 35, 55, 63]],
[231, [2, 12, 16, 38, 19, 39, 41, 57, 24, 61, 27, 28, 29, 50, 35, 53, 54, 55]],
[231, [2, 12, 16, 38, 19, 39, 41, 57, 46, 47, 9, 27, 50, 51, 35, 53, 54, 55]],
[231, [2, 12, 16, 38, 19, 39, 41, 57, 46, 47, 27, 28, 29, 50, 33, 35, 55, 63]],
[231, [2, 12, 37, 56, 4, 17, 18, 40, 8, 48, 9, 49, 51, 62, 13, 33, 53, 55]],
[231, [2, 12, 37, 56, 4, 17, 18, 40, 8, 48, 28, 29, 49, 62, 33, 34, 35, 53]],
[231, [2, 12, 37, 56, 4, 17, 18, 40, 25, 26, 9, 49, 51, 62, 33, 34, 35, 53]],
[231, [2, 12, 37, 56, 4, 17, 18, 40, 25, 26, 28, 29, 49, 62, 13, 33, 53, 55]],
[231, [2, 12, 37, 56, 4, 18, 39, 57, 8, 48, 9, 27, 50, 51, 13, 33, 53, 55]],
[231, [2, 12, 37, 56, 4, 18, 39, 57, 8, 48, 27, 28, 29, 50, 33, 34, 35, 53]],
[231, [2, 12, 37, 56, 4, 18, 39, 57, 25, 26, 9, 27, 50, 51, 33, 34, 35, 53]],
[231, [2, 12, 37, 56, 4, 18, 39, 57, 25, 26, 27, 28, 29, 50, 13, 33, 53, 55]],
[231, [2, 12, 37, 56, 17, 19, 40, 41, 8, 48, 9, 49, 51, 62, 13, 54, 55, 63]],
[231, [2, 12, 37, 56, 17, 19, 40, 41, 8, 48, 28, 29, 49, 62, 34, 35, 54, 63]],
[231, [2, 12, 37, 56, 17, 19, 40, 41, 25, 26, 9, 49, 51, 62, 34, 35, 54, 63]],
[231, [2, 12, 37, 56, 17, 19, 40, 41, 25, 26, 28, 29, 49, 62, 13, 54, 55, 63]],
[231, [2, 12, 37, 56, 19, 39, 41, 57, 8, 48, 9, 27, 50, 51, 13, 54, 55, 63]],
[231, [2, 12, 37, 56, 19, 39, 41, 57, 8, 48, 27, 28, 29, 50, 34, 35, 54, 63]],
[231, [2, 12, 37, 56, 19, 39, 41, 57, 25, 26, 9, 27, 50, 51, 34, 35, 54, 63]],
[231, [2, 12, 37, 56, 19, 39, 41, 57, 25, 26, 27, 28, 29, 50, 13, 54, 55, 63]],
[231, [11, 32, 3, 15, 4, 17, 18, 40, 24, 61, 9, 27, 50, 51, 33, 35, 55, 63]],
[231, [11, 32, 3, 15, 4, 17, 18, 40, 24, 61, 27, 28, 29, 50, 35, 53, 54, 55]],
[231, [11, 32, 3, 15, 4, 17, 18, 40, 46, 47, 9, 27, 50, 51, 35, 53, 54, 55]],
[231, [11, 32, 3, 15, 4, 17, 18, 40, 46, 47, 27, 28, 29, 50, 33, 35, 55, 63]],
[231, [11, 32, 3, 15, 4, 18, 39, 57, 24, 61, 9, 49, 51, 62, 33, 35, 55, 63]],
[231, [11, 32, 3, 15, 4, 18, 39, 57, 24, 61, 28, 29, 49, 62, 35, 53, 54, 55]],
[231, [11, 32, 3, 15, 4, 18, 39, 57, 46, 47, 9, 49, 51, 62, 35, 53, 54, 55]],
[231, [11, 32, 3, 15, 4, 18, 39, 57, 46, 47, 28, 29, 49, 62, 33, 35, 55, 63]],
[231, [11, 32, 3, 15, 17, 19, 40, 41, 24, 61, 9, 27, 50, 51, 13, 33, 34, 63]],
[231, [11, 32, 3, 15, 17, 19, 40, 41, 24, 61, 27, 28, 29, 50, 13, 34, 53, 54]],
[231, [11, 32, 3, 15, 17, 19, 40, 41, 46, 47, 9, 27, 50, 51, 13, 34, 53, 54]],
[231, [11, 32, 3, 15, 17, 19, 40, 41, 46, 47, 27, 28, 29, 50, 13, 33, 34, 63]],
[231, [11, 32, 3, 15, 19, 39, 41, 57, 24, 61, 9, 49, 51, 62, 13, 33, 34, 63]],
[231, [11, 32, 3, 15, 19, 39, 41, 57, 24, 61, 28, 29, 49, 62, 13, 34, 53, 54]],
[231, [11, 32, 3, 15, 19, 39, 41, 57, 46, 47, 9, 49, 51, 62, 13, 34, 53, 54]],
[231, [11, 32, 3, 15, 19, 39, 41, 57, 46, 47, 28, 29, 49, 62, 13, 33, 34, 63]],
[231, [11, 32, 14, 36, 4, 17, 18, 40, 8, 48, 9, 27, 50, 51, 13, 54, 55, 63]],
[231, [11, 32, 14, 36, 4, 17, 18, 40, 8, 48, 27, 28, 29, 50, 34, 35, 54, 63]],
[231, [11, 32, 14, 36, 4, 17, 18, 40, 25, 26, 9, 27, 50, 51, 34, 35, 54, 63]],
[231, [11, 32, 14, 36, 4, 17, 18, 40, 25, 26, 27, 28, 29, 50, 13, 54, 55, 63]],
[231, [11, 32, 14, 36, 4, 18, 39, 57, 8, 48, 9, 49, 51, 62, 13, 54, 55, 63]],
[231, [11, 32, 14, 36, 4, 18, 39, 57, 8, 48, 28, 29, 49, 62, 34, 35, 54, 63]],
[231, [11, 32, 14, 36, 4, 18, 39, 57, 25, 26, 9, 49, 51, 62, 34, 35, 54, 63]],
[231, [11, 32, 14, 36, 4, 18, 39, 57, 25, 26, 28, 29, 49, 62, 13, 54, 55, 63]],
[231, [11, 32, 14, 36, 17, 19, 40, 41, 8, 48, 9, 27, 50, 51, 13, 33, 53, 55]],
[231, [11, 32, 14, 36, 17, 19, 40, 41, 8, 48, 27, 28, 29, 50, 33, 34, 35, 53]],
[231, [11, 32, 14, 36, 17, 19, 40, 41, 25, 26, 9, 27, 50, 51, 33, 34, 35, 53]],
[231, [11, 32, 14, 36, 17, 19, 40, 41, 25, 26, 27, 28, 29, 50, 13, 33, 53, 55]],
[231, [11, 32, 14, 36, 19, 39, 41, 57, 8, 48, 9, 49, 51, 62, 13, 33, 53, 55]],
[231, [11, 32, 14, 36, 19, 39, 41, 57, 8, 48, 28, 29, 49, 62, 33, 34, 35, 53]],
[231, [11, 32, 14, 36, 19, 39, 41, 57, 25, 26, 9, 49, 51, 62, 33, 34, 35, 53]],
[231, [11, 32, 14, 36, 19, 39, 41, 57, 25, 26, 28, 29, 49, 62, 13, 33, 53, 55]],
[231, [11, 32, 16, 38, 4, 17, 18, 40, 24, 61, 9, 27, 50, 51, 13, 33, 34, 63]],
[231, [11, 32, 16, 38, 4, 17, 18, 40, 24, 61, 27, 28, 29, 50, 13, 34, 53, 54]],
[231, [11, 32, 16, 38, 4, 17, 18, 40, 46, 47, 9, 27, 50, 51, 13, 34, 53, 54]],
[231, [11, 32, 16, 38, 4, 17, 18, 40, 46, 47, 27, 28, 29, 50, 13, 33, 34, 63]],
[231, [11, 32, 16, 38, 4, 18, 39, 57, 24, 61, 9, 49, 51, 62, 13, 33, 34, 63]],
[231, [11, 32, 16, 38, 4, 18, 39, 57, 24, 61, 28, 29, 49, 62, 13, 34, 53, 54]],
[231, [11, 32, 16, 38, 4, 18, 39, 57, 46, 47, 9, 49, 51, 62, 13, 34, 53, 54]],
[231, [11, 32, 16, 38, 4, 18, 39, 57, 46, 47, 28, 29, 49, 62, 13, 33, 34, 63]],
[231, [11, 32, 16, 38, 17, 19, 40, 41, 24, 61, 9, 27, 50, 51, 33, 35, 55, 63]],
[231, [11, 32, 16, 38, 17, 19, 40, 41, 24, 61, 27, 28, 29, 50, 35, 53, 54, 55]],
[231, [11, 32, 16, 38, 17, 19, 40, 41, 46, 47, 9, 27, 50, 51, 35, 53, 54, 55]],
[231, [11, 32, 16, 38, 17, 19, 40, 41, 46, 47, 27, 28, 29, 50, 33, 35, 55, 63]],
[231, [11, 32, 16, 38, 19, 39, 41, 57, 24, 61, 9, 49, 51, 62, 33, 35, 55, 63]],
[231, [11, 32, 16, 38, 19, 39, 41, 57, 24, 61, 28, 29, 49, 62, 35, 53, 54, 55]],
[231, [11, 32, 16, 38, 19, 39, 41, 57, 46, 47, 9, 49, 51, 62, 35, 53, 54, 55]],
[231, [11, 32, 16, 38, 19, 39, 41, 57, 46, 47, 28, 29, 49, 62, 33, 35, 55, 63]],
[231, [11, 32, 37, 56, 4, 17, 18, 40, 8, 48, 9, 27, 50, 51, 13, 33, 53, 55]],
[231, [11, 32, 37, 56, 4, 17, 18, 40, 8, 48, 27, 28, 29, 50, 33, 34, 35, 53]],
[231, [11, 32, 37, 56, 4, 17, 18, 40, 25, 26, 9, 27, 50, 51, 33, 34, 35, 53]],
[231, [11, 32, 37, 56, 4, 17, 18, 40, 25, 26, 27, 28, 29, 50, 13, 33, 53, 55]],
[231, [11, 32, 37, 56, 4, 18, 39, 57, 8, 48, 9, 49, 51, 62, 13, 33, 53, 55]],
[231, [11, 32, 37, 56, 4, 18, 39, 57, 8, 48, 28, 29, 49, 62, 33, 34, 35, 53]],
[231, [11, 32, 37, 56, 4, 18, 39, 57, 25, 26, 9, 49, 51, 62, 33, 34, 35, 53]],
[231, [11, 32, 37, 56, 4, 18, 39, 57, 25, 26, 28, 29, 49, 62, 13, 33, 53, 55]],
[231, [11, 32, 37, 56, 17, 19, 40, 41, 8, 48, 9, 27, 50, 51, 13, 54, 55, 63]],
[231, [11, 32, 37, 56, 17, 19, 40, 41, 8, 48, 27, 28, 29, 50, 34, 35, 54, 63]],
[231, [11, 32, 37, 56, 17, 19, 40, 41, 25, 26, 9, 27, 50, 51, 34, 35, 54, 63]],
[231, [11, 32, 37, 56, 17, 19, 40, 41, 25, 26, 27, 28, 29, 50, 13, 54, 55, 63]],
[231, [11, 32, 37, 56, 19, 39, 41, 57, 8, 48, 9, 49, 51, 62, 13, 54, 55, 63]],
[231, [11, 32, 37, 56, 19, 39, 41, 57, 8, 48, 28, 29, 49, 62, 34, 35, 54, 63]],
[231, [11, 32, 37, 56, 19, 39, 41, 57, 25, 26, 9, 49, 51, 62, 34, 35, 54, 63]],
[231, [11, 32, 37, 56, 19, 39, 41, 57, 25, 26, 28, 29, 49, 62, 13, 54, 55, 63]],
[231, [2, 10, 30, 32, 3, 15, 8, 26, 47, 61, 27, 50, 13, 33, 54, 55, 44, 45]],
[231, [2, 10, 30, 32, 3, 15, 8, 26, 47, 61, 27, 50, 33, 34, 35, 54, 23, 60]],
[231, [2, 10, 30, 32, 3, 15, 8, 26, 47, 61, 49, 62, 13, 53, 55, 63, 44, 45]],
[231, [2, 10, 30, 32, 3, 15, 8, 26, 47, 61, 49, 62, 34, 35, 53, 63, 23, 60]],
[231, [2, 10, 30, 32, 3, 15, 25, 47, 48, 61, 27, 50, 13, 53, 55, 63, 44, 45]],
[231, [2, 10, 30, 32, 3, 15, 25, 47, 48, 61, 27, 50, 34, 35, 53, 63, 23, 60]],
[231, [2, 10, 30, 32, 3, 15, 25, 47, 48, 61, 49, 62, 13, 33, 54, 55, 44, 45]],
[231, [2, 10, 30, 32, 3, 15, 25, 47, 48, 61, 49, 62, 33, 34, 35, 54, 23, 60]],
[231, [2, 10, 30, 32, 14, 36, 24, 26, 47, 48, 27, 50, 33, 34, 55, 63, 58, 59]],
[231, [2, 10, 30, 32, 14, 36, 24, 26, 47, 48, 27, 50, 34, 53, 54, 55, 43, 64]],
[231, [2, 10, 30, 32, 14, 36, 24, 26, 47, 48, 49, 62, 13, 33, 35, 63, 58, 59]],
[231, [2, 10, 30, 32, 14, 36, 24, 26, 47, 48, 49, 62, 13, 35, 53, 54, 43, 64]],
[231, [2, 10, 30, 32, 14, 36, 26, 46, 48, 61, 27, 50, 13, 33, 35, 63, 58, 59]],
[231, [2, 10, 30, 32, 14, 36, 26, 46, 48, 61, 27, 50, 13, 35, 53, 54, 43, 64]],
[231, [2, 10, 30, 32, 14, 36, 26, 46, 48, 61, 49, 62, 33, 34, 55, 63, 58, 59]],
[231, [2, 10, 30, 32, 14, 36, 26, 46, 48, 61, 49, 62, 34, 53, 54, 55, 43, 64]],
[231, [2, 10, 30, 32, 16, 38, 8, 24, 26, 46, 27, 50, 13, 33, 54, 55, 44, 45]],
[231, [2, 10, 30, 32, 16, 38, 8, 24, 26, 46, 27, 50, 33, 34, 35, 54, 23, 60]],
[231, [2, 10, 30, 32, 16, 38, 8, 24, 26, 46, 49, 62, 13, 53, 55, 63, 44, 45]],
[231, [2, 10, 30, 32, 16, 38, 8, 24, 26, 46, 49, 62, 34, 35, 53, 63, 23, 60]],
[231, [2, 10, 30, 32, 16, 38, 24, 25, 46, 48, 27, 50, 13, 53, 55, 63, 44, 45]],
[231, [2, 10, 30, 32, 16, 38, 24, 25, 46, 48, 27, 50, 34, 35, 53, 63, 23, 60]],
[231, [2, 10, 30, 32, 16, 38, 24, 25, 46, 48, 49, 62, 13, 33, 54, 55, 44, 45]],
[231, [2, 10, 30, 32, 16, 38, 24, 25, 46, 48, 49, 62, 33, 34, 35, 54, 23, 60]],
[231, [2, 10, 30, 32, 37, 56, 8, 24, 25, 47, 27, 50, 33, 34, 55, 63, 58, 59]],
[231, [2, 10, 30, 32, 37, 56, 8, 24, 25, 47, 27, 50, 34, 53, 54, 55, 43, 64]],
[231, [2, 10, 30, 32, 37, 56, 8, 24, 25, 47, 49, 62, 13, 33, 35, 63, 58, 59]],
[231, [2, 10, 30, 32, 37, 56, 8, 24, 25, 47, 49, 62, 13, 35, 53, 54, 43, 64]],
[231, [2, 10, 30, 32, 37, 56, 8, 25, 46, 61, 27, 50, 13, 33, 35, 63, 58, 59]],
[231, [2, 10, 30, 32, 37, 56, 8, 25, 46, 61, 27, 50, 13, 35, 53, 54, 43, 64]],
[231, [2, 10, 30, 32, 37, 56, 8, 25, 46, 61, 49, 62, 33, 34, 55, 63, 58, 59]],
[231, [2, 10, 30, 32, 37, 56, 8, 25, 46, 61, 49, 62, 34, 53, 54, 55, 43, 64]],
[231, [2, 31, 32, 52, 3, 15, 8, 24, 26, 46, 27, 50, 13, 33, 54, 55, 44, 45]],
[231, [2, 31, 32, 52, 3, 15, 8, 24, 26, 46, 27, 50, 33, 34, 35, 54, 23, 60]],
[231, [2, 31, 32, 52, 3, 15, 8, 24, 26, 46, 49, 62, 13, 53, 55, 63, 44, 45]],
[231, [2, 31, 32, 52, 3, 15, 8, 24, 26, 46, 49, 62, 34, 35, 53, 63, 23, 60]],
[231, [2, 31, 32, 52, 3, 15, 24, 25, 46, 48, 27, 50, 13, 53, 55, 63, 44, 45]],
[231, [2, 31, 32, 52, 3, 15, 24, 25, 46, 48, 27, 50, 34, 35, 53, 63, 23, 60]],
[231, [2, 31, 32, 52, 3, 15, 24, 25, 46, 48, 49, 62, 13, 33, 54, 55, 44, 45]],
[231, [2, 31, 32, 52, 3, 15, 24, 25, 46, 48, 49, 62, 33, 34, 35, 54, 23, 60]],
[231, [2, 31, 32, 52, 14, 36, 8, 24, 25, 47, 27, 50, 33, 34, 55, 63, 58, 59]],
[231, [2, 31, 32, 52, 14, 36, 8, 24, 25, 47, 27, 50, 34, 53, 54, 55, 43, 64]],
[231, [2, 31, 32, 52, 14, 36, 8, 24, 25, 47, 49, 62, 13, 33, 35, 63, 58, 59]],
[231, [2, 31, 32, 52, 14, 36, 8, 24, 25, 47, 49, 62, 13, 35, 53, 54, 43, 64]],
[231, [2, 31, 32, 52, 14, 36, 8, 25, 46, 61, 27, 50, 13, 33, 35, 63, 58, 59]],
[231, [2, 31, 32, 52, 14, 36, 8, 25, 46, 61, 27, 50, 13, 35, 53, 54, 43, 64]],
[231, [2, 31, 32, 52, 14, 36, 8, 25, 46, 61, 49, 62, 33, 34, 55, 63, 58, 59]],
[231, [2, 31, 32, 52, 14, 36, 8, 25, 46, 61, 49, 62, 34, 53, 54, 55, 43, 64]],
[231, [2, 31, 32, 52, 16, 38, 8, 26, 47, 61, 27, 50, 13, 33, 54, 55, 44, 45]],
[231, [2, 31, 32, 52, 16, 38, 8, 26, 47, 61, 27, 50, 33, 34, 35, 54, 23, 60]],
[231, [2, 31, 32, 52, 16, 38, 8, 26, 47, 61, 49, 62, 13, 53, 55, 63, 44, 45]],
[231, [2, 31, 32, 52, 16, 38, 8, 26, 47, 61, 49, 62, 34, 35, 53, 63, 23, 60]],
[231, [2, 31, 32, 52, 16, 38, 25, 47, 48, 61, 27, 50, 13, 53, 55, 63, 44, 45]],
[231, [2, 31, 32, 52, 16, 38, 25, 47, 48, 61, 27, 50, 34, 35, 53, 63, 23, 60]],
[231, [2, 31, 32, 52, 16, 38, 25, 47, 48, 61, 49, 62, 13, 33, 54, 55, 44, 45]],
[231, [2, 31, 32, 52, 16, 38, 25, 47, 48, 61, 49, 62, 33, 34, 35, 54, 23, 60]],
[231, [2, 31, 32, 52, 37, 56, 24, 26, 47, 48, 27, 50, 33, 34, 55, 63, 58, 59]],
[231, [2, 31, 32, 52, 37, 56, 24, 26, 47, 48, 27, 50, 34, 53, 54, 55, 43, 64]],
[231, [2, 31, 32, 52, 37, 56, 24, 26, 47, 48, 49, 62, 13, 33, 35, 63, 58, 59]],
[231, [2, 31, 32, 52, 37, 56, 24, 26, 47, 48, 49, 62, 13, 35, 53, 54, 43, 64]],
[231, [2, 31, 32, 52, 37, 56, 26, 46, 48, 61, 27, 50, 13, 33, 35, 63, 58, 59]],
[231, [2, 31, 32, 52, 37, 56, 26, 46, 48, 61, 27, 50, 13, 35, 53, 54, 43, 64]],
[231, [2, 31, 32, 52, 37, 56, 26, 46, 48, 61, 49, 62, 33, 34, 55, 63, 58, 59]],
[231, [2, 31, 32, 52, 37, 56, 26, 46, 48, 61, 49, 62, 34, 53, 54, 55, 43, 64]],
[231, [10, 11, 12, 30, 3, 15, 8, 26, 47, 61, 27, 50, 13, 33, 54, 55, 23, 60]],
[231, [10, 11, 12, 30, 3, 15, 8, 26, 47, 61, 27, 50, 33, 34, 35, 54, 44, 45]],
[231, [10, 11, 12, 30, 3, 15, 8, 26, 47, 61, 49, 62, 13, 53, 55, 63, 23, 60]],
[231, [10, 11, 12, 30, 3, 15, 8, 26, 47, 61, 49, 62, 34, 35, 53, 63, 44, 45]],
[231, [10, 11, 12, 30, 3, 15, 25, 47, 48, 61, 27, 50, 13, 53, 55, 63, 23, 60]],
[231, [10, 11, 12, 30, 3, 15, 25, 47, 48, 61, 27, 50, 34, 35, 53, 63, 44, 45]],
[231, [10, 11, 12, 30, 3, 15, 25, 47, 48, 61, 49, 62, 13, 33, 54, 55, 23, 60]],
[231, [10, 11, 12, 30, 3, 15, 25, 47, 48, 61, 49, 62, 33, 34, 35, 54, 44, 45]],
[231, [10, 11, 12, 30, 14, 36, 24, 26, 47, 48, 27, 50, 33, 34, 55, 63, 43, 64]],
[231, [10, 11, 12, 30, 14, 36, 24, 26, 47, 48, 27, 50, 34, 53, 54, 55, 58, 59]],
[231, [10, 11, 12, 30, 14, 36, 24, 26, 47, 48, 49, 62, 13, 33, 35, 63, 43, 64]],
[231, [10, 11, 12, 30, 14, 36, 24, 26, 47, 48, 49, 62, 13, 35, 53, 54, 58, 59]],
[231, [10, 11, 12, 30, 14, 36, 26, 46, 48, 61, 27, 50, 13, 33, 35, 63, 43, 64]],
[231, [10, 11, 12, 30, 14, 36, 26, 46, 48, 61, 27, 50, 13, 35, 53, 54, 58, 59]],
[231, [10, 11, 12, 30, 14, 36, 26, 46, 48, 61, 49, 62, 33, 34, 55, 63, 43, 64]],
[231, [10, 11, 12, 30, 14, 36, 26, 46, 48, 61, 49, 62, 34, 53, 54, 55, 58, 59]],
[231, [10, 11, 12, 30, 16, 38, 8, 24, 26, 46, 27, 50, 13, 33, 54, 55, 23, 60]],
[231, [10, 11, 12, 30, 16, 38, 8, 24, 26, 46, 27, 50, 33, 34, 35, 54, 44, 45]],
[231, [10, 11, 12, 30, 16, 38, 8, 24, 26, 46, 49, 62, 13, 53, 55, 63, 23, 60]],
[231, [10, 11, 12, 30, 16, 38, 8, 24, 26, 46, 49, 62, 34, 35, 53, 63, 44, 45]],
[231, [10, 11, 12, 30, 16, 38, 24, 25, 46, 48, 27, 50, 13, 53, 55, 63, 23, 60]],
[231, [10, 11, 12, 30, 16, 38, 24, 25, 46, 48, 27, 50, 34, 35, 53, 63, 44, 45]],
[231, [10, 11, 12, 30, 16, 38, 24, 25, 46, 48, 49, 62, 13, 33, 54, 55, 23, 60]],
[231, [10, 11, 12, 30, 16, 38, 24, 25, 46, 48, 49, 62, 33, 34, 35, 54, 44, 45]],
[231, [10, 11, 12, 30, 37, 56, 8, 24, 25, 47, 27, 50, 33, 34, 55, 63, 43, 64]],
[231, [10, 11, 12, 30, 37, 56, 8, 24, 25, 47, 27, 50, 34, 53, 54, 55, 58, 59]],
[231, [10, 11, 12, 30, 37, 56, 8, 24, 25, 47, 49, 62, 13, 33, 35, 63, 43, 64]],
[231, [10, 11, 12, 30, 37, 56, 8, 24, 25, 47, 49, 62, 13, 35, 53, 54, 58, 59]],
[231, [10, 11, 12, 30, 37, 56, 8, 25, 46, 61, 27, 50, 13, 33, 35, 63, 43, 64]],
[231, [10, 11, 12, 30, 37, 56, 8, 25, 46, 61, 27, 50, 13, 35, 53, 54, 58, 59]],
[231, [10, 11, 12, 30, 37, 56, 8, 25, 46, 61, 49, 62, 33, 34, 55, 63, 43, 64]],
[231, [10, 11, 12, 30, 37, 56, 8, 25, 46, 61, 49, 62, 34, 53, 54, 55, 58, 59]],
[231, [11, 12, 31, 52, 3, 15, 8, 24, 26, 46, 27, 50, 13, 33, 54, 55, 23, 60]],
[231, [11, 12, 31, 52, 3, 15, 8, 24, 26, 46, 27, 50, 33, 34, 35, 54, 44, 45]],
[231, [11, 12, 31, 52, 3, 15, 8, 24, 26, 46, 49, 62, 13, 53, 55, 63, 23, 60]],
[231, [11, 12, 31, 52, 3, 15, 8, 24, 26, 46, 49, 62, 34, 35, 53, 63, 44, 45]],
[231, [11, 12, 31, 52, 3, 15, 24, 25, 46, 48, 27, 50, 13, 53, 55, 63, 23, 60]],
[231, [11, 12, 31, 52, 3, 15, 24, 25, 46, 48, 27, 50, 34, 35, 53, 63, 44, 45]],
[231, [11, 12, 31, 52, 3, 15, 24, 25, 46, 48, 49, 62, 13, 33, 54, 55, 23, 60]],
[231, [11, 12, 31, 52, 3, 15, 24, 25, 46, 48, 49, 62, 33, 34, 35, 54, 44, 45]],
[231, [11, 12, 31, 52, 14, 36, 8, 24, 25, 47, 27, 50, 33, 34, 55, 63, 43, 64]],
[231, [11, 12, 31, 52, 14, 36, 8, 24, 25, 47, 27, 50, 34, 53, 54, 55, 58, 59]],
[231, [11, 12, 31, 52, 14, 36, 8, 24, 25, 47, 49, 62, 13, 33, 35, 63, 43, 64]],
[231, [11, 12, 31, 52, 14, 36, 8, 24, 25, 47, 49, 62, 13, 35, 53, 54, 58, 59]],
[231, [11, 12, 31, 52, 14, 36, 8, 25, 46, 61, 27, 50, 13, 33, 35, 63, 43, 64]],
[231, [11, 12, 31, 52, 14, 36, 8, 25, 46, 61, 27, 50, 13, 35, 53, 54, 58, 59]],
[231, [11, 12, 31, 52, 14, 36, 8, 25, 46, 61, 49, 62, 33, 34, 55, 63, 43, 64]],
[231, [11, 12, 31, 52, 14, 36, 8, 25, 46, 61, 49, 62, 34, 53, 54, 55, 58, 59]],
[231, [11, 12, 31, 52, 16, 38, 8, 26, 47, 61, 27, 50, 13, 33, 54, 55, 23, 60]],
[231, [11, 12, 31, 52, 16, 38, 8, 26, 47, 61, 27, 50, 33, 34, 35, 54, 44, 45]],
[231, [11, 12, 31, 52, 16, 38, 8, 26, 47, 61, 49, 62, 13, 53, 55, 63, 23, 60]],
[231, [11, 12, 31, 52, 16, 38, 8, 26, 47, 61, 49, 62, 34, 35, 53, 63, 44, 45]],
[231, [11, 12, 31, 52, 16, 38, 25, 47, 48, 61, 27, 50, 13, 53, 55, 63, 23, 60]],
[231, [11, 12, 31, 52, 16, 38, 25, 47, 48, 61, 27, 50, 34, 35, 53, 63, 44, 45]],
[231, [11, 12, 31, 52, 16, 38, 25, 47, 48, 61, 49, 62, 13, 33, 54, 55, 23, 60]],
[231, [11, 12, 31, 52, 16, 38, 25, 47, 48, 61, 49, 62, 33, 34, 35, 54, 44, 45]],
[231, [11, 12, 31, 52, 37, 56, 24, 26, 47, 48, 27, 50, 33, 34, 55, 63, 43, 64]],
[231, [11, 12, 31, 52, 37, 56, 24, 26, 47, 48, 27, 50, 34, 53, 54, 55, 58, 59]],
[231, [11, 12, 31, 52, 37, 56, 24, 26, 47, 48, 49, 62, 13, 33, 35, 63, 43, 64]],
[231, [11, 12, 31, 52, 37, 56, 24, 26, 47, 48, 49, 62, 13, 35, 53, 54, 58, 59]],
[231, [11, 12, 31, 52, 37, 56, 26, 46, 48, 61, 27, 50, 13, 33, 35, 63, 43, 64]],
[231, [11, 12, 31, 52, 37, 56, 26, 46, 48, 61, 27, 50, 13, 35, 53, 54, 58, 59]],
[231, [11, 12, 31, 52, 37, 56, 26, 46, 48, 61, 49, 62, 33, 34, 55, 63, 43, 64]],
[231, [11, 12, 31, 52, 37, 56, 26, 46, 48, 61, 49, 62, 34, 53, 54, 55, 58, 59]],
[231, [2, 10, 12, 30, 3, 15, 17, 40, 8, 47, 48, 61, 9, 49, 51, 62, 13, 55]],
[231, [2, 10, 12, 30, 3, 15, 17, 40, 8, 47, 48, 61, 28, 29, 49, 62, 34, 35]],
[231, [2, 10, 12, 30, 3, 15, 17, 40, 25, 26, 47, 61, 9, 49, 51, 62, 34, 35]],
[231, [2, 10, 12, 30, 3, 15, 17, 40, 25, 26, 47, 61, 28, 29, 49, 62, 13, 55]],
[231, [2, 10, 12, 30, 3, 15, 39, 57, 8, 47, 48, 61, 9, 27, 50, 51, 13, 55]],
[231, [2, 10, 12, 30, 3, 15, 39, 57, 8, 47, 48, 61, 27, 28, 29, 50, 34, 35]],
[231, [2, 10, 12, 30, 3, 15, 39, 57, 25, 26, 47, 61, 9, 27, 50, 51, 34, 35]],
[231, [2, 10, 12, 30, 3, 15, 39, 57, 25, 26, 47, 61, 27, 28, 29, 50, 13, 55]],
[231, [2, 10, 12, 30, 14, 36, 17, 40, 24, 26, 48, 61, 9, 49, 51, 62, 33, 63]],
[231, [2, 10, 12, 30, 14, 36, 17, 40, 24, 26, 48, 61, 28, 29, 49, 62, 53, 54]],
[231, [2, 10, 12, 30, 14, 36, 17, 40, 26, 46, 47, 48, 9, 49, 51, 62, 53, 54]],
[231, [2, 10, 12, 30, 14, 36, 17, 40, 26, 46, 47, 48, 28, 29, 49, 62, 33, 63]],
[231, [2, 10, 12, 30, 14, 36, 39, 57, 24, 26, 48, 61, 9, 27, 50, 51, 33, 63]],
[231, [2, 10, 12, 30, 14, 36, 39, 57, 24, 26, 48, 61, 27, 28, 29, 50, 53, 54]],
[231, [2, 10, 12, 30, 14, 36, 39, 57, 26, 46, 47, 48, 9, 27, 50, 51, 53, 54]],
[231, [2, 10, 12, 30, 14, 36, 39, 57, 26, 46, 47, 48, 27, 28, 29, 50, 33, 63]],
[231, [2, 10, 12, 30, 16, 38, 17, 40, 8, 24, 46, 48, 9, 49, 51, 62, 13, 55]],
[231, [2, 10, 12, 30, 16, 38, 17, 40, 8, 24, 46, 48, 28, 29, 49, 62, 34, 35]],
[231, [2, 10, 12, 30, 16, 38, 17, 40, 24, 25, 26, 46, 9, 49, 51, 62, 34, 35]],
[231, [2, 10, 12, 30, 16, 38, 17, 40, 24, 25, 26, 46, 28, 29, 49, 62, 13, 55]],
[231, [2, 10, 12, 30, 16, 38, 39, 57, 8, 24, 46, 48, 9, 27, 50, 51, 13, 55]],
[231, [2, 10, 12, 30, 16, 38, 39, 57, 8, 24, 46, 48, 27, 28, 29, 50, 34, 35]],
[231, [2, 10, 12, 30, 16, 38, 39, 57, 24, 25, 26, 46, 9, 27, 50, 51, 34, 35]],
[231, [2, 10, 12, 30, 16, 38, 39, 57, 24, 25, 26, 46, 27, 28, 29, 50, 13, 55]],
[231, [2, 10, 12, 30, 37, 56, 17, 40, 8, 24, 25, 61, 9, 49, 51, 62, 33, 63]],
[231, [2, 10, 12, 30, 37, 56, 17, 40, 8, 24, 25, 61, 28, 29, 49, 62, 53, 54]],
[231, [2, 10, 12, 30, 37, 56, 17, 40, 8, 25, 46, 47, 9, 49, 51, 62, 53, 54]],
[231, [2, 10, 12, 30, 37, 56, 17, 40, 8, 25, 46, 47, 28, 29, 49, 62, 33, 63]],
[231, [2, 10, 12, 30, 37, 56, 39, 57, 8, 24, 25, 61, 9, 27, 50, 51, 33, 63]],
[231, [2, 10, 12, 30, 37, 56, 39, 57, 8, 24, 25, 61, 27, 28, 29, 50, 53, 54]],
[231, [2, 10, 12, 30, 37, 56, 39, 57, 8, 25, 46, 47, 9, 27, 50, 51, 53, 54]],
[231, [2, 10, 12, 30, 37, 56, 39, 57, 8, 25, 46, 47, 27, 28, 29, 50, 33, 63]],
[231, [2, 12, 31, 52, 3, 15, 17, 40, 8, 24, 46, 48, 9, 49, 51, 62, 13, 55]],
[231, [2, 12, 31, 52, 3, 15, 17, 40, 8, 24, 46, 48, 28, 29, 49, 62, 34, 35]],
[231, [2, 12, 31, 52, 3, 15, 17, 40, 24, 25, 26, 46, 9, 49, 51, 62, 34, 35]],
[231, [2, 12, 31, 52, 3, 15, 17, 40, 24, 25, 26, 46, 28, 29, 49, 62, 13, 55]],
[231, [2, 12, 31, 52, 3, 15, 39, 57, 8, 24, 46, 48, 9, 27, 50, 51, 13, 55]],
[231, [2, 12, 31, 52, 3, 15, 39, 57, 8, 24, 46, 48, 27, 28, 29, 50, 34, 35]],
[231, [2, 12, 31, 52, 3, 15, 39, 57, 24, 25, 26, 46, 9, 27, 50, 51, 34, 35]],
[231, [2, 12, 31, 52, 3, 15, 39, 57, 24, 25, 26, 46, 27, 28, 29, 50, 13, 55]],
[231, [2, 12, 31, 52, 14, 36, 17, 40, 8, 24, 25, 61, 9, 49, 51, 62, 33, 63]],
[231, [2, 12, 31, 52, 14, 36, 17, 40, 8, 24, 25, 61, 28, 29, 49, 62, 53, 54]],
[231, [2, 12, 31, 52, 14, 36, 17, 40, 8, 25, 46, 47, 9, 49, 51, 62, 53, 54]],
[231, [2, 12, 31, 52, 14, 36, 17, 40, 8, 25, 46, 47, 28, 29, 49, 62, 33, 63]],
[231, [2, 12, 31, 52, 14, 36, 39, 57, 8, 24, 25, 61, 9, 27, 50, 51, 33, 63]],
[231, [2, 12, 31, 52, 14, 36, 39, 57, 8, 24, 25, 61, 27, 28, 29, 50, 53, 54]],
[231, [2, 12, 31, 52, 14, 36, 39, 57, 8, 25, 46, 47, 9, 27, 50, 51, 53, 54]],
[231, [2, 12, 31, 52, 14, 36, 39, 57, 8, 25, 46, 47, 27, 28, 29, 50, 33, 63]],
[231, [2, 12, 31, 52, 16, 38, 17, 40, 8, 47, 48, 61, 9, 49, 51, 62, 13, 55]],
[231, [2, 12, 31, 52, 16, 38, 17, 40, 8, 47, 48, 61, 28, 29, 49, 62, 34, 35]],
[231, [2, 12, 31, 52, 16, 38, 17, 40, 25, 26, 47, 61, 9, 49, 51, 62, 34, 35]],
[231, [2, 12, 31, 52, 16, 38, 17, 40, 25, 26, 47, 61, 28, 29, 49, 62, 13, 55]],
[231, [2, 12, 31, 52, 16, 38, 39, 57, 8, 47, 48, 61, 9, 27, 50, 51, 13, 55]],
[231, [2, 12, 31, 52, 16, 38, 39, 57, 8, 47, 48, 61, 27, 28, 29, 50, 34, 35]],
[231, [2, 12, 31, 52, 16, 38, 39, 57, 25, 26, 47, 61, 9, 27, 50, 51, 34, 35]],
[231, [2, 12, 31, 52, 16, 38, 39, 57, 25, 26, 47, 61, 27, 28, 29, 50, 13, 55]],
[231, [2, 12, 31, 52, 37, 56, 17, 40, 24, 26, 48, 61, 9, 49, 51, 62, 33, 63]],
[231, [2, 12, 31, 52, 37, 56, 17, 40, 24, 26, 48, 61, 28, 29, 49, 62, 53, 54]],
[231, [2, 12, 31, 52, 37, 56, 17, 40, 26, 46, 47, 48, 9, 49, 51, 62, 53, 54]],
[231, [2, 12, 31, 52, 37, 56, 17, 40, 26, 46, 47, 48, 28, 29, 49, 62, 33, 63]],
[231, [2, 12, 31, 52, 37, 56, 39, 57, 24, 26, 48, 61, 9, 27, 50, 51, 33, 63]],
[231, [2, 12, 31, 52, 37, 56, 39, 57, 24, 26, 48, 61, 27, 28, 29, 50, 53, 54]],
[231, [2, 12, 31, 52, 37, 56, 39, 57, 26, 46, 47, 48, 9, 27, 50, 51, 53, 54]],
[231, [2, 12, 31, 52, 37, 56, 39, 57, 26, 46, 47, 48, 27, 28, 29, 50, 33, 63]],
[231, [10, 11, 30, 32, 3, 15, 17, 40, 8, 47, 48, 61, 9, 27, 50, 51, 13, 55]],
[231, [10, 11, 30, 32, 3, 15, 17, 40, 8, 47, 48, 61, 27, 28, 29, 50, 34, 35]],
[231, [10, 11, 30, 32, 3, 15, 17, 40, 25, 26, 47, 61, 9, 27, 50, 51, 34, 35]],
[231, [10, 11, 30, 32, 3, 15, 17, 40, 25, 26, 47, 61, 27, 28, 29, 50, 13, 55]],
[231, [10, 11, 30, 32, 3, 15, 39, 57, 8, 47, 48, 61, 9, 49, 51, 62, 13, 55]],
[231, [10, 11, 30, 32, 3, 15, 39, 57, 8, 47, 48, 61, 28, 29, 49, 62, 34, 35]],
[231, [10, 11, 30, 32, 3, 15, 39, 57, 25, 26, 47, 61, 9, 49, 51, 62, 34, 35]],
[231, [10, 11, 30, 32, 3, 15, 39, 57, 25, 26, 47, 61, 28, 29, 49, 62, 13, 55]],
[231, [10, 11, 30, 32, 14, 36, 17, 40, 24, 26, 48, 61, 9, 27, 50, 51, 33, 63]],
[231, [10, 11, 30, 32, 14, 36, 17, 40, 24, 26, 48, 61, 27, 28, 29, 50, 53, 54]],
[231, [10, 11, 30, 32, 14, 36, 17, 40, 26, 46, 47, 48, 9, 27, 50, 51, 53, 54]],
[231, [10, 11, 30, 32, 14, 36, 17, 40, 26, 46, 47, 48, 27, 28, 29, 50, 33, 63]],
[231, [10, 11, 30, 32, 14, 36, 39, 57, 24, 26, 48, 61, 9, 49, 51, 62, 33, 63]],
[231, [10, 11, 30, 32, 14, 36, 39, 57, 24, 26, 48, 61, 28, 29, 49, 62, 53, 54]],
[231, [10, 11, 30, 32, 14, 36, 39, 57, 26, 46, 47, 48, 9, 49, 51, 62, 53, 54]],
[231, [10, 11, 30, 32, 14, 36, 39, 57, 26, 46, 47, 48, 28, 29, 49, 62, 33, 63]],
[231, [10, 11, 30, 32, 16, 38, 17, 40, 8, 24, 46, 48, 9, 27, 50, 51, 13, 55]],
[231, [10, 11, 30, 32, 16, 38, 17, 40, 8, 24, 46, 48, 27, 28, 29, 50, 34, 35]],
[231, [10, 11, 30, 32, 16, 38, 17, 40, 24, 25, 26, 46, 9, 27, 50, 51, 34, 35]],
[231, [10, 11, 30, 32, 16, 38, 17, 40, 24, 25, 26, 46, 27, 28, 29, 50, 13, 55]],
[231, [10, 11, 30, 32, 16, 38, 39, 57, 8, 24, 46, 48, 9, 49, 51, 62, 13, 55]],
[231, [10, 11, 30, 32, 16, 38, 39, 57, 8, 24, 46, 48, 28, 29, 49, 62, 34, 35]],
[231, [10, 11, 30, 32, 16, 38, 39, 57, 24, 25, 26, 46, 9, 49, 51, 62, 34, 35]],
[231, [10, 11, 30, 32, 16, 38, 39, 57, 24, 25, 26, 46, 28, 29, 49, 62, 13, 55]],
[231, [10, 11, 30, 32, 37, 56, 17, 40, 8, 24, 25, 61, 9, 27, 50, 51, 33, 63]],
[231, [10, 11, 30, 32, 37, 56, 17, 40, 8, 24, 25, 61, 27, 28, 29, 50, 53, 54]],
[231, [10, 11, 30, 32, 37, 56, 17, 40, 8, 25, 46, 47, 9, 27, 50, 51, 53, 54]],
[231, [10, 11, 30, 32, 37, 56, 17, 40, 8, 25, 46, 47, 27, 28, 29, 50, 33, 63]],
[231, [10, 11, 30, 32, 37, 56, 39, 57, 8, 24, 25, 61, 9, 49, 51, 62, 33, 63]],
[231, [10, 11, 30, 32, 37, 56, 39, 57, 8, 24, 25, 61, 28, 29, 49, 62, 53, 54]],
[231, [10, 11, 30, 32, 37, 56, 39, 57, 8, 25, 46, 47, 9, 49, 51, 62, 53, 54]],
[231, [10, 11, 30, 32, 37, 56, 39, 57, 8, 25, 46, 47, 28, 29, 49, 62, 33, 63]],
[231, [11, 31, 32, 52, 3, 15, 17, 40, 8, 24, 46, 48, 9, 27, 50, 51, 13, 55]],
[231, [11, 31, 32, 52, 3, 15, 17, 40, 8, 24, 46, 48, 27, 28, 29, 50, 34, 35]],
[231, [11, 31, 32, 52, 3, 15, 17, 40, 24, 25, 26, 46, 9, 27, 50, 51, 34, 35]],
[231, [11, 31, 32, 52, 3, 15, 17, 40, 24, 25, 26, 46, 27, 28, 29, 50, 13, 55]],
[231, [11, 31, 32, 52, 3, 15, 39, 57, 8, 24, 46, 48, 9, 49, 51, 62, 13, 55]],
[231, [11, 31, 32, 52, 3, 15, 39, 57, 8, 24, 46, 48, 28, 29, 49, 62, 34, 35]],
[231, [11, 31, 32, 52, 3, 15, 39, 57, 24, 25, 26, 46, 9, 49, 51, 62, 34, 35]],
[231, [11, 31, 32, 52, 3, 15, 39, 57, 24, 25, 26, 46, 28, 29, 49, 62, 13, 55]],
[231, [11, 31, 32, 52, 14, 36, 17, 40, 8, 24, 25, 61, 9, 27, 50, 51, 33, 63]],
[231, [11, 31, 32, 52, 14, 36, 17, 40, 8, 24, 25, 61, 27, 28, 29, 50, 53, 54]],
[231, [11, 31, 32, 52, 14, 36, 17, 40, 8, 25, 46, 47, 9, 27, 50, 51, 53, 54]],
[231, [11, 31, 32, 52, 14, 36, 17, 40, 8, 25, 46, 47, 27, 28, 29, 50, 33, 63]],
[231, [11, 31, 32, 52, 14, 36, 39, 57, 8, 24, 25, 61, 9, 49, 51, 62, 33, 63]],
[231, [11, 31, 32, 52, 14, 36, 39, 57, 8, 24, 25, 61, 28, 29, 49, 62, 53, 54]],
[231, [11, 31, 32, 52, 14, 36, 39, 57, 8, 25, 46, 47, 9, 49, 51, 62, 53, 54]],
[231, [11, 31, 32, 52, 14, 36, 39, 57, 8, 25, 46, 47, 28, 29, 49, 62, 33, 63]],
[231, [11, 31, 32, 52, 16, 38, 17, 40, 8, 47, 48, 61, 9, 27, 50, 51, 13, 55]],
[231, [11, 31, 32, 52, 16, 38, 17, 40, 8, 47, 48, 61, 27, 28, 29, 50, 34, 35]],
[231, [11, 31, 32, 52, 16, 38, 17, 40, 25, 26, 47, 61, 9, 27, 50, 51, 34, 35]],
[231, [11, 31, 32, 52, 16, 38, 17, 40, 25, 26, 47, 61, 27, 28, 29, 50, 13, 55]],
[231, [11, 31, 32, 52, 16, 38, 39, 57, 8, 47, 48, 61, 9, 49, 51, 62, 13, 55]],
[231, [11, 31, 32, 52, 16, 38, 39, 57, 8, 47, 48, 61, 28, 29, 49, 62, 34, 35]],
[231, [11, 31, 32, 52, 16, 38, 39, 57, 25, 26, 47, 61, 9, 49, 51, 62, 34, 35]],
[231, [11, 31, 32, 52, 16, 38, 39, 57, 25, 26, 47, 61, 28, 29, 49, 62, 13, 55]],
[231, [11, 31, 32, 52, 37, 56, 17, 40, 24, 26, 48, 61, 9, 27, 50, 51, 33, 63]],
[231, [11, 31, 32, 52, 37, 56, 17, 40, 24, 26, 48, 61, 27, 28, 29, 50, 53, 54]],
[231, [11, 31, 32, 52, 37, 56, 17, 40, 26, 46, 47, 48, 9, 27, 50, 51, 53, 54]],
[231, [11, 31, 32, 52, 37, 56, 17, 40, 26, 46, 47, 48, 27, 28, 29, 50, 33, 63]],
[231, [11, 31, 32, 52, 37, 56, 39, 57, 24, 26, 48, 61, 9, 49, 51, 62, 33, 63]],
[231, [11, 31, 32, 52, 37, 56, 39, 57, 24, 26, 48, 61, 28, 29, 49, 62, 53, 54]],
[231, [11, 31, 32, 52, 37, 56, 39, 57, 26, 46, 47, 48, 9, 49, 51, 62, 53, 54]],
[231, [11, 31, 32, 52, 37, 56, 39, 57, 26, 46, 47, 48, 28, 29, 49, 62, 33, 63]],
[231, [5, 20, 3, 15, 37, 56, 17, 57, 8, 24, 26, 61, 27, 50, 33, 54, 23, 60]],
[231, [5, 20, 3, 15, 37, 56, 17, 57, 8, 24, 26, 61, 49, 62, 53, 63, 23, 60]],
[231, [5, 20, 3, 15, 37, 56, 17, 57, 8, 24, 47, 48, 27, 50, 34, 55, 58, 59]],
[231, [5, 20, 3, 15, 37, 56, 17, 57, 8, 24, 47, 48, 49, 62, 13, 35, 58, 59]],
[231, [5, 20, 3, 15, 37, 56, 17, 57, 8, 26, 46, 47, 27, 50, 33, 54, 44, 45]],
[231, [5, 20, 3, 15, 37, 56, 17, 57, 8, 26, 46, 47, 49, 62, 53, 63, 44, 45]],
[231, [5, 20, 3, 15, 37, 56, 17, 57, 8, 46, 48, 61, 27, 50, 13, 35, 58, 59]],
[231, [5, 20, 3, 15, 37, 56, 17, 57, 8, 46, 48, 61, 49, 62, 34, 55, 58, 59]],
[231, [5, 20, 3, 15, 37, 56, 17, 57, 24, 25, 26, 47, 27, 50, 34, 55, 43, 64]],
[231, [5, 20, 3, 15, 37, 56, 17, 57, 24, 25, 26, 47, 49, 62, 13, 35, 43, 64]],
[231, [5, 20, 3, 15, 37, 56, 17, 57, 24, 25, 48, 61, 27, 50, 53, 63, 23, 60]],
[231, [5, 20, 3, 15, 37, 56, 17, 57, 24, 25, 48, 61, 49, 62, 33, 54, 23, 60]],
[231, [5, 20, 3, 15, 37, 56, 17, 57, 25, 26, 46, 61, 27, 50, 13, 35, 43, 64]],
[231, [5, 20, 3, 15, 37, 56, 17, 57, 25, 26, 46, 61, 49, 62, 34, 55, 43, 64]],
[231, [5, 20, 3, 15, 37, 56, 17, 57, 25, 46, 47, 48, 27, 50, 53, 63, 44, 45]],
[231, [5, 20, 3, 15, 37, 56, 17, 57, 25, 46, 47, 48, 49, 62, 33, 54, 44, 45]],
[231, [5, 20, 3, 15, 37, 56, 39, 40, 8, 24, 26, 61, 27, 50, 33, 54, 44, 45]],
[231, [5, 20, 3, 15, 37, 56, 39, 40, 8, 24, 26, 61, 49, 62, 53, 63, 44, 45]],
[231, [5, 20, 3, 15, 37, 56, 39, 40, 8, 24, 47, 48, 27, 50, 34, 55, 43, 64]],
[231, [5, 20, 3, 15, 37, 56, 39, 40, 8, 24, 47, 48, 49, 62, 13, 35, 43, 64]],
[231, [5, 20, 3, 15, 37, 56, 39, 40, 8, 26, 46, 47, 27, 50, 33, 54, 23, 60]],
[231, [5, 20, 3, 15, 37, 56, 39, 40, 8, 26, 46, 47, 49, 62, 53, 63, 23, 60]],
[231, [5, 20, 3, 15, 37, 56, 39, 40, 8, 46, 48, 61, 27, 50, 13, 35, 43, 64]],
[231, [5, 20, 3, 15, 37, 56, 39, 40, 8, 46, 48, 61, 49, 62, 34, 55, 43, 64]],
[231, [5, 20, 3, 15, 37, 56, 39, 40, 24, 25, 26, 47, 27, 50, 34, 55, 58, 59]],
[231, [5, 20, 3, 15, 37, 56, 39, 40, 24, 25, 26, 47, 49, 62, 13, 35, 58, 59]],
[231, [5, 20, 3, 15, 37, 56, 39, 40, 24, 25, 48, 61, 27, 50, 53, 63, 44, 45]],
[231, [5, 20, 3, 15, 37, 56, 39, 40, 24, 25, 48, 61, 49, 62, 33, 54, 44, 45]],
[231, [5, 20, 3, 15, 37, 56, 39, 40, 25, 26, 46, 61, 27, 50, 13, 35, 58, 59]],
[231, [5, 20, 3, 15, 37, 56, 39, 40, 25, 26, 46, 61, 49, 62, 34, 55, 58, 59]],
[231, [5, 20, 3, 15, 37, 56, 39, 40, 25, 46, 47, 48, 27, 50, 53, 63, 23, 60]],
[231, [5, 20, 3, 15, 37, 56, 39, 40, 25, 46, 47, 48, 49, 62, 33, 54, 23, 60]],
[231, [5, 20, 14, 16, 36, 38, 17, 57, 8, 24, 26, 61, 27, 50, 33, 54, 23, 60]],
[231, [5, 20, 14, 16, 36, 38, 17, 57, 8, 24, 26, 61, 49, 62, 53, 63, 23, 60]],
[231, [5, 20, 14, 16, 36, 38, 17, 57, 8, 24, 47, 48, 27, 50, 34, 55, 58, 59]],
[231, [5, 20, 14, 16, 36, 38, 17, 57, 8, 24, 47, 48, 49, 62, 13, 35, 58, 59]],
[231, [5, 20, 14, 16, 36, 38, 17, 57, 8, 26, 46, 47, 27, 50, 33, 54, 44, 45]],
[231, [5, 20, 14, 16, 36, 38, 17, 57, 8, 26, 46, 47, 49, 62, 53, 63, 44, 45]],
[231, [5, 20, 14, 16, 36, 38, 17, 57, 8, 46, 48, 61, 27, 50, 13, 35, 58, 59]],
[231, [5, 20, 14, 16, 36, 38, 17, 57, 8, 46, 48, 61, 49, 62, 34, 55, 58, 59]],
[231, [5, 20, 14, 16, 36, 38, 17, 57, 24, 25, 26, 47, 27, 50, 34, 55, 43, 64]],
[231, [5, 20, 14, 16, 36, 38, 17, 57, 24, 25, 26, 47, 49, 62, 13, 35, 43, 64]],
[231, [5, 20, 14, 16, 36, 38, 17, 57, 24, 25, 48, 61, 27, 50, 53, 63, 23, 60]],
[231, [5, 20, 14, 16, 36, 38, 17, 57, 24, 25, 48, 61, 49, 62, 33, 54, 23, 60]],
[231, [5, 20, 14, 16, 36, 38, 17, 57, 25, 26, 46, 61, 27, 50, 13, 35, 43, 64]],
[231, [5, 20, 14, 16, 36, 38, 17, 57, 25, 26, 46, 61, 49, 62, 34, 55, 43, 64]],
[231, [5, 20, 14, 16, 36, 38, 17, 57, 25, 46, 47, 48, 27, 50, 53, 63, 44, 45]],
[231, [5, 20, 14, 16, 36, 38, 17, 57, 25, 46, 47, 48, 49, 62, 33, 54, 44, 45]],
[231, [5, 20, 14, 16, 36, 38, 39, 40, 8, 24, 26, 61, 27, 50, 33, 54, 44, 45]],
[231, [5, 20, 14, 16, 36, 38, 39, 40, 8, 24, 26, 61, 49, 62, 53, 63, 44, 45]],
[231, [5, 20, 14, 16, 36, 38, 39, 40, 8, 24, 47, 48, 27, 50, 34, 55, 43, 64]],
[231, [5, 20, 14, 16, 36, 38, 39, 40, 8, 24, 47, 48, 49, 62, 13, 35, 43, 64]],
[231, [5, 20, 14, 16, 36, 38, 39, 40, 8, 26, 46, 47, 27, 50, 33, 54, 23, 60]],
[231, [5, 20, 14, 16, 36, 38, 39, 40, 8, 26, 46, 47, 49, 62, 53, 63, 23, 60]],
[231, [5, 20, 14, 16, 36, 38, 39, 40, 8, 46, 48, 61, 27, 50, 13, 35, 43, 64]],
[231, [5, 20, 14, 16, 36, 38, 39, 40, 8, 46, 48, 61, 49, 62, 34, 55, 43, 64]],
[231, [5, 20, 14, 16, 36, 38, 39, 40, 24, 25, 26, 47, 27, 50, 34, 55, 58, 59]],
[231, [5, 20, 14, 16, 36, 38, 39, 40, 24, 25, 26, 47, 49, 62, 13, 35, 58, 59]],
[231, [5, 20, 14, 16, 36, 38, 39, 40, 24, 25, 48, 61, 27, 50, 53, 63, 44, 45]],
[231, [5, 20, 14, 16, 36, 38, 39, 40, 24, 25, 48, 61, 49, 62, 33, 54, 44, 45]],
[231, [5, 20, 14, 16, 36, 38, 39, 40, 25, 26, 46, 61, 27, 50, 13, 35, 58, 59]],
[231, [5, 20, 14, 16, 36, 38, 39, 40, 25, 26, 46, 61, 49, 62, 34, 55, 58, 59]],
[231, [5, 20, 14, 16, 36, 38, 39, 40, 25, 46, 47, 48, 27, 50, 53, 63, 23, 60]],
[231, [5, 20, 14, 16, 36, 38, 39, 40, 25, 46, 47, 48, 49, 62, 33, 54, 23, 60]],
[231, [21, 42, 3, 14, 15, 36, 17, 57, 8, 24, 26, 61, 27, 50, 33, 54, 23, 60]],
[231, [21, 42, 3, 14, 15, 36, 17, 57, 8, 24, 26, 61, 49, 62, 53, 63, 23, 60]],
[231, [21, 42, 3, 14, 15, 36, 17, 57, 8, 24, 47, 48, 27, 50, 34, 55, 58, 59]],
[231, [21, 42, 3, 14, 15, 36, 17, 57, 8, 24, 47, 48, 49, 62, 13, 35, 58, 59]],
[231, [21, 42, 3, 14, 15, 36, 17, 57, 8, 26, 46, 47, 27, 50, 33, 54, 44, 45]],
[231, [21, 42, 3, 14, 15, 36, 17, 57, 8, 26, 46, 47, 49, 62, 53, 63, 44, 45]],
[231, [21, 42, 3, 14, 15, 36, 17, 57, 8, 46, 48, 61, 27, 50, 13, 35, 58, 59]],
[231, [21, 42, 3, 14, 15, 36, 17, 57, 8, 46, 48, 61, 49, 62, 34, 55, 58, 59]],
[231, [21, 42, 3, 14, 15, 36, 17, 57, 24, 25, 26, 47, 27, 50, 34, 55, 43, 64]],
[231, [21, 42, 3, 14, 15, 36, 17, 57, 24, 25, 26, 47, 49, 62, 13, 35, 43, 64]],
[231, [21, 42, 3, 14, 15, 36, 17, 57, 24, 25, 48, 61, 27, 50, 53, 63, 23, 60]],
[231, [21, 42, 3, 14, 15, 36, 17, 57, 24, 25, 48, 61, 49, 62, 33, 54, 23, 60]],
[231, [21, 42, 3, 14, 15, 36, 17, 57, 25, 26, 46, 61, 27, 50, 13, 35, 43, 64]],
[231, [21, 42, 3, 14, 15, 36, 17, 57, 25, 26, 46, 61, 49, 62, 34, 55, 43, 64]],
[231, [21, 42, 3, 14, 15, 36, 17, 57, 25, 46, 47, 48, 27, 50, 53, 63, 44, 45]],
[231, [21, 42, 3, 14, 15, 36, 17, 57, 25, 46, 47, 48, 49, 62, 33, 54, 44, 45]],
[231, [21, 42, 3, 14, 15, 36, 39, 40, 8, 24, 26, 61, 27, 50, 33, 54, 44, 45]],
[231, [21, 42, 3, 14, 15, 36, 39, 40, 8, 24, 26, 61, 49, 62, 53, 63, 44, 45]],
[231, [21, 42, 3, 14, 15, 36, 39, 40, 8, 24, 47, 48, 27, 50, 34, 55, 43, 64]],
[231, [21, 42, 3, 14, 15, 36, 39, 40, 8, 24, 47, 48, 49, 62, 13, 35, 43, 64]],
[231, [21, 42, 3, 14, 15, 36, 39, 40, 8, 26, 46, 47, 27, 50, 33, 54, 23, 60]],
[231, [21, 42, 3, 14, 15, 36, 39, 40, 8, 26, 46, 47, 49, 62, 53, 63, 23, 60]],
[231, [21, 42, 3, 14, 15, 36, 39, 40, 8, 46, 48, 61, 27, 50, 13, 35, 43, 64]],
[231, [21, 42, 3, 14, 15, 36, 39, 40, 8, 46, 48, 61, 49, 62, 34, 55, 43, 64]],
[231, [21, 42, 3, 14, 15, 36, 39, 40, 24, 25, 26, 47, 27, 50, 34, 55, 58, 59]],
[231, [21, 42, 3, 14, 15, 36, 39, 40, 24, 25, 26, 47, 49, 62, 13, 35, 58, 59]],
[231, [21, 42, 3, 14, 15, 36, 39, 40, 24, 25, 48, 61, 27, 50, 53, 63, 44, 45]],
[231, [21, 42, 3, 14, 15, 36, 39, 40, 24, 25, 48, 61, 49, 62, 33, 54, 44, 45]],
[231, [21, 42, 3, 14, 15, 36, 39, 40, 25, 26, 46, 61, 27, 50, 13, 35, 58, 59]],
[231, [21, 42, 3, 14, 15, 36, 39, 40, 25, 26, 46, 61, 49, 62, 34, 55, 58, 59]],
[231, [21, 42, 3, 14, 15, 36, 39, 40, 25, 46, 47, 48, 27, 50, 53, 63, 23, 60]],
[231, [21, 42, 3, 14, 15, 36, 39, 40, 25, 46, 47, 48, 49, 62, 33, 54, 23, 60]],
[231, [21, 42, 16, 37, 38, 56, 17, 57, 8, 24, 26, 61, 27, 50, 33, 54, 23, 60]],
[231, [21, 42, 16, 37, 38, 56, 17, 57, 8, 24, 26, 61, 49, 62, 53, 63, 23, 60]],
[231, [21, 42, 16, 37, 38, 56, 17, 57, 8, 24, 47, 48, 27, 50, 34, 55, 58, 59]],
[231, [21, 42, 16, 37, 38, 56, 17, 57, 8, 24, 47, 48, 49, 62, 13, 35, 58, 59]],
[231, [21, 42, 16, 37, 38, 56, 17, 57, 8, 26, 46, 47, 27, 50, 33, 54, 44, 45]],
[231, [21, 42, 16, 37, 38, 56, 17, 57, 8, 26, 46, 47, 49, 62, 53, 63, 44, 45]],
[231, [21, 42, 16, 37, 38, 56, 17, 57, 8, 46, 48, 61, 27, 50, 13, 35, 58, 59]],
[231, [21, 42, 16, 37, 38, 56, 17, 57, 8, 46, 48, 61, 49, 62, 34, 55, 58, 59]],
[231, [21, 42, 16, 37, 38, 56, 17, 57, 24, 25, 26, 47, 27, 50, 34, 55, 43, 64]],
[231, [21, 42, 16, 37, 38, 56, 17, 57, 24, 25, 26, 47, 49, 62, 13, 35, 43, 64]],
[231, [21, 42, 16, 37, 38, 56, 17, 57, 24, 25, 48, 61, 27, 50, 53, 63, 23, 60]],
[231, [21, 42, 16, 37, 38, 56, 17, 57, 24, 25, 48, 61, 49, 62, 33, 54, 23, 60]],
[231, [21, 42, 16, 37, 38, 56, 17, 57, 25, 26, 46, 61, 27, 50, 13, 35, 43, 64]],
[231, [21, 42, 16, 37, 38, 56, 17, 57, 25, 26, 46, 61, 49, 62, 34, 55, 43, 64]],
[231, [21, 42, 16, 37, 38, 56, 17, 57, 25, 46, 47, 48, 27, 50, 53, 63, 44, 45]],
[231, [21, 42, 16, 37, 38, 56, 17, 57, 25, 46, 47, 48, 49, 62, 33, 54, 44, 45]],
[231, [21, 42, 16, 37, 38, 56, 39, 40, 8, 24, 26, 61, 27, 50, 33, 54, 44, 45]],
[231, [21, 42, 16, 37, 38, 56, 39, 40, 8, 24, 26, 61, 49, 62, 53, 63, 44, 45]],
[231, [21, 42, 16, 37, 38, 56, 39, 40, 8, 24, 47, 48, 27, 50, 34, 55, 43, 64]],
[231, [21, 42, 16, 37, 38, 56, 39, 40, 8, 24, 47, 48, 49, 62, 13, 35, 43, 64]],
[231, [21, 42, 16, 37, 38, 56, 39, 40, 8, 26, 46, 47, 27, 50, 33, 54, 23, 60]],
[231, [21, 42, 16, 37, 38, 56, 39, 40, 8, 26, 46, 47, 49, 62, 53, 63, 23, 60]],
[231, [21, 42, 16, 37, 38, 56, 39, 40, 8, 46, 48, 61, 27, 50, 13, 35, 43, 64]],
[231, [21, 42, 16, 37, 38, 56, 39, 40, 8, 46, 48, 61, 49, 62, 34, 55, 43, 64]],
[231, [21, 42, 16, 37, 38, 56, 39, 40, 24, 25, 26, 47, 27, 50, 34, 55, 58, 59]],
[231, [21, 42, 16, 37, 38, 56, 39, 40, 24, 25, 26, 47, 49, 62, 13, 35, 58, 59]],
[231, [21, 42, 16, 37, 38, 56, 39, 40, 24, 25, 48, 61, 27, 50, 53, 63, 44, 45]],
[231, [21, 42, 16, 37, 38, 56, 39, 40, 24, 25, 48, 61, 49, 62, 33, 54, 44, 45]],
[231, [21, 42, 16, 37, 38, 56, 39, 40, 25, 26, 46, 61, 27, 50, 13, 35, 58, 59]],
[231, [21, 42, 16, 37, 38, 56, 39, 40, 25, 26, 46, 61, 49, 62, 34, 55, 58, 59]],
[231, [21, 42, 16, 37, 38, 56, 39, 40, 25, 46, 47, 48, 27, 50, 53, 63, 23, 60]],
[231, [21, 42, 16, 37, 38, 56, 39, 40, 25, 46, 47, 48, 49, 62, 33, 54, 23, 60]],
[231, [5, 20, 2, 32, 4, 18, 40, 57, 8, 26, 27, 50, 13, 33, 54, 55, 44, 45]],
[231, [5, 20, 2, 32, 4, 18, 40, 57, 8, 26, 27, 50, 33, 34, 35, 54, 23, 60]],
[231, [5, 20, 2, 32, 4, 18, 40, 57, 8, 26, 49, 62, 13, 53, 55, 63, 44, 45]],
[231, [5, 20, 2, 32, 4, 18, 40, 57, 8, 26, 49, 62, 34, 35, 53, 63, 23, 60]],
[231, [5, 20, 2, 32, 4, 18, 40, 57, 24, 47, 27, 50, 33, 34, 55, 63, 58, 59]],
[231, [5, 20, 2, 32, 4, 18, 40, 57, 24, 47, 27, 50, 34, 53, 54, 55, 43, 64]],
[231, [5, 20, 2, 32, 4, 18, 40, 57, 24, 47, 49, 62, 13, 33, 35, 63, 58, 59]],
[231, [5, 20, 2, 32, 4, 18, 40, 57, 24, 47, 49, 62, 13, 35, 53, 54, 43, 64]],
[231, [5, 20, 2, 32, 4, 18, 40, 57, 25, 48, 27, 50, 13, 53, 55, 63, 44, 45]],
[231, [5, 20, 2, 32, 4, 18, 40, 57, 25, 48, 27, 50, 34, 35, 53, 63, 23, 60]],
[231, [5, 20, 2, 32, 4, 18, 40, 57, 25, 48, 49, 62, 13, 33, 54, 55, 44, 45]],
[231, [5, 20, 2, 32, 4, 18, 40, 57, 25, 48, 49, 62, 33, 34, 35, 54, 23, 60]],
[231, [5, 20, 2, 32, 4, 18, 40, 57, 46, 61, 27, 50, 13, 33, 35, 63, 58, 59]],
[231, [5, 20, 2, 32, 4, 18, 40, 57, 46, 61, 27, 50, 13, 35, 53, 54, 43, 64]],
[231, [5, 20, 2, 32, 4, 18, 40, 57, 46, 61, 49, 62, 33, 34, 55, 63, 58, 59]],
[231, [5, 20, 2, 32, 4, 18, 40, 57, 46, 61, 49, 62, 34, 53, 54, 55, 43, 64]],
[231, [5, 20, 2, 32, 17, 19, 39, 41, 8, 26, 27, 50, 13, 33, 54, 55, 44, 45]],
[231, [5, 20, 2, 32, 17, 19, 39, 41, 8, 26, 27, 50, 33, 34, 35, 54, 23, 60]],
[231, [5, 20, 2, 32, 17, 19, 39, 41, 8, 26, 49, 62, 13, 53, 55, 63, 44, 45]],
[231, [5, 20, 2, 32, 17, 19, 39, 41, 8, 26, 49, 62, 34, 35, 53, 63, 23, 60]],
[231, [5, 20, 2, 32, 17, 19, 39, 41, 24, 47, 27, 50, 33, 34, 55, 63, 58, 59]],
[231, [5, 20, 2, 32, 17, 19, 39, 41, 24, 47, 27, 50, 34, 53, 54, 55, 43, 64]],
[231, [5, 20, 2, 32, 17, 19, 39, 41, 24, 47, 49, 62, 13, 33, 35, 63, 58, 59]],
[231, [5, 20, 2, 32, 17, 19, 39, 41, 24, 47, 49, 62, 13, 35, 53, 54, 43, 64]],
[231, [5, 20, 2, 32, 17, 19, 39, 41, 25, 48, 27, 50, 13, 53, 55, 63, 44, 45]],
[231, [5, 20, 2, 32, 17, 19, 39, 41, 25, 48, 27, 50, 34, 35, 53, 63, 23, 60]],
[231, [5, 20, 2, 32, 17, 19, 39, 41, 25, 48, 49, 62, 13, 33, 54, 55, 44, 45]],
[231, [5, 20, 2, 32, 17, 19, 39, 41, 25, 48, 49, 62, 33, 34, 35, 54, 23, 60]],
[231, [5, 20, 2, 32, 17, 19, 39, 41, 46, 61, 27, 50, 13, 33, 35, 63, 58, 59]],
[231, [5, 20, 2, 32, 17, 19, 39, 41, 46, 61, 27, 50, 13, 35, 53, 54, 43, 64]],
[231, [5, 20, 2, 32, 17, 19, 39, 41, 46, 61, 49, 62, 33, 34, 55, 63, 58, 59]],
[231, [5, 20, 2, 32, 17, 19, 39, 41, 46, 61, 49, 62, 34, 53, 54, 55, 43, 64]],
[231, [5, 20, 11, 12, 4, 18, 40, 57, 8, 26, 27, 50, 13, 33, 54, 55, 23, 60]],
[231, [5, 20, 11, 12, 4, 18, 40, 57, 8, 26, 27, 50, 33, 34, 35, 54, 44, 45]],
[231, [5, 20, 11, 12, 4, 18, 40, 57, 8, 26, 49, 62, 13, 53, 55, 63, 23, 60]],
[231, [5, 20, 11, 12, 4, 18, 40, 57, 8, 26, 49, 62, 34, 35, 53, 63, 44, 45]],
[231, [5, 20, 11, 12, 4, 18, 40, 57, 24, 47, 27, 50, 33, 34, 55, 63, 43, 64]],
[231, [5, 20, 11, 12, 4, 18, 40, 57, 24, 47, 27, 50, 34, 53, 54, 55, 58, 59]],
[231, [5, 20, 11, 12, 4, 18, 40, 57, 24, 47, 49, 62, 13, 33, 35, 63, 43, 64]],
[231, [5, 20, 11, 12, 4, 18, 40, 57, 24, 47, 49, 62, 13, 35, 53, 54, 58, 59]],
[231, [5, 20, 11, 12, 4, 18, 40, 57, 25, 48, 27, 50, 13, 53, 55, 63, 23, 60]],
[231, [5, 20, 11, 12, 4, 18, 40, 57, 25, 48, 27, 50, 34, 35, 53, 63, 44, 45]],
[231, [5, 20, 11, 12, 4, 18, 40, 57, 25, 48, 49, 62, 13, 33, 54, 55, 23, 60]],
[231, [5, 20, 11, 12, 4, 18, 40, 57, 25, 48, 49, 62, 33, 34, 35, 54, 44, 45]],
[231, [5, 20, 11, 12, 4, 18, 40, 57, 46, 61, 27, 50, 13, 33, 35, 63, 43, 64]],
[231, [5, 20, 11, 12, 4, 18, 40, 57, 46, 61, 27, 50, 13, 35, 53, 54, 58, 59]],
[231, [5, 20, 11, 12, 4, 18, 40, 57, 46, 61, 49, 62, 33, 34, 55, 63, 43, 64]],
[231, [5, 20, 11, 12, 4, 18, 40, 57, 46, 61, 49, 62, 34, 53, 54, 55, 58, 59]],
[231, [5, 20, 11, 12, 17, 19, 39, 41, 8, 26, 27, 50, 13, 33, 54, 55, 23, 60]],
[231, [5, 20, 11, 12, 17, 19, 39, 41, 8, 26, 27, 50, 33, 34, 35, 54, 44, 45]],
[231, [5, 20, 11, 12, 17, 19, 39, 41, 8, 26, 49, 62, 13, 53, 55, 63, 23, 60]],
[231, [5, 20, 11, 12, 17, 19, 39, 41, 8, 26, 49, 62, 34, 35, 53, 63, 44, 45]],
[231, [5, 20, 11, 12, 17, 19, 39, 41, 24, 47, 27, 50, 33, 34, 55, 63, 43, 64]],
[231, [5, 20, 11, 12, 17, 19, 39, 41, 24, 47, 27, 50, 34, 53, 54, 55, 58, 59]],
[231, [5, 20, 11, 12, 17, 19, 39, 41, 24, 47, 49, 62, 13, 33, 35, 63, 43, 64]],
[231, [5, 20, 11, 12, 17, 19, 39, 41, 24, 47, 49, 62, 13, 35, 53, 54, 58, 59]],
[231, [5, 20, 11, 12, 17, 19, 39, 41, 25, 48, 27, 50, 13, 53, 55, 63, 23, 60]],
[231, [5, 20, 11, 12, 17, 19, 39, 41, 25, 48, 27, 50, 34, 35, 53, 63, 44, 45]],
[231, [5, 20, 11, 12, 17, 19, 39, 41, 25, 48, 49, 62, 13, 33, 54, 55, 23, 60]],
[231, [5, 20, 11, 12, 17, 19, 39, 41, 25, 48, 49, 62, 33, 34, 35, 54, 44, 45]],
[231, [5, 20, 11, 12, 17, 19, 39, 41, 46, 61, 27, 50, 13, 33, 35, 63, 43, 64]],
[231, [5, 20, 11, 12, 17, 19, 39, 41, 46, 61, 27, 50, 13, 35, 53, 54, 58, 59]],
[231, [5, 20, 11, 12, 17, 19, 39, 41, 46, 61, 49, 62, 33, 34, 55, 63, 43, 64]],
[231, [5, 20, 11, 12, 17, 19, 39, 41, 46, 61, 49, 62, 34, 53, 54, 55, 58, 59]],
[231, [21, 42, 2, 32, 4, 17, 18, 39, 8, 26, 27, 50, 13, 33, 54, 55, 44, 45]],
[231, [21, 42, 2, 32, 4, 17, 18, 39, 8, 26, 27, 50, 33, 34, 35, 54, 23, 60]],
[231, [21, 42, 2, 32, 4, 17, 18, 39, 8, 26, 49, 62, 13, 53, 55, 63, 44, 45]],
[231, [21, 42, 2, 32, 4, 17, 18, 39, 8, 26, 49, 62, 34, 35, 53, 63, 23, 60]],
[231, [21, 42, 2, 32, 4, 17, 18, 39, 24, 47, 27, 50, 33, 34, 55, 63, 58, 59]],
[231, [21, 42, 2, 32, 4, 17, 18, 39, 24, 47, 27, 50, 34, 53, 54, 55, 43, 64]],
[231, [21, 42, 2, 32, 4, 17, 18, 39, 24, 47, 49, 62, 13, 33, 35, 63, 58, 59]],
[231, [21, 42, 2, 32, 4, 17, 18, 39, 24, 47, 49, 62, 13, 35, 53, 54, 43, 64]],
[231, [21, 42, 2, 32, 4, 17, 18, 39, 25, 48, 27, 50, 13, 53, 55, 63, 44, 45]],
[231, [21, 42, 2, 32, 4, 17, 18, 39, 25, 48, 27, 50, 34, 35, 53, 63, 23, 60]],
[231, [21, 42, 2, 32, 4, 17, 18, 39, 25, 48, 49, 62, 13, 33, 54, 55, 44, 45]],
[231, [21, 42, 2, 32, 4, 17, 18, 39, 25, 48, 49, 62, 33, 34, 35, 54, 23, 60]],
[231, [21, 42, 2, 32, 4, 17, 18, 39, 46, 61, 27, 50, 13, 33, 35, 63, 58, 59]],
[231, [21, 42, 2, 32, 4, 17, 18, 39, 46, 61, 27, 50, 13, 35, 53, 54, 43, 64]],
[231, [21, 42, 2, 32, 4, 17, 18, 39, 46, 61, 49, 62, 33, 34, 55, 63, 58, 59]],
[231, [21, 42, 2, 32, 4, 17, 18, 39, 46, 61, 49, 62, 34, 53, 54, 55, 43, 64]],
[231, [21, 42, 2, 32, 19, 40, 41, 57, 8, 26, 27, 50, 13, 33, 54, 55, 44, 45]],
[231, [21, 42, 2, 32, 19, 40, 41, 57, 8, 26, 27, 50, 33, 34, 35, 54, 23, 60]],
[231, [21, 42, 2, 32, 19, 40, 41, 57, 8, 26, 49, 62, 13, 53, 55, 63, 44, 45]],
[231, [21, 42, 2, 32, 19, 40, 41, 57, 8, 26, 49, 62, 34, 35, 53, 63, 23, 60]],
[231, [21, 42, 2, 32, 19, 40, 41, 57, 24, 47, 27, 50, 33, 34, 55, 63, 58, 59]],
[231, [21, 42, 2, 32, 19, 40, 41, 57, 24, 47, 27, 50, 34, 53, 54, 55, 43, 64]],
[231, [21, 42, 2, 32, 19, 40, 41, 57, 24, 47, 49, 62, 13, 33, 35, 63, 58, 59]],
[231, [21, 42, 2, 32, 19, 40, 41, 57, 24, 47, 49, 62, 13, 35, 53, 54, 43, 64]],
[231, [21, 42, 2, 32, 19, 40, 41, 57, 25, 48, 27, 50, 13, 53, 55, 63, 44, 45]],
[231, [21, 42, 2, 32, 19, 40, 41, 57, 25, 48, 27, 50, 34, 35, 53, 63, 23, 60]],
[231, [21, 42, 2, 32, 19, 40, 41, 57, 25, 48, 49, 62, 13, 33, 54, 55, 44, 45]],
[231, [21, 42, 2, 32, 19, 40, 41, 57, 25, 48, 49, 62, 33, 34, 35, 54, 23, 60]],
[231, [21, 42, 2, 32, 19, 40, 41, 57, 46, 61, 27, 50, 13, 33, 35, 63, 58, 59]],
[231, [21, 42, 2, 32, 19, 40, 41, 57, 46, 61, 27, 50, 13, 35, 53, 54, 43, 64]],
[231, [21, 42, 2, 32, 19, 40, 41, 57, 46, 61, 49, 62, 33, 34, 55, 63, 58, 59]],
[231, [21, 42, 2, 32, 19, 40, 41, 57, 46, 61, 49, 62, 34, 53, 54, 55, 43, 64]],
[231, [21, 42, 11, 12, 4, 17, 18, 39, 8, 26, 27, 50, 13, 33, 54, 55, 23, 60]],
[231, [21, 42, 11, 12, 4, 17, 18, 39, 8, 26, 27, 50, 33, 34, 35, 54, 44, 45]],
[231, [21, 42, 11, 12, 4, 17, 18, 39, 8, 26, 49, 62, 13, 53, 55, 63, 23, 60]],
[231, [21, 42, 11, 12, 4, 17, 18, 39, 8, 26, 49, 62, 34, 35, 53, 63, 44, 45]],
[231, [21, 42, 11, 12, 4, 17, 18, 39, 24, 47, 27, 50, 33, 34, 55, 63, 43, 64]],
[231, [21, 42, 11, 12, 4, 17, 18, 39, 24, 47, 27, 50, 34, 53, 54, 55, 58, 59]],
[231, [21, 42, 11, 12, 4, 17, 18, 39, 24, 47, 49, 62, 13, 33, 35, 63, 43, 64]],
[231, [21, 42, 11, 12, 4, 17, 18, 39, 24, 47, 49, 62, 13, 35, 53, 54, 58, 59]],
[231, [21, 42, 11, 12, 4, 17, 18, 39, 25, 48, 27, 50, 13, 53, 55, 63, 23, 60]],
[231, [21, 42, 11, 12, 4, 17, 18, 39, 25, 48, 27, 50, 34, 35, 53, 63, 44, 45]],
[231, [21, 42, 11, 12, 4, 17, 18, 39, 25, 48, 49, 62, 13, 33, 54, 55, 23, 60]],
[231, [21, 42, 11, 12, 4, 17, 18, 39, 25, 48, 49, 62, 33, 34, 35, 54, 44, 45]],
[231, [21, 42, 11, 12, 4, 17, 18, 39, 46, 61, 27, 50, 13, 33, 35, 63, 43, 64]],
[231, [21, 42, 11, 12, 4, 17, 18, 39, 46, 61, 27, 50, 13, 35, 53, 54, 58, 59]],
[231, [21, 42, 11, 12, 4, 17, 18, 39, 46, 61, 49, 62, 33, 34, 55, 63, 43, 64]],
[231, [21, 42, 11, 12, 4, 17, 18, 39, 46, 61, 49, 62, 34, 53, 54, 55, 58, 59]],
[231, [21, 42, 11, 12, 19, 40, 41, 57, 8, 26, 27, 50, 13, 33, 54, 55, 23, 60]],
[231, [21, 42, 11, 12, 19, 40, 41, 57, 8, 26, 27, 50, 33, 34, 35, 54, 44, 45]],
[231, [21, 42, 11, 12, 19, 40, 41, 57, 8, 26, 49, 62, 13, 53, 55, 63, 23, 60]],
[231, [21, 42, 11, 12, 19, 40, 41, 57, 8, 26, 49, 62, 34, 35, 53, 63, 44, 45]],
[231, [21, 42, 11, 12, 19, 40, 41, 57, 24, 47, 27, 50, 33, 34, 55, 63, 43, 64]],
[231, [21, 42, 11, 12, 19, 40, 41, 57, 24, 47, 27, 50, 34, 53, 54, 55, 58, 59]],
[231, [21, 42, 11, 12, 19, 40, 41, 57, 24, 47, 49, 62, 13, 33, 35, 63, 43, 64]],
[231, [21, 42, 11, 12, 19, 40, 41, 57, 24, 47, 49, 62, 13, 35, 53, 54, 58, 59]],
[231, [21, 42, 11, 12, 19, 40, 41, 57, 25, 48, 27, 50, 13, 53, 55, 63, 23, 60]],
[231, [21, 42, 11, 12, 19, 40, 41, 57, 25, 48, 27, 50, 34, 35, 53, 63, 44, 45]],
[231, [21, 42, 11, 12, 19, 40, 41, 57, 25, 48, 49, 62, 13, 33, 54, 55, 23, 60]],
[231, [21, 42, 11, 12, 19, 40, 41, 57, 25, 48, 49, 62, 33, 34, 35, 54, 44, 45]],
[231, [21, 42, 11, 12, 19, 40, 41, 57, 46, 61, 27, 50, 13, 33, 35, 63, 43, 64]],
[231, [21, 42, 11, 12, 19, 40, 41, 57, 46, 61, 27, 50, 13, 35, 53, 54, 58, 59]],
[231, [21, 42, 11, 12, 19, 40, 41, 57, 46, 61, 49, 62, 33, 34, 55, 63, 43, 64]],
[231, [21, 42, 11, 12, 19, 40, 41, 57, 46, 61, 49, 62, 34, 53, 54, 55, 58, 59]],
[231, [5, 20, 2, 32, 3, 15, 37, 56, 8, 26, 27, 50, 13, 33, 54, 55, 44, 45]],
[231, [5, 20, 2, 32, 3, 15, 37, 56, 8, 26, 27, 50, 33, 34, 35, 54, 23, 60]],
[231, [5, 20, 2, 32, 3, 15, 37, 56, 8, 26, 49, 62, 13, 53, 55, 63, 44, 45]],
[231, [5, 20, 2, 32, 3, 15, 37, 56, 8, 26, 49, 62, 34, 35, 53, 63, 23, 60]],
[231, [5, 20, 2, 32, 3, 15, 37, 56, 24, 47, 27, 50, 33, 34, 55, 63, 58, 59]],
[231, [5, 20, 2, 32, 3, 15, 37, 56, 24, 47, 27, 50, 34, 53, 54, 55, 43, 64]],
[231, [5, 20, 2, 32, 3, 15, 37, 56, 24, 47, 49, 62, 13, 33, 35, 63, 58, 59]],
[231, [5, 20, 2, 32, 3, 15, 37, 56, 24, 47, 49, 62, 13, 35, 53, 54, 43, 64]],
[231, [5, 20, 2, 32, 3, 15, 37, 56, 25, 48, 27, 50, 13, 53, 55, 63, 44, 45]],
[231, [5, 20, 2, 32, 3, 15, 37, 56, 25, 48, 27, 50, 34, 35, 53, 63, 23, 60]],
[231, [5, 20, 2, 32, 3, 15, 37, 56, 25, 48, 49, 62, 13, 33, 54, 55, 44, 45]],
[231, [5, 20, 2, 32, 3, 15, 37, 56, 25, 48, 49, 62, 33, 34, 35, 54, 23, 60]],
[231, [5, 20, 2, 32, 3, 15, 37, 56, 46, 61, 27, 50, 13, 33, 35, 63, 58, 59]],
[231, [5, 20, 2, 32, 3, 15, 37, 56, 46, 61, 27, 50, 13, 35, 53, 54, 43, 64]],
[231, [5, 20, 2, 32, 3, 15, 37, 56, 46, 61, 49, 62, 33, 34, 55, 63, 58, 59]],
[231, [5, 20, 2, 32, 3, 15, 37, 56, 46, 61, 49, 62, 34, 53, 54, 55, 43, 64]],
[231, [5, 20, 2, 32, 14, 16, 36, 38, 8, 26, 27, 50, 13, 33, 54, 55, 44, 45]],
[231, [5, 20, 2, 32, 14, 16, 36, 38, 8, 26, 27, 50, 33, 34, 35, 54, 23, 60]],
[231, [5, 20, 2, 32, 14, 16, 36, 38, 8, 26, 49, 62, 13, 53, 55, 63, 44, 45]],
[231, [5, 20, 2, 32, 14, 16, 36, 38, 8, 26, 49, 62, 34, 35, 53, 63, 23, 60]],
[231, [5, 20, 2, 32, 14, 16, 36, 38, 24, 47, 27, 50, 33, 34, 55, 63, 58, 59]],
[231, [5, 20, 2, 32, 14, 16, 36, 38, 24, 47, 27, 50, 34, 53, 54, 55, 43, 64]],
[231, [5, 20, 2, 32, 14, 16, 36, 38, 24, 47, 49, 62, 13, 33, 35, 63, 58, 59]],
[231, [5, 20, 2, 32, 14, 16, 36, 38, 24, 47, 49, 62, 13, 35, 53, 54, 43, 64]],
[231, [5, 20, 2, 32, 14, 16, 36, 38, 25, 48, 27, 50, 13, 53, 55, 63, 44, 45]],
[231, [5, 20, 2, 32, 14, 16, 36, 38, 25, 48, 27, 50, 34, 35, 53, 63, 23, 60]],
[231, [5, 20, 2, 32, 14, 16, 36, 38, 25, 48, 49, 62, 13, 33, 54, 55, 44, 45]],
[231, [5, 20, 2, 32, 14, 16, 36, 38, 25, 48, 49, 62, 33, 34, 35, 54, 23, 60]],
[231, [5, 20, 2, 32, 14, 16, 36, 38, 46, 61, 27, 50, 13, 33, 35, 63, 58, 59]],
[231, [5, 20, 2, 32, 14, 16, 36, 38, 46, 61, 27, 50, 13, 35, 53, 54, 43, 64]],
[231, [5, 20, 2, 32, 14, 16, 36, 38, 46, 61, 49, 62, 33, 34, 55, 63, 58, 59]],
[231, [5, 20, 2, 32, 14, 16, 36, 38, 46, 61, 49, 62, 34, 53, 54, 55, 43, 64]],
[231, [5, 20, 11, 12, 3, 15, 37, 56, 8, 26, 27, 50, 13, 33, 54, 55, 23, 60]],
[231, [5, 20, 11, 12, 3, 15, 37, 56, 8, 26, 27, 50, 33, 34, 35, 54, 44, 45]],
[231, [5, 20, 11, 12, 3, 15, 37, 56, 8, 26, 49, 62, 13, 53, 55, 63, 23, 60]],
[231, [5, 20, 11, 12, 3, 15, 37, 56, 8, 26, 49, 62, 34, 35, 53, 63, 44, 45]],
[231, [5, 20, 11, 12, 3, 15, 37, 56, 24, 47, 27, 50, 33, 34, 55, 63, 43, 64]],
[231, [5, 20, 11, 12, 3, 15, 37, 56, 24, 47, 27, 50, 34, 53, 54, 55, 58, 59]],
[231, [5, 20, 11, 12, 3, 15, 37, 56, 24, 47, 49, 62, 13, 33, 35, 63, 43, 64]],
[231, [5, 20, 11, 12, 3, 15, 37, 56, 24, 47, 49, 62, 13, 35, 53, 54, 58, 59]],
[231, [5, 20, 11, 12, 3, 15, 37, 56, 25, 48, 27, 50, 13, 53, 55, 63, 23, 60]],
[231, [5, 20, 11, 12, 3, 15, 37, 56, 25, 48, 27, 50, 34, 35, 53, 63, 44, 45]],
[231, [5, 20, 11, 12, 3, 15, 37, 56, 25, 48, 49, 62, 13, 33, 54, 55, 23, 60]],
[231, [5, 20, 11, 12, 3, 15, 37, 56, 25, 48, 49, 62, 33, 34, 35, 54, 44, 45]],
[231, [5, 20, 11, 12, 3, 15, 37, 56, 46, 61, 27, 50, 13, 33, 35, 63, 43, 64]],
[231, [5, 20, 11, 12, 3, 15, 37, 56, 46, 61, 27, 50, 13, 35, 53, 54, 58, 59]],
[231, [5, 20, 11, 12, 3, 15, 37, 56, 46, 61, 49, 62, 33, 34, 55, 63, 43, 64]],
[231, [5, 20, 11, 12, 3, 15, 37, 56, 46, 61, 49, 62, 34, 53, 54, 55, 58, 59]],
[231, [5, 20, 11, 12, 14, 16, 36, 38, 8, 26, 27, 50, 13, 33, 54, 55, 23, 60]],
[231, [5, 20, 11, 12, 14, 16, 36, 38, 8, 26, 27, 50, 33, 34, 35, 54, 44, 45]],
[231, [5, 20, 11, 12, 14, 16, 36, 38, 8, 26, 49, 62, 13, 53, 55, 63, 23, 60]],
[231, [5, 20, 11, 12, 14, 16, 36, 38, 8, 26, 49, 62, 34, 35, 53, 63, 44, 45]],
[231, [5, 20, 11, 12, 14, 16, 36, 38, 24, 47, 27, 50, 33, 34, 55, 63, 43, 64]],
[231, [5, 20, 11, 12, 14, 16, 36, 38, 24, 47, 27, 50, 34, 53, 54, 55, 58, 59]],
[231, [5, 20, 11, 12, 14, 16, 36, 38, 24, 47, 49, 62, 13, 33, 35, 63, 43, 64]],
[231, [5, 20, 11, 12, 14, 16, 36, 38, 24, 47, 49, 62, 13, 35, 53, 54, 58, 59]],
[231, [5, 20, 11, 12, 14, 16, 36, 38, 25, 48, 27, 50, 13, 53, 55, 63, 23, 60]],
[231, [5, 20, 11, 12, 14, 16, 36, 38, 25, 48, 27, 50, 34, 35, 53, 63, 44, 45]],
[231, [5, 20, 11, 12, 14, 16, 36, 38, 25, 48, 49, 62, 13, 33, 54, 55, 23, 60]],
[231, [5, 20, 11, 12, 14, 16, 36, 38, 25, 48, 49, 62, 33, 34, 35, 54, 44, 45]],
[231, [5, 20, 11, 12, 14, 16, 36, 38, 46, 61, 27, 50, 13, 33, 35, 63, 43, 64]],
[231, [5, 20, 11, 12, 14, 16, 36, 38, 46, 61, 27, 50, 13, 35, 53, 54, 58, 59]],
[231, [5, 20, 11, 12, 14, 16, 36, 38, 46, 61, 49, 62, 33, 34, 55, 63, 43, 64]],
[231, [5, 20, 11, 12, 14, 16, 36, 38, 46, 61, 49, 62, 34, 53, 54, 55, 58, 59]],
[231, [21, 42, 2, 32, 3, 14, 15, 36, 8, 26, 27, 50, 13, 33, 54, 55, 44, 45]],
[231, [21, 42, 2, 32, 3, 14, 15, 36, 8, 26, 27, 50, 33, 34, 35, 54, 23, 60]],
[231, [21, 42, 2, 32, 3, 14, 15, 36, 8, 26, 49, 62, 13, 53, 55, 63, 44, 45]],
[231, [21, 42, 2, 32, 3, 14, 15, 36, 8, 26, 49, 62, 34, 35, 53, 63, 23, 60]],
[231, [21, 42, 2, 32, 3, 14, 15, 36, 24, 47, 27, 50, 33, 34, 55, 63, 58, 59]],
[231, [21, 42, 2, 32, 3, 14, 15, 36, 24, 47, 27, 50, 34, 53, 54, 55, 43, 64]],
[231, [21, 42, 2, 32, 3, 14, 15, 36, 24, 47, 49, 62, 13, 33, 35, 63, 58, 59]],
[231, [21, 42, 2, 32, 3, 14, 15, 36, 24, 47, 49, 62, 13, 35, 53, 54, 43, 64]],
[231, [21, 42, 2, 32, 3, 14, 15, 36, 25, 48, 27, 50, 13, 53, 55, 63, 44, 45]],
[231, [21, 42, 2, 32, 3, 14, 15, 36, 25, 48, 27, 50, 34, 35, 53, 63, 23, 60]],
[231, [21, 42, 2, 32, 3, 14, 15, 36, 25, 48, 49, 62, 13, 33, 54, 55, 44, 45]],
[231, [21, 42, 2, 32, 3, 14, 15, 36, 25, 48, 49, 62, 33, 34, 35, 54, 23, 60]],
[231, [21, 42, 2, 32, 3, 14, 15, 36, 46, 61, 27, 50, 13, 33, 35, 63, 58, 59]],
[231, [21, 42, 2, 32, 3, 14, 15, 36, 46, 61, 27, 50, 13, 35, 53, 54, 43, 64]],
[231, [21, 42, 2, 32, 3, 14, 15, 36, 46, 61, 49, 62, 33, 34, 55, 63, 58, 59]],
[231, [21, 42, 2, 32, 3, 14, 15, 36, 46, 61, 49, 62, 34, 53, 54, 55, 43, 64]],
[231, [21, 42, 2, 32, 16, 37, 38, 56, 8, 26, 27, 50, 13, 33, 54, 55, 44, 45]],
[231, [21, 42, 2, 32, 16, 37, 38, 56, 8, 26, 27, 50, 33, 34, 35, 54, 23, 60]],
[231, [21, 42, 2, 32, 16, 37, 38, 56, 8, 26, 49, 62, 13, 53, 55, 63, 44, 45]],
[231, [21, 42, 2, 32, 16, 37, 38, 56, 8, 26, 49, 62, 34, 35, 53, 63, 23, 60]],
[231, [21, 42, 2, 32, 16, 37, 38, 56, 24, 47, 27, 50, 33, 34, 55, 63, 58, 59]],
[231, [21, 42, 2, 32, 16, 37, 38, 56, 24, 47, 27, 50, 34, 53, 54, 55, 43, 64]],
[231, [21, 42, 2, 32, 16, 37, 38, 56, 24, 47, 49, 62, 13, 33, 35, 63, 58, 59]],
[231, [21, 42, 2, 32, 16, 37, 38, 56, 24, 47, 49, 62, 13, 35, 53, 54, 43, 64]],
[231, [21, 42, 2, 32, 16, 37, 38, 56, 25, 48, 27, 50, 13, 53, 55, 63, 44, 45]],
[231, [21, 42, 2, 32, 16, 37, 38, 56, 25, 48, 27, 50, 34, 35, 53, 63, 23, 60]],
[231, [21, 42, 2, 32, 16, 37, 38, 56, 25, 48, 49, 62, 13, 33, 54, 55, 44, 45]],
[231, [21, 42, 2, 32, 16, 37, 38, 56, 25, 48, 49, 62, 33, 34, 35, 54, 23, 60]],
[231, [21, 42, 2, 32, 16, 37, 38, 56, 46, 61, 27, 50, 13, 33, 35, 63, 58, 59]],
[231, [21, 42, 2, 32, 16, 37, 38, 56, 46, 61, 27, 50, 13, 35, 53, 54, 43, 64]],
[231, [21, 42, 2, 32, 16, 37, 38, 56, 46, 61, 49, 62, 33, 34, 55, 63, 58, 59]],
[231, [21, 42, 2, 32, 16, 37, 38, 56, 46, 61, 49, 62, 34, 53, 54, 55, 43, 64]],
[231, [21, 42, 11, 12, 3, 14, 15, 36, 8, 26, 27, 50, 13, 33, 54, 55, 23, 60]],
[231, [21, 42, 11, 12, 3, 14, 15, 36, 8, 26, 27, 50, 33, 34, 35, 54, 44, 45]],
[231, [21, 42, 11, 12, 3, 14, 15, 36, 8, 26, 49, 62, 13, 53, 55, 63, 23, 60]],
[231, [21, 42, 11, 12, 3, 14, 15, 36, 8, 26, 49, 62, 34, 35, 53, 63, 44, 45]],
[231, [21, 42, 11, 12, 3, 14, 15, 36, 24, 47, 27, 50, 33, 34, 55, 63, 43, 64]],
[231, [21, 42, 11, 12, 3, 14, 15, 36, 24, 47, 27, 50, 34, 53, 54, 55, 58, 59]],
[231, [21, 42, 11, 12, 3, 14, 15, 36, 24, 47, 49, 62, 13, 33, 35, 63, 43, 64]],
[231, [21, 42, 11, 12, 3, 14, 15, 36, 24, 47, 49, 62, 13, 35, 53, 54, 58, 59]],
[231, [21, 42, 11, 12, 3, 14, 15, 36, 25, 48, 27, 50, 13, 53, 55, 63, 23, 60]],
[231, [21, 42, 11, 12, 3, 14, 15, 36, 25, 48, 27, 50, 34, 35, 53, 63, 44, 45]],
[231, [21, 42, 11, 12, 3, 14, 15, 36, 25, 48, 49, 62, 13, 33, 54, 55, 23, 60]],
[231, [21, 42, 11, 12, 3, 14, 15, 36, 25, 48, 49, 62, 33, 34, 35, 54, 44, 45]],
[231, [21, 42, 11, 12, 3, 14, 15, 36, 46, 61, 27, 50, 13, 33, 35, 63, 43, 64]],
[231, [21, 42, 11, 12, 3, 14, 15, 36, 46, 61, 27, 50, 13, 35, 53, 54, 58, 59]],
[231, [21, 42, 11, 12, 3, 14, 15, 36, 46, 61, 49, 62, 33, 34, 55, 63, 43, 64]],
[231, [21, 42, 11, 12, 3, 14, 15, 36, 46, 61, 49, 62, 34, 53, 54, 55, 58, 59]],
[231, [21, 42, 11, 12, 16, 37, 38, 56, 8, 26, 27, 50, 13, 33, 54, 55, 23, 60]],
[231, [21, 42, 11, 12, 16, 37, 38, 56, 8, 26, 27, 50, 33, 34, 35, 54, 44, 45]],
[231, [21, 42, 11, 12, 16, 37, 38, 56, 8, 26, 49, 62, 13, 53, 55, 63, 23, 60]],
[231, [21, 42, 11, 12, 16, 37, 38, 56, 8, 26, 49, 62, 34, 35, 53, 63, 44, 45]],
[231, [21, 42, 11, 12, 16, 37, 38, 56, 24, 47, 27, 50, 33, 34, 55, 63, 43, 64]],
[231, [21, 42, 11, 12, 16, 37, 38, 56, 24, 47, 27, 50, 34, 53, 54, 55, 58, 59]],
[231, [21, 42, 11, 12, 16, 37, 38, 56, 24, 47, 49, 62, 13, 33, 35, 63, 43, 64]],
[231, [21, 42, 11, 12, 16, 37, 38, 56, 24, 47, 49, 62, 13, 35, 53, 54, 58, 59]],
[231, [21, 42, 11, 12, 16, 37, 38, 56, 25, 48, 27, 50, 13, 53, 55, 63, 23, 60]],
[231, [21, 42, 11, 12, 16, 37, 38, 56, 25, 48, 27, 50, 34, 35, 53, 63, 44, 45]],
[231, [21, 42, 11, 12, 16, 37, 38, 56, 25, 48, 49, 62, 13, 33, 54, 55, 23, 60]],
[231, [21, 42, 11, 12, 16, 37, 38, 56, 25, 48, 49, 62, 33, 34, 35, 54, 44, 45]],
[231, [21, 42, 11, 12, 16, 37, 38, 56, 46, 61, 27, 50, 13, 33, 35, 63, 43, 64]],
[231, [21, 42, 11, 12, 16, 37, 38, 56, 46, 61, 27, 50, 13, 35, 53, 54, 58, 59]],
[231, [21, 42, 11, 12, 16, 37, 38, 56, 46, 61, 49, 62, 33, 34, 55, 63, 43, 64]],
[231, [21, 42, 11, 12, 16, 37, 38, 56, 46, 61, 49, 62, 34, 53, 54, 55, 58, 59]],
[231, [5, 20, 2, 12, 3, 15, 37, 56, 17, 40, 8, 48, 9, 49, 51, 62, 13, 55]],
[231, [5, 20, 2, 12, 3, 15, 37, 56, 17, 40, 8, 48, 28, 29, 49, 62, 34, 35]],
[231, [5, 20, 2, 12, 3, 15, 37, 56, 17, 40, 24, 61, 9, 49, 51, 62, 33, 63]],
[231, [5, 20, 2, 12, 3, 15, 37, 56, 17, 40, 24, 61, 28, 29, 49, 62, 53, 54]],
[231, [5, 20, 2, 12, 3, 15, 37, 56, 17, 40, 25, 26, 9, 49, 51, 62, 34, 35]],
[231, [5, 20, 2, 12, 3, 15, 37, 56, 17, 40, 25, 26, 28, 29, 49, 62, 13, 55]],
[231, [5, 20, 2, 12, 3, 15, 37, 56, 17, 40, 46, 47, 9, 49, 51, 62, 53, 54]],
[231, [5, 20, 2, 12, 3, 15, 37, 56, 17, 40, 46, 47, 28, 29, 49, 62, 33, 63]],
[231, [5, 20, 2, 12, 3, 15, 37, 56, 39, 57, 8, 48, 9, 27, 50, 51, 13, 55]],
[231, [5, 20, 2, 12, 3, 15, 37, 56, 39, 57, 8, 48, 27, 28, 29, 50, 34, 35]],
[231, [5, 20, 2, 12, 3, 15, 37, 56, 39, 57, 24, 61, 9, 27, 50, 51, 33, 63]],
[231, [5, 20, 2, 12, 3, 15, 37, 56, 39, 57, 24, 61, 27, 28, 29, 50, 53, 54]],
[231, [5, 20, 2, 12, 3, 15, 37, 56, 39, 57, 25, 26, 9, 27, 50, 51, 34, 35]],
[231, [5, 20, 2, 12, 3, 15, 37, 56, 39, 57, 25, 26, 27, 28, 29, 50, 13, 55]],
[231, [5, 20, 2, 12, 3, 15, 37, 56, 39, 57, 46, 47, 9, 27, 50, 51, 53, 54]],
[231, [5, 20, 2, 12, 3, 15, 37, 56, 39, 57, 46, 47, 27, 28, 29, 50, 33, 63]],
[231, [5, 20, 2, 12, 14, 16, 36, 38, 17, 40, 8, 48, 9, 49, 51, 62, 13, 55]],
[231, [5, 20, 2, 12, 14, 16, 36, 38, 17, 40, 8, 48, 28, 29, 49, 62, 34, 35]],
[231, [5, 20, 2, 12, 14, 16, 36, 38, 17, 40, 24, 61, 9, 49, 51, 62, 33, 63]],
[231, [5, 20, 2, 12, 14, 16, 36, 38, 17, 40, 24, 61, 28, 29, 49, 62, 53, 54]],
[231, [5, 20, 2, 12, 14, 16, 36, 38, 17, 40, 25, 26, 9, 49, 51, 62, 34, 35]],
[231, [5, 20, 2, 12, 14, 16, 36, 38, 17, 40, 25, 26, 28, 29, 49, 62, 13, 55]],
[231, [5, 20, 2, 12, 14, 16, 36, 38, 17, 40, 46, 47, 9, 49, 51, 62, 53, 54]],
[231, [5, 20, 2, 12, 14, 16, 36, 38, 17, 40, 46, 47, 28, 29, 49, 62, 33, 63]],
[231, [5, 20, 2, 12, 14, 16, 36, 38, 39, 57, 8, 48, 9, 27, 50, 51, 13, 55]],
[231, [5, 20, 2, 12, 14, 16, 36, 38, 39, 57, 8, 48, 27, 28, 29, 50, 34, 35]],
[231, [5, 20, 2, 12, 14, 16, 36, 38, 39, 57, 24, 61, 9, 27, 50, 51, 33, 63]],
[231, [5, 20, 2, 12, 14, 16, 36, 38, 39, 57, 24, 61, 27, 28, 29, 50, 53, 54]],
[231, [5, 20, 2, 12, 14, 16, 36, 38, 39, 57, 25, 26, 9, 27, 50, 51, 34, 35]],
[231, [5, 20, 2, 12, 14, 16, 36, 38, 39, 57, 25, 26, 27, 28, 29, 50, 13, 55]],
[231, [5, 20, 2, 12, 14, 16, 36, 38, 39, 57, 46, 47, 9, 27, 50, 51, 53, 54]],
[231, [5, 20, 2, 12, 14, 16, 36, 38, 39, 57, 46, 47, 27, 28, 29, 50, 33, 63]],
[231, [5, 20, 11, 32, 3, 15, 37, 56, 17, 40, 8, 48, 9, 27, 50, 51, 13, 55]],
[231, [5, 20, 11, 32, 3, 15, 37, 56, 17, 40, 8, 48, 27, 28, 29, 50, 34, 35]],
[231, [5, 20, 11, 32, 3, 15, 37, 56, 17, 40, 24, 61, 9, 27, 50, 51, 33, 63]],
[231, [5, 20, 11, 32, 3, 15, 37, 56, 17, 40, 24, 61, 27, 28, 29, 50, 53, 54]],
[231, [5, 20, 11, 32, 3, 15, 37, 56, 17, 40, 25, 26, 9, 27, 50, 51, 34, 35]],
[231, [5, 20, 11, 32, 3, 15, 37, 56, 17, 40, 25, 26, 27, 28, 29, 50, 13, 55]],
[231, [5, 20, 11, 32, 3, 15, 37, 56, 17, 40, 46, 47, 9, 27, 50, 51, 53, 54]],
[231, [5, 20, 11, 32, 3, 15, 37, 56, 17, 40, 46, 47, 27, 28, 29, 50, 33, 63]],
[231, [5, 20, 11, 32, 3, 15, 37, 56, 39, 57, 8, 48, 9, 49, 51, 62, 13, 55]],
[231, [5, 20, 11, 32, 3, 15, 37, 56, 39, 57, 8, 48, 28, 29, 49, 62, 34, 35]],
[231, [5, 20, 11, 32, 3, 15, 37, 56, 39, 57, 24, 61, 9, 49, 51, 62, 33, 63]],
[231, [5, 20, 11, 32, 3, 15, 37, 56, 39, 57, 24, 61, 28, 29, 49, 62, 53, 54]],
[231, [5, 20, 11, 32, 3, 15, 37, 56, 39, 57, 25, 26, 9, 49, 51, 62, 34, 35]],
[231, [5, 20, 11, 32, 3, 15, 37, 56, 39, 57, 25, 26, 28, 29, 49, 62, 13, 55]],
[231, [5, 20, 11, 32, 3, 15, 37, 56, 39, 57, 46, 47, 9, 49, 51, 62, 53, 54]],
[231, [5, 20, 11, 32, 3, 15, 37, 56, 39, 57, 46, 47, 28, 29, 49, 62, 33, 63]],
[231, [5, 20, 11, 32, 14, 16, 36, 38, 17, 40, 8, 48, 9, 27, 50, 51, 13, 55]],
[231, [5, 20, 11, 32, 14, 16, 36, 38, 17, 40, 8, 48, 27, 28, 29, 50, 34, 35]],
[231, [5, 20, 11, 32, 14, 16, 36, 38, 17, 40, 24, 61, 9, 27, 50, 51, 33, 63]],
[231, [5, 20, 11, 32, 14, 16, 36, 38, 17, 40, 24, 61, 27, 28, 29, 50, 53, 54]],
[231, [5, 20, 11, 32, 14, 16, 36, 38, 17, 40, 25, 26, 9, 27, 50, 51, 34, 35]],
[231, [5, 20, 11, 32, 14, 16, 36, 38, 17, 40, 25, 26, 27, 28, 29, 50, 13, 55]],
[231, [5, 20, 11, 32, 14, 16, 36, 38, 17, 40, 46, 47, 9, 27, 50, 51, 53, 54]],
[231, [5, 20, 11, 32, 14, 16, 36, 38, 17, 40, 46, 47, 27, 28, 29, 50, 33, 63]],
[231, [5, 20, 11, 32, 14, 16, 36, 38, 39, 57, 8, 48, 9, 49, 51, 62, 13, 55]],
[231, [5, 20, 11, 32, 14, 16, 36, 38, 39, 57, 8, 48, 28, 29, 49, 62, 34, 35]],
[231, [5, 20, 11, 32, 14, 16, 36, 38, 39, 57, 24, 61, 9, 49, 51, 62, 33, 63]],
[231, [5, 20, 11, 32, 14, 16, 36, 38, 39, 57, 24, 61, 28, 29, 49, 62, 53, 54]],
[231, [5, 20, 11, 32, 14, 16, 36, 38, 39, 57, 25, 26, 9, 49, 51, 62, 34, 35]],
[231, [5, 20, 11, 32, 14, 16, 36, 38, 39, 57, 25, 26, 28, 29, 49, 62, 13, 55]],
[231, [5, 20, 11, 32, 14, 16, 36, 38, 39, 57, 46, 47, 9, 49, 51, 62, 53, 54]],
[231, [5, 20, 11, 32, 14, 16, 36, 38, 39, 57, 46, 47, 28, 29, 49, 62, 33, 63]],
[231, [21, 42, 2, 12, 3, 14, 15, 36, 17, 40, 8, 48, 9, 49, 51, 62, 13, 55]],
[231, [21, 42, 2, 12, 3, 14, 15, 36, 17, 40, 8, 48, 28, 29, 49, 62, 34, 35]],
[231, [21, 42, 2, 12, 3, 14, 15, 36, 17, 40, 24, 61, 9, 49, 51, 62, 33, 63]],
[231, [21, 42, 2, 12, 3, 14, 15, 36, 17, 40, 24, 61, 28, 29, 49, 62, 53, 54]],
[231, [21, 42, 2, 12, 3, 14, 15, 36, 17, 40, 25, 26, 9, 49, 51, 62, 34, 35]],
[231, [21, 42, 2, 12, 3, 14, 15, 36, 17, 40, 25, 26, 28, 29, 49, 62, 13, 55]],
[231, [21, 42, 2, 12, 3, 14, 15, 36, 17, 40, 46, 47, 9, 49, 51, 62, 53, 54]],
[231, [21, 42, 2, 12, 3, 14, 15, 36, 17, 40, 46, 47, 28, 29, 49, 62, 33, 63]],
[231, [21, 42, 2, 12, 3, 14, 15, 36, 39, 57, 8, 48, 9, 27, 50, 51, 13, 55]],
[231, [21, 42, 2, 12, 3, 14, 15, 36, 39, 57, 8, 48, 27, 28, 29, 50, 34, 35]],
[231, [21, 42, 2, 12, 3, 14, 15, 36, 39, 57, 24, 61, 9, 27, 50, 51, 33, 63]],
[231, [21, 42, 2, 12, 3, 14, 15, 36, 39, 57, 24, 61, 27, 28, 29, 50, 53, 54]],
[231, [21, 42, 2, 12, 3, 14, 15, 36, 39, 57, 25, 26, 9, 27, 50, 51, 34, 35]],
[231, [21, 42, 2, 12, 3, 14, 15, 36, 39, 57, 25, 26, 27, 28, 29, 50, 13, 55]],
[231, [21, 42, 2, 12, 3, 14, 15, 36, 39, 57, 46, 47, 9, 27, 50, 51, 53, 54]],
[231, [21, 42, 2, 12, 3, 14, 15, 36, 39, 57, 46, 47, 27, 28, 29, 50, 33, 63]],
[231, [21, 42, 2, 12, 16, 37, 38, 56, 17, 40, 8, 48, 9, 49, 51, 62, 13, 55]],
[231, [21, 42, 2, 12, 16, 37, 38, 56, 17, 40, 8, 48, 28, 29, 49, 62, 34, 35]],
[231, [21, 42, 2, 12, 16, 37, 38, 56, 17, 40, 24, 61, 9, 49, 51, 62, 33, 63]],
[231, [21, 42, 2, 12, 16, 37, 38, 56, 17, 40, 24, 61, 28, 29, 49, 62, 53, 54]],
[231, [21, 42, 2, 12, 16, 37, 38, 56, 17, 40, 25, 26, 9, 49, 51, 62, 34, 35]],
[231, [21, 42, 2, 12, 16, 37, 38, 56, 17, 40, 25, 26, 28, 29, 49, 62, 13, 55]],
[231, [21, 42, 2, 12, 16, 37, 38, 56, 17, 40, 46, 47, 9, 49, 51, 62, 53, 54]],
[231, [21, 42, 2, 12, 16, 37, 38, 56, 17, 40, 46, 47, 28, 29, 49, 62, 33, 63]],
[231, [21, 42, 2, 12, 16, 37, 38, 56, 39, 57, 8, 48, 9, 27, 50, 51, 13, 55]],
[231, [21, 42, 2, 12, 16, 37, 38, 56, 39, 57, 8, 48, 27, 28, 29, 50, 34, 35]],
[231, [21, 42, 2, 12, 16, 37, 38, 56, 39, 57, 24, 61, 9, 27, 50, 51, 33, 63]],
[231, [21, 42, 2, 12, 16, 37, 38, 56, 39, 57, 24, 61, 27, 28, 29, 50, 53, 54]],
[231, [21, 42, 2, 12, 16, 37, 38, 56, 39, 57, 25, 26, 9, 27, 50, 51, 34, 35]],
[231, [21, 42, 2, 12, 16, 37, 38, 56, 39, 57, 25, 26, 27, 28, 29, 50, 13, 55]],
[231, [21, 42, 2, 12, 16, 37, 38, 56, 39, 57, 46, 47, 9, 27, 50, 51, 53, 54]],
[231, [21, 42, 2, 12, 16, 37, 38, 56, 39, 57, 46, 47, 27, 28, 29, 50, 33, 63]],
[231, [21, 42, 11, 32, 3, 14, 15, 36, 17, 40, 8, 48, 9, 27, 50, 51, 13, 55]],
[231, [21, 42, 11, 32, 3, 14, 15, 36, 17, 40, 8, 48, 27, 28, 29, 50, 34, 35]],
[231, [21, 42, 11, 32, 3, 14, 15, 36, 17, 40, 24, 61, 9, 27, 50, 51, 33, 63]],
[231, [21, 42, 11, 32, 3, 14, 15, 36, 17, 40, 24, 61, 27, 28, 29, 50, 53, 54]],
[231, [21, 42, 11, 32, 3, 14, 15, 36, 17, 40, 25, 26, 9, 27, 50, 51, 34, 35]],
[231, [21, 42, 11, 32, 3, 14, 15, 36, 17, 40, 25, 26, 27, 28, 29, 50, 13, 55]],
[231, [21, 42, 11, 32, 3, 14, 15, 36, 17, 40, 46, 47, 9, 27, 50, 51, 53, 54]],
[231, [21, 42, 11, 32, 3, 14, 15, 36, 17, 40, 46, 47, 27, 28, 29, 50, 33, 63]],
[231, [21, 42, 11, 32, 3, 14, 15, 36, 39, 57, 8, 48, 9, 49, 51, 62, 13, 55]],
[231, [21, 42, 11, 32, 3, 14, 15, 36, 39, 57, 8, 48, 28, 29, 49, 62, 34, 35]],
[231, [21, 42, 11, 32, 3, 14, 15, 36, 39, 57, 24, 61, 9, 49, 51, 62, 33, 63]],
[231, [21, 42, 11, 32, 3, 14, 15, 36, 39, 57, 24, 61, 28, 29, 49, 62, 53, 54]],
[231, [21, 42, 11, 32, 3, 14, 15, 36, 39, 57, 25, 26, 9, 49, 51, 62, 34, 35]],
[231, [21, 42, 11, 32, 3, 14, 15, 36, 39, 57, 25, 26, 28, 29, 49, 62, 13, 55]],
[231, [21, 42, 11, 32, 3, 14, 15, 36, 39, 57, 46, 47, 9, 49, 51, 62, 53, 54]],
[231, [21, 42, 11, 32, 3, 14, 15, 36, 39, 57, 46, 47, 28, 29, 49, 62, 33, 63]],
[231, [21, 42, 11, 32, 16, 37, 38, 56, 17, 40, 8, 48, 9, 27, 50, 51, 13, 55]],
[231, [21, 42, 11, 32, 16, 37, 38, 56, 17, 40, 8, 48, 27, 28, 29, 50, 34, 35]],
[231, [21, 42, 11, 32, 16, 37, 38, 56, 17, 40, 24, 61, 9, 27, 50, 51, 33, 63]],
[231, [21, 42, 11, 32, 16, 37, 38, 56, 17, 40, 24, 61, 27, 28, 29, 50, 53, 54]],
[231, [21, 42, 11, 32, 16, 37, 38, 56, 17, 40, 25, 26, 9, 27, 50, 51, 34, 35]],
[231, [21, 42, 11, 32, 16, 37, 38, 56, 17, 40, 25, 26, 27, 28, 29, 50, 13, 55]],
[231, [21, 42, 11, 32, 16, 37, 38, 56, 17, 40, 46, 47, 9, 27, 50, 51, 53, 54]],
[231, [21, 42, 11, 32, 16, 37, 38, 56, 17, 40, 46, 47, 27, 28, 29, 50, 33, 63]],
[231, [21, 42, 11, 32, 16, 37, 38, 56, 39, 57, 8, 48, 9, 49, 51, 62, 13, 55]],
[231, [21, 42, 11, 32, 16, 37, 38, 56, 39, 57, 8, 48, 28, 29, 49, 62, 34, 35]],
[231, [21, 42, 11, 32, 16, 37, 38, 56, 39, 57, 24, 61, 9, 49, 51, 62, 33, 63]],
[231, [21, 42, 11, 32, 16, 37, 38, 56, 39, 57, 24, 61, 28, 29, 49, 62, 53, 54]],
[231, [21, 42, 11, 32, 16, 37, 38, 56, 39, 57, 25, 26, 9, 49, 51, 62, 34, 35]],
[231, [21, 42, 11, 32, 16, 37, 38, 56, 39, 57, 25, 26, 28, 29, 49, 62, 13, 55]],
[231, [21, 42, 11, 32, 16, 37, 38, 56, 39, 57, 46, 47, 9, 49, 51, 62, 53, 54]],
[231, [21, 42, 11, 32, 16, 37, 38, 56, 39, 57, 46, 47, 28, 29, 49, 62, 33, 63]],
[231, [5, 20, 2, 11, 31, 52, 17, 57, 8, 24, 26, 61, 27, 50, 33, 54, 23, 60]],
[231, [5, 20, 2, 11, 31, 52, 17, 57, 8, 24, 26, 61, 49, 62, 53, 63, 23, 60]],
[231, [5, 20, 2, 11, 31, 52, 17, 57, 8, 24, 47, 48, 27, 50, 34, 55, 58, 59]],
[231, [5, 20, 2, 11, 31, 52, 17, 57, 8, 24, 47, 48, 49, 62, 13, 35, 58, 59]],
[231, [5, 20, 2, 11, 31, 52, 17, 57, 8, 26, 46, 47, 27, 50, 33, 54, 44, 45]],
[231, [5, 20, 2, 11, 31, 52, 17, 57, 8, 26, 46, 47, 49, 62, 53, 63, 44, 45]],
[231, [5, 20, 2, 11, 31, 52, 17, 57, 8, 46, 48, 61, 27, 50, 13, 35, 58, 59]],
[231, [5, 20, 2, 11, 31, 52, 17, 57, 8, 46, 48, 61, 49, 62, 34, 55, 58, 59]],
[231, [5, 20, 2, 11, 31, 52, 17, 57, 24, 25, 26, 47, 27, 50, 34, 55, 43, 64]],
[231, [5, 20, 2, 11, 31, 52, 17, 57, 24, 25, 26, 47, 49, 62, 13, 35, 43, 64]],
[231, [5, 20, 2, 11, 31, 52, 17, 57, 24, 25, 48, 61, 27, 50, 53, 63, 23, 60]],
[231, [5, 20, 2, 11, 31, 52, 17, 57, 24, 25, 48, 61, 49, 62, 33, 54, 23, 60]],
[231, [5, 20, 2, 11, 31, 52, 17, 57, 25, 26, 46, 61, 27, 50, 13, 35, 43, 64]],
[231, [5, 20, 2, 11, 31, 52, 17, 57, 25, 26, 46, 61, 49, 62, 34, 55, 43, 64]],
[231, [5, 20, 2, 11, 31, 52, 17, 57, 25, 46, 47, 48, 27, 50, 53, 63, 44, 45]],
[231, [5, 20, 2, 11, 31, 52, 17, 57, 25, 46, 47, 48, 49, 62, 33, 54, 44, 45]],
[231, [5, 20, 2, 11, 31, 52, 39, 40, 8, 24, 26, 61, 27, 50, 33, 54, 44, 45]],
[231, [5, 20, 2, 11, 31, 52, 39, 40, 8, 24, 26, 61, 49, 62, 53, 63, 44, 45]],
[231, [5, 20, 2, 11, 31, 52, 39, 40, 8, 24, 47, 48, 27, 50, 34, 55, 43, 64]],
[231, [5, 20, 2, 11, 31, 52, 39, 40, 8, 24, 47, 48, 49, 62, 13, 35, 43, 64]],
[231, [5, 20, 2, 11, 31, 52, 39, 40, 8, 26, 46, 47, 27, 50, 33, 54, 23, 60]],
[231, [5, 20, 2, 11, 31, 52, 39, 40, 8, 26, 46, 47, 49, 62, 53, 63, 23, 60]],
[231, [5, 20, 2, 11, 31, 52, 39, 40, 8, 46, 48, 61, 27, 50, 13, 35, 43, 64]],
[231, [5, 20, 2, 11, 31, 52, 39, 40, 8, 46, 48, 61, 49, 62, 34, 55, 43, 64]],
[231, [5, 20, 2, 11, 31, 52, 39, 40, 24, 25, 26, 47, 27, 50, 34, 55, 58, 59]],
[231, [5, 20, 2, 11, 31, 52, 39, 40, 24, 25, 26, 47, 49, 62, 13, 35, 58, 59]],
[231, [5, 20, 2, 11, 31, 52, 39, 40, 24, 25, 48, 61, 27, 50, 53, 63, 44, 45]],
[231, [5, 20, 2, 11, 31, 52, 39, 40, 24, 25, 48, 61, 49, 62, 33, 54, 44, 45]],
[231, [5, 20, 2, 11, 31, 52, 39, 40, 25, 26, 46, 61, 27, 50, 13, 35, 58, 59]],
[231, [5, 20, 2, 11, 31, 52, 39, 40, 25, 26, 46, 61, 49, 62, 34, 55, 58, 59]],
[231, [5, 20, 2, 11, 31, 52, 39, 40, 25, 46, 47, 48, 27, 50, 53, 63, 23, 60]],
[231, [5, 20, 2, 11, 31, 52, 39, 40, 25, 46, 47, 48, 49, 62, 33, 54, 23, 60]],
[231, [5, 20, 10, 12, 30, 32, 17, 57, 8, 24, 26, 61, 27, 50, 33, 54, 23, 60]],
[231, [5, 20, 10, 12, 30, 32, 17, 57, 8, 24, 26, 61, 49, 62, 53, 63, 23, 60]],
[231, [5, 20, 10, 12, 30, 32, 17, 57, 8, 24, 47, 48, 27, 50, 34, 55, 58, 59]],
[231, [5, 20, 10, 12, 30, 32, 17, 57, 8, 24, 47, 48, 49, 62, 13, 35, 58, 59]],
[231, [5, 20, 10, 12, 30, 32, 17, 57, 8, 26, 46, 47, 27, 50, 33, 54, 44, 45]],
[231, [5, 20, 10, 12, 30, 32, 17, 57, 8, 26, 46, 47, 49, 62, 53, 63, 44, 45]],
[231, [5, 20, 10, 12, 30, 32, 17, 57, 8, 46, 48, 61, 27, 50, 13, 35, 58, 59]],
[231, [5, 20, 10, 12, 30, 32, 17, 57, 8, 46, 48, 61, 49, 62, 34, 55, 58, 59]],
[231, [5, 20, 10, 12, 30, 32, 17, 57, 24, 25, 26, 47, 27, 50, 34, 55, 43, 64]],
[231, [5, 20, 10, 12, 30, 32, 17, 57, 24, 25, 26, 47, 49, 62, 13, 35, 43, 64]],
[231, [5, 20, 10, 12, 30, 32, 17, 57, 24, 25, 48, 61, 27, 50, 53, 63, 23, 60]],
[231, [5, 20, 10, 12, 30, 32, 17, 57, 24, 25, 48, 61, 49, 62, 33, 54, 23, 60]],
[231, [5, 20, 10, 12, 30, 32, 17, 57, 25, 26, 46, 61, 27, 50, 13, 35, 43, 64]],
[231, [5, 20, 10, 12, 30, 32, 17, 57, 25, 26, 46, 61, 49, 62, 34, 55, 43, 64]],
[231, [5, 20, 10, 12, 30, 32, 17, 57, 25, 46, 47, 48, 27, 50, 53, 63, 44, 45]],
[231, [5, 20, 10, 12, 30, 32, 17, 57, 25, 46, 47, 48, 49, 62, 33, 54, 44, 45]],
[231, [5, 20, 10, 12, 30, 32, 39, 40, 8, 24, 26, 61, 27, 50, 33, 54, 44, 45]],
[231, [5, 20, 10, 12, 30, 32, 39, 40, 8, 24, 26, 61, 49, 62, 53, 63, 44, 45]],
[231, [5, 20, 10, 12, 30, 32, 39, 40, 8, 24, 47, 48, 27, 50, 34, 55, 43, 64]],
[231, [5, 20, 10, 12, 30, 32, 39, 40, 8, 24, 47, 48, 49, 62, 13, 35, 43, 64]],
[231, [5, 20, 10, 12, 30, 32, 39, 40, 8, 26, 46, 47, 27, 50, 33, 54, 23, 60]],
[231, [5, 20, 10, 12, 30, 32, 39, 40, 8, 26, 46, 47, 49, 62, 53, 63, 23, 60]],
[231, [5, 20, 10, 12, 30, 32, 39, 40, 8, 46, 48, 61, 27, 50, 13, 35, 43, 64]],
[231, [5, 20, 10, 12, 30, 32, 39, 40, 8, 46, 48, 61, 49, 62, 34, 55, 43, 64]],
[231, [5, 20, 10, 12, 30, 32, 39, 40, 24, 25, 26, 47, 27, 50, 34, 55, 58, 59]],
[231, [5, 20, 10, 12, 30, 32, 39, 40, 24, 25, 26, 47, 49, 62, 13, 35, 58, 59]],
[231, [5, 20, 10, 12, 30, 32, 39, 40, 24, 25, 48, 61, 27, 50, 53, 63, 44, 45]],
[231, [5, 20, 10, 12, 30, 32, 39, 40, 24, 25, 48, 61, 49, 62, 33, 54, 44, 45]],
[231, [5, 20, 10, 12, 30, 32, 39, 40, 25, 26, 46, 61, 27, 50, 13, 35, 58, 59]],
[231, [5, 20, 10, 12, 30, 32, 39, 40, 25, 26, 46, 61, 49, 62, 34, 55, 58, 59]],
[231, [5, 20, 10, 12, 30, 32, 39, 40, 25, 46, 47, 48, 27, 50, 53, 63, 23, 60]],
[231, [5, 20, 10, 12, 30, 32, 39, 40, 25, 46, 47, 48, 49, 62, 33, 54, 23, 60]],
[231, [21, 42, 2, 10, 11, 30, 17, 57, 8, 24, 26, 61, 27, 50, 33, 54, 23, 60]],
[231, [21, 42, 2, 10, 11, 30, 17, 57, 8, 24, 26, 61, 49, 62, 53, 63, 23, 60]],
[231, [21, 42, 2, 10, 11, 30, 17, 57, 8, 24, 47, 48, 27, 50, 34, 55, 58, 59]],
[231, [21, 42, 2, 10, 11, 30, 17, 57, 8, 24, 47, 48, 49, 62, 13, 35, 58, 59]],
[231, [21, 42, 2, 10, 11, 30, 17, 57, 8, 26, 46, 47, 27, 50, 33, 54, 44, 45]],
[231, [21, 42, 2, 10, 11, 30, 17, 57, 8, 26, 46, 47, 49, 62, 53, 63, 44, 45]],
[231, [21, 42, 2, 10, 11, 30, 17, 57, 8, 46, 48, 61, 27, 50, 13, 35, 58, 59]],
[231, [21, 42, 2, 10, 11, 30, 17, 57, 8, 46, 48, 61, 49, 62, 34, 55, 58, 59]],
[231, [21, 42, 2, 10, 11, 30, 17, 57, 24, 25, 26, 47, 27, 50, 34, 55, 43, 64]],
[231, [21, 42, 2, 10, 11, 30, 17, 57, 24, 25, 26, 47, 49, 62, 13, 35, 43, 64]],
[231, [21, 42, 2, 10, 11, 30, 17, 57, 24, 25, 48, 61, 27, 50, 53, 63, 23, 60]],
[231, [21, 42, 2, 10, 11, 30, 17, 57, 24, 25, 48, 61, 49, 62, 33, 54, 23, 60]],
[231, [21, 42, 2, 10, 11, 30, 17, 57, 25, 26, 46, 61, 27, 50, 13, 35, 43, 64]],
[231, [21, 42, 2, 10, 11, 30, 17, 57, 25, 26, 46, 61, 49, 62, 34, 55, 43, 64]],
[231, [21, 42, 2, 10, 11, 30, 17, 57, 25, 46, 47, 48, 27, 50, 53, 63, 44, 45]],
[231, [21, 42, 2, 10, 11, 30, 17, 57, 25, 46, 47, 48, 49, 62, 33, 54, 44, 45]],
[231, [21, 42, 2, 10, 11, 30, 39, 40, 8, 24, 26, 61, 27, 50, 33, 54, 44, 45]],
[231, [21, 42, 2, 10, 11, 30, 39, 40, 8, 24, 26, 61, 49, 62, 53, 63, 44, 45]],
[231, [21, 42, 2, 10, 11, 30, 39, 40, 8, 24, 47, 48, 27, 50, 34, 55, 43, 64]],
[231, [21, 42, 2, 10, 11, 30, 39, 40, 8, 24, 47, 48, 49, 62, 13, 35, 43, 64]],
[231, [21, 42, 2, 10, 11, 30, 39, 40, 8, 26, 46, 47, 27, 50, 33, 54, 23, 60]],
[231, [21, 42, 2, 10, 11, 30, 39, 40, 8, 26, 46, 47, 49, 62, 53, 63, 23, 60]],
[231, [21, 42, 2, 10, 11, 30, 39, 40, 8, 46, 48, 61, 27, 50, 13, 35, 43, 64]],
[231, [21, 42, 2, 10, 11, 30, 39, 40, 8, 46, 48, 61, 49, 62, 34, 55, 43, 64]],
[231, [21, 42, 2, 10, 11, 30, 39, 40, 24, 25, 26, 47, 27, 50, 34, 55, 58, 59]],
[231, [21, 42, 2, 10, 11, 30, 39, 40, 24, 25, 26, 47, 49, 62, 13, 35, 58, 59]],
[231, [21, 42, 2, 10, 11, 30, 39, 40, 24, 25, 48, 61, 27, 50, 53, 63, 44, 45]],
[231, [21, 42, 2, 10, 11, 30, 39, 40, 24, 25, 48, 61, 49, 62, 33, 54, 44, 45]],
[231, [21, 42, 2, 10, 11, 30, 39, 40, 25, 26, 46, 61, 27, 50, 13, 35, 58, 59]],
[231, [21, 42, 2, 10, 11, 30, 39, 40, 25, 26, 46, 61, 49, 62, 34, 55, 58, 59]],
[231, [21, 42, 2, 10, 11, 30, 39, 40, 25, 46, 47, 48, 27, 50, 53, 63, 23, 60]],
[231, [21, 42, 2, 10, 11, 30, 39, 40, 25, 46, 47, 48, 49, 62, 33, 54, 23, 60]],
[231, [21, 42, 12, 31, 32, 52, 17, 57, 8, 24, 26, 61, 27, 50, 33, 54, 23, 60]],
[231, [21, 42, 12, 31, 32, 52, 17, 57, 8, 24, 26, 61, 49, 62, 53, 63, 23, 60]],
[231, [21, 42, 12, 31, 32, 52, 17, 57, 8, 24, 47, 48, 27, 50, 34, 55, 58, 59]],
[231, [21, 42, 12, 31, 32, 52, 17, 57, 8, 24, 47, 48, 49, 62, 13, 35, 58, 59]],
[231, [21, 42, 12, 31, 32, 52, 17, 57, 8, 26, 46, 47, 27, 50, 33, 54, 44, 45]],
[231, [21, 42, 12, 31, 32, 52, 17, 57, 8, 26, 46, 47, 49, 62, 53, 63, 44, 45]],
[231, [21, 42, 12, 31, 32, 52, 17, 57, 8, 46, 48, 61, 27, 50, 13, 35, 58, 59]],
[231, [21, 42, 12, 31, 32, 52, 17, 57, 8, 46, 48, 61, 49, 62, 34, 55, 58, 59]],
[231, [21, 42, 12, 31, 32, 52, 17, 57, 24, 25, 26, 47, 27, 50, 34, 55, 43, 64]],
[231, [21, 42, 12, 31, 32, 52, 17, 57, 24, 25, 26, 47, 49, 62, 13, 35, 43, 64]],
[231, [21, 42, 12, 31, 32, 52, 17, 57, 24, 25, 48, 61, 27, 50, 53, 63, 23, 60]],
[231, [21, 42, 12, 31, 32, 52, 17, 57, 24, 25, 48, 61, 49, 62, 33, 54, 23, 60]],
[231, [21, 42, 12, 31, 32, 52, 17, 57, 25, 26, 46, 61, 27, 50, 13, 35, 43, 64]],
[231, [21, 42, 12, 31, 32, 52, 17, 57, 25, 26, 46, 61, 49, 62, 34, 55, 43, 64]],
[231, [21, 42, 12, 31, 32, 52, 17, 57, 25, 46, 47, 48, 27, 50, 53, 63, 44, 45]],
[231, [21, 42, 12, 31, 32, 52, 17, 57, 25, 46, 47, 48, 49, 62, 33, 54, 44, 45]],
[231, [21, 42, 12, 31, 32, 52, 39, 40, 8, 24, 26, 61, 27, 50, 33, 54, 44, 45]],
[231, [21, 42, 12, 31, 32, 52, 39, 40, 8, 24, 26, 61, 49, 62, 53, 63, 44, 45]],
[231, [21, 42, 12, 31, 32, 52, 39, 40, 8, 24, 47, 48, 27, 50, 34, 55, 43, 64]],
[231, [21, 42, 12, 31, 32, 52, 39, 40, 8, 24, 47, 48, 49, 62, 13, 35, 43, 64]],
[231, [21, 42, 12, 31, 32, 52, 39, 40, 8, 26, 46, 47, 27, 50, 33, 54, 23, 60]],
[231, [21, 42, 12, 31, 32, 52, 39, 40, 8, 26, 46, 47, 49, 62, 53, 63, 23, 60]],
[231, [21, 42, 12, 31, 32, 52, 39, 40, 8, 46, 48, 61, 27, 50, 13, 35, 43, 64]],
[231, [21, 42, 12, 31, 32, 52, 39, 40, 8, 46, 48, 61, 49, 62, 34, 55, 43, 64]],
[231, [21, 42, 12, 31, 32, 52, 39, 40, 24, 25, 26, 47, 27, 50, 34, 55, 58, 59]],
[231, [21, 42, 12, 31, 32, 52, 39, 40, 24, 25, 26, 47, 49, 62, 13, 35, 58, 59]],
[231, [21, 42, 12, 31, 32, 52, 39, 40, 24, 25, 48, 61, 27, 50, 53, 63, 44, 45]],
[231, [21, 42, 12, 31, 32, 52, 39, 40, 24, 25, 48, 61, 49, 62, 33, 54, 44, 45]],
[231, [21, 42, 12, 31, 32, 52, 39, 40, 25, 26, 46, 61, 27, 50, 13, 35, 58, 59]],
[231, [21, 42, 12, 31, 32, 52, 39, 40, 25, 26, 46, 61, 49, 62, 34, 55, 58, 59]],
[231, [21, 42, 12, 31, 32, 52, 39, 40, 25, 46, 47, 48, 27, 50, 53, 63, 23, 60]],
[231, [21, 42, 12, 31, 32, 52, 39, 40, 25, 46, 47, 48, 49, 62, 33, 54, 23, 60]]];
