pds_list := [[179, [6, 22, 2, 10, 3, 14, 15, 56, 26, 47, 9, 50, 13, 35, 53, 63, 58, 60]],
[179, [6, 22, 2, 10, 3, 14, 15, 56, 26, 47, 9, 50, 33, 34, 54, 55, 58, 60]],
[179, [6, 22, 2, 10, 3, 14, 15, 56, 26, 47, 27, 29, 13, 35, 53, 63, 44, 64]],
[179, [6, 22, 2, 10, 3, 14, 15, 56, 26, 47, 27, 29, 33, 34, 54, 55, 44, 64]],
[179, [6, 22, 2, 10, 3, 14, 15, 56, 26, 47, 28, 62, 13, 35, 53, 63, 23, 59]],
[179, [6, 22, 2, 10, 3, 14, 15, 56, 26, 47, 28, 62, 33, 34, 54, 55, 23, 59]],
[179, [6, 22, 2, 10, 3, 14, 15, 56, 26, 47, 49, 51, 13, 35, 53, 63, 43, 45]],
[179, [6, 22, 2, 10, 3, 14, 15, 56, 26, 47, 49, 51, 33, 34, 54, 55, 43, 45]],
[179, [6, 22, 2, 10, 3, 14, 36, 38, 26, 47, 9, 50, 13, 35, 53, 63, 44, 64]],
[179, [6, 22, 2, 10, 3, 14, 36, 38, 26, 47, 9, 50, 33, 34, 54, 55, 44, 64]],
[179, [6, 22, 2, 10, 3, 14, 36, 38, 26, 47, 27, 29, 13, 35, 53, 63, 58, 60]],
[179, [6, 22, 2, 10, 3, 14, 36, 38, 26, 47, 27, 29, 33, 34, 54, 55, 58, 60]],
[179, [6, 22, 2, 10, 3, 14, 36, 38, 26, 47, 28, 62, 13, 35, 53, 63, 43, 45]],
[179, [6, 22, 2, 10, 3, 14, 36, 38, 26, 47, 28, 62, 33, 34, 54, 55, 43, 45]],
[179, [6, 22, 2, 10, 3, 14, 36, 38, 26, 47, 49, 51, 13, 35, 53, 63, 23, 59]],
[179, [6, 22, 2, 10, 3, 14, 36, 38, 26, 47, 49, 51, 33, 34, 54, 55, 23, 59]],
[179, [6, 22, 2, 10, 15, 16, 37, 56, 8, 24, 9, 50, 13, 35, 53, 63, 58, 60]],
[179, [6, 22, 2, 10, 15, 16, 37, 56, 8, 24, 9, 50, 33, 34, 54, 55, 58, 60]],
[179, [6, 22, 2, 10, 15, 16, 37, 56, 8, 24, 27, 29, 13, 35, 53, 63, 44, 64]],
[179, [6, 22, 2, 10, 15, 16, 37, 56, 8, 24, 27, 29, 33, 34, 54, 55, 44, 64]],
[179, [6, 22, 2, 10, 15, 16, 37, 56, 8, 24, 28, 62, 13, 35, 53, 63, 23, 59]],
[179, [6, 22, 2, 10, 15, 16, 37, 56, 8, 24, 28, 62, 33, 34, 54, 55, 23, 59]],
[179, [6, 22, 2, 10, 15, 16, 37, 56, 8, 24, 49, 51, 13, 35, 53, 63, 43, 45]],
[179, [6, 22, 2, 10, 15, 16, 37, 56, 8, 24, 49, 51, 33, 34, 54, 55, 43, 45]],
[179, [6, 22, 2, 10, 16, 36, 37, 38, 8, 24, 9, 50, 13, 35, 53, 63, 44, 64]],
[179, [6, 22, 2, 10, 16, 36, 37, 38, 8, 24, 9, 50, 33, 34, 54, 55, 44, 64]],
[179, [6, 22, 2, 10, 16, 36, 37, 38, 8, 24, 27, 29, 13, 35, 53, 63, 58, 60]],
[179, [6, 22, 2, 10, 16, 36, 37, 38, 8, 24, 27, 29, 33, 34, 54, 55, 58, 60]],
[179, [6, 22, 2, 10, 16, 36, 37, 38, 8, 24, 28, 62, 13, 35, 53, 63, 43, 45]],
[179, [6, 22, 2, 10, 16, 36, 37, 38, 8, 24, 28, 62, 33, 34, 54, 55, 43, 45]],
[179, [6, 22, 2, 10, 16, 36, 37, 38, 8, 24, 49, 51, 13, 35, 53, 63, 23, 59]],
[179, [6, 22, 2, 10, 16, 36, 37, 38, 8, 24, 49, 51, 33, 34, 54, 55, 23, 59]],
[179, [6, 22, 11, 30, 3, 14, 15, 56, 48, 61, 9, 50, 13, 35, 53, 63, 58, 60]],
[179, [6, 22, 11, 30, 3, 14, 15, 56, 48, 61, 9, 50, 33, 34, 54, 55, 58, 60]],
[179, [6, 22, 11, 30, 3, 14, 15, 56, 48, 61, 27, 29, 13, 35, 53, 63, 44, 64]],
[179, [6, 22, 11, 30, 3, 14, 15, 56, 48, 61, 27, 29, 33, 34, 54, 55, 44, 64]],
[179, [6, 22, 11, 30, 3, 14, 15, 56, 48, 61, 28, 62, 13, 35, 53, 63, 23, 59]],
[179, [6, 22, 11, 30, 3, 14, 15, 56, 48, 61, 28, 62, 33, 34, 54, 55, 23, 59]],
[179, [6, 22, 11, 30, 3, 14, 15, 56, 48, 61, 49, 51, 13, 35, 53, 63, 43, 45]],
[179, [6, 22, 11, 30, 3, 14, 15, 56, 48, 61, 49, 51, 33, 34, 54, 55, 43, 45]],
[179, [6, 22, 11, 30, 3, 14, 36, 38, 48, 61, 9, 50, 13, 35, 53, 63, 44, 64]],
[179, [6, 22, 11, 30, 3, 14, 36, 38, 48, 61, 9, 50, 33, 34, 54, 55, 44, 64]],
[179, [6, 22, 11, 30, 3, 14, 36, 38, 48, 61, 27, 29, 13, 35, 53, 63, 58, 60]],
[179, [6, 22, 11, 30, 3, 14, 36, 38, 48, 61, 27, 29, 33, 34, 54, 55, 58, 60]],
[179, [6, 22, 11, 30, 3, 14, 36, 38, 48, 61, 28, 62, 13, 35, 53, 63, 43, 45]],
[179, [6, 22, 11, 30, 3, 14, 36, 38, 48, 61, 28, 62, 33, 34, 54, 55, 43, 45]],
[179, [6, 22, 11, 30, 3, 14, 36, 38, 48, 61, 49, 51, 13, 35, 53, 63, 23, 59]],
[179, [6, 22, 11, 30, 3, 14, 36, 38, 48, 61, 49, 51, 33, 34, 54, 55, 23, 59]],
[179, [6, 22, 11, 30, 15, 16, 37, 56, 25, 46, 9, 50, 13, 35, 53, 63, 58, 60]],
[179, [6, 22, 11, 30, 15, 16, 37, 56, 25, 46, 9, 50, 33, 34, 54, 55, 58, 60]],
[179, [6, 22, 11, 30, 15, 16, 37, 56, 25, 46, 27, 29, 13, 35, 53, 63, 44, 64]],
[179, [6, 22, 11, 30, 15, 16, 37, 56, 25, 46, 27, 29, 33, 34, 54, 55, 44, 64]],
[179, [6, 22, 11, 30, 15, 16, 37, 56, 25, 46, 28, 62, 13, 35, 53, 63, 23, 59]],
[179, [6, 22, 11, 30, 15, 16, 37, 56, 25, 46, 28, 62, 33, 34, 54, 55, 23, 59]],
[179, [6, 22, 11, 30, 15, 16, 37, 56, 25, 46, 49, 51, 13, 35, 53, 63, 43, 45]],
[179, [6, 22, 11, 30, 15, 16, 37, 56, 25, 46, 49, 51, 33, 34, 54, 55, 43, 45]],
[179, [6, 22, 11, 30, 16, 36, 37, 38, 25, 46, 9, 50, 13, 35, 53, 63, 44, 64]],
[179, [6, 22, 11, 30, 16, 36, 37, 38, 25, 46, 9, 50, 33, 34, 54, 55, 44, 64]],
[179, [6, 22, 11, 30, 16, 36, 37, 38, 25, 46, 27, 29, 13, 35, 53, 63, 58, 60]],
[179, [6, 22, 11, 30, 16, 36, 37, 38, 25, 46, 27, 29, 33, 34, 54, 55, 58, 60]],
[179, [6, 22, 11, 30, 16, 36, 37, 38, 25, 46, 28, 62, 13, 35, 53, 63, 43, 45]],
[179, [6, 22, 11, 30, 16, 36, 37, 38, 25, 46, 28, 62, 33, 34, 54, 55, 43, 45]],
[179, [6, 22, 11, 30, 16, 36, 37, 38, 25, 46, 49, 51, 13, 35, 53, 63, 23, 59]],
[179, [6, 22, 11, 30, 16, 36, 37, 38, 25, 46, 49, 51, 33, 34, 54, 55, 23, 59]],
[179, [6, 22, 12, 31, 3, 14, 15, 56, 8, 24, 9, 50, 13, 35, 53, 63, 58, 60]],
[179, [6, 22, 12, 31, 3, 14, 15, 56, 8, 24, 9, 50, 33, 34, 54, 55, 58, 60]],
[179, [6, 22, 12, 31, 3, 14, 15, 56, 8, 24, 27, 29, 13, 35, 53, 63, 44, 64]],
[179, [6, 22, 12, 31, 3, 14, 15, 56, 8, 24, 27, 29, 33, 34, 54, 55, 44, 64]],
[179, [6, 22, 12, 31, 3, 14, 15, 56, 8, 24, 28, 62, 13, 35, 53, 63, 23, 59]],
[179, [6, 22, 12, 31, 3, 14, 15, 56, 8, 24, 28, 62, 33, 34, 54, 55, 23, 59]],
[179, [6, 22, 12, 31, 3, 14, 15, 56, 8, 24, 49, 51, 13, 35, 53, 63, 43, 45]],
[179, [6, 22, 12, 31, 3, 14, 15, 56, 8, 24, 49, 51, 33, 34, 54, 55, 43, 45]],
[179, [6, 22, 12, 31, 3, 14, 36, 38, 8, 24, 9, 50, 13, 35, 53, 63, 44, 64]],
[179, [6, 22, 12, 31, 3, 14, 36, 38, 8, 24, 9, 50, 33, 34, 54, 55, 44, 64]],
[179, [6, 22, 12, 31, 3, 14, 36, 38, 8, 24, 27, 29, 13, 35, 53, 63, 58, 60]],
[179, [6, 22, 12, 31, 3, 14, 36, 38, 8, 24, 27, 29, 33, 34, 54, 55, 58, 60]],
[179, [6, 22, 12, 31, 3, 14, 36, 38, 8, 24, 28, 62, 13, 35, 53, 63, 43, 45]],
[179, [6, 22, 12, 31, 3, 14, 36, 38, 8, 24, 28, 62, 33, 34, 54, 55, 43, 45]],
[179, [6, 22, 12, 31, 3, 14, 36, 38, 8, 24, 49, 51, 13, 35, 53, 63, 23, 59]],
[179, [6, 22, 12, 31, 3, 14, 36, 38, 8, 24, 49, 51, 33, 34, 54, 55, 23, 59]],
[179, [6, 22, 12, 31, 15, 16, 37, 56, 26, 47, 9, 50, 13, 35, 53, 63, 58, 60]],
[179, [6, 22, 12, 31, 15, 16, 37, 56, 26, 47, 9, 50, 33, 34, 54, 55, 58, 60]],
[179, [6, 22, 12, 31, 15, 16, 37, 56, 26, 47, 27, 29, 13, 35, 53, 63, 44, 64]],
[179, [6, 22, 12, 31, 15, 16, 37, 56, 26, 47, 27, 29, 33, 34, 54, 55, 44, 64]],
[179, [6, 22, 12, 31, 15, 16, 37, 56, 26, 47, 28, 62, 13, 35, 53, 63, 23, 59]],
[179, [6, 22, 12, 31, 15, 16, 37, 56, 26, 47, 28, 62, 33, 34, 54, 55, 23, 59]],
[179, [6, 22, 12, 31, 15, 16, 37, 56, 26, 47, 49, 51, 13, 35, 53, 63, 43, 45]],
[179, [6, 22, 12, 31, 15, 16, 37, 56, 26, 47, 49, 51, 33, 34, 54, 55, 43, 45]],
[179, [6, 22, 12, 31, 16, 36, 37, 38, 26, 47, 9, 50, 13, 35, 53, 63, 44, 64]],
[179, [6, 22, 12, 31, 16, 36, 37, 38, 26, 47, 9, 50, 33, 34, 54, 55, 44, 64]],
[179, [6, 22, 12, 31, 16, 36, 37, 38, 26, 47, 27, 29, 13, 35, 53, 63, 58, 60]],
[179, [6, 22, 12, 31, 16, 36, 37, 38, 26, 47, 27, 29, 33, 34, 54, 55, 58, 60]],
[179, [6, 22, 12, 31, 16, 36, 37, 38, 26, 47, 28, 62, 13, 35, 53, 63, 43, 45]],
[179, [6, 22, 12, 31, 16, 36, 37, 38, 26, 47, 28, 62, 33, 34, 54, 55, 43, 45]],
[179, [6, 22, 12, 31, 16, 36, 37, 38, 26, 47, 49, 51, 13, 35, 53, 63, 23, 59]],
[179, [6, 22, 12, 31, 16, 36, 37, 38, 26, 47, 49, 51, 33, 34, 54, 55, 23, 59]],
[179, [6, 22, 32, 52, 3, 14, 15, 56, 25, 46, 9, 50, 13, 35, 53, 63, 58, 60]],
[179, [6, 22, 32, 52, 3, 14, 15, 56, 25, 46, 9, 50, 33, 34, 54, 55, 58, 60]],
[179, [6, 22, 32, 52, 3, 14, 15, 56, 25, 46, 27, 29, 13, 35, 53, 63, 44, 64]],
[179, [6, 22, 32, 52, 3, 14, 15, 56, 25, 46, 27, 29, 33, 34, 54, 55, 44, 64]],
[179, [6, 22, 32, 52, 3, 14, 15, 56, 25, 46, 28, 62, 13, 35, 53, 63, 23, 59]],
[179, [6, 22, 32, 52, 3, 14, 15, 56, 25, 46, 28, 62, 33, 34, 54, 55, 23, 59]],
[179, [6, 22, 32, 52, 3, 14, 15, 56, 25, 46, 49, 51, 13, 35, 53, 63, 43, 45]],
[179, [6, 22, 32, 52, 3, 14, 15, 56, 25, 46, 49, 51, 33, 34, 54, 55, 43, 45]],
[179, [6, 22, 32, 52, 3, 14, 36, 38, 25, 46, 9, 50, 13, 35, 53, 63, 44, 64]],
[179, [6, 22, 32, 52, 3, 14, 36, 38, 25, 46, 9, 50, 33, 34, 54, 55, 44, 64]],
[179, [6, 22, 32, 52, 3, 14, 36, 38, 25, 46, 27, 29, 13, 35, 53, 63, 58, 60]],
[179, [6, 22, 32, 52, 3, 14, 36, 38, 25, 46, 27, 29, 33, 34, 54, 55, 58, 60]],
[179, [6, 22, 32, 52, 3, 14, 36, 38, 25, 46, 28, 62, 13, 35, 53, 63, 43, 45]],
[179, [6, 22, 32, 52, 3, 14, 36, 38, 25, 46, 28, 62, 33, 34, 54, 55, 43, 45]],
[179, [6, 22, 32, 52, 3, 14, 36, 38, 25, 46, 49, 51, 13, 35, 53, 63, 23, 59]],
[179, [6, 22, 32, 52, 3, 14, 36, 38, 25, 46, 49, 51, 33, 34, 54, 55, 23, 59]],
[179, [6, 22, 32, 52, 15, 16, 37, 56, 48, 61, 9, 50, 13, 35, 53, 63, 58, 60]],
[179, [6, 22, 32, 52, 15, 16, 37, 56, 48, 61, 9, 50, 33, 34, 54, 55, 58, 60]],
[179, [6, 22, 32, 52, 15, 16, 37, 56, 48, 61, 27, 29, 13, 35, 53, 63, 44, 64]],
[179, [6, 22, 32, 52, 15, 16, 37, 56, 48, 61, 27, 29, 33, 34, 54, 55, 44, 64]],
[179, [6, 22, 32, 52, 15, 16, 37, 56, 48, 61, 28, 62, 13, 35, 53, 63, 23, 59]],
[179, [6, 22, 32, 52, 15, 16, 37, 56, 48, 61, 28, 62, 33, 34, 54, 55, 23, 59]],
[179, [6, 22, 32, 52, 15, 16, 37, 56, 48, 61, 49, 51, 13, 35, 53, 63, 43, 45]],
[179, [6, 22, 32, 52, 15, 16, 37, 56, 48, 61, 49, 51, 33, 34, 54, 55, 43, 45]],
[179, [6, 22, 32, 52, 16, 36, 37, 38, 48, 61, 9, 50, 13, 35, 53, 63, 44, 64]],
[179, [6, 22, 32, 52, 16, 36, 37, 38, 48, 61, 9, 50, 33, 34, 54, 55, 44, 64]],
[179, [6, 22, 32, 52, 16, 36, 37, 38, 48, 61, 27, 29, 13, 35, 53, 63, 58, 60]],
[179, [6, 22, 32, 52, 16, 36, 37, 38, 48, 61, 27, 29, 33, 34, 54, 55, 58, 60]],
[179, [6, 22, 32, 52, 16, 36, 37, 38, 48, 61, 28, 62, 13, 35, 53, 63, 43, 45]],
[179, [6, 22, 32, 52, 16, 36, 37, 38, 48, 61, 28, 62, 33, 34, 54, 55, 43, 45]],
[179, [6, 22, 32, 52, 16, 36, 37, 38, 48, 61, 49, 51, 13, 35, 53, 63, 23, 59]],
[179, [6, 22, 32, 52, 16, 36, 37, 38, 48, 61, 49, 51, 33, 34, 54, 55, 23, 59]],
[179, [20, 42, 2, 10, 3, 14, 15, 56, 4, 18, 19, 41, 26, 47, 9, 50, 58, 60]],
[179, [20, 42, 2, 10, 3, 14, 15, 56, 4, 18, 19, 41, 26, 47, 27, 29, 44, 64]],
[179, [20, 42, 2, 10, 3, 14, 15, 56, 4, 18, 19, 41, 26, 47, 28, 62, 23, 59]],
[179, [20, 42, 2, 10, 3, 14, 15, 56, 4, 18, 19, 41, 26, 47, 49, 51, 43, 45]],
[179, [20, 42, 2, 10, 3, 14, 15, 56, 17, 39, 40, 57, 26, 47, 9, 50, 58, 60]],
[179, [20, 42, 2, 10, 3, 14, 15, 56, 17, 39, 40, 57, 26, 47, 27, 29, 44, 64]],
[179, [20, 42, 2, 10, 3, 14, 15, 56, 17, 39, 40, 57, 26, 47, 28, 62, 23, 59]],
[179, [20, 42, 2, 10, 3, 14, 15, 56, 17, 39, 40, 57, 26, 47, 49, 51, 43, 45]],
[179, [20, 42, 2, 10, 3, 14, 36, 38, 4, 18, 19, 41, 26, 47, 9, 50, 44, 64]],
[179, [20, 42, 2, 10, 3, 14, 36, 38, 4, 18, 19, 41, 26, 47, 27, 29, 58, 60]],
[179, [20, 42, 2, 10, 3, 14, 36, 38, 4, 18, 19, 41, 26, 47, 28, 62, 43, 45]],
[179, [20, 42, 2, 10, 3, 14, 36, 38, 4, 18, 19, 41, 26, 47, 49, 51, 23, 59]],
[179, [20, 42, 2, 10, 3, 14, 36, 38, 17, 39, 40, 57, 26, 47, 9, 50, 44, 64]],
[179, [20, 42, 2, 10, 3, 14, 36, 38, 17, 39, 40, 57, 26, 47, 27, 29, 58, 60]],
[179, [20, 42, 2, 10, 3, 14, 36, 38, 17, 39, 40, 57, 26, 47, 28, 62, 43, 45]],
[179, [20, 42, 2, 10, 3, 14, 36, 38, 17, 39, 40, 57, 26, 47, 49, 51, 23, 59]],
[179, [20, 42, 2, 10, 15, 16, 37, 56, 4, 18, 19, 41, 8, 24, 9, 50, 58, 60]],
[179, [20, 42, 2, 10, 15, 16, 37, 56, 4, 18, 19, 41, 8, 24, 27, 29, 44, 64]],
[179, [20, 42, 2, 10, 15, 16, 37, 56, 4, 18, 19, 41, 8, 24, 28, 62, 23, 59]],
[179, [20, 42, 2, 10, 15, 16, 37, 56, 4, 18, 19, 41, 8, 24, 49, 51, 43, 45]],
[179, [20, 42, 2, 10, 15, 16, 37, 56, 17, 39, 40, 57, 8, 24, 9, 50, 58, 60]],
[179, [20, 42, 2, 10, 15, 16, 37, 56, 17, 39, 40, 57, 8, 24, 27, 29, 44, 64]],
[179, [20, 42, 2, 10, 15, 16, 37, 56, 17, 39, 40, 57, 8, 24, 28, 62, 23, 59]],
[179, [20, 42, 2, 10, 15, 16, 37, 56, 17, 39, 40, 57, 8, 24, 49, 51, 43, 45]],
[179, [20, 42, 2, 10, 16, 36, 37, 38, 4, 18, 19, 41, 8, 24, 9, 50, 44, 64]],
[179, [20, 42, 2, 10, 16, 36, 37, 38, 4, 18, 19, 41, 8, 24, 27, 29, 58, 60]],
[179, [20, 42, 2, 10, 16, 36, 37, 38, 4, 18, 19, 41, 8, 24, 28, 62, 43, 45]],
[179, [20, 42, 2, 10, 16, 36, 37, 38, 4, 18, 19, 41, 8, 24, 49, 51, 23, 59]],
[179, [20, 42, 2, 10, 16, 36, 37, 38, 17, 39, 40, 57, 8, 24, 9, 50, 44, 64]],
[179, [20, 42, 2, 10, 16, 36, 37, 38, 17, 39, 40, 57, 8, 24, 27, 29, 58, 60]],
[179, [20, 42, 2, 10, 16, 36, 37, 38, 17, 39, 40, 57, 8, 24, 28, 62, 43, 45]],
[179, [20, 42, 2, 10, 16, 36, 37, 38, 17, 39, 40, 57, 8, 24, 49, 51, 23, 59]],
[179, [20, 42, 11, 30, 3, 14, 15, 56, 4, 18, 19, 41, 48, 61, 9, 50, 58, 60]],
[179, [20, 42, 11, 30, 3, 14, 15, 56, 4, 18, 19, 41, 48, 61, 27, 29, 44, 64]],
[179, [20, 42, 11, 30, 3, 14, 15, 56, 4, 18, 19, 41, 48, 61, 28, 62, 23, 59]],
[179, [20, 42, 11, 30, 3, 14, 15, 56, 4, 18, 19, 41, 48, 61, 49, 51, 43, 45]],
[179, [20, 42, 11, 30, 3, 14, 15, 56, 17, 39, 40, 57, 48, 61, 9, 50, 58, 60]],
[179, [20, 42, 11, 30, 3, 14, 15, 56, 17, 39, 40, 57, 48, 61, 27, 29, 44, 64]],
[179, [20, 42, 11, 30, 3, 14, 15, 56, 17, 39, 40, 57, 48, 61, 28, 62, 23, 59]],
[179, [20, 42, 11, 30, 3, 14, 15, 56, 17, 39, 40, 57, 48, 61, 49, 51, 43, 45]],
[179, [20, 42, 11, 30, 3, 14, 36, 38, 4, 18, 19, 41, 48, 61, 9, 50, 44, 64]],
[179, [20, 42, 11, 30, 3, 14, 36, 38, 4, 18, 19, 41, 48, 61, 27, 29, 58, 60]],
[179, [20, 42, 11, 30, 3, 14, 36, 38, 4, 18, 19, 41, 48, 61, 28, 62, 43, 45]],
[179, [20, 42, 11, 30, 3, 14, 36, 38, 4, 18, 19, 41, 48, 61, 49, 51, 23, 59]],
[179, [20, 42, 11, 30, 3, 14, 36, 38, 17, 39, 40, 57, 48, 61, 9, 50, 44, 64]],
[179, [20, 42, 11, 30, 3, 14, 36, 38, 17, 39, 40, 57, 48, 61, 27, 29, 58, 60]],
[179, [20, 42, 11, 30, 3, 14, 36, 38, 17, 39, 40, 57, 48, 61, 28, 62, 43, 45]],
[179, [20, 42, 11, 30, 3, 14, 36, 38, 17, 39, 40, 57, 48, 61, 49, 51, 23, 59]],
[179, [20, 42, 11, 30, 15, 16, 37, 56, 4, 18, 19, 41, 25, 46, 9, 50, 58, 60]],
[179, [20, 42, 11, 30, 15, 16, 37, 56, 4, 18, 19, 41, 25, 46, 27, 29, 44, 64]],
[179, [20, 42, 11, 30, 15, 16, 37, 56, 4, 18, 19, 41, 25, 46, 28, 62, 23, 59]],
[179, [20, 42, 11, 30, 15, 16, 37, 56, 4, 18, 19, 41, 25, 46, 49, 51, 43, 45]],
[179, [20, 42, 11, 30, 15, 16, 37, 56, 17, 39, 40, 57, 25, 46, 9, 50, 58, 60]],
[179, [20, 42, 11, 30, 15, 16, 37, 56, 17, 39, 40, 57, 25, 46, 27, 29, 44, 64]],
[179, [20, 42, 11, 30, 15, 16, 37, 56, 17, 39, 40, 57, 25, 46, 28, 62, 23, 59]],
[179, [20, 42, 11, 30, 15, 16, 37, 56, 17, 39, 40, 57, 25, 46, 49, 51, 43, 45]],
[179, [20, 42, 11, 30, 16, 36, 37, 38, 4, 18, 19, 41, 25, 46, 9, 50, 44, 64]],
[179, [20, 42, 11, 30, 16, 36, 37, 38, 4, 18, 19, 41, 25, 46, 27, 29, 58, 60]],
[179, [20, 42, 11, 30, 16, 36, 37, 38, 4, 18, 19, 41, 25, 46, 28, 62, 43, 45]],
[179, [20, 42, 11, 30, 16, 36, 37, 38, 4, 18, 19, 41, 25, 46, 49, 51, 23, 59]],
[179, [20, 42, 11, 30, 16, 36, 37, 38, 17, 39, 40, 57, 25, 46, 9, 50, 44, 64]],
[179, [20, 42, 11, 30, 16, 36, 37, 38, 17, 39, 40, 57, 25, 46, 27, 29, 58, 60]],
[179, [20, 42, 11, 30, 16, 36, 37, 38, 17, 39, 40, 57, 25, 46, 28, 62, 43, 45]],
[179, [20, 42, 11, 30, 16, 36, 37, 38, 17, 39, 40, 57, 25, 46, 49, 51, 23, 59]],
[179, [20, 42, 12, 31, 3, 14, 15, 56, 4, 18, 19, 41, 8, 24, 9, 50, 58, 60]],
[179, [20, 42, 12, 31, 3, 14, 15, 56, 4, 18, 19, 41, 8, 24, 27, 29, 44, 64]],
[179, [20, 42, 12, 31, 3, 14, 15, 56, 4, 18, 19, 41, 8, 24, 28, 62, 23, 59]],
[179, [20, 42, 12, 31, 3, 14, 15, 56, 4, 18, 19, 41, 8, 24, 49, 51, 43, 45]],
[179, [20, 42, 12, 31, 3, 14, 15, 56, 17, 39, 40, 57, 8, 24, 9, 50, 58, 60]],
[179, [20, 42, 12, 31, 3, 14, 15, 56, 17, 39, 40, 57, 8, 24, 27, 29, 44, 64]],
[179, [20, 42, 12, 31, 3, 14, 15, 56, 17, 39, 40, 57, 8, 24, 28, 62, 23, 59]],
[179, [20, 42, 12, 31, 3, 14, 15, 56, 17, 39, 40, 57, 8, 24, 49, 51, 43, 45]],
[179, [20, 42, 12, 31, 3, 14, 36, 38, 4, 18, 19, 41, 8, 24, 9, 50, 44, 64]],
[179, [20, 42, 12, 31, 3, 14, 36, 38, 4, 18, 19, 41, 8, 24, 27, 29, 58, 60]],
[179, [20, 42, 12, 31, 3, 14, 36, 38, 4, 18, 19, 41, 8, 24, 28, 62, 43, 45]],
[179, [20, 42, 12, 31, 3, 14, 36, 38, 4, 18, 19, 41, 8, 24, 49, 51, 23, 59]],
[179, [20, 42, 12, 31, 3, 14, 36, 38, 17, 39, 40, 57, 8, 24, 9, 50, 44, 64]],
[179, [20, 42, 12, 31, 3, 14, 36, 38, 17, 39, 40, 57, 8, 24, 27, 29, 58, 60]],
[179, [20, 42, 12, 31, 3, 14, 36, 38, 17, 39, 40, 57, 8, 24, 28, 62, 43, 45]],
[179, [20, 42, 12, 31, 3, 14, 36, 38, 17, 39, 40, 57, 8, 24, 49, 51, 23, 59]],
[179, [20, 42, 12, 31, 15, 16, 37, 56, 4, 18, 19, 41, 26, 47, 9, 50, 58, 60]],
[179, [20, 42, 12, 31, 15, 16, 37, 56, 4, 18, 19, 41, 26, 47, 27, 29, 44, 64]],
[179, [20, 42, 12, 31, 15, 16, 37, 56, 4, 18, 19, 41, 26, 47, 28, 62, 23, 59]],
[179, [20, 42, 12, 31, 15, 16, 37, 56, 4, 18, 19, 41, 26, 47, 49, 51, 43, 45]],
[179, [20, 42, 12, 31, 15, 16, 37, 56, 17, 39, 40, 57, 26, 47, 9, 50, 58, 60]],
[179, [20, 42, 12, 31, 15, 16, 37, 56, 17, 39, 40, 57, 26, 47, 27, 29, 44, 64]],
[179, [20, 42, 12, 31, 15, 16, 37, 56, 17, 39, 40, 57, 26, 47, 28, 62, 23, 59]],
[179, [20, 42, 12, 31, 15, 16, 37, 56, 17, 39, 40, 57, 26, 47, 49, 51, 43, 45]],
[179, [20, 42, 12, 31, 16, 36, 37, 38, 4, 18, 19, 41, 26, 47, 9, 50, 44, 64]],
[179, [20, 42, 12, 31, 16, 36, 37, 38, 4, 18, 19, 41, 26, 47, 27, 29, 58, 60]],
[179, [20, 42, 12, 31, 16, 36, 37, 38, 4, 18, 19, 41, 26, 47, 28, 62, 43, 45]],
[179, [20, 42, 12, 31, 16, 36, 37, 38, 4, 18, 19, 41, 26, 47, 49, 51, 23, 59]],
[179, [20, 42, 12, 31, 16, 36, 37, 38, 17, 39, 40, 57, 26, 47, 9, 50, 44, 64]],
[179, [20, 42, 12, 31, 16, 36, 37, 38, 17, 39, 40, 57, 26, 47, 27, 29, 58, 60]],
[179, [20, 42, 12, 31, 16, 36, 37, 38, 17, 39, 40, 57, 26, 47, 28, 62, 43, 45]],
[179, [20, 42, 12, 31, 16, 36, 37, 38, 17, 39, 40, 57, 26, 47, 49, 51, 23, 59]],
[179, [20, 42, 32, 52, 3, 14, 15, 56, 4, 18, 19, 41, 25, 46, 9, 50, 58, 60]],
[179, [20, 42, 32, 52, 3, 14, 15, 56, 4, 18, 19, 41, 25, 46, 27, 29, 44, 64]],
[179, [20, 42, 32, 52, 3, 14, 15, 56, 4, 18, 19, 41, 25, 46, 28, 62, 23, 59]],
[179, [20, 42, 32, 52, 3, 14, 15, 56, 4, 18, 19, 41, 25, 46, 49, 51, 43, 45]],
[179, [20, 42, 32, 52, 3, 14, 15, 56, 17, 39, 40, 57, 25, 46, 9, 50, 58, 60]],
[179, [20, 42, 32, 52, 3, 14, 15, 56, 17, 39, 40, 57, 25, 46, 27, 29, 44, 64]],
[179, [20, 42, 32, 52, 3, 14, 15, 56, 17, 39, 40, 57, 25, 46, 28, 62, 23, 59]],
[179, [20, 42, 32, 52, 3, 14, 15, 56, 17, 39, 40, 57, 25, 46, 49, 51, 43, 45]],
[179, [20, 42, 32, 52, 3, 14, 36, 38, 4, 18, 19, 41, 25, 46, 9, 50, 44, 64]],
[179, [20, 42, 32, 52, 3, 14, 36, 38, 4, 18, 19, 41, 25, 46, 27, 29, 58, 60]],
[179, [20, 42, 32, 52, 3, 14, 36, 38, 4, 18, 19, 41, 25, 46, 28, 62, 43, 45]],
[179, [20, 42, 32, 52, 3, 14, 36, 38, 4, 18, 19, 41, 25, 46, 49, 51, 23, 59]],
[179, [20, 42, 32, 52, 3, 14, 36, 38, 17, 39, 40, 57, 25, 46, 9, 50, 44, 64]],
[179, [20, 42, 32, 52, 3, 14, 36, 38, 17, 39, 40, 57, 25, 46, 27, 29, 58, 60]],
[179, [20, 42, 32, 52, 3, 14, 36, 38, 17, 39, 40, 57, 25, 46, 28, 62, 43, 45]],
[179, [20, 42, 32, 52, 3, 14, 36, 38, 17, 39, 40, 57, 25, 46, 49, 51, 23, 59]],
[179, [20, 42, 32, 52, 15, 16, 37, 56, 4, 18, 19, 41, 48, 61, 9, 50, 58, 60]],
[179, [20, 42, 32, 52, 15, 16, 37, 56, 4, 18, 19, 41, 48, 61, 27, 29, 44, 64]],
[179, [20, 42, 32, 52, 15, 16, 37, 56, 4, 18, 19, 41, 48, 61, 28, 62, 23, 59]],
[179, [20, 42, 32, 52, 15, 16, 37, 56, 4, 18, 19, 41, 48, 61, 49, 51, 43, 45]],
[179, [20, 42, 32, 52, 15, 16, 37, 56, 17, 39, 40, 57, 48, 61, 9, 50, 58, 60]],
[179, [20, 42, 32, 52, 15, 16, 37, 56, 17, 39, 40, 57, 48, 61, 27, 29, 44, 64]],
[179, [20, 42, 32, 52, 15, 16, 37, 56, 17, 39, 40, 57, 48, 61, 28, 62, 23, 59]],
[179, [20, 42, 32, 52, 15, 16, 37, 56, 17, 39, 40, 57, 48, 61, 49, 51, 43, 45]],
[179, [20, 42, 32, 52, 16, 36, 37, 38, 4, 18, 19, 41, 48, 61, 9, 50, 44, 64]],
[179, [20, 42, 32, 52, 16, 36, 37, 38, 4, 18, 19, 41, 48, 61, 27, 29, 58, 60]],
[179, [20, 42, 32, 52, 16, 36, 37, 38, 4, 18, 19, 41, 48, 61, 28, 62, 43, 45]],
[179, [20, 42, 32, 52, 16, 36, 37, 38, 4, 18, 19, 41, 48, 61, 49, 51, 23, 59]],
[179, [20, 42, 32, 52, 16, 36, 37, 38, 17, 39, 40, 57, 48, 61, 9, 50, 44, 64]],
[179, [20, 42, 32, 52, 16, 36, 37, 38, 17, 39, 40, 57, 48, 61, 27, 29, 58, 60]],
[179, [20, 42, 32, 52, 16, 36, 37, 38, 17, 39, 40, 57, 48, 61, 28, 62, 43, 45]],
[179, [20, 42, 32, 52, 16, 36, 37, 38, 17, 39, 40, 57, 48, 61, 49, 51, 23, 59]]];
