pds_list := [[88, [2, 32, 3, 14, 18, 41, 25, 47, 27, 49, 13, 54, 43, 44, 45, 59, 60, 64]],
[88, [2, 32, 3, 14, 18, 41, 25, 47, 50, 62, 33, 35, 23, 43, 44, 58, 59, 60]],
[88, [2, 32, 3, 14, 18, 41, 26, 46, 27, 49, 33, 35, 23, 45, 58, 59, 60, 64]],
[88, [2, 32, 3, 14, 18, 41, 26, 46, 50, 62, 13, 54, 23, 43, 44, 45, 58, 64]],
[88, [2, 32, 3, 14, 39, 57, 25, 47, 9, 28, 33, 35, 23, 45, 58, 59, 60, 64]],
[88, [2, 32, 3, 14, 39, 57, 25, 47, 29, 51, 13, 54, 23, 43, 44, 45, 58, 64]],
[88, [2, 32, 3, 14, 39, 57, 26, 46, 9, 28, 13, 54, 43, 44, 45, 59, 60, 64]],
[88, [2, 32, 3, 14, 39, 57, 26, 46, 29, 51, 33, 35, 23, 43, 44, 58, 59, 60]],
[88, [2, 32, 16, 37, 18, 41, 8, 61, 27, 49, 13, 54, 23, 43, 44, 45, 58, 64]],
[88, [2, 32, 16, 37, 18, 41, 8, 61, 50, 62, 33, 35, 23, 45, 58, 59, 60, 64]],
[88, [2, 32, 16, 37, 18, 41, 24, 48, 27, 49, 33, 35, 23, 43, 44, 58, 59, 60]],
[88, [2, 32, 16, 37, 18, 41, 24, 48, 50, 62, 13, 54, 43, 44, 45, 59, 60, 64]],
[88, [2, 32, 16, 37, 39, 57, 8, 61, 9, 28, 33, 35, 23, 43, 44, 58, 59, 60]],
[88, [2, 32, 16, 37, 39, 57, 8, 61, 29, 51, 13, 54, 43, 44, 45, 59, 60, 64]],
[88, [2, 32, 16, 37, 39, 57, 24, 48, 9, 28, 13, 54, 23, 43, 44, 45, 58, 64]],
[88, [2, 32, 16, 37, 39, 57, 24, 48, 29, 51, 33, 35, 23, 45, 58, 59, 60, 64]],
[88, [10, 52, 3, 14, 18, 41, 25, 47, 9, 28, 33, 35, 43, 44, 45, 59, 60, 64]],
[88, [10, 52, 3, 14, 18, 41, 25, 47, 29, 51, 13, 54, 23, 43, 44, 58, 59, 60]],
[88, [10, 52, 3, 14, 18, 41, 26, 46, 9, 28, 13, 54, 23, 45, 58, 59, 60, 64]],
[88, [10, 52, 3, 14, 18, 41, 26, 46, 29, 51, 33, 35, 23, 43, 44, 45, 58, 64]],
[88, [10, 52, 3, 14, 39, 57, 25, 47, 27, 49, 13, 54, 23, 45, 58, 59, 60, 64]],
[88, [10, 52, 3, 14, 39, 57, 25, 47, 50, 62, 33, 35, 23, 43, 44, 45, 58, 64]],
[88, [10, 52, 3, 14, 39, 57, 26, 46, 27, 49, 33, 35, 43, 44, 45, 59, 60, 64]],
[88, [10, 52, 3, 14, 39, 57, 26, 46, 50, 62, 13, 54, 23, 43, 44, 58, 59, 60]],
[88, [10, 52, 16, 37, 18, 41, 8, 61, 9, 28, 33, 35, 23, 43, 44, 45, 58, 64]],
[88, [10, 52, 16, 37, 18, 41, 8, 61, 29, 51, 13, 54, 23, 45, 58, 59, 60, 64]],
[88, [10, 52, 16, 37, 18, 41, 24, 48, 9, 28, 13, 54, 23, 43, 44, 58, 59, 60]],
[88, [10, 52, 16, 37, 18, 41, 24, 48, 29, 51, 33, 35, 43, 44, 45, 59, 60, 64]],
[88, [10, 52, 16, 37, 39, 57, 8, 61, 27, 49, 13, 54, 23, 43, 44, 58, 59, 60]],
[88, [10, 52, 16, 37, 39, 57, 8, 61, 50, 62, 33, 35, 43, 44, 45, 59, 60, 64]],
[88, [10, 52, 16, 37, 39, 57, 24, 48, 27, 49, 33, 35, 23, 43, 44, 45, 58, 64]],
[88, [10, 52, 16, 37, 39, 57, 24, 48, 50, 62, 13, 54, 23, 45, 58, 59, 60, 64]],
[88, [11, 12, 3, 14, 18, 41, 8, 61, 27, 49, 13, 54, 23, 45, 58, 59, 60, 64]],
[88, [11, 12, 3, 14, 18, 41, 8, 61, 50, 62, 33, 35, 23, 43, 44, 45, 58, 64]],
[88, [11, 12, 3, 14, 18, 41, 24, 48, 27, 49, 33, 35, 43, 44, 45, 59, 60, 64]],
[88, [11, 12, 3, 14, 18, 41, 24, 48, 50, 62, 13, 54, 23, 43, 44, 58, 59, 60]],
[88, [11, 12, 3, 14, 39, 57, 8, 61, 9, 28, 33, 35, 43, 44, 45, 59, 60, 64]],
[88, [11, 12, 3, 14, 39, 57, 8, 61, 29, 51, 13, 54, 23, 43, 44, 58, 59, 60]],
[88, [11, 12, 3, 14, 39, 57, 24, 48, 9, 28, 13, 54, 23, 45, 58, 59, 60, 64]],
[88, [11, 12, 3, 14, 39, 57, 24, 48, 29, 51, 33, 35, 23, 43, 44, 45, 58, 64]],
[88, [11, 12, 16, 37, 18, 41, 25, 47, 27, 49, 13, 54, 23, 43, 44, 58, 59, 60]],
[88, [11, 12, 16, 37, 18, 41, 25, 47, 50, 62, 33, 35, 43, 44, 45, 59, 60, 64]],
[88, [11, 12, 16, 37, 18, 41, 26, 46, 27, 49, 33, 35, 23, 43, 44, 45, 58, 64]],
[88, [11, 12, 16, 37, 18, 41, 26, 46, 50, 62, 13, 54, 23, 45, 58, 59, 60, 64]],
[88, [11, 12, 16, 37, 39, 57, 25, 47, 9, 28, 33, 35, 23, 43, 44, 45, 58, 64]],
[88, [11, 12, 16, 37, 39, 57, 25, 47, 29, 51, 13, 54, 23, 45, 58, 59, 60, 64]],
[88, [11, 12, 16, 37, 39, 57, 26, 46, 9, 28, 13, 54, 23, 43, 44, 58, 59, 60]],
[88, [11, 12, 16, 37, 39, 57, 26, 46, 29, 51, 33, 35, 43, 44, 45, 59, 60, 64]],
[88, [30, 31, 3, 14, 18, 41, 8, 61, 9, 28, 33, 35, 23, 45, 58, 59, 60, 64]],
[88, [30, 31, 3, 14, 18, 41, 8, 61, 29, 51, 13, 54, 23, 43, 44, 45, 58, 64]],
[88, [30, 31, 3, 14, 18, 41, 24, 48, 9, 28, 13, 54, 43, 44, 45, 59, 60, 64]],
[88, [30, 31, 3, 14, 18, 41, 24, 48, 29, 51, 33, 35, 23, 43, 44, 58, 59, 60]],
[88, [30, 31, 3, 14, 39, 57, 8, 61, 27, 49, 13, 54, 43, 44, 45, 59, 60, 64]],
[88, [30, 31, 3, 14, 39, 57, 8, 61, 50, 62, 33, 35, 23, 43, 44, 58, 59, 60]],
[88, [30, 31, 3, 14, 39, 57, 24, 48, 27, 49, 33, 35, 23, 45, 58, 59, 60, 64]],
[88, [30, 31, 3, 14, 39, 57, 24, 48, 50, 62, 13, 54, 23, 43, 44, 45, 58, 64]],
[88, [30, 31, 16, 37, 18, 41, 25, 47, 9, 28, 33, 35, 23, 43, 44, 58, 59, 60]],
[88, [30, 31, 16, 37, 18, 41, 25, 47, 29, 51, 13, 54, 43, 44, 45, 59, 60, 64]],
[88, [30, 31, 16, 37, 18, 41, 26, 46, 9, 28, 13, 54, 23, 43, 44, 45, 58, 64]],
[88, [30, 31, 16, 37, 18, 41, 26, 46, 29, 51, 33, 35, 23, 45, 58, 59, 60, 64]],
[88, [30, 31, 16, 37, 39, 57, 25, 47, 27, 49, 13, 54, 23, 43, 44, 45, 58, 64]],
[88, [30, 31, 16, 37, 39, 57, 25, 47, 50, 62, 33, 35, 23, 45, 58, 59, 60, 64]],
[88, [30, 31, 16, 37, 39, 57, 26, 46, 27, 49, 33, 35, 23, 43, 44, 58, 59, 60]],
[88, [30, 31, 16, 37, 39, 57, 26, 46, 50, 62, 13, 54, 43, 44, 45, 59, 60, 64]],
[88, [2, 32, 3, 14, 4, 19, 25, 47, 27, 49, 13, 34, 53, 54, 55, 63, 45, 64]],
[88, [2, 32, 3, 14, 4, 19, 25, 47, 50, 62, 33, 34, 35, 53, 55, 63, 23, 58]],
[88, [2, 32, 3, 14, 4, 19, 26, 46, 27, 49, 33, 34, 35, 53, 55, 63, 59, 60]],
[88, [2, 32, 3, 14, 4, 19, 26, 46, 50, 62, 13, 34, 53, 54, 55, 63, 43, 44]],
[88, [2, 32, 3, 14, 17, 40, 25, 47, 9, 28, 33, 34, 35, 53, 55, 63, 59, 60]],
[88, [2, 32, 3, 14, 17, 40, 25, 47, 29, 51, 13, 34, 53, 54, 55, 63, 43, 44]],
[88, [2, 32, 3, 14, 17, 40, 26, 46, 9, 28, 13, 34, 53, 54, 55, 63, 45, 64]],
[88, [2, 32, 3, 14, 17, 40, 26, 46, 29, 51, 33, 34, 35, 53, 55, 63, 23, 58]],
[88, [2, 32, 16, 37, 4, 19, 8, 61, 27, 49, 13, 34, 53, 54, 55, 63, 43, 44]],
[88, [2, 32, 16, 37, 4, 19, 8, 61, 50, 62, 33, 34, 35, 53, 55, 63, 59, 60]],
[88, [2, 32, 16, 37, 4, 19, 24, 48, 27, 49, 33, 34, 35, 53, 55, 63, 23, 58]],
[88, [2, 32, 16, 37, 4, 19, 24, 48, 50, 62, 13, 34, 53, 54, 55, 63, 45, 64]],
[88, [2, 32, 16, 37, 17, 40, 8, 61, 9, 28, 33, 34, 35, 53, 55, 63, 23, 58]],
[88, [2, 32, 16, 37, 17, 40, 8, 61, 29, 51, 13, 34, 53, 54, 55, 63, 45, 64]],
[88, [2, 32, 16, 37, 17, 40, 24, 48, 9, 28, 13, 34, 53, 54, 55, 63, 43, 44]],
[88, [2, 32, 16, 37, 17, 40, 24, 48, 29, 51, 33, 34, 35, 53, 55, 63, 59, 60]],
[88, [10, 52, 3, 14, 4, 19, 25, 47, 9, 28, 33, 34, 35, 53, 55, 63, 45, 64]],
[88, [10, 52, 3, 14, 4, 19, 25, 47, 29, 51, 13, 34, 53, 54, 55, 63, 23, 58]],
[88, [10, 52, 3, 14, 4, 19, 26, 46, 9, 28, 13, 34, 53, 54, 55, 63, 59, 60]],
[88, [10, 52, 3, 14, 4, 19, 26, 46, 29, 51, 33, 34, 35, 53, 55, 63, 43, 44]],
[88, [10, 52, 3, 14, 17, 40, 25, 47, 27, 49, 13, 34, 53, 54, 55, 63, 59, 60]],
[88, [10, 52, 3, 14, 17, 40, 25, 47, 50, 62, 33, 34, 35, 53, 55, 63, 43, 44]],
[88, [10, 52, 3, 14, 17, 40, 26, 46, 27, 49, 33, 34, 35, 53, 55, 63, 45, 64]],
[88, [10, 52, 3, 14, 17, 40, 26, 46, 50, 62, 13, 34, 53, 54, 55, 63, 23, 58]],
[88, [10, 52, 16, 37, 4, 19, 8, 61, 9, 28, 33, 34, 35, 53, 55, 63, 43, 44]],
[88, [10, 52, 16, 37, 4, 19, 8, 61, 29, 51, 13, 34, 53, 54, 55, 63, 59, 60]],
[88, [10, 52, 16, 37, 4, 19, 24, 48, 9, 28, 13, 34, 53, 54, 55, 63, 23, 58]],
[88, [10, 52, 16, 37, 4, 19, 24, 48, 29, 51, 33, 34, 35, 53, 55, 63, 45, 64]],
[88, [10, 52, 16, 37, 17, 40, 8, 61, 27, 49, 13, 34, 53, 54, 55, 63, 23, 58]],
[88, [10, 52, 16, 37, 17, 40, 8, 61, 50, 62, 33, 34, 35, 53, 55, 63, 45, 64]],
[88, [10, 52, 16, 37, 17, 40, 24, 48, 27, 49, 33, 34, 35, 53, 55, 63, 43, 44]],
[88, [10, 52, 16, 37, 17, 40, 24, 48, 50, 62, 13, 34, 53, 54, 55, 63, 59, 60]],
[88, [11, 12, 3, 14, 4, 19, 8, 61, 27, 49, 13, 34, 53, 54, 55, 63, 59, 60]],
[88, [11, 12, 3, 14, 4, 19, 8, 61, 50, 62, 33, 34, 35, 53, 55, 63, 43, 44]],
[88, [11, 12, 3, 14, 4, 19, 24, 48, 27, 49, 33, 34, 35, 53, 55, 63, 45, 64]],
[88, [11, 12, 3, 14, 4, 19, 24, 48, 50, 62, 13, 34, 53, 54, 55, 63, 23, 58]],
[88, [11, 12, 3, 14, 17, 40, 8, 61, 9, 28, 33, 34, 35, 53, 55, 63, 45, 64]],
[88, [11, 12, 3, 14, 17, 40, 8, 61, 29, 51, 13, 34, 53, 54, 55, 63, 23, 58]],
[88, [11, 12, 3, 14, 17, 40, 24, 48, 9, 28, 13, 34, 53, 54, 55, 63, 59, 60]],
[88, [11, 12, 3, 14, 17, 40, 24, 48, 29, 51, 33, 34, 35, 53, 55, 63, 43, 44]],
[88, [11, 12, 16, 37, 4, 19, 25, 47, 27, 49, 13, 34, 53, 54, 55, 63, 23, 58]],
[88, [11, 12, 16, 37, 4, 19, 25, 47, 50, 62, 33, 34, 35, 53, 55, 63, 45, 64]],
[88, [11, 12, 16, 37, 4, 19, 26, 46, 27, 49, 33, 34, 35, 53, 55, 63, 43, 44]],
[88, [11, 12, 16, 37, 4, 19, 26, 46, 50, 62, 13, 34, 53, 54, 55, 63, 59, 60]],
[88, [11, 12, 16, 37, 17, 40, 25, 47, 9, 28, 33, 34, 35, 53, 55, 63, 43, 44]],
[88, [11, 12, 16, 37, 17, 40, 25, 47, 29, 51, 13, 34, 53, 54, 55, 63, 59, 60]],
[88, [11, 12, 16, 37, 17, 40, 26, 46, 9, 28, 13, 34, 53, 54, 55, 63, 23, 58]],
[88, [11, 12, 16, 37, 17, 40, 26, 46, 29, 51, 33, 34, 35, 53, 55, 63, 45, 64]],
[88, [30, 31, 3, 14, 4, 19, 8, 61, 9, 28, 33, 34, 35, 53, 55, 63, 59, 60]],
[88, [30, 31, 3, 14, 4, 19, 8, 61, 29, 51, 13, 34, 53, 54, 55, 63, 43, 44]],
[88, [30, 31, 3, 14, 4, 19, 24, 48, 9, 28, 13, 34, 53, 54, 55, 63, 45, 64]],
[88, [30, 31, 3, 14, 4, 19, 24, 48, 29, 51, 33, 34, 35, 53, 55, 63, 23, 58]],
[88, [30, 31, 3, 14, 17, 40, 8, 61, 27, 49, 13, 34, 53, 54, 55, 63, 45, 64]],
[88, [30, 31, 3, 14, 17, 40, 8, 61, 50, 62, 33, 34, 35, 53, 55, 63, 23, 58]],
[88, [30, 31, 3, 14, 17, 40, 24, 48, 27, 49, 33, 34, 35, 53, 55, 63, 59, 60]],
[88, [30, 31, 3, 14, 17, 40, 24, 48, 50, 62, 13, 34, 53, 54, 55, 63, 43, 44]],
[88, [30, 31, 16, 37, 4, 19, 25, 47, 9, 28, 33, 34, 35, 53, 55, 63, 23, 58]],
[88, [30, 31, 16, 37, 4, 19, 25, 47, 29, 51, 13, 34, 53, 54, 55, 63, 45, 64]],
[88, [30, 31, 16, 37, 4, 19, 26, 46, 9, 28, 13, 34, 53, 54, 55, 63, 43, 44]],
[88, [30, 31, 16, 37, 4, 19, 26, 46, 29, 51, 33, 34, 35, 53, 55, 63, 59, 60]],
[88, [30, 31, 16, 37, 17, 40, 25, 47, 27, 49, 13, 34, 53, 54, 55, 63, 43, 44]],
[88, [30, 31, 16, 37, 17, 40, 25, 47, 50, 62, 33, 34, 35, 53, 55, 63, 59, 60]],
[88, [30, 31, 16, 37, 17, 40, 26, 46, 27, 49, 33, 34, 35, 53, 55, 63, 23, 58]],
[88, [30, 31, 16, 37, 17, 40, 26, 46, 50, 62, 13, 34, 53, 54, 55, 63, 45, 64]],
[88, [2, 32, 3, 14, 18, 41, 25, 47, 9, 27, 28, 49, 50, 62, 33, 35, 59, 60]],
[88, [2, 32, 3, 14, 18, 41, 25, 47, 27, 29, 49, 50, 51, 62, 13, 54, 43, 44]],
[88, [2, 32, 3, 14, 18, 41, 26, 46, 9, 27, 28, 49, 50, 62, 13, 54, 45, 64]],
[88, [2, 32, 3, 14, 18, 41, 26, 46, 27, 29, 49, 50, 51, 62, 33, 35, 23, 58]],
[88, [2, 32, 3, 14, 39, 57, 25, 47, 9, 27, 28, 29, 49, 51, 13, 54, 45, 64]],
[88, [2, 32, 3, 14, 39, 57, 25, 47, 9, 28, 29, 50, 51, 62, 33, 35, 23, 58]],
[88, [2, 32, 3, 14, 39, 57, 26, 46, 9, 27, 28, 29, 49, 51, 33, 35, 59, 60]],
[88, [2, 32, 3, 14, 39, 57, 26, 46, 9, 28, 29, 50, 51, 62, 13, 54, 43, 44]],
[88, [2, 32, 16, 37, 18, 41, 8, 61, 9, 27, 28, 49, 50, 62, 33, 35, 23, 58]],
[88, [2, 32, 16, 37, 18, 41, 8, 61, 27, 29, 49, 50, 51, 62, 13, 54, 45, 64]],
[88, [2, 32, 16, 37, 18, 41, 24, 48, 9, 27, 28, 49, 50, 62, 13, 54, 43, 44]],
[88, [2, 32, 16, 37, 18, 41, 24, 48, 27, 29, 49, 50, 51, 62, 33, 35, 59, 60]],
[88, [2, 32, 16, 37, 39, 57, 8, 61, 9, 27, 28, 29, 49, 51, 13, 54, 43, 44]],
[88, [2, 32, 16, 37, 39, 57, 8, 61, 9, 28, 29, 50, 51, 62, 33, 35, 59, 60]],
[88, [2, 32, 16, 37, 39, 57, 24, 48, 9, 27, 28, 29, 49, 51, 33, 35, 23, 58]],
[88, [2, 32, 16, 37, 39, 57, 24, 48, 9, 28, 29, 50, 51, 62, 13, 54, 45, 64]],
[88, [10, 52, 3, 14, 18, 41, 25, 47, 9, 27, 28, 29, 49, 51, 13, 54, 59, 60]],
[88, [10, 52, 3, 14, 18, 41, 25, 47, 9, 28, 29, 50, 51, 62, 33, 35, 43, 44]],
[88, [10, 52, 3, 14, 18, 41, 26, 46, 9, 27, 28, 29, 49, 51, 33, 35, 45, 64]],
[88, [10, 52, 3, 14, 18, 41, 26, 46, 9, 28, 29, 50, 51, 62, 13, 54, 23, 58]],
[88, [10, 52, 3, 14, 39, 57, 25, 47, 9, 27, 28, 49, 50, 62, 33, 35, 45, 64]],
[88, [10, 52, 3, 14, 39, 57, 25, 47, 27, 29, 49, 50, 51, 62, 13, 54, 23, 58]],
[88, [10, 52, 3, 14, 39, 57, 26, 46, 9, 27, 28, 49, 50, 62, 13, 54, 59, 60]],
[88, [10, 52, 3, 14, 39, 57, 26, 46, 27, 29, 49, 50, 51, 62, 33, 35, 43, 44]],
[88, [10, 52, 16, 37, 18, 41, 8, 61, 9, 27, 28, 29, 49, 51, 13, 54, 23, 58]],
[88, [10, 52, 16, 37, 18, 41, 8, 61, 9, 28, 29, 50, 51, 62, 33, 35, 45, 64]],
[88, [10, 52, 16, 37, 18, 41, 24, 48, 9, 27, 28, 29, 49, 51, 33, 35, 43, 44]],
[88, [10, 52, 16, 37, 18, 41, 24, 48, 9, 28, 29, 50, 51, 62, 13, 54, 59, 60]],
[88, [10, 52, 16, 37, 39, 57, 8, 61, 9, 27, 28, 49, 50, 62, 33, 35, 43, 44]],
[88, [10, 52, 16, 37, 39, 57, 8, 61, 27, 29, 49, 50, 51, 62, 13, 54, 59, 60]],
[88, [10, 52, 16, 37, 39, 57, 24, 48, 9, 27, 28, 49, 50, 62, 13, 54, 23, 58]],
[88, [10, 52, 16, 37, 39, 57, 24, 48, 27, 29, 49, 50, 51, 62, 33, 35, 45, 64]],
[88, [11, 12, 3, 14, 18, 41, 8, 61, 9, 27, 28, 49, 50, 62, 33, 35, 45, 64]],
[88, [11, 12, 3, 14, 18, 41, 8, 61, 27, 29, 49, 50, 51, 62, 13, 54, 23, 58]],
[88, [11, 12, 3, 14, 18, 41, 24, 48, 9, 27, 28, 49, 50, 62, 13, 54, 59, 60]],
[88, [11, 12, 3, 14, 18, 41, 24, 48, 27, 29, 49, 50, 51, 62, 33, 35, 43, 44]],
[88, [11, 12, 3, 14, 39, 57, 8, 61, 9, 27, 28, 29, 49, 51, 13, 54, 59, 60]],
[88, [11, 12, 3, 14, 39, 57, 8, 61, 9, 28, 29, 50, 51, 62, 33, 35, 43, 44]],
[88, [11, 12, 3, 14, 39, 57, 24, 48, 9, 27, 28, 29, 49, 51, 33, 35, 45, 64]],
[88, [11, 12, 3, 14, 39, 57, 24, 48, 9, 28, 29, 50, 51, 62, 13, 54, 23, 58]],
[88, [11, 12, 16, 37, 18, 41, 25, 47, 9, 27, 28, 49, 50, 62, 33, 35, 43, 44]],
[88, [11, 12, 16, 37, 18, 41, 25, 47, 27, 29, 49, 50, 51, 62, 13, 54, 59, 60]],
[88, [11, 12, 16, 37, 18, 41, 26, 46, 9, 27, 28, 49, 50, 62, 13, 54, 23, 58]],
[88, [11, 12, 16, 37, 18, 41, 26, 46, 27, 29, 49, 50, 51, 62, 33, 35, 45, 64]],
[88, [11, 12, 16, 37, 39, 57, 25, 47, 9, 27, 28, 29, 49, 51, 13, 54, 23, 58]],
[88, [11, 12, 16, 37, 39, 57, 25, 47, 9, 28, 29, 50, 51, 62, 33, 35, 45, 64]],
[88, [11, 12, 16, 37, 39, 57, 26, 46, 9, 27, 28, 29, 49, 51, 33, 35, 43, 44]],
[88, [11, 12, 16, 37, 39, 57, 26, 46, 9, 28, 29, 50, 51, 62, 13, 54, 59, 60]],
[88, [30, 31, 3, 14, 18, 41, 8, 61, 9, 27, 28, 29, 49, 51, 13, 54, 45, 64]],
[88, [30, 31, 3, 14, 18, 41, 8, 61, 9, 28, 29, 50, 51, 62, 33, 35, 23, 58]],
[88, [30, 31, 3, 14, 18, 41, 24, 48, 9, 27, 28, 29, 49, 51, 33, 35, 59, 60]],
[88, [30, 31, 3, 14, 18, 41, 24, 48, 9, 28, 29, 50, 51, 62, 13, 54, 43, 44]],
[88, [30, 31, 3, 14, 39, 57, 8, 61, 9, 27, 28, 49, 50, 62, 33, 35, 59, 60]],
[88, [30, 31, 3, 14, 39, 57, 8, 61, 27, 29, 49, 50, 51, 62, 13, 54, 43, 44]],
[88, [30, 31, 3, 14, 39, 57, 24, 48, 9, 27, 28, 49, 50, 62, 13, 54, 45, 64]],
[88, [30, 31, 3, 14, 39, 57, 24, 48, 27, 29, 49, 50, 51, 62, 33, 35, 23, 58]],
[88, [30, 31, 16, 37, 18, 41, 25, 47, 9, 27, 28, 29, 49, 51, 13, 54, 43, 44]],
[88, [30, 31, 16, 37, 18, 41, 25, 47, 9, 28, 29, 50, 51, 62, 33, 35, 59, 60]],
[88, [30, 31, 16, 37, 18, 41, 26, 46, 9, 27, 28, 29, 49, 51, 33, 35, 23, 58]],
[88, [30, 31, 16, 37, 18, 41, 26, 46, 9, 28, 29, 50, 51, 62, 13, 54, 45, 64]],
[88, [30, 31, 16, 37, 39, 57, 25, 47, 9, 27, 28, 49, 50, 62, 33, 35, 23, 58]],
[88, [30, 31, 16, 37, 39, 57, 25, 47, 27, 29, 49, 50, 51, 62, 13, 54, 45, 64]],
[88, [30, 31, 16, 37, 39, 57, 26, 46, 9, 27, 28, 49, 50, 62, 13, 54, 43, 44]],
[88, [30, 31, 16, 37, 39, 57, 26, 46, 27, 29, 49, 50, 51, 62, 33, 35, 59, 60]],
[88, [2, 32, 3, 14, 18, 41, 8, 25, 26, 46, 47, 61, 27, 49, 13, 54, 45, 64]],
[88, [2, 32, 3, 14, 18, 41, 8, 25, 26, 46, 47, 61, 50, 62, 33, 35, 23, 58]],
[88, [2, 32, 3, 14, 18, 41, 24, 25, 26, 46, 47, 48, 27, 49, 33, 35, 59, 60]],
[88, [2, 32, 3, 14, 18, 41, 24, 25, 26, 46, 47, 48, 50, 62, 13, 54, 43, 44]],
[88, [2, 32, 3, 14, 39, 57, 8, 25, 26, 46, 47, 61, 9, 28, 33, 35, 59, 60]],
[88, [2, 32, 3, 14, 39, 57, 8, 25, 26, 46, 47, 61, 29, 51, 13, 54, 43, 44]],
[88, [2, 32, 3, 14, 39, 57, 24, 25, 26, 46, 47, 48, 9, 28, 13, 54, 45, 64]],
[88, [2, 32, 3, 14, 39, 57, 24, 25, 26, 46, 47, 48, 29, 51, 33, 35, 23, 58]],
[88, [2, 32, 16, 37, 18, 41, 8, 24, 25, 47, 48, 61, 27, 49, 13, 54, 43, 44]],
[88, [2, 32, 16, 37, 18, 41, 8, 24, 25, 47, 48, 61, 50, 62, 33, 35, 59, 60]],
[88, [2, 32, 16, 37, 18, 41, 8, 24, 26, 46, 48, 61, 27, 49, 33, 35, 23, 58]],
[88, [2, 32, 16, 37, 18, 41, 8, 24, 26, 46, 48, 61, 50, 62, 13, 54, 45, 64]],
[88, [2, 32, 16, 37, 39, 57, 8, 24, 25, 47, 48, 61, 9, 28, 33, 35, 23, 58]],
[88, [2, 32, 16, 37, 39, 57, 8, 24, 25, 47, 48, 61, 29, 51, 13, 54, 45, 64]],
[88, [2, 32, 16, 37, 39, 57, 8, 24, 26, 46, 48, 61, 9, 28, 13, 54, 43, 44]],
[88, [2, 32, 16, 37, 39, 57, 8, 24, 26, 46, 48, 61, 29, 51, 33, 35, 59, 60]],
[88, [10, 52, 3, 14, 18, 41, 8, 25, 26, 46, 47, 61, 9, 28, 33, 35, 45, 64]],
[88, [10, 52, 3, 14, 18, 41, 8, 25, 26, 46, 47, 61, 29, 51, 13, 54, 23, 58]],
[88, [10, 52, 3, 14, 18, 41, 24, 25, 26, 46, 47, 48, 9, 28, 13, 54, 59, 60]],
[88, [10, 52, 3, 14, 18, 41, 24, 25, 26, 46, 47, 48, 29, 51, 33, 35, 43, 44]],
[88, [10, 52, 3, 14, 39, 57, 8, 25, 26, 46, 47, 61, 27, 49, 13, 54, 59, 60]],
[88, [10, 52, 3, 14, 39, 57, 8, 25, 26, 46, 47, 61, 50, 62, 33, 35, 43, 44]],
[88, [10, 52, 3, 14, 39, 57, 24, 25, 26, 46, 47, 48, 27, 49, 33, 35, 45, 64]],
[88, [10, 52, 3, 14, 39, 57, 24, 25, 26, 46, 47, 48, 50, 62, 13, 54, 23, 58]],
[88, [10, 52, 16, 37, 18, 41, 8, 24, 25, 47, 48, 61, 9, 28, 33, 35, 43, 44]],
[88, [10, 52, 16, 37, 18, 41, 8, 24, 25, 47, 48, 61, 29, 51, 13, 54, 59, 60]],
[88, [10, 52, 16, 37, 18, 41, 8, 24, 26, 46, 48, 61, 9, 28, 13, 54, 23, 58]],
[88, [10, 52, 16, 37, 18, 41, 8, 24, 26, 46, 48, 61, 29, 51, 33, 35, 45, 64]],
[88, [10, 52, 16, 37, 39, 57, 8, 24, 25, 47, 48, 61, 27, 49, 13, 54, 23, 58]],
[88, [10, 52, 16, 37, 39, 57, 8, 24, 25, 47, 48, 61, 50, 62, 33, 35, 45, 64]],
[88, [10, 52, 16, 37, 39, 57, 8, 24, 26, 46, 48, 61, 27, 49, 33, 35, 43, 44]],
[88, [10, 52, 16, 37, 39, 57, 8, 24, 26, 46, 48, 61, 50, 62, 13, 54, 59, 60]],
[88, [11, 12, 3, 14, 18, 41, 8, 24, 25, 47, 48, 61, 27, 49, 13, 54, 59, 60]],
[88, [11, 12, 3, 14, 18, 41, 8, 24, 25, 47, 48, 61, 50, 62, 33, 35, 43, 44]],
[88, [11, 12, 3, 14, 18, 41, 8, 24, 26, 46, 48, 61, 27, 49, 33, 35, 45, 64]],
[88, [11, 12, 3, 14, 18, 41, 8, 24, 26, 46, 48, 61, 50, 62, 13, 54, 23, 58]],
[88, [11, 12, 3, 14, 39, 57, 8, 24, 25, 47, 48, 61, 9, 28, 33, 35, 45, 64]],
[88, [11, 12, 3, 14, 39, 57, 8, 24, 25, 47, 48, 61, 29, 51, 13, 54, 23, 58]],
[88, [11, 12, 3, 14, 39, 57, 8, 24, 26, 46, 48, 61, 9, 28, 13, 54, 59, 60]],
[88, [11, 12, 3, 14, 39, 57, 8, 24, 26, 46, 48, 61, 29, 51, 33, 35, 43, 44]],
[88, [11, 12, 16, 37, 18, 41, 8, 25, 26, 46, 47, 61, 27, 49, 13, 54, 23, 58]],
[88, [11, 12, 16, 37, 18, 41, 8, 25, 26, 46, 47, 61, 50, 62, 33, 35, 45, 64]],
[88, [11, 12, 16, 37, 18, 41, 24, 25, 26, 46, 47, 48, 27, 49, 33, 35, 43, 44]],
[88, [11, 12, 16, 37, 18, 41, 24, 25, 26, 46, 47, 48, 50, 62, 13, 54, 59, 60]],
[88, [11, 12, 16, 37, 39, 57, 8, 25, 26, 46, 47, 61, 9, 28, 33, 35, 43, 44]],
[88, [11, 12, 16, 37, 39, 57, 8, 25, 26, 46, 47, 61, 29, 51, 13, 54, 59, 60]],
[88, [11, 12, 16, 37, 39, 57, 24, 25, 26, 46, 47, 48, 9, 28, 13, 54, 23, 58]],
[88, [11, 12, 16, 37, 39, 57, 24, 25, 26, 46, 47, 48, 29, 51, 33, 35, 45, 64]],
[88, [30, 31, 3, 14, 18, 41, 8, 24, 25, 47, 48, 61, 9, 28, 33, 35, 59, 60]],
[88, [30, 31, 3, 14, 18, 41, 8, 24, 25, 47, 48, 61, 29, 51, 13, 54, 43, 44]],
[88, [30, 31, 3, 14, 18, 41, 8, 24, 26, 46, 48, 61, 9, 28, 13, 54, 45, 64]],
[88, [30, 31, 3, 14, 18, 41, 8, 24, 26, 46, 48, 61, 29, 51, 33, 35, 23, 58]],
[88, [30, 31, 3, 14, 39, 57, 8, 24, 25, 47, 48, 61, 27, 49, 13, 54, 45, 64]],
[88, [30, 31, 3, 14, 39, 57, 8, 24, 25, 47, 48, 61, 50, 62, 33, 35, 23, 58]],
[88, [30, 31, 3, 14, 39, 57, 8, 24, 26, 46, 48, 61, 27, 49, 33, 35, 59, 60]],
[88, [30, 31, 3, 14, 39, 57, 8, 24, 26, 46, 48, 61, 50, 62, 13, 54, 43, 44]],
[88, [30, 31, 16, 37, 18, 41, 8, 25, 26, 46, 47, 61, 9, 28, 33, 35, 23, 58]],
[88, [30, 31, 16, 37, 18, 41, 8, 25, 26, 46, 47, 61, 29, 51, 13, 54, 45, 64]],
[88, [30, 31, 16, 37, 18, 41, 24, 25, 26, 46, 47, 48, 9, 28, 13, 54, 43, 44]],
[88, [30, 31, 16, 37, 18, 41, 24, 25, 26, 46, 47, 48, 29, 51, 33, 35, 59, 60]],
[88, [30, 31, 16, 37, 39, 57, 8, 25, 26, 46, 47, 61, 27, 49, 13, 54, 43, 44]],
[88, [30, 31, 16, 37, 39, 57, 8, 25, 26, 46, 47, 61, 50, 62, 33, 35, 59, 60]],
[88, [30, 31, 16, 37, 39, 57, 24, 25, 26, 46, 47, 48, 27, 49, 33, 35, 23, 58]],
[88, [30, 31, 16, 37, 39, 57, 24, 25, 26, 46, 47, 48, 50, 62, 13, 54, 45, 64]],
[88, [2, 32, 3, 14, 4, 18, 19, 39, 41, 57, 25, 47, 27, 49, 13, 54, 45, 64]],
[88, [2, 32, 3, 14, 4, 18, 19, 39, 41, 57, 25, 47, 50, 62, 33, 35, 23, 58]],
[88, [2, 32, 3, 14, 4, 18, 19, 39, 41, 57, 26, 46, 27, 49, 33, 35, 59, 60]],
[88, [2, 32, 3, 14, 4, 18, 19, 39, 41, 57, 26, 46, 50, 62, 13, 54, 43, 44]],
[88, [2, 32, 3, 14, 17, 18, 39, 40, 41, 57, 25, 47, 9, 28, 33, 35, 59, 60]],
[88, [2, 32, 3, 14, 17, 18, 39, 40, 41, 57, 25, 47, 29, 51, 13, 54, 43, 44]],
[88, [2, 32, 3, 14, 17, 18, 39, 40, 41, 57, 26, 46, 9, 28, 13, 54, 45, 64]],
[88, [2, 32, 3, 14, 17, 18, 39, 40, 41, 57, 26, 46, 29, 51, 33, 35, 23, 58]],
[88, [2, 32, 16, 37, 4, 18, 19, 39, 41, 57, 8, 61, 27, 49, 13, 54, 43, 44]],
[88, [2, 32, 16, 37, 4, 18, 19, 39, 41, 57, 8, 61, 50, 62, 33, 35, 59, 60]],
[88, [2, 32, 16, 37, 4, 18, 19, 39, 41, 57, 24, 48, 27, 49, 33, 35, 23, 58]],
[88, [2, 32, 16, 37, 4, 18, 19, 39, 41, 57, 24, 48, 50, 62, 13, 54, 45, 64]],
[88, [2, 32, 16, 37, 17, 18, 39, 40, 41, 57, 8, 61, 9, 28, 33, 35, 23, 58]],
[88, [2, 32, 16, 37, 17, 18, 39, 40, 41, 57, 8, 61, 29, 51, 13, 54, 45, 64]],
[88, [2, 32, 16, 37, 17, 18, 39, 40, 41, 57, 24, 48, 9, 28, 13, 54, 43, 44]],
[88, [2, 32, 16, 37, 17, 18, 39, 40, 41, 57, 24, 48, 29, 51, 33, 35, 59, 60]],
[88, [10, 52, 3, 14, 4, 18, 19, 39, 41, 57, 25, 47, 9, 28, 33, 35, 45, 64]],
[88, [10, 52, 3, 14, 4, 18, 19, 39, 41, 57, 25, 47, 29, 51, 13, 54, 23, 58]],
[88, [10, 52, 3, 14, 4, 18, 19, 39, 41, 57, 26, 46, 9, 28, 13, 54, 59, 60]],
[88, [10, 52, 3, 14, 4, 18, 19, 39, 41, 57, 26, 46, 29, 51, 33, 35, 43, 44]],
[88, [10, 52, 3, 14, 17, 18, 39, 40, 41, 57, 25, 47, 27, 49, 13, 54, 59, 60]],
[88, [10, 52, 3, 14, 17, 18, 39, 40, 41, 57, 25, 47, 50, 62, 33, 35, 43, 44]],
[88, [10, 52, 3, 14, 17, 18, 39, 40, 41, 57, 26, 46, 27, 49, 33, 35, 45, 64]],
[88, [10, 52, 3, 14, 17, 18, 39, 40, 41, 57, 26, 46, 50, 62, 13, 54, 23, 58]],
[88, [10, 52, 16, 37, 4, 18, 19, 39, 41, 57, 8, 61, 9, 28, 33, 35, 43, 44]],
[88, [10, 52, 16, 37, 4, 18, 19, 39, 41, 57, 8, 61, 29, 51, 13, 54, 59, 60]],
[88, [10, 52, 16, 37, 4, 18, 19, 39, 41, 57, 24, 48, 9, 28, 13, 54, 23, 58]],
[88, [10, 52, 16, 37, 4, 18, 19, 39, 41, 57, 24, 48, 29, 51, 33, 35, 45, 64]],
[88, [10, 52, 16, 37, 17, 18, 39, 40, 41, 57, 8, 61, 27, 49, 13, 54, 23, 58]],
[88, [10, 52, 16, 37, 17, 18, 39, 40, 41, 57, 8, 61, 50, 62, 33, 35, 45, 64]],
[88, [10, 52, 16, 37, 17, 18, 39, 40, 41, 57, 24, 48, 27, 49, 33, 35, 43, 44]],
[88, [10, 52, 16, 37, 17, 18, 39, 40, 41, 57, 24, 48, 50, 62, 13, 54, 59, 60]],
[88, [11, 12, 3, 14, 4, 18, 19, 39, 41, 57, 8, 61, 27, 49, 13, 54, 59, 60]],
[88, [11, 12, 3, 14, 4, 18, 19, 39, 41, 57, 8, 61, 50, 62, 33, 35, 43, 44]],
[88, [11, 12, 3, 14, 4, 18, 19, 39, 41, 57, 24, 48, 27, 49, 33, 35, 45, 64]],
[88, [11, 12, 3, 14, 4, 18, 19, 39, 41, 57, 24, 48, 50, 62, 13, 54, 23, 58]],
[88, [11, 12, 3, 14, 17, 18, 39, 40, 41, 57, 8, 61, 9, 28, 33, 35, 45, 64]],
[88, [11, 12, 3, 14, 17, 18, 39, 40, 41, 57, 8, 61, 29, 51, 13, 54, 23, 58]],
[88, [11, 12, 3, 14, 17, 18, 39, 40, 41, 57, 24, 48, 9, 28, 13, 54, 59, 60]],
[88, [11, 12, 3, 14, 17, 18, 39, 40, 41, 57, 24, 48, 29, 51, 33, 35, 43, 44]],
[88, [11, 12, 16, 37, 4, 18, 19, 39, 41, 57, 25, 47, 27, 49, 13, 54, 23, 58]],
[88, [11, 12, 16, 37, 4, 18, 19, 39, 41, 57, 25, 47, 50, 62, 33, 35, 45, 64]],
[88, [11, 12, 16, 37, 4, 18, 19, 39, 41, 57, 26, 46, 27, 49, 33, 35, 43, 44]],
[88, [11, 12, 16, 37, 4, 18, 19, 39, 41, 57, 26, 46, 50, 62, 13, 54, 59, 60]],
[88, [11, 12, 16, 37, 17, 18, 39, 40, 41, 57, 25, 47, 9, 28, 33, 35, 43, 44]],
[88, [11, 12, 16, 37, 17, 18, 39, 40, 41, 57, 25, 47, 29, 51, 13, 54, 59, 60]],
[88, [11, 12, 16, 37, 17, 18, 39, 40, 41, 57, 26, 46, 9, 28, 13, 54, 23, 58]],
[88, [11, 12, 16, 37, 17, 18, 39, 40, 41, 57, 26, 46, 29, 51, 33, 35, 45, 64]],
[88, [30, 31, 3, 14, 4, 18, 19, 39, 41, 57, 8, 61, 9, 28, 33, 35, 59, 60]],
[88, [30, 31, 3, 14, 4, 18, 19, 39, 41, 57, 8, 61, 29, 51, 13, 54, 43, 44]],
[88, [30, 31, 3, 14, 4, 18, 19, 39, 41, 57, 24, 48, 9, 28, 13, 54, 45, 64]],
[88, [30, 31, 3, 14, 4, 18, 19, 39, 41, 57, 24, 48, 29, 51, 33, 35, 23, 58]],
[88, [30, 31, 3, 14, 17, 18, 39, 40, 41, 57, 8, 61, 27, 49, 13, 54, 45, 64]],
[88, [30, 31, 3, 14, 17, 18, 39, 40, 41, 57, 8, 61, 50, 62, 33, 35, 23, 58]],
[88, [30, 31, 3, 14, 17, 18, 39, 40, 41, 57, 24, 48, 27, 49, 33, 35, 59, 60]],
[88, [30, 31, 3, 14, 17, 18, 39, 40, 41, 57, 24, 48, 50, 62, 13, 54, 43, 44]],
[88, [30, 31, 16, 37, 4, 18, 19, 39, 41, 57, 25, 47, 9, 28, 33, 35, 23, 58]],
[88, [30, 31, 16, 37, 4, 18, 19, 39, 41, 57, 25, 47, 29, 51, 13, 54, 45, 64]],
[88, [30, 31, 16, 37, 4, 18, 19, 39, 41, 57, 26, 46, 9, 28, 13, 54, 43, 44]],
[88, [30, 31, 16, 37, 4, 18, 19, 39, 41, 57, 26, 46, 29, 51, 33, 35, 59, 60]],
[88, [30, 31, 16, 37, 17, 18, 39, 40, 41, 57, 25, 47, 27, 49, 13, 54, 43, 44]],
[88, [30, 31, 16, 37, 17, 18, 39, 40, 41, 57, 25, 47, 50, 62, 33, 35, 59, 60]],
[88, [30, 31, 16, 37, 17, 18, 39, 40, 41, 57, 26, 46, 27, 49, 33, 35, 23, 58]],
[88, [30, 31, 16, 37, 17, 18, 39, 40, 41, 57, 26, 46, 50, 62, 13, 54, 45, 64]],
[88, [2, 32, 3, 14, 15, 36, 38, 56, 4, 19, 25, 47, 27, 49, 13, 54, 45, 64]],
[88, [2, 32, 3, 14, 15, 36, 38, 56, 4, 19, 25, 47, 50, 62, 33, 35, 23, 58]],
[88, [2, 32, 3, 14, 15, 36, 38, 56, 4, 19, 26, 46, 27, 49, 33, 35, 59, 60]],
[88, [2, 32, 3, 14, 15, 36, 38, 56, 4, 19, 26, 46, 50, 62, 13, 54, 43, 44]],
[88, [2, 32, 3, 14, 15, 36, 38, 56, 17, 40, 25, 47, 9, 28, 33, 35, 59, 60]],
[88, [2, 32, 3, 14, 15, 36, 38, 56, 17, 40, 25, 47, 29, 51, 13, 54, 43, 44]],
[88, [2, 32, 3, 14, 15, 36, 38, 56, 17, 40, 26, 46, 9, 28, 13, 54, 45, 64]],
[88, [2, 32, 3, 14, 15, 36, 38, 56, 17, 40, 26, 46, 29, 51, 33, 35, 23, 58]],
[88, [2, 32, 15, 16, 36, 37, 38, 56, 4, 19, 8, 61, 27, 49, 13, 54, 43, 44]],
[88, [2, 32, 15, 16, 36, 37, 38, 56, 4, 19, 8, 61, 50, 62, 33, 35, 59, 60]],
[88, [2, 32, 15, 16, 36, 37, 38, 56, 4, 19, 24, 48, 27, 49, 33, 35, 23, 58]],
[88, [2, 32, 15, 16, 36, 37, 38, 56, 4, 19, 24, 48, 50, 62, 13, 54, 45, 64]],
[88, [2, 32, 15, 16, 36, 37, 38, 56, 17, 40, 8, 61, 9, 28, 33, 35, 23, 58]],
[88, [2, 32, 15, 16, 36, 37, 38, 56, 17, 40, 8, 61, 29, 51, 13, 54, 45, 64]],
[88, [2, 32, 15, 16, 36, 37, 38, 56, 17, 40, 24, 48, 9, 28, 13, 54, 43, 44]],
[88, [2, 32, 15, 16, 36, 37, 38, 56, 17, 40, 24, 48, 29, 51, 33, 35, 59, 60]],
[88, [10, 52, 3, 14, 15, 36, 38, 56, 4, 19, 25, 47, 9, 28, 33, 35, 45, 64]],
[88, [10, 52, 3, 14, 15, 36, 38, 56, 4, 19, 25, 47, 29, 51, 13, 54, 23, 58]],
[88, [10, 52, 3, 14, 15, 36, 38, 56, 4, 19, 26, 46, 9, 28, 13, 54, 59, 60]],
[88, [10, 52, 3, 14, 15, 36, 38, 56, 4, 19, 26, 46, 29, 51, 33, 35, 43, 44]],
[88, [10, 52, 3, 14, 15, 36, 38, 56, 17, 40, 25, 47, 27, 49, 13, 54, 59, 60]],
[88, [10, 52, 3, 14, 15, 36, 38, 56, 17, 40, 25, 47, 50, 62, 33, 35, 43, 44]],
[88, [10, 52, 3, 14, 15, 36, 38, 56, 17, 40, 26, 46, 27, 49, 33, 35, 45, 64]],
[88, [10, 52, 3, 14, 15, 36, 38, 56, 17, 40, 26, 46, 50, 62, 13, 54, 23, 58]],
[88, [10, 52, 15, 16, 36, 37, 38, 56, 4, 19, 8, 61, 9, 28, 33, 35, 43, 44]],
[88, [10, 52, 15, 16, 36, 37, 38, 56, 4, 19, 8, 61, 29, 51, 13, 54, 59, 60]],
[88, [10, 52, 15, 16, 36, 37, 38, 56, 4, 19, 24, 48, 9, 28, 13, 54, 23, 58]],
[88, [10, 52, 15, 16, 36, 37, 38, 56, 4, 19, 24, 48, 29, 51, 33, 35, 45, 64]],
[88, [10, 52, 15, 16, 36, 37, 38, 56, 17, 40, 8, 61, 27, 49, 13, 54, 23, 58]],
[88, [10, 52, 15, 16, 36, 37, 38, 56, 17, 40, 8, 61, 50, 62, 33, 35, 45, 64]],
[88, [10, 52, 15, 16, 36, 37, 38, 56, 17, 40, 24, 48, 27, 49, 33, 35, 43, 44]],
[88, [10, 52, 15, 16, 36, 37, 38, 56, 17, 40, 24, 48, 50, 62, 13, 54, 59, 60]],
[88, [11, 12, 3, 14, 15, 36, 38, 56, 4, 19, 8, 61, 27, 49, 13, 54, 59, 60]],
[88, [11, 12, 3, 14, 15, 36, 38, 56, 4, 19, 8, 61, 50, 62, 33, 35, 43, 44]],
[88, [11, 12, 3, 14, 15, 36, 38, 56, 4, 19, 24, 48, 27, 49, 33, 35, 45, 64]],
[88, [11, 12, 3, 14, 15, 36, 38, 56, 4, 19, 24, 48, 50, 62, 13, 54, 23, 58]],
[88, [11, 12, 3, 14, 15, 36, 38, 56, 17, 40, 8, 61, 9, 28, 33, 35, 45, 64]],
[88, [11, 12, 3, 14, 15, 36, 38, 56, 17, 40, 8, 61, 29, 51, 13, 54, 23, 58]],
[88, [11, 12, 3, 14, 15, 36, 38, 56, 17, 40, 24, 48, 9, 28, 13, 54, 59, 60]],
[88, [11, 12, 3, 14, 15, 36, 38, 56, 17, 40, 24, 48, 29, 51, 33, 35, 43, 44]],
[88, [11, 12, 15, 16, 36, 37, 38, 56, 4, 19, 25, 47, 27, 49, 13, 54, 23, 58]],
[88, [11, 12, 15, 16, 36, 37, 38, 56, 4, 19, 25, 47, 50, 62, 33, 35, 45, 64]],
[88, [11, 12, 15, 16, 36, 37, 38, 56, 4, 19, 26, 46, 27, 49, 33, 35, 43, 44]],
[88, [11, 12, 15, 16, 36, 37, 38, 56, 4, 19, 26, 46, 50, 62, 13, 54, 59, 60]],
[88, [11, 12, 15, 16, 36, 37, 38, 56, 17, 40, 25, 47, 9, 28, 33, 35, 43, 44]],
[88, [11, 12, 15, 16, 36, 37, 38, 56, 17, 40, 25, 47, 29, 51, 13, 54, 59, 60]],
[88, [11, 12, 15, 16, 36, 37, 38, 56, 17, 40, 26, 46, 9, 28, 13, 54, 23, 58]],
[88, [11, 12, 15, 16, 36, 37, 38, 56, 17, 40, 26, 46, 29, 51, 33, 35, 45, 64]],
[88, [30, 31, 3, 14, 15, 36, 38, 56, 4, 19, 8, 61, 9, 28, 33, 35, 59, 60]],
[88, [30, 31, 3, 14, 15, 36, 38, 56, 4, 19, 8, 61, 29, 51, 13, 54, 43, 44]],
[88, [30, 31, 3, 14, 15, 36, 38, 56, 4, 19, 24, 48, 9, 28, 13, 54, 45, 64]],
[88, [30, 31, 3, 14, 15, 36, 38, 56, 4, 19, 24, 48, 29, 51, 33, 35, 23, 58]],
[88, [30, 31, 3, 14, 15, 36, 38, 56, 17, 40, 8, 61, 27, 49, 13, 54, 45, 64]],
[88, [30, 31, 3, 14, 15, 36, 38, 56, 17, 40, 8, 61, 50, 62, 33, 35, 23, 58]],
[88, [30, 31, 3, 14, 15, 36, 38, 56, 17, 40, 24, 48, 27, 49, 33, 35, 59, 60]],
[88, [30, 31, 3, 14, 15, 36, 38, 56, 17, 40, 24, 48, 50, 62, 13, 54, 43, 44]],
[88, [30, 31, 15, 16, 36, 37, 38, 56, 4, 19, 25, 47, 9, 28, 33, 35, 23, 58]],
[88, [30, 31, 15, 16, 36, 37, 38, 56, 4, 19, 25, 47, 29, 51, 13, 54, 45, 64]],
[88, [30, 31, 15, 16, 36, 37, 38, 56, 4, 19, 26, 46, 9, 28, 13, 54, 43, 44]],
[88, [30, 31, 15, 16, 36, 37, 38, 56, 4, 19, 26, 46, 29, 51, 33, 35, 59, 60]],
[88, [30, 31, 15, 16, 36, 37, 38, 56, 17, 40, 25, 47, 27, 49, 13, 54, 43, 44]],
[88, [30, 31, 15, 16, 36, 37, 38, 56, 17, 40, 25, 47, 50, 62, 33, 35, 59, 60]],
[88, [30, 31, 15, 16, 36, 37, 38, 56, 17, 40, 26, 46, 27, 49, 33, 35, 23, 58]],
[88, [30, 31, 15, 16, 36, 37, 38, 56, 17, 40, 26, 46, 50, 62, 13, 54, 45, 64]],
[88, [2, 10, 11, 12, 32, 52, 3, 14, 18, 41, 25, 47, 27, 49, 13, 54, 59, 60]],
[88, [2, 10, 11, 12, 32, 52, 3, 14, 18, 41, 25, 47, 50, 62, 33, 35, 43, 44]],
[88, [2, 10, 11, 12, 32, 52, 3, 14, 18, 41, 26, 46, 27, 49, 33, 35, 45, 64]],
[88, [2, 10, 11, 12, 32, 52, 3, 14, 18, 41, 26, 46, 50, 62, 13, 54, 23, 58]],
[88, [2, 10, 11, 12, 32, 52, 3, 14, 39, 57, 25, 47, 9, 28, 33, 35, 45, 64]],
[88, [2, 10, 11, 12, 32, 52, 3, 14, 39, 57, 25, 47, 29, 51, 13, 54, 23, 58]],
[88, [2, 10, 11, 12, 32, 52, 3, 14, 39, 57, 26, 46, 9, 28, 13, 54, 59, 60]],
[88, [2, 10, 11, 12, 32, 52, 3, 14, 39, 57, 26, 46, 29, 51, 33, 35, 43, 44]],
[88, [2, 10, 11, 12, 32, 52, 16, 37, 18, 41, 8, 61, 27, 49, 13, 54, 23, 58]],
[88, [2, 10, 11, 12, 32, 52, 16, 37, 18, 41, 8, 61, 50, 62, 33, 35, 45, 64]],
[88, [2, 10, 11, 12, 32, 52, 16, 37, 18, 41, 24, 48, 27, 49, 33, 35, 43, 44]],
[88, [2, 10, 11, 12, 32, 52, 16, 37, 18, 41, 24, 48, 50, 62, 13, 54, 59, 60]],
[88, [2, 10, 11, 12, 32, 52, 16, 37, 39, 57, 8, 61, 9, 28, 33, 35, 43, 44]],
[88, [2, 10, 11, 12, 32, 52, 16, 37, 39, 57, 8, 61, 29, 51, 13, 54, 59, 60]],
[88, [2, 10, 11, 12, 32, 52, 16, 37, 39, 57, 24, 48, 9, 28, 13, 54, 23, 58]],
[88, [2, 10, 11, 12, 32, 52, 16, 37, 39, 57, 24, 48, 29, 51, 33, 35, 45, 64]],
[88, [2, 10, 30, 31, 32, 52, 3, 14, 18, 41, 25, 47, 9, 28, 33, 35, 59, 60]],
[88, [2, 10, 30, 31, 32, 52, 3, 14, 18, 41, 25, 47, 29, 51, 13, 54, 43, 44]],
[88, [2, 10, 30, 31, 32, 52, 3, 14, 18, 41, 26, 46, 9, 28, 13, 54, 45, 64]],
[88, [2, 10, 30, 31, 32, 52, 3, 14, 18, 41, 26, 46, 29, 51, 33, 35, 23, 58]],
[88, [2, 10, 30, 31, 32, 52, 3, 14, 39, 57, 25, 47, 27, 49, 13, 54, 45, 64]],
[88, [2, 10, 30, 31, 32, 52, 3, 14, 39, 57, 25, 47, 50, 62, 33, 35, 23, 58]],
[88, [2, 10, 30, 31, 32, 52, 3, 14, 39, 57, 26, 46, 27, 49, 33, 35, 59, 60]],
[88, [2, 10, 30, 31, 32, 52, 3, 14, 39, 57, 26, 46, 50, 62, 13, 54, 43, 44]],
[88, [2, 10, 30, 31, 32, 52, 16, 37, 18, 41, 8, 61, 9, 28, 33, 35, 23, 58]],
[88, [2, 10, 30, 31, 32, 52, 16, 37, 18, 41, 8, 61, 29, 51, 13, 54, 45, 64]],
[88, [2, 10, 30, 31, 32, 52, 16, 37, 18, 41, 24, 48, 9, 28, 13, 54, 43, 44]],
[88, [2, 10, 30, 31, 32, 52, 16, 37, 18, 41, 24, 48, 29, 51, 33, 35, 59, 60]],
[88, [2, 10, 30, 31, 32, 52, 16, 37, 39, 57, 8, 61, 27, 49, 13, 54, 43, 44]],
[88, [2, 10, 30, 31, 32, 52, 16, 37, 39, 57, 8, 61, 50, 62, 33, 35, 59, 60]],
[88, [2, 10, 30, 31, 32, 52, 16, 37, 39, 57, 24, 48, 27, 49, 33, 35, 23, 58]],
[88, [2, 10, 30, 31, 32, 52, 16, 37, 39, 57, 24, 48, 50, 62, 13, 54, 45, 64]],
[88, [2, 11, 12, 30, 31, 32, 3, 14, 18, 41, 8, 61, 27, 49, 13, 54, 45, 64]],
[88, [2, 11, 12, 30, 31, 32, 3, 14, 18, 41, 8, 61, 50, 62, 33, 35, 23, 58]],
[88, [2, 11, 12, 30, 31, 32, 3, 14, 18, 41, 24, 48, 27, 49, 33, 35, 59, 60]],
[88, [2, 11, 12, 30, 31, 32, 3, 14, 18, 41, 24, 48, 50, 62, 13, 54, 43, 44]],
[88, [2, 11, 12, 30, 31, 32, 3, 14, 39, 57, 8, 61, 9, 28, 33, 35, 59, 60]],
[88, [2, 11, 12, 30, 31, 32, 3, 14, 39, 57, 8, 61, 29, 51, 13, 54, 43, 44]],
[88, [2, 11, 12, 30, 31, 32, 3, 14, 39, 57, 24, 48, 9, 28, 13, 54, 45, 64]],
[88, [2, 11, 12, 30, 31, 32, 3, 14, 39, 57, 24, 48, 29, 51, 33, 35, 23, 58]],
[88, [2, 11, 12, 30, 31, 32, 16, 37, 18, 41, 25, 47, 27, 49, 13, 54, 43, 44]],
[88, [2, 11, 12, 30, 31, 32, 16, 37, 18, 41, 25, 47, 50, 62, 33, 35, 59, 60]],
[88, [2, 11, 12, 30, 31, 32, 16, 37, 18, 41, 26, 46, 27, 49, 33, 35, 23, 58]],
[88, [2, 11, 12, 30, 31, 32, 16, 37, 18, 41, 26, 46, 50, 62, 13, 54, 45, 64]],
[88, [2, 11, 12, 30, 31, 32, 16, 37, 39, 57, 25, 47, 9, 28, 33, 35, 23, 58]],
[88, [2, 11, 12, 30, 31, 32, 16, 37, 39, 57, 25, 47, 29, 51, 13, 54, 45, 64]],
[88, [2, 11, 12, 30, 31, 32, 16, 37, 39, 57, 26, 46, 9, 28, 13, 54, 43, 44]],
[88, [2, 11, 12, 30, 31, 32, 16, 37, 39, 57, 26, 46, 29, 51, 33, 35, 59, 60]],
[88, [10, 11, 12, 30, 31, 52, 3, 14, 18, 41, 8, 61, 9, 28, 33, 35, 45, 64]],
[88, [10, 11, 12, 30, 31, 52, 3, 14, 18, 41, 8, 61, 29, 51, 13, 54, 23, 58]],
[88, [10, 11, 12, 30, 31, 52, 3, 14, 18, 41, 24, 48, 9, 28, 13, 54, 59, 60]],
[88, [10, 11, 12, 30, 31, 52, 3, 14, 18, 41, 24, 48, 29, 51, 33, 35, 43, 44]],
[88, [10, 11, 12, 30, 31, 52, 3, 14, 39, 57, 8, 61, 27, 49, 13, 54, 59, 60]],
[88, [10, 11, 12, 30, 31, 52, 3, 14, 39, 57, 8, 61, 50, 62, 33, 35, 43, 44]],
[88, [10, 11, 12, 30, 31, 52, 3, 14, 39, 57, 24, 48, 27, 49, 33, 35, 45, 64]],
[88, [10, 11, 12, 30, 31, 52, 3, 14, 39, 57, 24, 48, 50, 62, 13, 54, 23, 58]],
[88, [10, 11, 12, 30, 31, 52, 16, 37, 18, 41, 25, 47, 9, 28, 33, 35, 43, 44]],
[88, [10, 11, 12, 30, 31, 52, 16, 37, 18, 41, 25, 47, 29, 51, 13, 54, 59, 60]],
[88, [10, 11, 12, 30, 31, 52, 16, 37, 18, 41, 26, 46, 9, 28, 13, 54, 23, 58]],
[88, [10, 11, 12, 30, 31, 52, 16, 37, 18, 41, 26, 46, 29, 51, 33, 35, 45, 64]],
[88, [10, 11, 12, 30, 31, 52, 16, 37, 39, 57, 25, 47, 27, 49, 13, 54, 23, 58]],
[88, [10, 11, 12, 30, 31, 52, 16, 37, 39, 57, 25, 47, 50, 62, 33, 35, 45, 64]],
[88, [10, 11, 12, 30, 31, 52, 16, 37, 39, 57, 26, 46, 27, 49, 33, 35, 43, 44]],
[88, [10, 11, 12, 30, 31, 52, 16, 37, 39, 57, 26, 46, 50, 62, 13, 54, 59, 60]],
[88, [5, 21, 2, 32, 3, 14, 15, 38, 25, 47, 9, 28, 33, 35, 53, 63, 59, 60]],
[88, [5, 21, 2, 32, 3, 14, 15, 38, 25, 47, 27, 49, 13, 34, 54, 55, 45, 64]],
[88, [5, 21, 2, 32, 3, 14, 15, 38, 25, 47, 29, 51, 13, 53, 54, 63, 43, 44]],
[88, [5, 21, 2, 32, 3, 14, 15, 38, 25, 47, 50, 62, 33, 34, 35, 55, 23, 58]],
[88, [5, 21, 2, 32, 3, 14, 15, 38, 26, 46, 9, 28, 13, 53, 54, 63, 45, 64]],
[88, [5, 21, 2, 32, 3, 14, 15, 38, 26, 46, 27, 49, 33, 34, 35, 55, 59, 60]],
[88, [5, 21, 2, 32, 3, 14, 15, 38, 26, 46, 29, 51, 33, 35, 53, 63, 23, 58]],
[88, [5, 21, 2, 32, 3, 14, 15, 38, 26, 46, 50, 62, 13, 34, 54, 55, 43, 44]],
[88, [5, 21, 2, 32, 3, 14, 36, 56, 25, 47, 9, 28, 33, 34, 35, 55, 59, 60]],
[88, [5, 21, 2, 32, 3, 14, 36, 56, 25, 47, 27, 49, 13, 53, 54, 63, 45, 64]],
[88, [5, 21, 2, 32, 3, 14, 36, 56, 25, 47, 29, 51, 13, 34, 54, 55, 43, 44]],
[88, [5, 21, 2, 32, 3, 14, 36, 56, 25, 47, 50, 62, 33, 35, 53, 63, 23, 58]],
[88, [5, 21, 2, 32, 3, 14, 36, 56, 26, 46, 9, 28, 13, 34, 54, 55, 45, 64]],
[88, [5, 21, 2, 32, 3, 14, 36, 56, 26, 46, 27, 49, 33, 35, 53, 63, 59, 60]],
[88, [5, 21, 2, 32, 3, 14, 36, 56, 26, 46, 29, 51, 33, 34, 35, 55, 23, 58]],
[88, [5, 21, 2, 32, 3, 14, 36, 56, 26, 46, 50, 62, 13, 53, 54, 63, 43, 44]],
[88, [5, 21, 2, 32, 15, 16, 37, 38, 8, 61, 9, 28, 33, 35, 53, 63, 23, 58]],
[88, [5, 21, 2, 32, 15, 16, 37, 38, 8, 61, 27, 49, 13, 34, 54, 55, 43, 44]],
[88, [5, 21, 2, 32, 15, 16, 37, 38, 8, 61, 29, 51, 13, 53, 54, 63, 45, 64]],
[88, [5, 21, 2, 32, 15, 16, 37, 38, 8, 61, 50, 62, 33, 34, 35, 55, 59, 60]],
[88, [5, 21, 2, 32, 15, 16, 37, 38, 24, 48, 9, 28, 13, 53, 54, 63, 43, 44]],
[88, [5, 21, 2, 32, 15, 16, 37, 38, 24, 48, 27, 49, 33, 34, 35, 55, 23, 58]],
[88, [5, 21, 2, 32, 15, 16, 37, 38, 24, 48, 29, 51, 33, 35, 53, 63, 59, 60]],
[88, [5, 21, 2, 32, 15, 16, 37, 38, 24, 48, 50, 62, 13, 34, 54, 55, 45, 64]],
[88, [5, 21, 2, 32, 16, 36, 37, 56, 8, 61, 9, 28, 33, 34, 35, 55, 23, 58]],
[88, [5, 21, 2, 32, 16, 36, 37, 56, 8, 61, 27, 49, 13, 53, 54, 63, 43, 44]],
[88, [5, 21, 2, 32, 16, 36, 37, 56, 8, 61, 29, 51, 13, 34, 54, 55, 45, 64]],
[88, [5, 21, 2, 32, 16, 36, 37, 56, 8, 61, 50, 62, 33, 35, 53, 63, 59, 60]],
[88, [5, 21, 2, 32, 16, 36, 37, 56, 24, 48, 9, 28, 13, 34, 54, 55, 43, 44]],
[88, [5, 21, 2, 32, 16, 36, 37, 56, 24, 48, 27, 49, 33, 35, 53, 63, 23, 58]],
[88, [5, 21, 2, 32, 16, 36, 37, 56, 24, 48, 29, 51, 33, 34, 35, 55, 59, 60]],
[88, [5, 21, 2, 32, 16, 36, 37, 56, 24, 48, 50, 62, 13, 53, 54, 63, 45, 64]],
[88, [5, 21, 10, 52, 3, 14, 15, 38, 25, 47, 9, 28, 33, 34, 35, 55, 45, 64]],
[88, [5, 21, 10, 52, 3, 14, 15, 38, 25, 47, 27, 49, 13, 53, 54, 63, 59, 60]],
[88, [5, 21, 10, 52, 3, 14, 15, 38, 25, 47, 29, 51, 13, 34, 54, 55, 23, 58]],
[88, [5, 21, 10, 52, 3, 14, 15, 38, 25, 47, 50, 62, 33, 35, 53, 63, 43, 44]],
[88, [5, 21, 10, 52, 3, 14, 15, 38, 26, 46, 9, 28, 13, 34, 54, 55, 59, 60]],
[88, [5, 21, 10, 52, 3, 14, 15, 38, 26, 46, 27, 49, 33, 35, 53, 63, 45, 64]],
[88, [5, 21, 10, 52, 3, 14, 15, 38, 26, 46, 29, 51, 33, 34, 35, 55, 43, 44]],
[88, [5, 21, 10, 52, 3, 14, 15, 38, 26, 46, 50, 62, 13, 53, 54, 63, 23, 58]],
[88, [5, 21, 10, 52, 3, 14, 36, 56, 25, 47, 9, 28, 33, 35, 53, 63, 45, 64]],
[88, [5, 21, 10, 52, 3, 14, 36, 56, 25, 47, 27, 49, 13, 34, 54, 55, 59, 60]],
[88, [5, 21, 10, 52, 3, 14, 36, 56, 25, 47, 29, 51, 13, 53, 54, 63, 23, 58]],
[88, [5, 21, 10, 52, 3, 14, 36, 56, 25, 47, 50, 62, 33, 34, 35, 55, 43, 44]],
[88, [5, 21, 10, 52, 3, 14, 36, 56, 26, 46, 9, 28, 13, 53, 54, 63, 59, 60]],
[88, [5, 21, 10, 52, 3, 14, 36, 56, 26, 46, 27, 49, 33, 34, 35, 55, 45, 64]],
[88, [5, 21, 10, 52, 3, 14, 36, 56, 26, 46, 29, 51, 33, 35, 53, 63, 43, 44]],
[88, [5, 21, 10, 52, 3, 14, 36, 56, 26, 46, 50, 62, 13, 34, 54, 55, 23, 58]],
[88, [5, 21, 10, 52, 15, 16, 37, 38, 8, 61, 9, 28, 33, 34, 35, 55, 43, 44]],
[88, [5, 21, 10, 52, 15, 16, 37, 38, 8, 61, 27, 49, 13, 53, 54, 63, 23, 58]],
[88, [5, 21, 10, 52, 15, 16, 37, 38, 8, 61, 29, 51, 13, 34, 54, 55, 59, 60]],
[88, [5, 21, 10, 52, 15, 16, 37, 38, 8, 61, 50, 62, 33, 35, 53, 63, 45, 64]],
[88, [5, 21, 10, 52, 15, 16, 37, 38, 24, 48, 9, 28, 13, 34, 54, 55, 23, 58]],
[88, [5, 21, 10, 52, 15, 16, 37, 38, 24, 48, 27, 49, 33, 35, 53, 63, 43, 44]],
[88, [5, 21, 10, 52, 15, 16, 37, 38, 24, 48, 29, 51, 33, 34, 35, 55, 45, 64]],
[88, [5, 21, 10, 52, 15, 16, 37, 38, 24, 48, 50, 62, 13, 53, 54, 63, 59, 60]],
[88, [5, 21, 10, 52, 16, 36, 37, 56, 8, 61, 9, 28, 33, 35, 53, 63, 43, 44]],
[88, [5, 21, 10, 52, 16, 36, 37, 56, 8, 61, 27, 49, 13, 34, 54, 55, 23, 58]],
[88, [5, 21, 10, 52, 16, 36, 37, 56, 8, 61, 29, 51, 13, 53, 54, 63, 59, 60]],
[88, [5, 21, 10, 52, 16, 36, 37, 56, 8, 61, 50, 62, 33, 34, 35, 55, 45, 64]],
[88, [5, 21, 10, 52, 16, 36, 37, 56, 24, 48, 9, 28, 13, 53, 54, 63, 23, 58]],
[88, [5, 21, 10, 52, 16, 36, 37, 56, 24, 48, 27, 49, 33, 34, 35, 55, 43, 44]],
[88, [5, 21, 10, 52, 16, 36, 37, 56, 24, 48, 29, 51, 33, 35, 53, 63, 45, 64]],
[88, [5, 21, 10, 52, 16, 36, 37, 56, 24, 48, 50, 62, 13, 34, 54, 55, 59, 60]],
[88, [5, 21, 11, 12, 3, 14, 15, 38, 8, 61, 9, 28, 33, 35, 53, 63, 45, 64]],
[88, [5, 21, 11, 12, 3, 14, 15, 38, 8, 61, 27, 49, 13, 34, 54, 55, 59, 60]],
[88, [5, 21, 11, 12, 3, 14, 15, 38, 8, 61, 29, 51, 13, 53, 54, 63, 23, 58]],
[88, [5, 21, 11, 12, 3, 14, 15, 38, 8, 61, 50, 62, 33, 34, 35, 55, 43, 44]],
[88, [5, 21, 11, 12, 3, 14, 15, 38, 24, 48, 9, 28, 13, 53, 54, 63, 59, 60]],
[88, [5, 21, 11, 12, 3, 14, 15, 38, 24, 48, 27, 49, 33, 34, 35, 55, 45, 64]],
[88, [5, 21, 11, 12, 3, 14, 15, 38, 24, 48, 29, 51, 33, 35, 53, 63, 43, 44]],
[88, [5, 21, 11, 12, 3, 14, 15, 38, 24, 48, 50, 62, 13, 34, 54, 55, 23, 58]],
[88, [5, 21, 11, 12, 3, 14, 36, 56, 8, 61, 9, 28, 33, 34, 35, 55, 45, 64]],
[88, [5, 21, 11, 12, 3, 14, 36, 56, 8, 61, 27, 49, 13, 53, 54, 63, 59, 60]],
[88, [5, 21, 11, 12, 3, 14, 36, 56, 8, 61, 29, 51, 13, 34, 54, 55, 23, 58]],
[88, [5, 21, 11, 12, 3, 14, 36, 56, 8, 61, 50, 62, 33, 35, 53, 63, 43, 44]],
[88, [5, 21, 11, 12, 3, 14, 36, 56, 24, 48, 9, 28, 13, 34, 54, 55, 59, 60]],
[88, [5, 21, 11, 12, 3, 14, 36, 56, 24, 48, 27, 49, 33, 35, 53, 63, 45, 64]],
[88, [5, 21, 11, 12, 3, 14, 36, 56, 24, 48, 29, 51, 33, 34, 35, 55, 43, 44]],
[88, [5, 21, 11, 12, 3, 14, 36, 56, 24, 48, 50, 62, 13, 53, 54, 63, 23, 58]],
[88, [5, 21, 11, 12, 15, 16, 37, 38, 25, 47, 9, 28, 33, 35, 53, 63, 43, 44]],
[88, [5, 21, 11, 12, 15, 16, 37, 38, 25, 47, 27, 49, 13, 34, 54, 55, 23, 58]],
[88, [5, 21, 11, 12, 15, 16, 37, 38, 25, 47, 29, 51, 13, 53, 54, 63, 59, 60]],
[88, [5, 21, 11, 12, 15, 16, 37, 38, 25, 47, 50, 62, 33, 34, 35, 55, 45, 64]],
[88, [5, 21, 11, 12, 15, 16, 37, 38, 26, 46, 9, 28, 13, 53, 54, 63, 23, 58]],
[88, [5, 21, 11, 12, 15, 16, 37, 38, 26, 46, 27, 49, 33, 34, 35, 55, 43, 44]],
[88, [5, 21, 11, 12, 15, 16, 37, 38, 26, 46, 29, 51, 33, 35, 53, 63, 45, 64]],
[88, [5, 21, 11, 12, 15, 16, 37, 38, 26, 46, 50, 62, 13, 34, 54, 55, 59, 60]],
[88, [5, 21, 11, 12, 16, 36, 37, 56, 25, 47, 9, 28, 33, 34, 35, 55, 43, 44]],
[88, [5, 21, 11, 12, 16, 36, 37, 56, 25, 47, 27, 49, 13, 53, 54, 63, 23, 58]],
[88, [5, 21, 11, 12, 16, 36, 37, 56, 25, 47, 29, 51, 13, 34, 54, 55, 59, 60]],
[88, [5, 21, 11, 12, 16, 36, 37, 56, 25, 47, 50, 62, 33, 35, 53, 63, 45, 64]],
[88, [5, 21, 11, 12, 16, 36, 37, 56, 26, 46, 9, 28, 13, 34, 54, 55, 23, 58]],
[88, [5, 21, 11, 12, 16, 36, 37, 56, 26, 46, 27, 49, 33, 35, 53, 63, 43, 44]],
[88, [5, 21, 11, 12, 16, 36, 37, 56, 26, 46, 29, 51, 33, 34, 35, 55, 45, 64]],
[88, [5, 21, 11, 12, 16, 36, 37, 56, 26, 46, 50, 62, 13, 53, 54, 63, 59, 60]],
[88, [5, 21, 30, 31, 3, 14, 15, 38, 8, 61, 9, 28, 33, 34, 35, 55, 59, 60]],
[88, [5, 21, 30, 31, 3, 14, 15, 38, 8, 61, 27, 49, 13, 53, 54, 63, 45, 64]],
[88, [5, 21, 30, 31, 3, 14, 15, 38, 8, 61, 29, 51, 13, 34, 54, 55, 43, 44]],
[88, [5, 21, 30, 31, 3, 14, 15, 38, 8, 61, 50, 62, 33, 35, 53, 63, 23, 58]],
[88, [5, 21, 30, 31, 3, 14, 15, 38, 24, 48, 9, 28, 13, 34, 54, 55, 45, 64]],
[88, [5, 21, 30, 31, 3, 14, 15, 38, 24, 48, 27, 49, 33, 35, 53, 63, 59, 60]],
[88, [5, 21, 30, 31, 3, 14, 15, 38, 24, 48, 29, 51, 33, 34, 35, 55, 23, 58]],
[88, [5, 21, 30, 31, 3, 14, 15, 38, 24, 48, 50, 62, 13, 53, 54, 63, 43, 44]],
[88, [5, 21, 30, 31, 3, 14, 36, 56, 8, 61, 9, 28, 33, 35, 53, 63, 59, 60]],
[88, [5, 21, 30, 31, 3, 14, 36, 56, 8, 61, 27, 49, 13, 34, 54, 55, 45, 64]],
[88, [5, 21, 30, 31, 3, 14, 36, 56, 8, 61, 29, 51, 13, 53, 54, 63, 43, 44]],
[88, [5, 21, 30, 31, 3, 14, 36, 56, 8, 61, 50, 62, 33, 34, 35, 55, 23, 58]],
[88, [5, 21, 30, 31, 3, 14, 36, 56, 24, 48, 9, 28, 13, 53, 54, 63, 45, 64]],
[88, [5, 21, 30, 31, 3, 14, 36, 56, 24, 48, 27, 49, 33, 34, 35, 55, 59, 60]],
[88, [5, 21, 30, 31, 3, 14, 36, 56, 24, 48, 29, 51, 33, 35, 53, 63, 23, 58]],
[88, [5, 21, 30, 31, 3, 14, 36, 56, 24, 48, 50, 62, 13, 34, 54, 55, 43, 44]],
[88, [5, 21, 30, 31, 15, 16, 37, 38, 25, 47, 9, 28, 33, 34, 35, 55, 23, 58]],
[88, [5, 21, 30, 31, 15, 16, 37, 38, 25, 47, 27, 49, 13, 53, 54, 63, 43, 44]],
[88, [5, 21, 30, 31, 15, 16, 37, 38, 25, 47, 29, 51, 13, 34, 54, 55, 45, 64]],
[88, [5, 21, 30, 31, 15, 16, 37, 38, 25, 47, 50, 62, 33, 35, 53, 63, 59, 60]],
[88, [5, 21, 30, 31, 15, 16, 37, 38, 26, 46, 9, 28, 13, 34, 54, 55, 43, 44]],
[88, [5, 21, 30, 31, 15, 16, 37, 38, 26, 46, 27, 49, 33, 35, 53, 63, 23, 58]],
[88, [5, 21, 30, 31, 15, 16, 37, 38, 26, 46, 29, 51, 33, 34, 35, 55, 59, 60]],
[88, [5, 21, 30, 31, 15, 16, 37, 38, 26, 46, 50, 62, 13, 53, 54, 63, 45, 64]],
[88, [5, 21, 30, 31, 16, 36, 37, 56, 25, 47, 9, 28, 33, 35, 53, 63, 23, 58]],
[88, [5, 21, 30, 31, 16, 36, 37, 56, 25, 47, 27, 49, 13, 34, 54, 55, 43, 44]],
[88, [5, 21, 30, 31, 16, 36, 37, 56, 25, 47, 29, 51, 13, 53, 54, 63, 45, 64]],
[88, [5, 21, 30, 31, 16, 36, 37, 56, 25, 47, 50, 62, 33, 34, 35, 55, 59, 60]],
[88, [5, 21, 30, 31, 16, 36, 37, 56, 26, 46, 9, 28, 13, 53, 54, 63, 43, 44]],
[88, [5, 21, 30, 31, 16, 36, 37, 56, 26, 46, 27, 49, 33, 34, 35, 55, 23, 58]],
[88, [5, 21, 30, 31, 16, 36, 37, 56, 26, 46, 29, 51, 33, 35, 53, 63, 59, 60]],
[88, [5, 21, 30, 31, 16, 36, 37, 56, 26, 46, 50, 62, 13, 34, 54, 55, 45, 64]],
[88, [5, 6, 21, 22, 2, 32, 3, 14, 18, 41, 25, 47, 27, 49, 13, 54, 45, 64]],
[88, [5, 6, 21, 22, 2, 32, 3, 14, 18, 41, 25, 47, 50, 62, 33, 35, 23, 58]],
[88, [5, 6, 21, 22, 2, 32, 3, 14, 18, 41, 26, 46, 27, 49, 33, 35, 59, 60]],
[88, [5, 6, 21, 22, 2, 32, 3, 14, 18, 41, 26, 46, 50, 62, 13, 54, 43, 44]],
[88, [5, 6, 21, 22, 2, 32, 3, 14, 39, 57, 25, 47, 9, 28, 33, 35, 59, 60]],
[88, [5, 6, 21, 22, 2, 32, 3, 14, 39, 57, 25, 47, 29, 51, 13, 54, 43, 44]],
[88, [5, 6, 21, 22, 2, 32, 3, 14, 39, 57, 26, 46, 9, 28, 13, 54, 45, 64]],
[88, [5, 6, 21, 22, 2, 32, 3, 14, 39, 57, 26, 46, 29, 51, 33, 35, 23, 58]],
[88, [5, 6, 21, 22, 2, 32, 16, 37, 18, 41, 8, 61, 27, 49, 13, 54, 43, 44]],
[88, [5, 6, 21, 22, 2, 32, 16, 37, 18, 41, 8, 61, 50, 62, 33, 35, 59, 60]],
[88, [5, 6, 21, 22, 2, 32, 16, 37, 18, 41, 24, 48, 27, 49, 33, 35, 23, 58]],
[88, [5, 6, 21, 22, 2, 32, 16, 37, 18, 41, 24, 48, 50, 62, 13, 54, 45, 64]],
[88, [5, 6, 21, 22, 2, 32, 16, 37, 39, 57, 8, 61, 9, 28, 33, 35, 23, 58]],
[88, [5, 6, 21, 22, 2, 32, 16, 37, 39, 57, 8, 61, 29, 51, 13, 54, 45, 64]],
[88, [5, 6, 21, 22, 2, 32, 16, 37, 39, 57, 24, 48, 9, 28, 13, 54, 43, 44]],
[88, [5, 6, 21, 22, 2, 32, 16, 37, 39, 57, 24, 48, 29, 51, 33, 35, 59, 60]],
[88, [5, 6, 21, 22, 10, 52, 3, 14, 18, 41, 25, 47, 9, 28, 33, 35, 45, 64]],
[88, [5, 6, 21, 22, 10, 52, 3, 14, 18, 41, 25, 47, 29, 51, 13, 54, 23, 58]],
[88, [5, 6, 21, 22, 10, 52, 3, 14, 18, 41, 26, 46, 9, 28, 13, 54, 59, 60]],
[88, [5, 6, 21, 22, 10, 52, 3, 14, 18, 41, 26, 46, 29, 51, 33, 35, 43, 44]],
[88, [5, 6, 21, 22, 10, 52, 3, 14, 39, 57, 25, 47, 27, 49, 13, 54, 59, 60]],
[88, [5, 6, 21, 22, 10, 52, 3, 14, 39, 57, 25, 47, 50, 62, 33, 35, 43, 44]],
[88, [5, 6, 21, 22, 10, 52, 3, 14, 39, 57, 26, 46, 27, 49, 33, 35, 45, 64]],
[88, [5, 6, 21, 22, 10, 52, 3, 14, 39, 57, 26, 46, 50, 62, 13, 54, 23, 58]],
[88, [5, 6, 21, 22, 10, 52, 16, 37, 18, 41, 8, 61, 9, 28, 33, 35, 43, 44]],
[88, [5, 6, 21, 22, 10, 52, 16, 37, 18, 41, 8, 61, 29, 51, 13, 54, 59, 60]],
[88, [5, 6, 21, 22, 10, 52, 16, 37, 18, 41, 24, 48, 9, 28, 13, 54, 23, 58]],
[88, [5, 6, 21, 22, 10, 52, 16, 37, 18, 41, 24, 48, 29, 51, 33, 35, 45, 64]],
[88, [5, 6, 21, 22, 10, 52, 16, 37, 39, 57, 8, 61, 27, 49, 13, 54, 23, 58]],
[88, [5, 6, 21, 22, 10, 52, 16, 37, 39, 57, 8, 61, 50, 62, 33, 35, 45, 64]],
[88, [5, 6, 21, 22, 10, 52, 16, 37, 39, 57, 24, 48, 27, 49, 33, 35, 43, 44]],
[88, [5, 6, 21, 22, 10, 52, 16, 37, 39, 57, 24, 48, 50, 62, 13, 54, 59, 60]],
[88, [5, 6, 21, 22, 11, 12, 3, 14, 18, 41, 8, 61, 27, 49, 13, 54, 59, 60]],
[88, [5, 6, 21, 22, 11, 12, 3, 14, 18, 41, 8, 61, 50, 62, 33, 35, 43, 44]],
[88, [5, 6, 21, 22, 11, 12, 3, 14, 18, 41, 24, 48, 27, 49, 33, 35, 45, 64]],
[88, [5, 6, 21, 22, 11, 12, 3, 14, 18, 41, 24, 48, 50, 62, 13, 54, 23, 58]],
[88, [5, 6, 21, 22, 11, 12, 3, 14, 39, 57, 8, 61, 9, 28, 33, 35, 45, 64]],
[88, [5, 6, 21, 22, 11, 12, 3, 14, 39, 57, 8, 61, 29, 51, 13, 54, 23, 58]],
[88, [5, 6, 21, 22, 11, 12, 3, 14, 39, 57, 24, 48, 9, 28, 13, 54, 59, 60]],
[88, [5, 6, 21, 22, 11, 12, 3, 14, 39, 57, 24, 48, 29, 51, 33, 35, 43, 44]],
[88, [5, 6, 21, 22, 11, 12, 16, 37, 18, 41, 25, 47, 27, 49, 13, 54, 23, 58]],
[88, [5, 6, 21, 22, 11, 12, 16, 37, 18, 41, 25, 47, 50, 62, 33, 35, 45, 64]],
[88, [5, 6, 21, 22, 11, 12, 16, 37, 18, 41, 26, 46, 27, 49, 33, 35, 43, 44]],
[88, [5, 6, 21, 22, 11, 12, 16, 37, 18, 41, 26, 46, 50, 62, 13, 54, 59, 60]],
[88, [5, 6, 21, 22, 11, 12, 16, 37, 39, 57, 25, 47, 9, 28, 33, 35, 43, 44]],
[88, [5, 6, 21, 22, 11, 12, 16, 37, 39, 57, 25, 47, 29, 51, 13, 54, 59, 60]],
[88, [5, 6, 21, 22, 11, 12, 16, 37, 39, 57, 26, 46, 9, 28, 13, 54, 23, 58]],
[88, [5, 6, 21, 22, 11, 12, 16, 37, 39, 57, 26, 46, 29, 51, 33, 35, 45, 64]],
[88, [5, 6, 21, 22, 30, 31, 3, 14, 18, 41, 8, 61, 9, 28, 33, 35, 59, 60]],
[88, [5, 6, 21, 22, 30, 31, 3, 14, 18, 41, 8, 61, 29, 51, 13, 54, 43, 44]],
[88, [5, 6, 21, 22, 30, 31, 3, 14, 18, 41, 24, 48, 9, 28, 13, 54, 45, 64]],
[88, [5, 6, 21, 22, 30, 31, 3, 14, 18, 41, 24, 48, 29, 51, 33, 35, 23, 58]],
[88, [5, 6, 21, 22, 30, 31, 3, 14, 39, 57, 8, 61, 27, 49, 13, 54, 45, 64]],
[88, [5, 6, 21, 22, 30, 31, 3, 14, 39, 57, 8, 61, 50, 62, 33, 35, 23, 58]],
[88, [5, 6, 21, 22, 30, 31, 3, 14, 39, 57, 24, 48, 27, 49, 33, 35, 59, 60]],
[88, [5, 6, 21, 22, 30, 31, 3, 14, 39, 57, 24, 48, 50, 62, 13, 54, 43, 44]],
[88, [5, 6, 21, 22, 30, 31, 16, 37, 18, 41, 25, 47, 9, 28, 33, 35, 23, 58]],
[88, [5, 6, 21, 22, 30, 31, 16, 37, 18, 41, 25, 47, 29, 51, 13, 54, 45, 64]],
[88, [5, 6, 21, 22, 30, 31, 16, 37, 18, 41, 26, 46, 9, 28, 13, 54, 43, 44]],
[88, [5, 6, 21, 22, 30, 31, 16, 37, 18, 41, 26, 46, 29, 51, 33, 35, 59, 60]],
[88, [5, 6, 21, 22, 30, 31, 16, 37, 39, 57, 25, 47, 27, 49, 13, 54, 43, 44]],
[88, [5, 6, 21, 22, 30, 31, 16, 37, 39, 57, 25, 47, 50, 62, 33, 35, 59, 60]],
[88, [5, 6, 21, 22, 30, 31, 16, 37, 39, 57, 26, 46, 27, 49, 33, 35, 23, 58]],
[88, [5, 6, 21, 22, 30, 31, 16, 37, 39, 57, 26, 46, 50, 62, 13, 54, 45, 64]],
[88, [5, 20, 21, 42, 2, 32, 3, 14, 18, 41, 25, 47, 9, 28, 33, 35, 59, 60]],
[88, [5, 20, 21, 42, 2, 32, 3, 14, 18, 41, 25, 47, 29, 51, 13, 54, 43, 44]],
[88, [5, 20, 21, 42, 2, 32, 3, 14, 18, 41, 26, 46, 9, 28, 13, 54, 45, 64]],
[88, [5, 20, 21, 42, 2, 32, 3, 14, 18, 41, 26, 46, 29, 51, 33, 35, 23, 58]],
[88, [5, 20, 21, 42, 2, 32, 3, 14, 39, 57, 25, 47, 27, 49, 13, 54, 45, 64]],
[88, [5, 20, 21, 42, 2, 32, 3, 14, 39, 57, 25, 47, 50, 62, 33, 35, 23, 58]],
[88, [5, 20, 21, 42, 2, 32, 3, 14, 39, 57, 26, 46, 27, 49, 33, 35, 59, 60]],
[88, [5, 20, 21, 42, 2, 32, 3, 14, 39, 57, 26, 46, 50, 62, 13, 54, 43, 44]],
[88, [5, 20, 21, 42, 2, 32, 16, 37, 18, 41, 8, 61, 9, 28, 33, 35, 23, 58]],
[88, [5, 20, 21, 42, 2, 32, 16, 37, 18, 41, 8, 61, 29, 51, 13, 54, 45, 64]],
[88, [5, 20, 21, 42, 2, 32, 16, 37, 18, 41, 24, 48, 9, 28, 13, 54, 43, 44]],
[88, [5, 20, 21, 42, 2, 32, 16, 37, 18, 41, 24, 48, 29, 51, 33, 35, 59, 60]],
[88, [5, 20, 21, 42, 2, 32, 16, 37, 39, 57, 8, 61, 27, 49, 13, 54, 43, 44]],
[88, [5, 20, 21, 42, 2, 32, 16, 37, 39, 57, 8, 61, 50, 62, 33, 35, 59, 60]],
[88, [5, 20, 21, 42, 2, 32, 16, 37, 39, 57, 24, 48, 27, 49, 33, 35, 23, 58]],
[88, [5, 20, 21, 42, 2, 32, 16, 37, 39, 57, 24, 48, 50, 62, 13, 54, 45, 64]],
[88, [5, 20, 21, 42, 10, 52, 3, 14, 18, 41, 25, 47, 27, 49, 13, 54, 59, 60]],
[88, [5, 20, 21, 42, 10, 52, 3, 14, 18, 41, 25, 47, 50, 62, 33, 35, 43, 44]],
[88, [5, 20, 21, 42, 10, 52, 3, 14, 18, 41, 26, 46, 27, 49, 33, 35, 45, 64]],
[88, [5, 20, 21, 42, 10, 52, 3, 14, 18, 41, 26, 46, 50, 62, 13, 54, 23, 58]],
[88, [5, 20, 21, 42, 10, 52, 3, 14, 39, 57, 25, 47, 9, 28, 33, 35, 45, 64]],
[88, [5, 20, 21, 42, 10, 52, 3, 14, 39, 57, 25, 47, 29, 51, 13, 54, 23, 58]],
[88, [5, 20, 21, 42, 10, 52, 3, 14, 39, 57, 26, 46, 9, 28, 13, 54, 59, 60]],
[88, [5, 20, 21, 42, 10, 52, 3, 14, 39, 57, 26, 46, 29, 51, 33, 35, 43, 44]],
[88, [5, 20, 21, 42, 10, 52, 16, 37, 18, 41, 8, 61, 27, 49, 13, 54, 23, 58]],
[88, [5, 20, 21, 42, 10, 52, 16, 37, 18, 41, 8, 61, 50, 62, 33, 35, 45, 64]],
[88, [5, 20, 21, 42, 10, 52, 16, 37, 18, 41, 24, 48, 27, 49, 33, 35, 43, 44]],
[88, [5, 20, 21, 42, 10, 52, 16, 37, 18, 41, 24, 48, 50, 62, 13, 54, 59, 60]],
[88, [5, 20, 21, 42, 10, 52, 16, 37, 39, 57, 8, 61, 9, 28, 33, 35, 43, 44]],
[88, [5, 20, 21, 42, 10, 52, 16, 37, 39, 57, 8, 61, 29, 51, 13, 54, 59, 60]],
[88, [5, 20, 21, 42, 10, 52, 16, 37, 39, 57, 24, 48, 9, 28, 13, 54, 23, 58]],
[88, [5, 20, 21, 42, 10, 52, 16, 37, 39, 57, 24, 48, 29, 51, 33, 35, 45, 64]],
[88, [5, 20, 21, 42, 11, 12, 3, 14, 18, 41, 8, 61, 9, 28, 33, 35, 45, 64]],
[88, [5, 20, 21, 42, 11, 12, 3, 14, 18, 41, 8, 61, 29, 51, 13, 54, 23, 58]],
[88, [5, 20, 21, 42, 11, 12, 3, 14, 18, 41, 24, 48, 9, 28, 13, 54, 59, 60]],
[88, [5, 20, 21, 42, 11, 12, 3, 14, 18, 41, 24, 48, 29, 51, 33, 35, 43, 44]],
[88, [5, 20, 21, 42, 11, 12, 3, 14, 39, 57, 8, 61, 27, 49, 13, 54, 59, 60]],
[88, [5, 20, 21, 42, 11, 12, 3, 14, 39, 57, 8, 61, 50, 62, 33, 35, 43, 44]],
[88, [5, 20, 21, 42, 11, 12, 3, 14, 39, 57, 24, 48, 27, 49, 33, 35, 45, 64]],
[88, [5, 20, 21, 42, 11, 12, 3, 14, 39, 57, 24, 48, 50, 62, 13, 54, 23, 58]],
[88, [5, 20, 21, 42, 11, 12, 16, 37, 18, 41, 25, 47, 9, 28, 33, 35, 43, 44]],
[88, [5, 20, 21, 42, 11, 12, 16, 37, 18, 41, 25, 47, 29, 51, 13, 54, 59, 60]],
[88, [5, 20, 21, 42, 11, 12, 16, 37, 18, 41, 26, 46, 9, 28, 13, 54, 23, 58]],
[88, [5, 20, 21, 42, 11, 12, 16, 37, 18, 41, 26, 46, 29, 51, 33, 35, 45, 64]],
[88, [5, 20, 21, 42, 11, 12, 16, 37, 39, 57, 25, 47, 27, 49, 13, 54, 23, 58]],
[88, [5, 20, 21, 42, 11, 12, 16, 37, 39, 57, 25, 47, 50, 62, 33, 35, 45, 64]],
[88, [5, 20, 21, 42, 11, 12, 16, 37, 39, 57, 26, 46, 27, 49, 33, 35, 43, 44]],
[88, [5, 20, 21, 42, 11, 12, 16, 37, 39, 57, 26, 46, 50, 62, 13, 54, 59, 60]],
[88, [5, 20, 21, 42, 30, 31, 3, 14, 18, 41, 8, 61, 27, 49, 13, 54, 45, 64]],
[88, [5, 20, 21, 42, 30, 31, 3, 14, 18, 41, 8, 61, 50, 62, 33, 35, 23, 58]],
[88, [5, 20, 21, 42, 30, 31, 3, 14, 18, 41, 24, 48, 27, 49, 33, 35, 59, 60]],
[88, [5, 20, 21, 42, 30, 31, 3, 14, 18, 41, 24, 48, 50, 62, 13, 54, 43, 44]],
[88, [5, 20, 21, 42, 30, 31, 3, 14, 39, 57, 8, 61, 9, 28, 33, 35, 59, 60]],
[88, [5, 20, 21, 42, 30, 31, 3, 14, 39, 57, 8, 61, 29, 51, 13, 54, 43, 44]],
[88, [5, 20, 21, 42, 30, 31, 3, 14, 39, 57, 24, 48, 9, 28, 13, 54, 45, 64]],
[88, [5, 20, 21, 42, 30, 31, 3, 14, 39, 57, 24, 48, 29, 51, 33, 35, 23, 58]],
[88, [5, 20, 21, 42, 30, 31, 16, 37, 18, 41, 25, 47, 27, 49, 13, 54, 43, 44]],
[88, [5, 20, 21, 42, 30, 31, 16, 37, 18, 41, 25, 47, 50, 62, 33, 35, 59, 60]],
[88, [5, 20, 21, 42, 30, 31, 16, 37, 18, 41, 26, 46, 27, 49, 33, 35, 23, 58]],
[88, [5, 20, 21, 42, 30, 31, 16, 37, 18, 41, 26, 46, 50, 62, 13, 54, 45, 64]],
[88, [5, 20, 21, 42, 30, 31, 16, 37, 39, 57, 25, 47, 9, 28, 33, 35, 23, 58]],
[88, [5, 20, 21, 42, 30, 31, 16, 37, 39, 57, 25, 47, 29, 51, 13, 54, 45, 64]],
[88, [5, 20, 21, 42, 30, 31, 16, 37, 39, 57, 26, 46, 9, 28, 13, 54, 43, 44]],
[88, [5, 20, 21, 42, 30, 31, 16, 37, 39, 57, 26, 46, 29, 51, 33, 35, 59, 60]],
[88, [6, 20, 22, 42, 2, 32, 3, 14, 4, 19, 25, 47, 27, 49, 13, 54, 45, 64]],
[88, [6, 20, 22, 42, 2, 32, 3, 14, 4, 19, 25, 47, 50, 62, 33, 35, 23, 58]],
[88, [6, 20, 22, 42, 2, 32, 3, 14, 4, 19, 26, 46, 27, 49, 33, 35, 59, 60]],
[88, [6, 20, 22, 42, 2, 32, 3, 14, 4, 19, 26, 46, 50, 62, 13, 54, 43, 44]],
[88, [6, 20, 22, 42, 2, 32, 3, 14, 17, 40, 25, 47, 9, 28, 33, 35, 59, 60]],
[88, [6, 20, 22, 42, 2, 32, 3, 14, 17, 40, 25, 47, 29, 51, 13, 54, 43, 44]],
[88, [6, 20, 22, 42, 2, 32, 3, 14, 17, 40, 26, 46, 9, 28, 13, 54, 45, 64]],
[88, [6, 20, 22, 42, 2, 32, 3, 14, 17, 40, 26, 46, 29, 51, 33, 35, 23, 58]],
[88, [6, 20, 22, 42, 2, 32, 16, 37, 4, 19, 8, 61, 27, 49, 13, 54, 43, 44]],
[88, [6, 20, 22, 42, 2, 32, 16, 37, 4, 19, 8, 61, 50, 62, 33, 35, 59, 60]],
[88, [6, 20, 22, 42, 2, 32, 16, 37, 4, 19, 24, 48, 27, 49, 33, 35, 23, 58]],
[88, [6, 20, 22, 42, 2, 32, 16, 37, 4, 19, 24, 48, 50, 62, 13, 54, 45, 64]],
[88, [6, 20, 22, 42, 2, 32, 16, 37, 17, 40, 8, 61, 9, 28, 33, 35, 23, 58]],
[88, [6, 20, 22, 42, 2, 32, 16, 37, 17, 40, 8, 61, 29, 51, 13, 54, 45, 64]],
[88, [6, 20, 22, 42, 2, 32, 16, 37, 17, 40, 24, 48, 9, 28, 13, 54, 43, 44]],
[88, [6, 20, 22, 42, 2, 32, 16, 37, 17, 40, 24, 48, 29, 51, 33, 35, 59, 60]],
[88, [6, 20, 22, 42, 10, 52, 3, 14, 4, 19, 25, 47, 9, 28, 33, 35, 45, 64]],
[88, [6, 20, 22, 42, 10, 52, 3, 14, 4, 19, 25, 47, 29, 51, 13, 54, 23, 58]],
[88, [6, 20, 22, 42, 10, 52, 3, 14, 4, 19, 26, 46, 9, 28, 13, 54, 59, 60]],
[88, [6, 20, 22, 42, 10, 52, 3, 14, 4, 19, 26, 46, 29, 51, 33, 35, 43, 44]],
[88, [6, 20, 22, 42, 10, 52, 3, 14, 17, 40, 25, 47, 27, 49, 13, 54, 59, 60]],
[88, [6, 20, 22, 42, 10, 52, 3, 14, 17, 40, 25, 47, 50, 62, 33, 35, 43, 44]],
[88, [6, 20, 22, 42, 10, 52, 3, 14, 17, 40, 26, 46, 27, 49, 33, 35, 45, 64]],
[88, [6, 20, 22, 42, 10, 52, 3, 14, 17, 40, 26, 46, 50, 62, 13, 54, 23, 58]],
[88, [6, 20, 22, 42, 10, 52, 16, 37, 4, 19, 8, 61, 9, 28, 33, 35, 43, 44]],
[88, [6, 20, 22, 42, 10, 52, 16, 37, 4, 19, 8, 61, 29, 51, 13, 54, 59, 60]],
[88, [6, 20, 22, 42, 10, 52, 16, 37, 4, 19, 24, 48, 9, 28, 13, 54, 23, 58]],
[88, [6, 20, 22, 42, 10, 52, 16, 37, 4, 19, 24, 48, 29, 51, 33, 35, 45, 64]],
[88, [6, 20, 22, 42, 10, 52, 16, 37, 17, 40, 8, 61, 27, 49, 13, 54, 23, 58]],
[88, [6, 20, 22, 42, 10, 52, 16, 37, 17, 40, 8, 61, 50, 62, 33, 35, 45, 64]],
[88, [6, 20, 22, 42, 10, 52, 16, 37, 17, 40, 24, 48, 27, 49, 33, 35, 43, 44]],
[88, [6, 20, 22, 42, 10, 52, 16, 37, 17, 40, 24, 48, 50, 62, 13, 54, 59, 60]],
[88, [6, 20, 22, 42, 11, 12, 3, 14, 4, 19, 8, 61, 27, 49, 13, 54, 59, 60]],
[88, [6, 20, 22, 42, 11, 12, 3, 14, 4, 19, 8, 61, 50, 62, 33, 35, 43, 44]],
[88, [6, 20, 22, 42, 11, 12, 3, 14, 4, 19, 24, 48, 27, 49, 33, 35, 45, 64]],
[88, [6, 20, 22, 42, 11, 12, 3, 14, 4, 19, 24, 48, 50, 62, 13, 54, 23, 58]],
[88, [6, 20, 22, 42, 11, 12, 3, 14, 17, 40, 8, 61, 9, 28, 33, 35, 45, 64]],
[88, [6, 20, 22, 42, 11, 12, 3, 14, 17, 40, 8, 61, 29, 51, 13, 54, 23, 58]],
[88, [6, 20, 22, 42, 11, 12, 3, 14, 17, 40, 24, 48, 9, 28, 13, 54, 59, 60]],
[88, [6, 20, 22, 42, 11, 12, 3, 14, 17, 40, 24, 48, 29, 51, 33, 35, 43, 44]],
[88, [6, 20, 22, 42, 11, 12, 16, 37, 4, 19, 25, 47, 27, 49, 13, 54, 23, 58]],
[88, [6, 20, 22, 42, 11, 12, 16, 37, 4, 19, 25, 47, 50, 62, 33, 35, 45, 64]],
[88, [6, 20, 22, 42, 11, 12, 16, 37, 4, 19, 26, 46, 27, 49, 33, 35, 43, 44]],
[88, [6, 20, 22, 42, 11, 12, 16, 37, 4, 19, 26, 46, 50, 62, 13, 54, 59, 60]],
[88, [6, 20, 22, 42, 11, 12, 16, 37, 17, 40, 25, 47, 9, 28, 33, 35, 43, 44]],
[88, [6, 20, 22, 42, 11, 12, 16, 37, 17, 40, 25, 47, 29, 51, 13, 54, 59, 60]],
[88, [6, 20, 22, 42, 11, 12, 16, 37, 17, 40, 26, 46, 9, 28, 13, 54, 23, 58]],
[88, [6, 20, 22, 42, 11, 12, 16, 37, 17, 40, 26, 46, 29, 51, 33, 35, 45, 64]],
[88, [6, 20, 22, 42, 30, 31, 3, 14, 4, 19, 8, 61, 9, 28, 33, 35, 59, 60]],
[88, [6, 20, 22, 42, 30, 31, 3, 14, 4, 19, 8, 61, 29, 51, 13, 54, 43, 44]],
[88, [6, 20, 22, 42, 30, 31, 3, 14, 4, 19, 24, 48, 9, 28, 13, 54, 45, 64]],
[88, [6, 20, 22, 42, 30, 31, 3, 14, 4, 19, 24, 48, 29, 51, 33, 35, 23, 58]],
[88, [6, 20, 22, 42, 30, 31, 3, 14, 17, 40, 8, 61, 27, 49, 13, 54, 45, 64]],
[88, [6, 20, 22, 42, 30, 31, 3, 14, 17, 40, 8, 61, 50, 62, 33, 35, 23, 58]],
[88, [6, 20, 22, 42, 30, 31, 3, 14, 17, 40, 24, 48, 27, 49, 33, 35, 59, 60]],
[88, [6, 20, 22, 42, 30, 31, 3, 14, 17, 40, 24, 48, 50, 62, 13, 54, 43, 44]],
[88, [6, 20, 22, 42, 30, 31, 16, 37, 4, 19, 25, 47, 9, 28, 33, 35, 23, 58]],
[88, [6, 20, 22, 42, 30, 31, 16, 37, 4, 19, 25, 47, 29, 51, 13, 54, 45, 64]],
[88, [6, 20, 22, 42, 30, 31, 16, 37, 4, 19, 26, 46, 9, 28, 13, 54, 43, 44]],
[88, [6, 20, 22, 42, 30, 31, 16, 37, 4, 19, 26, 46, 29, 51, 33, 35, 59, 60]],
[88, [6, 20, 22, 42, 30, 31, 16, 37, 17, 40, 25, 47, 27, 49, 13, 54, 43, 44]],
[88, [6, 20, 22, 42, 30, 31, 16, 37, 17, 40, 25, 47, 50, 62, 33, 35, 59, 60]],
[88, [6, 20, 22, 42, 30, 31, 16, 37, 17, 40, 26, 46, 27, 49, 33, 35, 23, 58]],
[88, [6, 20, 22, 42, 30, 31, 16, 37, 17, 40, 26, 46, 50, 62, 13, 54, 45, 64]]];
