pds_list := [[210, [5, 20, 3, 16, 4, 19, 8, 48, 27, 62, 33, 34, 55, 63, 23, 44, 59, 64]],
[210, [5, 20, 3, 16, 4, 19, 8, 48, 27, 62, 33, 34, 55, 63, 43, 45, 58, 60]],
[210, [5, 20, 3, 16, 4, 19, 8, 48, 49, 50, 34, 53, 54, 55, 23, 44, 59, 64]],
[210, [5, 20, 3, 16, 4, 19, 8, 48, 49, 50, 34, 53, 54, 55, 43, 45, 58, 60]],
[210, [5, 20, 3, 16, 4, 19, 25, 26, 27, 62, 34, 53, 54, 55, 23, 44, 59, 64]],
[210, [5, 20, 3, 16, 4, 19, 25, 26, 27, 62, 34, 53, 54, 55, 43, 45, 58, 60]],
[210, [5, 20, 3, 16, 4, 19, 25, 26, 49, 50, 33, 34, 55, 63, 23, 44, 59, 64]],
[210, [5, 20, 3, 16, 4, 19, 25, 26, 49, 50, 33, 34, 55, 63, 43, 45, 58, 60]],
[210, [5, 20, 3, 16, 18, 41, 8, 48, 27, 62, 13, 33, 35, 63, 23, 44, 59, 64]],
[210, [5, 20, 3, 16, 18, 41, 8, 48, 27, 62, 13, 33, 35, 63, 43, 45, 58, 60]],
[210, [5, 20, 3, 16, 18, 41, 8, 48, 49, 50, 13, 35, 53, 54, 23, 44, 59, 64]],
[210, [5, 20, 3, 16, 18, 41, 8, 48, 49, 50, 13, 35, 53, 54, 43, 45, 58, 60]],
[210, [5, 20, 3, 16, 18, 41, 25, 26, 27, 62, 13, 35, 53, 54, 23, 44, 59, 64]],
[210, [5, 20, 3, 16, 18, 41, 25, 26, 27, 62, 13, 35, 53, 54, 43, 45, 58, 60]],
[210, [5, 20, 3, 16, 18, 41, 25, 26, 49, 50, 13, 33, 35, 63, 23, 44, 59, 64]],
[210, [5, 20, 3, 16, 18, 41, 25, 26, 49, 50, 13, 33, 35, 63, 43, 45, 58, 60]],
[210, [5, 20, 15, 38, 4, 19, 8, 48, 27, 62, 13, 33, 35, 63, 23, 44, 59, 64]],
[210, [5, 20, 15, 38, 4, 19, 8, 48, 27, 62, 13, 33, 35, 63, 43, 45, 58, 60]],
[210, [5, 20, 15, 38, 4, 19, 8, 48, 49, 50, 13, 35, 53, 54, 23, 44, 59, 64]],
[210, [5, 20, 15, 38, 4, 19, 8, 48, 49, 50, 13, 35, 53, 54, 43, 45, 58, 60]],
[210, [5, 20, 15, 38, 4, 19, 25, 26, 27, 62, 13, 35, 53, 54, 23, 44, 59, 64]],
[210, [5, 20, 15, 38, 4, 19, 25, 26, 27, 62, 13, 35, 53, 54, 43, 45, 58, 60]],
[210, [5, 20, 15, 38, 4, 19, 25, 26, 49, 50, 13, 33, 35, 63, 23, 44, 59, 64]],
[210, [5, 20, 15, 38, 4, 19, 25, 26, 49, 50, 13, 33, 35, 63, 43, 45, 58, 60]],
[210, [5, 20, 15, 38, 18, 41, 8, 48, 27, 62, 33, 34, 55, 63, 23, 44, 59, 64]],
[210, [5, 20, 15, 38, 18, 41, 8, 48, 27, 62, 33, 34, 55, 63, 43, 45, 58, 60]],
[210, [5, 20, 15, 38, 18, 41, 8, 48, 49, 50, 34, 53, 54, 55, 23, 44, 59, 64]],
[210, [5, 20, 15, 38, 18, 41, 8, 48, 49, 50, 34, 53, 54, 55, 43, 45, 58, 60]],
[210, [5, 20, 15, 38, 18, 41, 25, 26, 27, 62, 34, 53, 54, 55, 23, 44, 59, 64]],
[210, [5, 20, 15, 38, 18, 41, 25, 26, 27, 62, 34, 53, 54, 55, 43, 45, 58, 60]],
[210, [5, 20, 15, 38, 18, 41, 25, 26, 49, 50, 33, 34, 55, 63, 23, 44, 59, 64]],
[210, [5, 20, 15, 38, 18, 41, 25, 26, 49, 50, 33, 34, 55, 63, 43, 45, 58, 60]],
[210, [21, 42, 3, 16, 4, 19, 8, 48, 27, 62, 33, 34, 55, 63, 23, 43, 44, 58]],
[210, [21, 42, 3, 16, 4, 19, 8, 48, 27, 62, 33, 34, 55, 63, 45, 59, 60, 64]],
[210, [21, 42, 3, 16, 4, 19, 8, 48, 49, 50, 34, 53, 54, 55, 23, 43, 44, 58]],
[210, [21, 42, 3, 16, 4, 19, 8, 48, 49, 50, 34, 53, 54, 55, 45, 59, 60, 64]],
[210, [21, 42, 3, 16, 4, 19, 25, 26, 27, 62, 34, 53, 54, 55, 23, 43, 44, 58]],
[210, [21, 42, 3, 16, 4, 19, 25, 26, 27, 62, 34, 53, 54, 55, 45, 59, 60, 64]],
[210, [21, 42, 3, 16, 4, 19, 25, 26, 49, 50, 33, 34, 55, 63, 23, 43, 44, 58]],
[210, [21, 42, 3, 16, 4, 19, 25, 26, 49, 50, 33, 34, 55, 63, 45, 59, 60, 64]],
[210, [21, 42, 3, 16, 18, 41, 8, 48, 27, 62, 13, 33, 35, 63, 23, 43, 44, 58]],
[210, [21, 42, 3, 16, 18, 41, 8, 48, 27, 62, 13, 33, 35, 63, 45, 59, 60, 64]],
[210, [21, 42, 3, 16, 18, 41, 8, 48, 49, 50, 13, 35, 53, 54, 23, 43, 44, 58]],
[210, [21, 42, 3, 16, 18, 41, 8, 48, 49, 50, 13, 35, 53, 54, 45, 59, 60, 64]],
[210, [21, 42, 3, 16, 18, 41, 25, 26, 27, 62, 13, 35, 53, 54, 23, 43, 44, 58]],
[210, [21, 42, 3, 16, 18, 41, 25, 26, 27, 62, 13, 35, 53, 54, 45, 59, 60, 64]],
[210, [21, 42, 3, 16, 18, 41, 25, 26, 49, 50, 13, 33, 35, 63, 23, 43, 44, 58]],
[210, [21, 42, 3, 16, 18, 41, 25, 26, 49, 50, 13, 33, 35, 63, 45, 59, 60, 64]],
[210, [21, 42, 15, 38, 4, 19, 8, 48, 27, 62, 13, 33, 35, 63, 23, 43, 44, 58]],
[210, [21, 42, 15, 38, 4, 19, 8, 48, 27, 62, 13, 33, 35, 63, 45, 59, 60, 64]],
[210, [21, 42, 15, 38, 4, 19, 8, 48, 49, 50, 13, 35, 53, 54, 23, 43, 44, 58]],
[210, [21, 42, 15, 38, 4, 19, 8, 48, 49, 50, 13, 35, 53, 54, 45, 59, 60, 64]],
[210, [21, 42, 15, 38, 4, 19, 25, 26, 27, 62, 13, 35, 53, 54, 23, 43, 44, 58]],
[210, [21, 42, 15, 38, 4, 19, 25, 26, 27, 62, 13, 35, 53, 54, 45, 59, 60, 64]],
[210, [21, 42, 15, 38, 4, 19, 25, 26, 49, 50, 13, 33, 35, 63, 23, 43, 44, 58]],
[210, [21, 42, 15, 38, 4, 19, 25, 26, 49, 50, 13, 33, 35, 63, 45, 59, 60, 64]],
[210, [21, 42, 15, 38, 18, 41, 8, 48, 27, 62, 33, 34, 55, 63, 23, 43, 44, 58]],
[210, [21, 42, 15, 38, 18, 41, 8, 48, 27, 62, 33, 34, 55, 63, 45, 59, 60, 64]],
[210, [21, 42, 15, 38, 18, 41, 8, 48, 49, 50, 34, 53, 54, 55, 23, 43, 44, 58]],
[210, [21, 42, 15, 38, 18, 41, 8, 48, 49, 50, 34, 53, 54, 55, 45, 59, 60, 64]],
[210, [21, 42, 15, 38, 18, 41, 25, 26, 27, 62, 34, 53, 54, 55, 23, 43, 44, 58]],
[210, [21, 42, 15, 38, 18, 41, 25, 26, 27, 62, 34, 53, 54, 55, 45, 59, 60, 64]],
[210, [21, 42, 15, 38, 18, 41, 25, 26, 49, 50, 33, 34, 55, 63, 23, 43, 44, 58]],
[210, [21, 42, 15, 38, 18, 41, 25, 26, 49, 50, 33, 34, 55, 63, 45, 59, 60, 64]],
[210, [5, 20, 2, 12, 4, 19, 8, 48, 27, 28, 51, 62, 33, 63, 23, 44, 59, 64]],
[210, [5, 20, 2, 12, 4, 19, 8, 48, 27, 28, 51, 62, 33, 63, 43, 45, 58, 60]],
[210, [5, 20, 2, 12, 4, 19, 8, 48, 28, 49, 50, 51, 53, 54, 23, 44, 59, 64]],
[210, [5, 20, 2, 12, 4, 19, 8, 48, 28, 49, 50, 51, 53, 54, 43, 45, 58, 60]],
[210, [5, 20, 2, 12, 4, 19, 25, 26, 27, 28, 51, 62, 53, 54, 23, 44, 59, 64]],
[210, [5, 20, 2, 12, 4, 19, 25, 26, 27, 28, 51, 62, 53, 54, 43, 45, 58, 60]],
[210, [5, 20, 2, 12, 4, 19, 25, 26, 28, 49, 50, 51, 33, 63, 23, 44, 59, 64]],
[210, [5, 20, 2, 12, 4, 19, 25, 26, 28, 49, 50, 51, 33, 63, 43, 45, 58, 60]],
[210, [5, 20, 2, 12, 18, 41, 8, 48, 9, 27, 29, 62, 33, 63, 23, 44, 59, 64]],
[210, [5, 20, 2, 12, 18, 41, 8, 48, 9, 27, 29, 62, 33, 63, 43, 45, 58, 60]],
[210, [5, 20, 2, 12, 18, 41, 8, 48, 9, 29, 49, 50, 53, 54, 23, 44, 59, 64]],
[210, [5, 20, 2, 12, 18, 41, 8, 48, 9, 29, 49, 50, 53, 54, 43, 45, 58, 60]],
[210, [5, 20, 2, 12, 18, 41, 25, 26, 9, 27, 29, 62, 53, 54, 23, 44, 59, 64]],
[210, [5, 20, 2, 12, 18, 41, 25, 26, 9, 27, 29, 62, 53, 54, 43, 45, 58, 60]],
[210, [5, 20, 2, 12, 18, 41, 25, 26, 9, 29, 49, 50, 33, 63, 23, 44, 59, 64]],
[210, [5, 20, 2, 12, 18, 41, 25, 26, 9, 29, 49, 50, 33, 63, 43, 45, 58, 60]],
[210, [5, 20, 11, 32, 4, 19, 8, 48, 9, 27, 29, 62, 33, 63, 23, 44, 59, 64]],
[210, [5, 20, 11, 32, 4, 19, 8, 48, 9, 27, 29, 62, 33, 63, 43, 45, 58, 60]],
[210, [5, 20, 11, 32, 4, 19, 8, 48, 9, 29, 49, 50, 53, 54, 23, 44, 59, 64]],
[210, [5, 20, 11, 32, 4, 19, 8, 48, 9, 29, 49, 50, 53, 54, 43, 45, 58, 60]],
[210, [5, 20, 11, 32, 4, 19, 25, 26, 9, 27, 29, 62, 53, 54, 23, 44, 59, 64]],
[210, [5, 20, 11, 32, 4, 19, 25, 26, 9, 27, 29, 62, 53, 54, 43, 45, 58, 60]],
[210, [5, 20, 11, 32, 4, 19, 25, 26, 9, 29, 49, 50, 33, 63, 23, 44, 59, 64]],
[210, [5, 20, 11, 32, 4, 19, 25, 26, 9, 29, 49, 50, 33, 63, 43, 45, 58, 60]],
[210, [5, 20, 11, 32, 18, 41, 8, 48, 27, 28, 51, 62, 33, 63, 23, 44, 59, 64]],
[210, [5, 20, 11, 32, 18, 41, 8, 48, 27, 28, 51, 62, 33, 63, 43, 45, 58, 60]],
[210, [5, 20, 11, 32, 18, 41, 8, 48, 28, 49, 50, 51, 53, 54, 23, 44, 59, 64]],
[210, [5, 20, 11, 32, 18, 41, 8, 48, 28, 49, 50, 51, 53, 54, 43, 45, 58, 60]],
[210, [5, 20, 11, 32, 18, 41, 25, 26, 27, 28, 51, 62, 53, 54, 23, 44, 59, 64]],
[210, [5, 20, 11, 32, 18, 41, 25, 26, 27, 28, 51, 62, 53, 54, 43, 45, 58, 60]],
[210, [5, 20, 11, 32, 18, 41, 25, 26, 28, 49, 50, 51, 33, 63, 23, 44, 59, 64]],
[210, [5, 20, 11, 32, 18, 41, 25, 26, 28, 49, 50, 51, 33, 63, 43, 45, 58, 60]],
[210, [21, 42, 2, 12, 4, 19, 8, 48, 27, 28, 51, 62, 33, 63, 23, 43, 44, 58]],
[210, [21, 42, 2, 12, 4, 19, 8, 48, 27, 28, 51, 62, 33, 63, 45, 59, 60, 64]],
[210, [21, 42, 2, 12, 4, 19, 8, 48, 28, 49, 50, 51, 53, 54, 23, 43, 44, 58]],
[210, [21, 42, 2, 12, 4, 19, 8, 48, 28, 49, 50, 51, 53, 54, 45, 59, 60, 64]],
[210, [21, 42, 2, 12, 4, 19, 25, 26, 27, 28, 51, 62, 53, 54, 23, 43, 44, 58]],
[210, [21, 42, 2, 12, 4, 19, 25, 26, 27, 28, 51, 62, 53, 54, 45, 59, 60, 64]],
[210, [21, 42, 2, 12, 4, 19, 25, 26, 28, 49, 50, 51, 33, 63, 23, 43, 44, 58]],
[210, [21, 42, 2, 12, 4, 19, 25, 26, 28, 49, 50, 51, 33, 63, 45, 59, 60, 64]],
[210, [21, 42, 2, 12, 18, 41, 8, 48, 9, 27, 29, 62, 33, 63, 23, 43, 44, 58]],
[210, [21, 42, 2, 12, 18, 41, 8, 48, 9, 27, 29, 62, 33, 63, 45, 59, 60, 64]],
[210, [21, 42, 2, 12, 18, 41, 8, 48, 9, 29, 49, 50, 53, 54, 23, 43, 44, 58]],
[210, [21, 42, 2, 12, 18, 41, 8, 48, 9, 29, 49, 50, 53, 54, 45, 59, 60, 64]],
[210, [21, 42, 2, 12, 18, 41, 25, 26, 9, 27, 29, 62, 53, 54, 23, 43, 44, 58]],
[210, [21, 42, 2, 12, 18, 41, 25, 26, 9, 27, 29, 62, 53, 54, 45, 59, 60, 64]],
[210, [21, 42, 2, 12, 18, 41, 25, 26, 9, 29, 49, 50, 33, 63, 23, 43, 44, 58]],
[210, [21, 42, 2, 12, 18, 41, 25, 26, 9, 29, 49, 50, 33, 63, 45, 59, 60, 64]],
[210, [21, 42, 11, 32, 4, 19, 8, 48, 9, 27, 29, 62, 33, 63, 23, 43, 44, 58]],
[210, [21, 42, 11, 32, 4, 19, 8, 48, 9, 27, 29, 62, 33, 63, 45, 59, 60, 64]],
[210, [21, 42, 11, 32, 4, 19, 8, 48, 9, 29, 49, 50, 53, 54, 23, 43, 44, 58]],
[210, [21, 42, 11, 32, 4, 19, 8, 48, 9, 29, 49, 50, 53, 54, 45, 59, 60, 64]],
[210, [21, 42, 11, 32, 4, 19, 25, 26, 9, 27, 29, 62, 53, 54, 23, 43, 44, 58]],
[210, [21, 42, 11, 32, 4, 19, 25, 26, 9, 27, 29, 62, 53, 54, 45, 59, 60, 64]],
[210, [21, 42, 11, 32, 4, 19, 25, 26, 9, 29, 49, 50, 33, 63, 23, 43, 44, 58]],
[210, [21, 42, 11, 32, 4, 19, 25, 26, 9, 29, 49, 50, 33, 63, 45, 59, 60, 64]],
[210, [21, 42, 11, 32, 18, 41, 8, 48, 27, 28, 51, 62, 33, 63, 23, 43, 44, 58]],
[210, [21, 42, 11, 32, 18, 41, 8, 48, 27, 28, 51, 62, 33, 63, 45, 59, 60, 64]],
[210, [21, 42, 11, 32, 18, 41, 8, 48, 28, 49, 50, 51, 53, 54, 23, 43, 44, 58]],
[210, [21, 42, 11, 32, 18, 41, 8, 48, 28, 49, 50, 51, 53, 54, 45, 59, 60, 64]],
[210, [21, 42, 11, 32, 18, 41, 25, 26, 27, 28, 51, 62, 53, 54, 23, 43, 44, 58]],
[210, [21, 42, 11, 32, 18, 41, 25, 26, 27, 28, 51, 62, 53, 54, 45, 59, 60, 64]],
[210, [21, 42, 11, 32, 18, 41, 25, 26, 28, 49, 50, 51, 33, 63, 23, 43, 44, 58]],
[210, [21, 42, 11, 32, 18, 41, 25, 26, 28, 49, 50, 51, 33, 63, 45, 59, 60, 64]],
[210, [5, 20, 2, 11, 31, 52, 4, 19, 8, 24, 47, 48, 27, 62, 33, 63, 58, 64]],
[210, [5, 20, 2, 11, 31, 52, 4, 19, 8, 24, 47, 48, 49, 50, 53, 54, 58, 64]],
[210, [5, 20, 2, 11, 31, 52, 4, 19, 8, 46, 48, 61, 27, 62, 33, 63, 43, 59]],
[210, [5, 20, 2, 11, 31, 52, 4, 19, 8, 46, 48, 61, 49, 50, 53, 54, 43, 59]],
[210, [5, 20, 2, 11, 31, 52, 4, 19, 24, 25, 26, 47, 27, 62, 53, 54, 58, 64]],
[210, [5, 20, 2, 11, 31, 52, 4, 19, 24, 25, 26, 47, 49, 50, 33, 63, 58, 64]],
[210, [5, 20, 2, 11, 31, 52, 4, 19, 25, 26, 46, 61, 27, 62, 53, 54, 43, 59]],
[210, [5, 20, 2, 11, 31, 52, 4, 19, 25, 26, 46, 61, 49, 50, 33, 63, 43, 59]],
[210, [5, 20, 2, 11, 31, 52, 18, 41, 8, 24, 47, 48, 27, 62, 33, 63, 43, 59]],
[210, [5, 20, 2, 11, 31, 52, 18, 41, 8, 24, 47, 48, 49, 50, 53, 54, 43, 59]],
[210, [5, 20, 2, 11, 31, 52, 18, 41, 8, 46, 48, 61, 27, 62, 33, 63, 58, 64]],
[210, [5, 20, 2, 11, 31, 52, 18, 41, 8, 46, 48, 61, 49, 50, 53, 54, 58, 64]],
[210, [5, 20, 2, 11, 31, 52, 18, 41, 24, 25, 26, 47, 27, 62, 53, 54, 43, 59]],
[210, [5, 20, 2, 11, 31, 52, 18, 41, 24, 25, 26, 47, 49, 50, 33, 63, 43, 59]],
[210, [5, 20, 2, 11, 31, 52, 18, 41, 25, 26, 46, 61, 27, 62, 53, 54, 58, 64]],
[210, [5, 20, 2, 11, 31, 52, 18, 41, 25, 26, 46, 61, 49, 50, 33, 63, 58, 64]],
[210, [5, 20, 10, 12, 30, 32, 4, 19, 8, 24, 47, 48, 27, 62, 33, 63, 58, 64]],
[210, [5, 20, 10, 12, 30, 32, 4, 19, 8, 24, 47, 48, 49, 50, 53, 54, 58, 64]],
[210, [5, 20, 10, 12, 30, 32, 4, 19, 8, 46, 48, 61, 27, 62, 33, 63, 43, 59]],
[210, [5, 20, 10, 12, 30, 32, 4, 19, 8, 46, 48, 61, 49, 50, 53, 54, 43, 59]],
[210, [5, 20, 10, 12, 30, 32, 4, 19, 24, 25, 26, 47, 27, 62, 53, 54, 58, 64]],
[210, [5, 20, 10, 12, 30, 32, 4, 19, 24, 25, 26, 47, 49, 50, 33, 63, 58, 64]],
[210, [5, 20, 10, 12, 30, 32, 4, 19, 25, 26, 46, 61, 27, 62, 53, 54, 43, 59]],
[210, [5, 20, 10, 12, 30, 32, 4, 19, 25, 26, 46, 61, 49, 50, 33, 63, 43, 59]],
[210, [5, 20, 10, 12, 30, 32, 18, 41, 8, 24, 47, 48, 27, 62, 33, 63, 43, 59]],
[210, [5, 20, 10, 12, 30, 32, 18, 41, 8, 24, 47, 48, 49, 50, 53, 54, 43, 59]],
[210, [5, 20, 10, 12, 30, 32, 18, 41, 8, 46, 48, 61, 27, 62, 33, 63, 58, 64]],
[210, [5, 20, 10, 12, 30, 32, 18, 41, 8, 46, 48, 61, 49, 50, 53, 54, 58, 64]],
[210, [5, 20, 10, 12, 30, 32, 18, 41, 24, 25, 26, 47, 27, 62, 53, 54, 43, 59]],
[210, [5, 20, 10, 12, 30, 32, 18, 41, 24, 25, 26, 47, 49, 50, 33, 63, 43, 59]],
[210, [5, 20, 10, 12, 30, 32, 18, 41, 25, 26, 46, 61, 27, 62, 53, 54, 58, 64]],
[210, [5, 20, 10, 12, 30, 32, 18, 41, 25, 26, 46, 61, 49, 50, 33, 63, 58, 64]],
[210, [21, 42, 2, 10, 11, 30, 4, 19, 8, 24, 47, 48, 27, 62, 33, 63, 58, 64]],
[210, [21, 42, 2, 10, 11, 30, 4, 19, 8, 24, 47, 48, 49, 50, 53, 54, 58, 64]],
[210, [21, 42, 2, 10, 11, 30, 4, 19, 8, 46, 48, 61, 27, 62, 33, 63, 43, 59]],
[210, [21, 42, 2, 10, 11, 30, 4, 19, 8, 46, 48, 61, 49, 50, 53, 54, 43, 59]],
[210, [21, 42, 2, 10, 11, 30, 4, 19, 24, 25, 26, 47, 27, 62, 53, 54, 58, 64]],
[210, [21, 42, 2, 10, 11, 30, 4, 19, 24, 25, 26, 47, 49, 50, 33, 63, 58, 64]],
[210, [21, 42, 2, 10, 11, 30, 4, 19, 25, 26, 46, 61, 27, 62, 53, 54, 43, 59]],
[210, [21, 42, 2, 10, 11, 30, 4, 19, 25, 26, 46, 61, 49, 50, 33, 63, 43, 59]],
[210, [21, 42, 2, 10, 11, 30, 18, 41, 8, 24, 47, 48, 27, 62, 33, 63, 43, 59]],
[210, [21, 42, 2, 10, 11, 30, 18, 41, 8, 24, 47, 48, 49, 50, 53, 54, 43, 59]],
[210, [21, 42, 2, 10, 11, 30, 18, 41, 8, 46, 48, 61, 27, 62, 33, 63, 58, 64]],
[210, [21, 42, 2, 10, 11, 30, 18, 41, 8, 46, 48, 61, 49, 50, 53, 54, 58, 64]],
[210, [21, 42, 2, 10, 11, 30, 18, 41, 24, 25, 26, 47, 27, 62, 53, 54, 43, 59]],
[210, [21, 42, 2, 10, 11, 30, 18, 41, 24, 25, 26, 47, 49, 50, 33, 63, 43, 59]],
[210, [21, 42, 2, 10, 11, 30, 18, 41, 25, 26, 46, 61, 27, 62, 53, 54, 58, 64]],
[210, [21, 42, 2, 10, 11, 30, 18, 41, 25, 26, 46, 61, 49, 50, 33, 63, 58, 64]],
[210, [21, 42, 12, 31, 32, 52, 4, 19, 8, 24, 47, 48, 27, 62, 33, 63, 58, 64]],
[210, [21, 42, 12, 31, 32, 52, 4, 19, 8, 24, 47, 48, 49, 50, 53, 54, 58, 64]],
[210, [21, 42, 12, 31, 32, 52, 4, 19, 8, 46, 48, 61, 27, 62, 33, 63, 43, 59]],
[210, [21, 42, 12, 31, 32, 52, 4, 19, 8, 46, 48, 61, 49, 50, 53, 54, 43, 59]],
[210, [21, 42, 12, 31, 32, 52, 4, 19, 24, 25, 26, 47, 27, 62, 53, 54, 58, 64]],
[210, [21, 42, 12, 31, 32, 52, 4, 19, 24, 25, 26, 47, 49, 50, 33, 63, 58, 64]],
[210, [21, 42, 12, 31, 32, 52, 4, 19, 25, 26, 46, 61, 27, 62, 53, 54, 43, 59]],
[210, [21, 42, 12, 31, 32, 52, 4, 19, 25, 26, 46, 61, 49, 50, 33, 63, 43, 59]],
[210, [21, 42, 12, 31, 32, 52, 18, 41, 8, 24, 47, 48, 27, 62, 33, 63, 43, 59]],
[210, [21, 42, 12, 31, 32, 52, 18, 41, 8, 24, 47, 48, 49, 50, 53, 54, 43, 59]],
[210, [21, 42, 12, 31, 32, 52, 18, 41, 8, 46, 48, 61, 27, 62, 33, 63, 58, 64]],
[210, [21, 42, 12, 31, 32, 52, 18, 41, 8, 46, 48, 61, 49, 50, 53, 54, 58, 64]],
[210, [21, 42, 12, 31, 32, 52, 18, 41, 24, 25, 26, 47, 27, 62, 53, 54, 43, 59]],
[210, [21, 42, 12, 31, 32, 52, 18, 41, 24, 25, 26, 47, 49, 50, 33, 63, 43, 59]],
[210, [21, 42, 12, 31, 32, 52, 18, 41, 25, 26, 46, 61, 27, 62, 53, 54, 58, 64]],
[210, [21, 42, 12, 31, 32, 52, 18, 41, 25, 26, 46, 61, 49, 50, 33, 63, 58, 64]],
[210, [5, 20, 2, 11, 31, 52, 3, 16, 4, 19, 8, 48, 27, 62, 33, 34, 55, 63]],
[210, [5, 20, 2, 11, 31, 52, 3, 16, 4, 19, 8, 48, 49, 50, 34, 53, 54, 55]],
[210, [5, 20, 2, 11, 31, 52, 3, 16, 4, 19, 25, 26, 27, 62, 34, 53, 54, 55]],
[210, [5, 20, 2, 11, 31, 52, 3, 16, 4, 19, 25, 26, 49, 50, 33, 34, 55, 63]],
[210, [5, 20, 2, 11, 31, 52, 3, 16, 18, 41, 8, 48, 27, 62, 13, 33, 35, 63]],
[210, [5, 20, 2, 11, 31, 52, 3, 16, 18, 41, 8, 48, 49, 50, 13, 35, 53, 54]],
[210, [5, 20, 2, 11, 31, 52, 3, 16, 18, 41, 25, 26, 27, 62, 13, 35, 53, 54]],
[210, [5, 20, 2, 11, 31, 52, 3, 16, 18, 41, 25, 26, 49, 50, 13, 33, 35, 63]],
[210, [5, 20, 2, 11, 31, 52, 15, 38, 4, 19, 8, 48, 27, 62, 13, 33, 35, 63]],
[210, [5, 20, 2, 11, 31, 52, 15, 38, 4, 19, 8, 48, 49, 50, 13, 35, 53, 54]],
[210, [5, 20, 2, 11, 31, 52, 15, 38, 4, 19, 25, 26, 27, 62, 13, 35, 53, 54]],
[210, [5, 20, 2, 11, 31, 52, 15, 38, 4, 19, 25, 26, 49, 50, 13, 33, 35, 63]],
[210, [5, 20, 2, 11, 31, 52, 15, 38, 18, 41, 8, 48, 27, 62, 33, 34, 55, 63]],
[210, [5, 20, 2, 11, 31, 52, 15, 38, 18, 41, 8, 48, 49, 50, 34, 53, 54, 55]],
[210, [5, 20, 2, 11, 31, 52, 15, 38, 18, 41, 25, 26, 27, 62, 34, 53, 54, 55]],
[210, [5, 20, 2, 11, 31, 52, 15, 38, 18, 41, 25, 26, 49, 50, 33, 34, 55, 63]],
[210, [5, 20, 10, 12, 30, 32, 3, 16, 4, 19, 8, 48, 27, 62, 33, 34, 55, 63]],
[210, [5, 20, 10, 12, 30, 32, 3, 16, 4, 19, 8, 48, 49, 50, 34, 53, 54, 55]],
[210, [5, 20, 10, 12, 30, 32, 3, 16, 4, 19, 25, 26, 27, 62, 34, 53, 54, 55]],
[210, [5, 20, 10, 12, 30, 32, 3, 16, 4, 19, 25, 26, 49, 50, 33, 34, 55, 63]],
[210, [5, 20, 10, 12, 30, 32, 3, 16, 18, 41, 8, 48, 27, 62, 13, 33, 35, 63]],
[210, [5, 20, 10, 12, 30, 32, 3, 16, 18, 41, 8, 48, 49, 50, 13, 35, 53, 54]],
[210, [5, 20, 10, 12, 30, 32, 3, 16, 18, 41, 25, 26, 27, 62, 13, 35, 53, 54]],
[210, [5, 20, 10, 12, 30, 32, 3, 16, 18, 41, 25, 26, 49, 50, 13, 33, 35, 63]],
[210, [5, 20, 10, 12, 30, 32, 15, 38, 4, 19, 8, 48, 27, 62, 13, 33, 35, 63]],
[210, [5, 20, 10, 12, 30, 32, 15, 38, 4, 19, 8, 48, 49, 50, 13, 35, 53, 54]],
[210, [5, 20, 10, 12, 30, 32, 15, 38, 4, 19, 25, 26, 27, 62, 13, 35, 53, 54]],
[210, [5, 20, 10, 12, 30, 32, 15, 38, 4, 19, 25, 26, 49, 50, 13, 33, 35, 63]],
[210, [5, 20, 10, 12, 30, 32, 15, 38, 18, 41, 8, 48, 27, 62, 33, 34, 55, 63]],
[210, [5, 20, 10, 12, 30, 32, 15, 38, 18, 41, 8, 48, 49, 50, 34, 53, 54, 55]],
[210, [5, 20, 10, 12, 30, 32, 15, 38, 18, 41, 25, 26, 27, 62, 34, 53, 54, 55]],
[210, [5, 20, 10, 12, 30, 32, 15, 38, 18, 41, 25, 26, 49, 50, 33, 34, 55, 63]],
[210, [21, 42, 2, 10, 11, 30, 3, 16, 4, 19, 8, 48, 27, 62, 33, 34, 55, 63]],
[210, [21, 42, 2, 10, 11, 30, 3, 16, 4, 19, 8, 48, 49, 50, 34, 53, 54, 55]],
[210, [21, 42, 2, 10, 11, 30, 3, 16, 4, 19, 25, 26, 27, 62, 34, 53, 54, 55]],
[210, [21, 42, 2, 10, 11, 30, 3, 16, 4, 19, 25, 26, 49, 50, 33, 34, 55, 63]],
[210, [21, 42, 2, 10, 11, 30, 3, 16, 18, 41, 8, 48, 27, 62, 13, 33, 35, 63]],
[210, [21, 42, 2, 10, 11, 30, 3, 16, 18, 41, 8, 48, 49, 50, 13, 35, 53, 54]],
[210, [21, 42, 2, 10, 11, 30, 3, 16, 18, 41, 25, 26, 27, 62, 13, 35, 53, 54]],
[210, [21, 42, 2, 10, 11, 30, 3, 16, 18, 41, 25, 26, 49, 50, 13, 33, 35, 63]],
[210, [21, 42, 2, 10, 11, 30, 15, 38, 4, 19, 8, 48, 27, 62, 13, 33, 35, 63]],
[210, [21, 42, 2, 10, 11, 30, 15, 38, 4, 19, 8, 48, 49, 50, 13, 35, 53, 54]],
[210, [21, 42, 2, 10, 11, 30, 15, 38, 4, 19, 25, 26, 27, 62, 13, 35, 53, 54]],
[210, [21, 42, 2, 10, 11, 30, 15, 38, 4, 19, 25, 26, 49, 50, 13, 33, 35, 63]],
[210, [21, 42, 2, 10, 11, 30, 15, 38, 18, 41, 8, 48, 27, 62, 33, 34, 55, 63]],
[210, [21, 42, 2, 10, 11, 30, 15, 38, 18, 41, 8, 48, 49, 50, 34, 53, 54, 55]],
[210, [21, 42, 2, 10, 11, 30, 15, 38, 18, 41, 25, 26, 27, 62, 34, 53, 54, 55]],
[210, [21, 42, 2, 10, 11, 30, 15, 38, 18, 41, 25, 26, 49, 50, 33, 34, 55, 63]],
[210, [21, 42, 12, 31, 32, 52, 3, 16, 4, 19, 8, 48, 27, 62, 33, 34, 55, 63]],
[210, [21, 42, 12, 31, 32, 52, 3, 16, 4, 19, 8, 48, 49, 50, 34, 53, 54, 55]],
[210, [21, 42, 12, 31, 32, 52, 3, 16, 4, 19, 25, 26, 27, 62, 34, 53, 54, 55]],
[210, [21, 42, 12, 31, 32, 52, 3, 16, 4, 19, 25, 26, 49, 50, 33, 34, 55, 63]],
[210, [21, 42, 12, 31, 32, 52, 3, 16, 18, 41, 8, 48, 27, 62, 13, 33, 35, 63]],
[210, [21, 42, 12, 31, 32, 52, 3, 16, 18, 41, 8, 48, 49, 50, 13, 35, 53, 54]],
[210, [21, 42, 12, 31, 32, 52, 3, 16, 18, 41, 25, 26, 27, 62, 13, 35, 53, 54]],
[210, [21, 42, 12, 31, 32, 52, 3, 16, 18, 41, 25, 26, 49, 50, 13, 33, 35, 63]],
[210, [21, 42, 12, 31, 32, 52, 15, 38, 4, 19, 8, 48, 27, 62, 13, 33, 35, 63]],
[210, [21, 42, 12, 31, 32, 52, 15, 38, 4, 19, 8, 48, 49, 50, 13, 35, 53, 54]],
[210, [21, 42, 12, 31, 32, 52, 15, 38, 4, 19, 25, 26, 27, 62, 13, 35, 53, 54]],
[210, [21, 42, 12, 31, 32, 52, 15, 38, 4, 19, 25, 26, 49, 50, 13, 33, 35, 63]],
[210, [21, 42, 12, 31, 32, 52, 15, 38, 18, 41, 8, 48, 27, 62, 33, 34, 55, 63]],
[210, [21, 42, 12, 31, 32, 52, 15, 38, 18, 41, 8, 48, 49, 50, 34, 53, 54, 55]],
[210, [21, 42, 12, 31, 32, 52, 15, 38, 18, 41, 25, 26, 27, 62, 34, 53, 54, 55]],
[210, [21, 42, 12, 31, 32, 52, 15, 38, 18, 41, 25, 26, 49, 50, 33, 34, 55, 63]]];
