pds_list := [[198, [3, 14, 16, 36, 4, 17, 19, 57, 8, 48, 27, 49, 34, 55, 45, 58, 59, 60]],
[198, [3, 14, 16, 36, 4, 17, 19, 57, 8, 48, 50, 62, 34, 55, 23, 44, 58, 59]],
[198, [3, 14, 16, 36, 4, 17, 19, 57, 25, 26, 27, 49, 34, 55, 43, 45, 60, 64]],
[198, [3, 14, 16, 36, 4, 17, 19, 57, 25, 26, 50, 62, 34, 55, 23, 43, 44, 64]],
[198, [3, 14, 16, 36, 4, 19, 39, 40, 8, 48, 27, 49, 34, 55, 43, 45, 60, 64]],
[198, [3, 14, 16, 36, 4, 19, 39, 40, 8, 48, 50, 62, 34, 55, 23, 43, 44, 64]],
[198, [3, 14, 16, 36, 4, 19, 39, 40, 25, 26, 27, 49, 34, 55, 45, 58, 59, 60]],
[198, [3, 14, 16, 36, 4, 19, 39, 40, 25, 26, 50, 62, 34, 55, 23, 44, 58, 59]],
[198, [3, 14, 16, 36, 17, 18, 41, 57, 8, 48, 27, 49, 13, 35, 45, 58, 59, 60]],
[198, [3, 14, 16, 36, 17, 18, 41, 57, 8, 48, 50, 62, 13, 35, 23, 44, 58, 59]],
[198, [3, 14, 16, 36, 17, 18, 41, 57, 25, 26, 27, 49, 13, 35, 43, 45, 60, 64]],
[198, [3, 14, 16, 36, 17, 18, 41, 57, 25, 26, 50, 62, 13, 35, 23, 43, 44, 64]],
[198, [3, 14, 16, 36, 18, 39, 40, 41, 8, 48, 27, 49, 13, 35, 43, 45, 60, 64]],
[198, [3, 14, 16, 36, 18, 39, 40, 41, 8, 48, 50, 62, 13, 35, 23, 43, 44, 64]],
[198, [3, 14, 16, 36, 18, 39, 40, 41, 25, 26, 27, 49, 13, 35, 45, 58, 59, 60]],
[198, [3, 14, 16, 36, 18, 39, 40, 41, 25, 26, 50, 62, 13, 35, 23, 44, 58, 59]],
[198, [3, 14, 36, 38, 4, 17, 19, 57, 24, 47, 27, 49, 53, 54, 45, 58, 60, 64]],
[198, [3, 14, 36, 38, 4, 17, 19, 57, 24, 47, 50, 62, 53, 54, 23, 44, 58, 64]],
[198, [3, 14, 36, 38, 4, 17, 19, 57, 46, 61, 27, 49, 53, 54, 43, 45, 59, 60]],
[198, [3, 14, 36, 38, 4, 17, 19, 57, 46, 61, 50, 62, 53, 54, 23, 43, 44, 59]],
[198, [3, 14, 36, 38, 4, 19, 39, 40, 24, 47, 27, 49, 33, 63, 45, 58, 60, 64]],
[198, [3, 14, 36, 38, 4, 19, 39, 40, 24, 47, 50, 62, 33, 63, 23, 44, 58, 64]],
[198, [3, 14, 36, 38, 4, 19, 39, 40, 46, 61, 27, 49, 33, 63, 43, 45, 59, 60]],
[198, [3, 14, 36, 38, 4, 19, 39, 40, 46, 61, 50, 62, 33, 63, 23, 43, 44, 59]],
[198, [3, 14, 36, 38, 17, 18, 41, 57, 24, 47, 27, 49, 53, 54, 43, 45, 59, 60]],
[198, [3, 14, 36, 38, 17, 18, 41, 57, 24, 47, 50, 62, 53, 54, 23, 43, 44, 59]],
[198, [3, 14, 36, 38, 17, 18, 41, 57, 46, 61, 27, 49, 53, 54, 45, 58, 60, 64]],
[198, [3, 14, 36, 38, 17, 18, 41, 57, 46, 61, 50, 62, 53, 54, 23, 44, 58, 64]],
[198, [3, 14, 36, 38, 18, 39, 40, 41, 24, 47, 27, 49, 33, 63, 43, 45, 59, 60]],
[198, [3, 14, 36, 38, 18, 39, 40, 41, 24, 47, 50, 62, 33, 63, 23, 43, 44, 59]],
[198, [3, 14, 36, 38, 18, 39, 40, 41, 46, 61, 27, 49, 33, 63, 45, 58, 60, 64]],
[198, [3, 14, 36, 38, 18, 39, 40, 41, 46, 61, 50, 62, 33, 63, 23, 44, 58, 64]],
[198, [3, 16, 37, 56, 4, 17, 19, 57, 8, 48, 27, 49, 34, 55, 23, 44, 58, 59]],
[198, [3, 16, 37, 56, 4, 17, 19, 57, 8, 48, 50, 62, 34, 55, 45, 58, 59, 60]],
[198, [3, 16, 37, 56, 4, 17, 19, 57, 25, 26, 27, 49, 34, 55, 23, 43, 44, 64]],
[198, [3, 16, 37, 56, 4, 17, 19, 57, 25, 26, 50, 62, 34, 55, 43, 45, 60, 64]],
[198, [3, 16, 37, 56, 4, 19, 39, 40, 8, 48, 27, 49, 34, 55, 23, 43, 44, 64]],
[198, [3, 16, 37, 56, 4, 19, 39, 40, 8, 48, 50, 62, 34, 55, 43, 45, 60, 64]],
[198, [3, 16, 37, 56, 4, 19, 39, 40, 25, 26, 27, 49, 34, 55, 23, 44, 58, 59]],
[198, [3, 16, 37, 56, 4, 19, 39, 40, 25, 26, 50, 62, 34, 55, 45, 58, 59, 60]],
[198, [3, 16, 37, 56, 17, 18, 41, 57, 8, 48, 27, 49, 13, 35, 23, 44, 58, 59]],
[198, [3, 16, 37, 56, 17, 18, 41, 57, 8, 48, 50, 62, 13, 35, 45, 58, 59, 60]],
[198, [3, 16, 37, 56, 17, 18, 41, 57, 25, 26, 27, 49, 13, 35, 23, 43, 44, 64]],
[198, [3, 16, 37, 56, 17, 18, 41, 57, 25, 26, 50, 62, 13, 35, 43, 45, 60, 64]],
[198, [3, 16, 37, 56, 18, 39, 40, 41, 8, 48, 27, 49, 13, 35, 23, 43, 44, 64]],
[198, [3, 16, 37, 56, 18, 39, 40, 41, 8, 48, 50, 62, 13, 35, 43, 45, 60, 64]],
[198, [3, 16, 37, 56, 18, 39, 40, 41, 25, 26, 27, 49, 13, 35, 23, 44, 58, 59]],
[198, [3, 16, 37, 56, 18, 39, 40, 41, 25, 26, 50, 62, 13, 35, 45, 58, 59, 60]],
[198, [3, 37, 38, 56, 4, 17, 19, 57, 24, 47, 27, 49, 53, 54, 23, 44, 58, 64]],
[198, [3, 37, 38, 56, 4, 17, 19, 57, 24, 47, 50, 62, 53, 54, 45, 58, 60, 64]],
[198, [3, 37, 38, 56, 4, 17, 19, 57, 46, 61, 27, 49, 53, 54, 23, 43, 44, 59]],
[198, [3, 37, 38, 56, 4, 17, 19, 57, 46, 61, 50, 62, 53, 54, 43, 45, 59, 60]],
[198, [3, 37, 38, 56, 4, 19, 39, 40, 24, 47, 27, 49, 33, 63, 23, 44, 58, 64]],
[198, [3, 37, 38, 56, 4, 19, 39, 40, 24, 47, 50, 62, 33, 63, 45, 58, 60, 64]],
[198, [3, 37, 38, 56, 4, 19, 39, 40, 46, 61, 27, 49, 33, 63, 23, 43, 44, 59]],
[198, [3, 37, 38, 56, 4, 19, 39, 40, 46, 61, 50, 62, 33, 63, 43, 45, 59, 60]],
[198, [3, 37, 38, 56, 17, 18, 41, 57, 24, 47, 27, 49, 53, 54, 23, 43, 44, 59]],
[198, [3, 37, 38, 56, 17, 18, 41, 57, 24, 47, 50, 62, 53, 54, 43, 45, 59, 60]],
[198, [3, 37, 38, 56, 17, 18, 41, 57, 46, 61, 27, 49, 53, 54, 23, 44, 58, 64]],
[198, [3, 37, 38, 56, 17, 18, 41, 57, 46, 61, 50, 62, 53, 54, 45, 58, 60, 64]],
[198, [3, 37, 38, 56, 18, 39, 40, 41, 24, 47, 27, 49, 33, 63, 23, 43, 44, 59]],
[198, [3, 37, 38, 56, 18, 39, 40, 41, 24, 47, 50, 62, 33, 63, 43, 45, 59, 60]],
[198, [3, 37, 38, 56, 18, 39, 40, 41, 46, 61, 27, 49, 33, 63, 23, 44, 58, 64]],
[198, [3, 37, 38, 56, 18, 39, 40, 41, 46, 61, 50, 62, 33, 63, 45, 58, 60, 64]],
[198, [14, 15, 16, 36, 4, 17, 19, 57, 24, 47, 27, 49, 33, 63, 45, 58, 60, 64]],
[198, [14, 15, 16, 36, 4, 17, 19, 57, 24, 47, 50, 62, 33, 63, 23, 44, 58, 64]],
[198, [14, 15, 16, 36, 4, 17, 19, 57, 46, 61, 27, 49, 33, 63, 43, 45, 59, 60]],
[198, [14, 15, 16, 36, 4, 17, 19, 57, 46, 61, 50, 62, 33, 63, 23, 43, 44, 59]],
[198, [14, 15, 16, 36, 4, 19, 39, 40, 24, 47, 27, 49, 53, 54, 45, 58, 60, 64]],
[198, [14, 15, 16, 36, 4, 19, 39, 40, 24, 47, 50, 62, 53, 54, 23, 44, 58, 64]],
[198, [14, 15, 16, 36, 4, 19, 39, 40, 46, 61, 27, 49, 53, 54, 43, 45, 59, 60]],
[198, [14, 15, 16, 36, 4, 19, 39, 40, 46, 61, 50, 62, 53, 54, 23, 43, 44, 59]],
[198, [14, 15, 16, 36, 17, 18, 41, 57, 24, 47, 27, 49, 33, 63, 43, 45, 59, 60]],
[198, [14, 15, 16, 36, 17, 18, 41, 57, 24, 47, 50, 62, 33, 63, 23, 43, 44, 59]],
[198, [14, 15, 16, 36, 17, 18, 41, 57, 46, 61, 27, 49, 33, 63, 45, 58, 60, 64]],
[198, [14, 15, 16, 36, 17, 18, 41, 57, 46, 61, 50, 62, 33, 63, 23, 44, 58, 64]],
[198, [14, 15, 16, 36, 18, 39, 40, 41, 24, 47, 27, 49, 53, 54, 43, 45, 59, 60]],
[198, [14, 15, 16, 36, 18, 39, 40, 41, 24, 47, 50, 62, 53, 54, 23, 43, 44, 59]],
[198, [14, 15, 16, 36, 18, 39, 40, 41, 46, 61, 27, 49, 53, 54, 45, 58, 60, 64]],
[198, [14, 15, 16, 36, 18, 39, 40, 41, 46, 61, 50, 62, 53, 54, 23, 44, 58, 64]],
[198, [14, 15, 36, 38, 4, 17, 19, 57, 8, 48, 27, 49, 13, 35, 45, 58, 59, 60]],
[198, [14, 15, 36, 38, 4, 17, 19, 57, 8, 48, 50, 62, 13, 35, 23, 44, 58, 59]],
[198, [14, 15, 36, 38, 4, 17, 19, 57, 25, 26, 27, 49, 13, 35, 43, 45, 60, 64]],
[198, [14, 15, 36, 38, 4, 17, 19, 57, 25, 26, 50, 62, 13, 35, 23, 43, 44, 64]],
[198, [14, 15, 36, 38, 4, 19, 39, 40, 8, 48, 27, 49, 13, 35, 43, 45, 60, 64]],
[198, [14, 15, 36, 38, 4, 19, 39, 40, 8, 48, 50, 62, 13, 35, 23, 43, 44, 64]],
[198, [14, 15, 36, 38, 4, 19, 39, 40, 25, 26, 27, 49, 13, 35, 45, 58, 59, 60]],
[198, [14, 15, 36, 38, 4, 19, 39, 40, 25, 26, 50, 62, 13, 35, 23, 44, 58, 59]],
[198, [14, 15, 36, 38, 17, 18, 41, 57, 8, 48, 27, 49, 34, 55, 45, 58, 59, 60]],
[198, [14, 15, 36, 38, 17, 18, 41, 57, 8, 48, 50, 62, 34, 55, 23, 44, 58, 59]],
[198, [14, 15, 36, 38, 17, 18, 41, 57, 25, 26, 27, 49, 34, 55, 43, 45, 60, 64]],
[198, [14, 15, 36, 38, 17, 18, 41, 57, 25, 26, 50, 62, 34, 55, 23, 43, 44, 64]],
[198, [14, 15, 36, 38, 18, 39, 40, 41, 8, 48, 27, 49, 34, 55, 43, 45, 60, 64]],
[198, [14, 15, 36, 38, 18, 39, 40, 41, 8, 48, 50, 62, 34, 55, 23, 43, 44, 64]],
[198, [14, 15, 36, 38, 18, 39, 40, 41, 25, 26, 27, 49, 34, 55, 45, 58, 59, 60]],
[198, [14, 15, 36, 38, 18, 39, 40, 41, 25, 26, 50, 62, 34, 55, 23, 44, 58, 59]],
[198, [15, 16, 37, 56, 4, 17, 19, 57, 24, 47, 27, 49, 33, 63, 23, 44, 58, 64]],
[198, [15, 16, 37, 56, 4, 17, 19, 57, 24, 47, 50, 62, 33, 63, 45, 58, 60, 64]],
[198, [15, 16, 37, 56, 4, 17, 19, 57, 46, 61, 27, 49, 33, 63, 23, 43, 44, 59]],
[198, [15, 16, 37, 56, 4, 17, 19, 57, 46, 61, 50, 62, 33, 63, 43, 45, 59, 60]],
[198, [15, 16, 37, 56, 4, 19, 39, 40, 24, 47, 27, 49, 53, 54, 23, 44, 58, 64]],
[198, [15, 16, 37, 56, 4, 19, 39, 40, 24, 47, 50, 62, 53, 54, 45, 58, 60, 64]],
[198, [15, 16, 37, 56, 4, 19, 39, 40, 46, 61, 27, 49, 53, 54, 23, 43, 44, 59]],
[198, [15, 16, 37, 56, 4, 19, 39, 40, 46, 61, 50, 62, 53, 54, 43, 45, 59, 60]],
[198, [15, 16, 37, 56, 17, 18, 41, 57, 24, 47, 27, 49, 33, 63, 23, 43, 44, 59]],
[198, [15, 16, 37, 56, 17, 18, 41, 57, 24, 47, 50, 62, 33, 63, 43, 45, 59, 60]],
[198, [15, 16, 37, 56, 17, 18, 41, 57, 46, 61, 27, 49, 33, 63, 23, 44, 58, 64]],
[198, [15, 16, 37, 56, 17, 18, 41, 57, 46, 61, 50, 62, 33, 63, 45, 58, 60, 64]],
[198, [15, 16, 37, 56, 18, 39, 40, 41, 24, 47, 27, 49, 53, 54, 23, 43, 44, 59]],
[198, [15, 16, 37, 56, 18, 39, 40, 41, 24, 47, 50, 62, 53, 54, 43, 45, 59, 60]],
[198, [15, 16, 37, 56, 18, 39, 40, 41, 46, 61, 27, 49, 53, 54, 23, 44, 58, 64]],
[198, [15, 16, 37, 56, 18, 39, 40, 41, 46, 61, 50, 62, 53, 54, 45, 58, 60, 64]],
[198, [15, 37, 38, 56, 4, 17, 19, 57, 8, 48, 27, 49, 13, 35, 23, 44, 58, 59]],
[198, [15, 37, 38, 56, 4, 17, 19, 57, 8, 48, 50, 62, 13, 35, 45, 58, 59, 60]],
[198, [15, 37, 38, 56, 4, 17, 19, 57, 25, 26, 27, 49, 13, 35, 23, 43, 44, 64]],
[198, [15, 37, 38, 56, 4, 17, 19, 57, 25, 26, 50, 62, 13, 35, 43, 45, 60, 64]],
[198, [15, 37, 38, 56, 4, 19, 39, 40, 8, 48, 27, 49, 13, 35, 23, 43, 44, 64]],
[198, [15, 37, 38, 56, 4, 19, 39, 40, 8, 48, 50, 62, 13, 35, 43, 45, 60, 64]],
[198, [15, 37, 38, 56, 4, 19, 39, 40, 25, 26, 27, 49, 13, 35, 23, 44, 58, 59]],
[198, [15, 37, 38, 56, 4, 19, 39, 40, 25, 26, 50, 62, 13, 35, 45, 58, 59, 60]],
[198, [15, 37, 38, 56, 17, 18, 41, 57, 8, 48, 27, 49, 34, 55, 23, 44, 58, 59]],
[198, [15, 37, 38, 56, 17, 18, 41, 57, 8, 48, 50, 62, 34, 55, 45, 58, 59, 60]],
[198, [15, 37, 38, 56, 17, 18, 41, 57, 25, 26, 27, 49, 34, 55, 23, 43, 44, 64]],
[198, [15, 37, 38, 56, 17, 18, 41, 57, 25, 26, 50, 62, 34, 55, 43, 45, 60, 64]],
[198, [15, 37, 38, 56, 18, 39, 40, 41, 8, 48, 27, 49, 34, 55, 23, 43, 44, 64]],
[198, [15, 37, 38, 56, 18, 39, 40, 41, 8, 48, 50, 62, 34, 55, 43, 45, 60, 64]],
[198, [15, 37, 38, 56, 18, 39, 40, 41, 25, 26, 27, 49, 34, 55, 23, 44, 58, 59]],
[198, [15, 37, 38, 56, 18, 39, 40, 41, 25, 26, 50, 62, 34, 55, 45, 58, 59, 60]],
[198, [2, 12, 14, 36, 4, 17, 19, 57, 8, 48, 27, 28, 49, 51, 45, 58, 59, 60]],
[198, [2, 12, 14, 36, 4, 17, 19, 57, 8, 48, 28, 50, 51, 62, 23, 44, 58, 59]],
[198, [2, 12, 14, 36, 4, 17, 19, 57, 25, 26, 27, 28, 49, 51, 43, 45, 60, 64]],
[198, [2, 12, 14, 36, 4, 17, 19, 57, 25, 26, 28, 50, 51, 62, 23, 43, 44, 64]],
[198, [2, 12, 14, 36, 4, 19, 39, 40, 8, 48, 27, 28, 49, 51, 43, 45, 60, 64]],
[198, [2, 12, 14, 36, 4, 19, 39, 40, 8, 48, 28, 50, 51, 62, 23, 43, 44, 64]],
[198, [2, 12, 14, 36, 4, 19, 39, 40, 25, 26, 27, 28, 49, 51, 45, 58, 59, 60]],
[198, [2, 12, 14, 36, 4, 19, 39, 40, 25, 26, 28, 50, 51, 62, 23, 44, 58, 59]],
[198, [2, 12, 14, 36, 17, 18, 41, 57, 8, 48, 9, 27, 29, 49, 45, 58, 59, 60]],
[198, [2, 12, 14, 36, 17, 18, 41, 57, 8, 48, 9, 29, 50, 62, 23, 44, 58, 59]],
[198, [2, 12, 14, 36, 17, 18, 41, 57, 25, 26, 9, 27, 29, 49, 43, 45, 60, 64]],
[198, [2, 12, 14, 36, 17, 18, 41, 57, 25, 26, 9, 29, 50, 62, 23, 43, 44, 64]],
[198, [2, 12, 14, 36, 18, 39, 40, 41, 8, 48, 9, 27, 29, 49, 43, 45, 60, 64]],
[198, [2, 12, 14, 36, 18, 39, 40, 41, 8, 48, 9, 29, 50, 62, 23, 43, 44, 64]],
[198, [2, 12, 14, 36, 18, 39, 40, 41, 25, 26, 9, 27, 29, 49, 45, 58, 59, 60]],
[198, [2, 12, 14, 36, 18, 39, 40, 41, 25, 26, 9, 29, 50, 62, 23, 44, 58, 59]],
[198, [2, 12, 37, 56, 4, 17, 19, 57, 8, 48, 27, 28, 49, 51, 23, 44, 58, 59]],
[198, [2, 12, 37, 56, 4, 17, 19, 57, 8, 48, 28, 50, 51, 62, 45, 58, 59, 60]],
[198, [2, 12, 37, 56, 4, 17, 19, 57, 25, 26, 27, 28, 49, 51, 23, 43, 44, 64]],
[198, [2, 12, 37, 56, 4, 17, 19, 57, 25, 26, 28, 50, 51, 62, 43, 45, 60, 64]],
[198, [2, 12, 37, 56, 4, 19, 39, 40, 8, 48, 27, 28, 49, 51, 23, 43, 44, 64]],
[198, [2, 12, 37, 56, 4, 19, 39, 40, 8, 48, 28, 50, 51, 62, 43, 45, 60, 64]],
[198, [2, 12, 37, 56, 4, 19, 39, 40, 25, 26, 27, 28, 49, 51, 23, 44, 58, 59]],
[198, [2, 12, 37, 56, 4, 19, 39, 40, 25, 26, 28, 50, 51, 62, 45, 58, 59, 60]],
[198, [2, 12, 37, 56, 17, 18, 41, 57, 8, 48, 9, 27, 29, 49, 23, 44, 58, 59]],
[198, [2, 12, 37, 56, 17, 18, 41, 57, 8, 48, 9, 29, 50, 62, 45, 58, 59, 60]],
[198, [2, 12, 37, 56, 17, 18, 41, 57, 25, 26, 9, 27, 29, 49, 23, 43, 44, 64]],
[198, [2, 12, 37, 56, 17, 18, 41, 57, 25, 26, 9, 29, 50, 62, 43, 45, 60, 64]],
[198, [2, 12, 37, 56, 18, 39, 40, 41, 8, 48, 9, 27, 29, 49, 23, 43, 44, 64]],
[198, [2, 12, 37, 56, 18, 39, 40, 41, 8, 48, 9, 29, 50, 62, 43, 45, 60, 64]],
[198, [2, 12, 37, 56, 18, 39, 40, 41, 25, 26, 9, 27, 29, 49, 23, 44, 58, 59]],
[198, [2, 12, 37, 56, 18, 39, 40, 41, 25, 26, 9, 29, 50, 62, 45, 58, 59, 60]],
[198, [10, 52, 14, 36, 4, 17, 19, 57, 24, 47, 9, 27, 49, 51, 45, 58, 60, 64]],
[198, [10, 52, 14, 36, 4, 17, 19, 57, 24, 47, 9, 50, 51, 62, 23, 44, 58, 64]],
[198, [10, 52, 14, 36, 4, 17, 19, 57, 46, 61, 9, 27, 49, 51, 43, 45, 59, 60]],
[198, [10, 52, 14, 36, 4, 17, 19, 57, 46, 61, 9, 50, 51, 62, 23, 43, 44, 59]],
[198, [10, 52, 14, 36, 4, 19, 39, 40, 24, 47, 27, 28, 29, 49, 45, 58, 60, 64]],
[198, [10, 52, 14, 36, 4, 19, 39, 40, 24, 47, 28, 29, 50, 62, 23, 44, 58, 64]],
[198, [10, 52, 14, 36, 4, 19, 39, 40, 46, 61, 27, 28, 29, 49, 43, 45, 59, 60]],
[198, [10, 52, 14, 36, 4, 19, 39, 40, 46, 61, 28, 29, 50, 62, 23, 43, 44, 59]],
[198, [10, 52, 14, 36, 17, 18, 41, 57, 24, 47, 9, 27, 49, 51, 43, 45, 59, 60]],
[198, [10, 52, 14, 36, 17, 18, 41, 57, 24, 47, 9, 50, 51, 62, 23, 43, 44, 59]],
[198, [10, 52, 14, 36, 17, 18, 41, 57, 46, 61, 9, 27, 49, 51, 45, 58, 60, 64]],
[198, [10, 52, 14, 36, 17, 18, 41, 57, 46, 61, 9, 50, 51, 62, 23, 44, 58, 64]],
[198, [10, 52, 14, 36, 18, 39, 40, 41, 24, 47, 27, 28, 29, 49, 43, 45, 59, 60]],
[198, [10, 52, 14, 36, 18, 39, 40, 41, 24, 47, 28, 29, 50, 62, 23, 43, 44, 59]],
[198, [10, 52, 14, 36, 18, 39, 40, 41, 46, 61, 27, 28, 29, 49, 45, 58, 60, 64]],
[198, [10, 52, 14, 36, 18, 39, 40, 41, 46, 61, 28, 29, 50, 62, 23, 44, 58, 64]],
[198, [10, 52, 37, 56, 4, 17, 19, 57, 24, 47, 9, 27, 49, 51, 23, 44, 58, 64]],
[198, [10, 52, 37, 56, 4, 17, 19, 57, 24, 47, 9, 50, 51, 62, 45, 58, 60, 64]],
[198, [10, 52, 37, 56, 4, 17, 19, 57, 46, 61, 9, 27, 49, 51, 23, 43, 44, 59]],
[198, [10, 52, 37, 56, 4, 17, 19, 57, 46, 61, 9, 50, 51, 62, 43, 45, 59, 60]],
[198, [10, 52, 37, 56, 4, 19, 39, 40, 24, 47, 27, 28, 29, 49, 23, 44, 58, 64]],
[198, [10, 52, 37, 56, 4, 19, 39, 40, 24, 47, 28, 29, 50, 62, 45, 58, 60, 64]],
[198, [10, 52, 37, 56, 4, 19, 39, 40, 46, 61, 27, 28, 29, 49, 23, 43, 44, 59]],
[198, [10, 52, 37, 56, 4, 19, 39, 40, 46, 61, 28, 29, 50, 62, 43, 45, 59, 60]],
[198, [10, 52, 37, 56, 17, 18, 41, 57, 24, 47, 9, 27, 49, 51, 23, 43, 44, 59]],
[198, [10, 52, 37, 56, 17, 18, 41, 57, 24, 47, 9, 50, 51, 62, 43, 45, 59, 60]],
[198, [10, 52, 37, 56, 17, 18, 41, 57, 46, 61, 9, 27, 49, 51, 23, 44, 58, 64]],
[198, [10, 52, 37, 56, 17, 18, 41, 57, 46, 61, 9, 50, 51, 62, 45, 58, 60, 64]],
[198, [10, 52, 37, 56, 18, 39, 40, 41, 24, 47, 27, 28, 29, 49, 23, 43, 44, 59]],
[198, [10, 52, 37, 56, 18, 39, 40, 41, 24, 47, 28, 29, 50, 62, 43, 45, 59, 60]],
[198, [10, 52, 37, 56, 18, 39, 40, 41, 46, 61, 27, 28, 29, 49, 23, 44, 58, 64]],
[198, [10, 52, 37, 56, 18, 39, 40, 41, 46, 61, 28, 29, 50, 62, 45, 58, 60, 64]],
[198, [11, 32, 14, 36, 4, 17, 19, 57, 8, 48, 9, 27, 29, 49, 45, 58, 59, 60]],
[198, [11, 32, 14, 36, 4, 17, 19, 57, 8, 48, 9, 29, 50, 62, 23, 44, 58, 59]],
[198, [11, 32, 14, 36, 4, 17, 19, 57, 25, 26, 9, 27, 29, 49, 43, 45, 60, 64]],
[198, [11, 32, 14, 36, 4, 17, 19, 57, 25, 26, 9, 29, 50, 62, 23, 43, 44, 64]],
[198, [11, 32, 14, 36, 4, 19, 39, 40, 8, 48, 9, 27, 29, 49, 43, 45, 60, 64]],
[198, [11, 32, 14, 36, 4, 19, 39, 40, 8, 48, 9, 29, 50, 62, 23, 43, 44, 64]],
[198, [11, 32, 14, 36, 4, 19, 39, 40, 25, 26, 9, 27, 29, 49, 45, 58, 59, 60]],
[198, [11, 32, 14, 36, 4, 19, 39, 40, 25, 26, 9, 29, 50, 62, 23, 44, 58, 59]],
[198, [11, 32, 14, 36, 17, 18, 41, 57, 8, 48, 27, 28, 49, 51, 45, 58, 59, 60]],
[198, [11, 32, 14, 36, 17, 18, 41, 57, 8, 48, 28, 50, 51, 62, 23, 44, 58, 59]],
[198, [11, 32, 14, 36, 17, 18, 41, 57, 25, 26, 27, 28, 49, 51, 43, 45, 60, 64]],
[198, [11, 32, 14, 36, 17, 18, 41, 57, 25, 26, 28, 50, 51, 62, 23, 43, 44, 64]],
[198, [11, 32, 14, 36, 18, 39, 40, 41, 8, 48, 27, 28, 49, 51, 43, 45, 60, 64]],
[198, [11, 32, 14, 36, 18, 39, 40, 41, 8, 48, 28, 50, 51, 62, 23, 43, 44, 64]],
[198, [11, 32, 14, 36, 18, 39, 40, 41, 25, 26, 27, 28, 49, 51, 45, 58, 59, 60]],
[198, [11, 32, 14, 36, 18, 39, 40, 41, 25, 26, 28, 50, 51, 62, 23, 44, 58, 59]],
[198, [11, 32, 37, 56, 4, 17, 19, 57, 8, 48, 9, 27, 29, 49, 23, 44, 58, 59]],
[198, [11, 32, 37, 56, 4, 17, 19, 57, 8, 48, 9, 29, 50, 62, 45, 58, 59, 60]],
[198, [11, 32, 37, 56, 4, 17, 19, 57, 25, 26, 9, 27, 29, 49, 23, 43, 44, 64]],
[198, [11, 32, 37, 56, 4, 17, 19, 57, 25, 26, 9, 29, 50, 62, 43, 45, 60, 64]],
[198, [11, 32, 37, 56, 4, 19, 39, 40, 8, 48, 9, 27, 29, 49, 23, 43, 44, 64]],
[198, [11, 32, 37, 56, 4, 19, 39, 40, 8, 48, 9, 29, 50, 62, 43, 45, 60, 64]],
[198, [11, 32, 37, 56, 4, 19, 39, 40, 25, 26, 9, 27, 29, 49, 23, 44, 58, 59]],
[198, [11, 32, 37, 56, 4, 19, 39, 40, 25, 26, 9, 29, 50, 62, 45, 58, 59, 60]],
[198, [11, 32, 37, 56, 17, 18, 41, 57, 8, 48, 27, 28, 49, 51, 23, 44, 58, 59]],
[198, [11, 32, 37, 56, 17, 18, 41, 57, 8, 48, 28, 50, 51, 62, 45, 58, 59, 60]],
[198, [11, 32, 37, 56, 17, 18, 41, 57, 25, 26, 27, 28, 49, 51, 23, 43, 44, 64]],
[198, [11, 32, 37, 56, 17, 18, 41, 57, 25, 26, 28, 50, 51, 62, 43, 45, 60, 64]],
[198, [11, 32, 37, 56, 18, 39, 40, 41, 8, 48, 27, 28, 49, 51, 23, 43, 44, 64]],
[198, [11, 32, 37, 56, 18, 39, 40, 41, 8, 48, 28, 50, 51, 62, 43, 45, 60, 64]],
[198, [11, 32, 37, 56, 18, 39, 40, 41, 25, 26, 27, 28, 49, 51, 23, 44, 58, 59]],
[198, [11, 32, 37, 56, 18, 39, 40, 41, 25, 26, 28, 50, 51, 62, 45, 58, 59, 60]],
[198, [30, 31, 14, 36, 4, 17, 19, 57, 24, 47, 27, 28, 29, 49, 45, 58, 60, 64]],
[198, [30, 31, 14, 36, 4, 17, 19, 57, 24, 47, 28, 29, 50, 62, 23, 44, 58, 64]],
[198, [30, 31, 14, 36, 4, 17, 19, 57, 46, 61, 27, 28, 29, 49, 43, 45, 59, 60]],
[198, [30, 31, 14, 36, 4, 17, 19, 57, 46, 61, 28, 29, 50, 62, 23, 43, 44, 59]],
[198, [30, 31, 14, 36, 4, 19, 39, 40, 24, 47, 9, 27, 49, 51, 45, 58, 60, 64]],
[198, [30, 31, 14, 36, 4, 19, 39, 40, 24, 47, 9, 50, 51, 62, 23, 44, 58, 64]],
[198, [30, 31, 14, 36, 4, 19, 39, 40, 46, 61, 9, 27, 49, 51, 43, 45, 59, 60]],
[198, [30, 31, 14, 36, 4, 19, 39, 40, 46, 61, 9, 50, 51, 62, 23, 43, 44, 59]],
[198, [30, 31, 14, 36, 17, 18, 41, 57, 24, 47, 27, 28, 29, 49, 43, 45, 59, 60]],
[198, [30, 31, 14, 36, 17, 18, 41, 57, 24, 47, 28, 29, 50, 62, 23, 43, 44, 59]],
[198, [30, 31, 14, 36, 17, 18, 41, 57, 46, 61, 27, 28, 29, 49, 45, 58, 60, 64]],
[198, [30, 31, 14, 36, 17, 18, 41, 57, 46, 61, 28, 29, 50, 62, 23, 44, 58, 64]],
[198, [30, 31, 14, 36, 18, 39, 40, 41, 24, 47, 9, 27, 49, 51, 43, 45, 59, 60]],
[198, [30, 31, 14, 36, 18, 39, 40, 41, 24, 47, 9, 50, 51, 62, 23, 43, 44, 59]],
[198, [30, 31, 14, 36, 18, 39, 40, 41, 46, 61, 9, 27, 49, 51, 45, 58, 60, 64]],
[198, [30, 31, 14, 36, 18, 39, 40, 41, 46, 61, 9, 50, 51, 62, 23, 44, 58, 64]],
[198, [30, 31, 37, 56, 4, 17, 19, 57, 24, 47, 27, 28, 29, 49, 23, 44, 58, 64]],
[198, [30, 31, 37, 56, 4, 17, 19, 57, 24, 47, 28, 29, 50, 62, 45, 58, 60, 64]],
[198, [30, 31, 37, 56, 4, 17, 19, 57, 46, 61, 27, 28, 29, 49, 23, 43, 44, 59]],
[198, [30, 31, 37, 56, 4, 17, 19, 57, 46, 61, 28, 29, 50, 62, 43, 45, 59, 60]],
[198, [30, 31, 37, 56, 4, 19, 39, 40, 24, 47, 9, 27, 49, 51, 23, 44, 58, 64]],
[198, [30, 31, 37, 56, 4, 19, 39, 40, 24, 47, 9, 50, 51, 62, 45, 58, 60, 64]],
[198, [30, 31, 37, 56, 4, 19, 39, 40, 46, 61, 9, 27, 49, 51, 23, 43, 44, 59]],
[198, [30, 31, 37, 56, 4, 19, 39, 40, 46, 61, 9, 50, 51, 62, 43, 45, 59, 60]],
[198, [30, 31, 37, 56, 17, 18, 41, 57, 24, 47, 27, 28, 29, 49, 23, 43, 44, 59]],
[198, [30, 31, 37, 56, 17, 18, 41, 57, 24, 47, 28, 29, 50, 62, 43, 45, 59, 60]],
[198, [30, 31, 37, 56, 17, 18, 41, 57, 46, 61, 27, 28, 29, 49, 23, 44, 58, 64]],
[198, [30, 31, 37, 56, 17, 18, 41, 57, 46, 61, 28, 29, 50, 62, 45, 58, 60, 64]],
[198, [30, 31, 37, 56, 18, 39, 40, 41, 24, 47, 9, 27, 49, 51, 23, 43, 44, 59]],
[198, [30, 31, 37, 56, 18, 39, 40, 41, 24, 47, 9, 50, 51, 62, 43, 45, 59, 60]],
[198, [30, 31, 37, 56, 18, 39, 40, 41, 46, 61, 9, 27, 49, 51, 23, 44, 58, 64]],
[198, [30, 31, 37, 56, 18, 39, 40, 41, 46, 61, 9, 50, 51, 62, 45, 58, 60, 64]],
[198, [2, 12, 3, 14, 36, 38, 4, 17, 19, 57, 27, 28, 49, 51, 53, 54, 45, 60]],
[198, [2, 12, 3, 14, 36, 38, 4, 17, 19, 57, 28, 50, 51, 62, 53, 54, 23, 44]],
[198, [2, 12, 3, 14, 36, 38, 4, 19, 39, 40, 27, 28, 49, 51, 33, 63, 45, 60]],
[198, [2, 12, 3, 14, 36, 38, 4, 19, 39, 40, 28, 50, 51, 62, 33, 63, 23, 44]],
[198, [2, 12, 3, 14, 36, 38, 17, 18, 41, 57, 9, 27, 29, 49, 53, 54, 45, 60]],
[198, [2, 12, 3, 14, 36, 38, 17, 18, 41, 57, 9, 29, 50, 62, 53, 54, 23, 44]],
[198, [2, 12, 3, 14, 36, 38, 18, 39, 40, 41, 9, 27, 29, 49, 33, 63, 45, 60]],
[198, [2, 12, 3, 14, 36, 38, 18, 39, 40, 41, 9, 29, 50, 62, 33, 63, 23, 44]],
[198, [2, 12, 3, 37, 38, 56, 4, 17, 19, 57, 27, 28, 49, 51, 53, 54, 23, 44]],
[198, [2, 12, 3, 37, 38, 56, 4, 17, 19, 57, 28, 50, 51, 62, 53, 54, 45, 60]],
[198, [2, 12, 3, 37, 38, 56, 4, 19, 39, 40, 27, 28, 49, 51, 33, 63, 23, 44]],
[198, [2, 12, 3, 37, 38, 56, 4, 19, 39, 40, 28, 50, 51, 62, 33, 63, 45, 60]],
[198, [2, 12, 3, 37, 38, 56, 17, 18, 41, 57, 9, 27, 29, 49, 53, 54, 23, 44]],
[198, [2, 12, 3, 37, 38, 56, 17, 18, 41, 57, 9, 29, 50, 62, 53, 54, 45, 60]],
[198, [2, 12, 3, 37, 38, 56, 18, 39, 40, 41, 9, 27, 29, 49, 33, 63, 23, 44]],
[198, [2, 12, 3, 37, 38, 56, 18, 39, 40, 41, 9, 29, 50, 62, 33, 63, 45, 60]],
[198, [2, 12, 14, 15, 16, 36, 4, 17, 19, 57, 27, 28, 49, 51, 33, 63, 45, 60]],
[198, [2, 12, 14, 15, 16, 36, 4, 17, 19, 57, 28, 50, 51, 62, 33, 63, 23, 44]],
[198, [2, 12, 14, 15, 16, 36, 4, 19, 39, 40, 27, 28, 49, 51, 53, 54, 45, 60]],
[198, [2, 12, 14, 15, 16, 36, 4, 19, 39, 40, 28, 50, 51, 62, 53, 54, 23, 44]],
[198, [2, 12, 14, 15, 16, 36, 17, 18, 41, 57, 9, 27, 29, 49, 33, 63, 45, 60]],
[198, [2, 12, 14, 15, 16, 36, 17, 18, 41, 57, 9, 29, 50, 62, 33, 63, 23, 44]],
[198, [2, 12, 14, 15, 16, 36, 18, 39, 40, 41, 9, 27, 29, 49, 53, 54, 45, 60]],
[198, [2, 12, 14, 15, 16, 36, 18, 39, 40, 41, 9, 29, 50, 62, 53, 54, 23, 44]],
[198, [2, 12, 15, 16, 37, 56, 4, 17, 19, 57, 27, 28, 49, 51, 33, 63, 23, 44]],
[198, [2, 12, 15, 16, 37, 56, 4, 17, 19, 57, 28, 50, 51, 62, 33, 63, 45, 60]],
[198, [2, 12, 15, 16, 37, 56, 4, 19, 39, 40, 27, 28, 49, 51, 53, 54, 23, 44]],
[198, [2, 12, 15, 16, 37, 56, 4, 19, 39, 40, 28, 50, 51, 62, 53, 54, 45, 60]],
[198, [2, 12, 15, 16, 37, 56, 17, 18, 41, 57, 9, 27, 29, 49, 33, 63, 23, 44]],
[198, [2, 12, 15, 16, 37, 56, 17, 18, 41, 57, 9, 29, 50, 62, 33, 63, 45, 60]],
[198, [2, 12, 15, 16, 37, 56, 18, 39, 40, 41, 9, 27, 29, 49, 53, 54, 23, 44]],
[198, [2, 12, 15, 16, 37, 56, 18, 39, 40, 41, 9, 29, 50, 62, 53, 54, 45, 60]],
[198, [10, 52, 3, 14, 16, 36, 4, 17, 19, 57, 9, 27, 49, 51, 34, 55, 45, 60]],
[198, [10, 52, 3, 14, 16, 36, 4, 17, 19, 57, 9, 50, 51, 62, 34, 55, 23, 44]],
[198, [10, 52, 3, 14, 16, 36, 4, 19, 39, 40, 27, 28, 29, 49, 34, 55, 45, 60]],
[198, [10, 52, 3, 14, 16, 36, 4, 19, 39, 40, 28, 29, 50, 62, 34, 55, 23, 44]],
[198, [10, 52, 3, 14, 16, 36, 17, 18, 41, 57, 9, 27, 49, 51, 13, 35, 45, 60]],
[198, [10, 52, 3, 14, 16, 36, 17, 18, 41, 57, 9, 50, 51, 62, 13, 35, 23, 44]],
[198, [10, 52, 3, 14, 16, 36, 18, 39, 40, 41, 27, 28, 29, 49, 13, 35, 45, 60]],
[198, [10, 52, 3, 14, 16, 36, 18, 39, 40, 41, 28, 29, 50, 62, 13, 35, 23, 44]],
[198, [10, 52, 3, 16, 37, 56, 4, 17, 19, 57, 9, 27, 49, 51, 34, 55, 23, 44]],
[198, [10, 52, 3, 16, 37, 56, 4, 17, 19, 57, 9, 50, 51, 62, 34, 55, 45, 60]],
[198, [10, 52, 3, 16, 37, 56, 4, 19, 39, 40, 27, 28, 29, 49, 34, 55, 23, 44]],
[198, [10, 52, 3, 16, 37, 56, 4, 19, 39, 40, 28, 29, 50, 62, 34, 55, 45, 60]],
[198, [10, 52, 3, 16, 37, 56, 17, 18, 41, 57, 9, 27, 49, 51, 13, 35, 23, 44]],
[198, [10, 52, 3, 16, 37, 56, 17, 18, 41, 57, 9, 50, 51, 62, 13, 35, 45, 60]],
[198, [10, 52, 3, 16, 37, 56, 18, 39, 40, 41, 27, 28, 29, 49, 13, 35, 23, 44]],
[198, [10, 52, 3, 16, 37, 56, 18, 39, 40, 41, 28, 29, 50, 62, 13, 35, 45, 60]],
[198, [10, 52, 14, 15, 36, 38, 4, 17, 19, 57, 9, 27, 49, 51, 13, 35, 45, 60]],
[198, [10, 52, 14, 15, 36, 38, 4, 17, 19, 57, 9, 50, 51, 62, 13, 35, 23, 44]],
[198, [10, 52, 14, 15, 36, 38, 4, 19, 39, 40, 27, 28, 29, 49, 13, 35, 45, 60]],
[198, [10, 52, 14, 15, 36, 38, 4, 19, 39, 40, 28, 29, 50, 62, 13, 35, 23, 44]],
[198, [10, 52, 14, 15, 36, 38, 17, 18, 41, 57, 9, 27, 49, 51, 34, 55, 45, 60]],
[198, [10, 52, 14, 15, 36, 38, 17, 18, 41, 57, 9, 50, 51, 62, 34, 55, 23, 44]],
[198, [10, 52, 14, 15, 36, 38, 18, 39, 40, 41, 27, 28, 29, 49, 34, 55, 45, 60]],
[198, [10, 52, 14, 15, 36, 38, 18, 39, 40, 41, 28, 29, 50, 62, 34, 55, 23, 44]],
[198, [10, 52, 15, 37, 38, 56, 4, 17, 19, 57, 9, 27, 49, 51, 13, 35, 23, 44]],
[198, [10, 52, 15, 37, 38, 56, 4, 17, 19, 57, 9, 50, 51, 62, 13, 35, 45, 60]],
[198, [10, 52, 15, 37, 38, 56, 4, 19, 39, 40, 27, 28, 29, 49, 13, 35, 23, 44]],
[198, [10, 52, 15, 37, 38, 56, 4, 19, 39, 40, 28, 29, 50, 62, 13, 35, 45, 60]],
[198, [10, 52, 15, 37, 38, 56, 17, 18, 41, 57, 9, 27, 49, 51, 34, 55, 23, 44]],
[198, [10, 52, 15, 37, 38, 56, 17, 18, 41, 57, 9, 50, 51, 62, 34, 55, 45, 60]],
[198, [10, 52, 15, 37, 38, 56, 18, 39, 40, 41, 27, 28, 29, 49, 34, 55, 23, 44]],
[198, [10, 52, 15, 37, 38, 56, 18, 39, 40, 41, 28, 29, 50, 62, 34, 55, 45, 60]],
[198, [11, 32, 3, 14, 36, 38, 4, 17, 19, 57, 9, 27, 29, 49, 53, 54, 45, 60]],
[198, [11, 32, 3, 14, 36, 38, 4, 17, 19, 57, 9, 29, 50, 62, 53, 54, 23, 44]],
[198, [11, 32, 3, 14, 36, 38, 4, 19, 39, 40, 9, 27, 29, 49, 33, 63, 45, 60]],
[198, [11, 32, 3, 14, 36, 38, 4, 19, 39, 40, 9, 29, 50, 62, 33, 63, 23, 44]],
[198, [11, 32, 3, 14, 36, 38, 17, 18, 41, 57, 27, 28, 49, 51, 53, 54, 45, 60]],
[198, [11, 32, 3, 14, 36, 38, 17, 18, 41, 57, 28, 50, 51, 62, 53, 54, 23, 44]],
[198, [11, 32, 3, 14, 36, 38, 18, 39, 40, 41, 27, 28, 49, 51, 33, 63, 45, 60]],
[198, [11, 32, 3, 14, 36, 38, 18, 39, 40, 41, 28, 50, 51, 62, 33, 63, 23, 44]],
[198, [11, 32, 3, 37, 38, 56, 4, 17, 19, 57, 9, 27, 29, 49, 53, 54, 23, 44]],
[198, [11, 32, 3, 37, 38, 56, 4, 17, 19, 57, 9, 29, 50, 62, 53, 54, 45, 60]],
[198, [11, 32, 3, 37, 38, 56, 4, 19, 39, 40, 9, 27, 29, 49, 33, 63, 23, 44]],
[198, [11, 32, 3, 37, 38, 56, 4, 19, 39, 40, 9, 29, 50, 62, 33, 63, 45, 60]],
[198, [11, 32, 3, 37, 38, 56, 17, 18, 41, 57, 27, 28, 49, 51, 53, 54, 23, 44]],
[198, [11, 32, 3, 37, 38, 56, 17, 18, 41, 57, 28, 50, 51, 62, 53, 54, 45, 60]],
[198, [11, 32, 3, 37, 38, 56, 18, 39, 40, 41, 27, 28, 49, 51, 33, 63, 23, 44]],
[198, [11, 32, 3, 37, 38, 56, 18, 39, 40, 41, 28, 50, 51, 62, 33, 63, 45, 60]],
[198, [11, 32, 14, 15, 16, 36, 4, 17, 19, 57, 9, 27, 29, 49, 33, 63, 45, 60]],
[198, [11, 32, 14, 15, 16, 36, 4, 17, 19, 57, 9, 29, 50, 62, 33, 63, 23, 44]],
[198, [11, 32, 14, 15, 16, 36, 4, 19, 39, 40, 9, 27, 29, 49, 53, 54, 45, 60]],
[198, [11, 32, 14, 15, 16, 36, 4, 19, 39, 40, 9, 29, 50, 62, 53, 54, 23, 44]],
[198, [11, 32, 14, 15, 16, 36, 17, 18, 41, 57, 27, 28, 49, 51, 33, 63, 45, 60]],
[198, [11, 32, 14, 15, 16, 36, 17, 18, 41, 57, 28, 50, 51, 62, 33, 63, 23, 44]],
[198, [11, 32, 14, 15, 16, 36, 18, 39, 40, 41, 27, 28, 49, 51, 53, 54, 45, 60]],
[198, [11, 32, 14, 15, 16, 36, 18, 39, 40, 41, 28, 50, 51, 62, 53, 54, 23, 44]],
[198, [11, 32, 15, 16, 37, 56, 4, 17, 19, 57, 9, 27, 29, 49, 33, 63, 23, 44]],
[198, [11, 32, 15, 16, 37, 56, 4, 17, 19, 57, 9, 29, 50, 62, 33, 63, 45, 60]],
[198, [11, 32, 15, 16, 37, 56, 4, 19, 39, 40, 9, 27, 29, 49, 53, 54, 23, 44]],
[198, [11, 32, 15, 16, 37, 56, 4, 19, 39, 40, 9, 29, 50, 62, 53, 54, 45, 60]],
[198, [11, 32, 15, 16, 37, 56, 17, 18, 41, 57, 27, 28, 49, 51, 33, 63, 23, 44]],
[198, [11, 32, 15, 16, 37, 56, 17, 18, 41, 57, 28, 50, 51, 62, 33, 63, 45, 60]],
[198, [11, 32, 15, 16, 37, 56, 18, 39, 40, 41, 27, 28, 49, 51, 53, 54, 23, 44]],
[198, [11, 32, 15, 16, 37, 56, 18, 39, 40, 41, 28, 50, 51, 62, 53, 54, 45, 60]],
[198, [30, 31, 3, 14, 16, 36, 4, 17, 19, 57, 27, 28, 29, 49, 34, 55, 45, 60]],
[198, [30, 31, 3, 14, 16, 36, 4, 17, 19, 57, 28, 29, 50, 62, 34, 55, 23, 44]],
[198, [30, 31, 3, 14, 16, 36, 4, 19, 39, 40, 9, 27, 49, 51, 34, 55, 45, 60]],
[198, [30, 31, 3, 14, 16, 36, 4, 19, 39, 40, 9, 50, 51, 62, 34, 55, 23, 44]],
[198, [30, 31, 3, 14, 16, 36, 17, 18, 41, 57, 27, 28, 29, 49, 13, 35, 45, 60]],
[198, [30, 31, 3, 14, 16, 36, 17, 18, 41, 57, 28, 29, 50, 62, 13, 35, 23, 44]],
[198, [30, 31, 3, 14, 16, 36, 18, 39, 40, 41, 9, 27, 49, 51, 13, 35, 45, 60]],
[198, [30, 31, 3, 14, 16, 36, 18, 39, 40, 41, 9, 50, 51, 62, 13, 35, 23, 44]],
[198, [30, 31, 3, 16, 37, 56, 4, 17, 19, 57, 27, 28, 29, 49, 34, 55, 23, 44]],
[198, [30, 31, 3, 16, 37, 56, 4, 17, 19, 57, 28, 29, 50, 62, 34, 55, 45, 60]],
[198, [30, 31, 3, 16, 37, 56, 4, 19, 39, 40, 9, 27, 49, 51, 34, 55, 23, 44]],
[198, [30, 31, 3, 16, 37, 56, 4, 19, 39, 40, 9, 50, 51, 62, 34, 55, 45, 60]],
[198, [30, 31, 3, 16, 37, 56, 17, 18, 41, 57, 27, 28, 29, 49, 13, 35, 23, 44]],
[198, [30, 31, 3, 16, 37, 56, 17, 18, 41, 57, 28, 29, 50, 62, 13, 35, 45, 60]],
[198, [30, 31, 3, 16, 37, 56, 18, 39, 40, 41, 9, 27, 49, 51, 13, 35, 23, 44]],
[198, [30, 31, 3, 16, 37, 56, 18, 39, 40, 41, 9, 50, 51, 62, 13, 35, 45, 60]],
[198, [30, 31, 14, 15, 36, 38, 4, 17, 19, 57, 27, 28, 29, 49, 13, 35, 45, 60]],
[198, [30, 31, 14, 15, 36, 38, 4, 17, 19, 57, 28, 29, 50, 62, 13, 35, 23, 44]],
[198, [30, 31, 14, 15, 36, 38, 4, 19, 39, 40, 9, 27, 49, 51, 13, 35, 45, 60]],
[198, [30, 31, 14, 15, 36, 38, 4, 19, 39, 40, 9, 50, 51, 62, 13, 35, 23, 44]],
[198, [30, 31, 14, 15, 36, 38, 17, 18, 41, 57, 27, 28, 29, 49, 34, 55, 45, 60]],
[198, [30, 31, 14, 15, 36, 38, 17, 18, 41, 57, 28, 29, 50, 62, 34, 55, 23, 44]],
[198, [30, 31, 14, 15, 36, 38, 18, 39, 40, 41, 9, 27, 49, 51, 34, 55, 45, 60]],
[198, [30, 31, 14, 15, 36, 38, 18, 39, 40, 41, 9, 50, 51, 62, 34, 55, 23, 44]],
[198, [30, 31, 15, 37, 38, 56, 4, 17, 19, 57, 27, 28, 29, 49, 13, 35, 23, 44]],
[198, [30, 31, 15, 37, 38, 56, 4, 17, 19, 57, 28, 29, 50, 62, 13, 35, 45, 60]],
[198, [30, 31, 15, 37, 38, 56, 4, 19, 39, 40, 9, 27, 49, 51, 13, 35, 23, 44]],
[198, [30, 31, 15, 37, 38, 56, 4, 19, 39, 40, 9, 50, 51, 62, 13, 35, 45, 60]],
[198, [30, 31, 15, 37, 38, 56, 17, 18, 41, 57, 27, 28, 29, 49, 34, 55, 23, 44]],
[198, [30, 31, 15, 37, 38, 56, 17, 18, 41, 57, 28, 29, 50, 62, 34, 55, 45, 60]],
[198, [30, 31, 15, 37, 38, 56, 18, 39, 40, 41, 9, 27, 49, 51, 34, 55, 23, 44]],
[198, [30, 31, 15, 37, 38, 56, 18, 39, 40, 41, 9, 50, 51, 62, 34, 55, 45, 60]],
[198, [5, 20, 3, 16, 4, 17, 19, 57, 8, 48, 9, 28, 50, 62, 34, 55, 58, 59]],
[198, [5, 20, 3, 16, 4, 17, 19, 57, 8, 48, 27, 29, 49, 51, 34, 55, 58, 59]],
[198, [5, 20, 3, 16, 4, 17, 19, 57, 25, 26, 9, 28, 50, 62, 34, 55, 43, 64]],
[198, [5, 20, 3, 16, 4, 17, 19, 57, 25, 26, 27, 29, 49, 51, 34, 55, 43, 64]],
[198, [5, 20, 3, 16, 4, 19, 39, 40, 8, 48, 9, 28, 50, 62, 34, 55, 43, 64]],
[198, [5, 20, 3, 16, 4, 19, 39, 40, 8, 48, 27, 29, 49, 51, 34, 55, 43, 64]],
[198, [5, 20, 3, 16, 4, 19, 39, 40, 25, 26, 9, 28, 50, 62, 34, 55, 58, 59]],
[198, [5, 20, 3, 16, 4, 19, 39, 40, 25, 26, 27, 29, 49, 51, 34, 55, 58, 59]],
[198, [5, 20, 3, 16, 17, 18, 41, 57, 8, 48, 9, 28, 50, 62, 13, 35, 58, 59]],
[198, [5, 20, 3, 16, 17, 18, 41, 57, 8, 48, 27, 29, 49, 51, 13, 35, 58, 59]],
[198, [5, 20, 3, 16, 17, 18, 41, 57, 25, 26, 9, 28, 50, 62, 13, 35, 43, 64]],
[198, [5, 20, 3, 16, 17, 18, 41, 57, 25, 26, 27, 29, 49, 51, 13, 35, 43, 64]],
[198, [5, 20, 3, 16, 18, 39, 40, 41, 8, 48, 9, 28, 50, 62, 13, 35, 43, 64]],
[198, [5, 20, 3, 16, 18, 39, 40, 41, 8, 48, 27, 29, 49, 51, 13, 35, 43, 64]],
[198, [5, 20, 3, 16, 18, 39, 40, 41, 25, 26, 9, 28, 50, 62, 13, 35, 58, 59]],
[198, [5, 20, 3, 16, 18, 39, 40, 41, 25, 26, 27, 29, 49, 51, 13, 35, 58, 59]],
[198, [5, 20, 3, 38, 4, 17, 19, 57, 24, 47, 9, 28, 50, 62, 53, 54, 58, 64]],
[198, [5, 20, 3, 38, 4, 17, 19, 57, 24, 47, 27, 29, 49, 51, 53, 54, 58, 64]],
[198, [5, 20, 3, 38, 4, 17, 19, 57, 46, 61, 9, 28, 50, 62, 53, 54, 43, 59]],
[198, [5, 20, 3, 38, 4, 17, 19, 57, 46, 61, 27, 29, 49, 51, 53, 54, 43, 59]],
[198, [5, 20, 3, 38, 4, 19, 39, 40, 24, 47, 9, 28, 50, 62, 33, 63, 58, 64]],
[198, [5, 20, 3, 38, 4, 19, 39, 40, 24, 47, 27, 29, 49, 51, 33, 63, 58, 64]],
[198, [5, 20, 3, 38, 4, 19, 39, 40, 46, 61, 9, 28, 50, 62, 33, 63, 43, 59]],
[198, [5, 20, 3, 38, 4, 19, 39, 40, 46, 61, 27, 29, 49, 51, 33, 63, 43, 59]],
[198, [5, 20, 3, 38, 17, 18, 41, 57, 24, 47, 9, 28, 50, 62, 53, 54, 43, 59]],
[198, [5, 20, 3, 38, 17, 18, 41, 57, 24, 47, 27, 29, 49, 51, 53, 54, 43, 59]],
[198, [5, 20, 3, 38, 17, 18, 41, 57, 46, 61, 9, 28, 50, 62, 53, 54, 58, 64]],
[198, [5, 20, 3, 38, 17, 18, 41, 57, 46, 61, 27, 29, 49, 51, 53, 54, 58, 64]],
[198, [5, 20, 3, 38, 18, 39, 40, 41, 24, 47, 9, 28, 50, 62, 33, 63, 43, 59]],
[198, [5, 20, 3, 38, 18, 39, 40, 41, 24, 47, 27, 29, 49, 51, 33, 63, 43, 59]],
[198, [5, 20, 3, 38, 18, 39, 40, 41, 46, 61, 9, 28, 50, 62, 33, 63, 58, 64]],
[198, [5, 20, 3, 38, 18, 39, 40, 41, 46, 61, 27, 29, 49, 51, 33, 63, 58, 64]],
[198, [5, 20, 15, 16, 4, 17, 19, 57, 24, 47, 9, 28, 50, 62, 33, 63, 58, 64]],
[198, [5, 20, 15, 16, 4, 17, 19, 57, 24, 47, 27, 29, 49, 51, 33, 63, 58, 64]],
[198, [5, 20, 15, 16, 4, 17, 19, 57, 46, 61, 9, 28, 50, 62, 33, 63, 43, 59]],
[198, [5, 20, 15, 16, 4, 17, 19, 57, 46, 61, 27, 29, 49, 51, 33, 63, 43, 59]],
[198, [5, 20, 15, 16, 4, 19, 39, 40, 24, 47, 9, 28, 50, 62, 53, 54, 58, 64]],
[198, [5, 20, 15, 16, 4, 19, 39, 40, 24, 47, 27, 29, 49, 51, 53, 54, 58, 64]],
[198, [5, 20, 15, 16, 4, 19, 39, 40, 46, 61, 9, 28, 50, 62, 53, 54, 43, 59]],
[198, [5, 20, 15, 16, 4, 19, 39, 40, 46, 61, 27, 29, 49, 51, 53, 54, 43, 59]],
[198, [5, 20, 15, 16, 17, 18, 41, 57, 24, 47, 9, 28, 50, 62, 33, 63, 43, 59]],
[198, [5, 20, 15, 16, 17, 18, 41, 57, 24, 47, 27, 29, 49, 51, 33, 63, 43, 59]],
[198, [5, 20, 15, 16, 17, 18, 41, 57, 46, 61, 9, 28, 50, 62, 33, 63, 58, 64]],
[198, [5, 20, 15, 16, 17, 18, 41, 57, 46, 61, 27, 29, 49, 51, 33, 63, 58, 64]],
[198, [5, 20, 15, 16, 18, 39, 40, 41, 24, 47, 9, 28, 50, 62, 53, 54, 43, 59]],
[198, [5, 20, 15, 16, 18, 39, 40, 41, 24, 47, 27, 29, 49, 51, 53, 54, 43, 59]],
[198, [5, 20, 15, 16, 18, 39, 40, 41, 46, 61, 9, 28, 50, 62, 53, 54, 58, 64]],
[198, [5, 20, 15, 16, 18, 39, 40, 41, 46, 61, 27, 29, 49, 51, 53, 54, 58, 64]],
[198, [5, 20, 15, 38, 4, 17, 19, 57, 8, 48, 9, 28, 50, 62, 13, 35, 58, 59]],
[198, [5, 20, 15, 38, 4, 17, 19, 57, 8, 48, 27, 29, 49, 51, 13, 35, 58, 59]],
[198, [5, 20, 15, 38, 4, 17, 19, 57, 25, 26, 9, 28, 50, 62, 13, 35, 43, 64]],
[198, [5, 20, 15, 38, 4, 17, 19, 57, 25, 26, 27, 29, 49, 51, 13, 35, 43, 64]],
[198, [5, 20, 15, 38, 4, 19, 39, 40, 8, 48, 9, 28, 50, 62, 13, 35, 43, 64]],
[198, [5, 20, 15, 38, 4, 19, 39, 40, 8, 48, 27, 29, 49, 51, 13, 35, 43, 64]],
[198, [5, 20, 15, 38, 4, 19, 39, 40, 25, 26, 9, 28, 50, 62, 13, 35, 58, 59]],
[198, [5, 20, 15, 38, 4, 19, 39, 40, 25, 26, 27, 29, 49, 51, 13, 35, 58, 59]],
[198, [5, 20, 15, 38, 17, 18, 41, 57, 8, 48, 9, 28, 50, 62, 34, 55, 58, 59]],
[198, [5, 20, 15, 38, 17, 18, 41, 57, 8, 48, 27, 29, 49, 51, 34, 55, 58, 59]],
[198, [5, 20, 15, 38, 17, 18, 41, 57, 25, 26, 9, 28, 50, 62, 34, 55, 43, 64]],
[198, [5, 20, 15, 38, 17, 18, 41, 57, 25, 26, 27, 29, 49, 51, 34, 55, 43, 64]],
[198, [5, 20, 15, 38, 18, 39, 40, 41, 8, 48, 9, 28, 50, 62, 34, 55, 43, 64]],
[198, [5, 20, 15, 38, 18, 39, 40, 41, 8, 48, 27, 29, 49, 51, 34, 55, 43, 64]],
[198, [5, 20, 15, 38, 18, 39, 40, 41, 25, 26, 9, 28, 50, 62, 34, 55, 58, 59]],
[198, [5, 20, 15, 38, 18, 39, 40, 41, 25, 26, 27, 29, 49, 51, 34, 55, 58, 59]],
[198, [21, 42, 3, 16, 4, 17, 19, 57, 8, 48, 9, 27, 28, 49, 34, 55, 58, 59]],
[198, [21, 42, 3, 16, 4, 17, 19, 57, 8, 48, 29, 50, 51, 62, 34, 55, 58, 59]],
[198, [21, 42, 3, 16, 4, 17, 19, 57, 25, 26, 9, 27, 28, 49, 34, 55, 43, 64]],
[198, [21, 42, 3, 16, 4, 17, 19, 57, 25, 26, 29, 50, 51, 62, 34, 55, 43, 64]],
[198, [21, 42, 3, 16, 4, 19, 39, 40, 8, 48, 9, 27, 28, 49, 34, 55, 43, 64]],
[198, [21, 42, 3, 16, 4, 19, 39, 40, 8, 48, 29, 50, 51, 62, 34, 55, 43, 64]],
[198, [21, 42, 3, 16, 4, 19, 39, 40, 25, 26, 9, 27, 28, 49, 34, 55, 58, 59]],
[198, [21, 42, 3, 16, 4, 19, 39, 40, 25, 26, 29, 50, 51, 62, 34, 55, 58, 59]],
[198, [21, 42, 3, 16, 17, 18, 41, 57, 8, 48, 9, 27, 28, 49, 13, 35, 58, 59]],
[198, [21, 42, 3, 16, 17, 18, 41, 57, 8, 48, 29, 50, 51, 62, 13, 35, 58, 59]],
[198, [21, 42, 3, 16, 17, 18, 41, 57, 25, 26, 9, 27, 28, 49, 13, 35, 43, 64]],
[198, [21, 42, 3, 16, 17, 18, 41, 57, 25, 26, 29, 50, 51, 62, 13, 35, 43, 64]],
[198, [21, 42, 3, 16, 18, 39, 40, 41, 8, 48, 9, 27, 28, 49, 13, 35, 43, 64]],
[198, [21, 42, 3, 16, 18, 39, 40, 41, 8, 48, 29, 50, 51, 62, 13, 35, 43, 64]],
[198, [21, 42, 3, 16, 18, 39, 40, 41, 25, 26, 9, 27, 28, 49, 13, 35, 58, 59]],
[198, [21, 42, 3, 16, 18, 39, 40, 41, 25, 26, 29, 50, 51, 62, 13, 35, 58, 59]],
[198, [21, 42, 3, 38, 4, 17, 19, 57, 24, 47, 9, 27, 28, 49, 53, 54, 58, 64]],
[198, [21, 42, 3, 38, 4, 17, 19, 57, 24, 47, 29, 50, 51, 62, 53, 54, 58, 64]],
[198, [21, 42, 3, 38, 4, 17, 19, 57, 46, 61, 9, 27, 28, 49, 53, 54, 43, 59]],
[198, [21, 42, 3, 38, 4, 17, 19, 57, 46, 61, 29, 50, 51, 62, 53, 54, 43, 59]],
[198, [21, 42, 3, 38, 4, 19, 39, 40, 24, 47, 9, 27, 28, 49, 33, 63, 58, 64]],
[198, [21, 42, 3, 38, 4, 19, 39, 40, 24, 47, 29, 50, 51, 62, 33, 63, 58, 64]],
[198, [21, 42, 3, 38, 4, 19, 39, 40, 46, 61, 9, 27, 28, 49, 33, 63, 43, 59]],
[198, [21, 42, 3, 38, 4, 19, 39, 40, 46, 61, 29, 50, 51, 62, 33, 63, 43, 59]],
[198, [21, 42, 3, 38, 17, 18, 41, 57, 24, 47, 9, 27, 28, 49, 53, 54, 43, 59]],
[198, [21, 42, 3, 38, 17, 18, 41, 57, 24, 47, 29, 50, 51, 62, 53, 54, 43, 59]],
[198, [21, 42, 3, 38, 17, 18, 41, 57, 46, 61, 9, 27, 28, 49, 53, 54, 58, 64]],
[198, [21, 42, 3, 38, 17, 18, 41, 57, 46, 61, 29, 50, 51, 62, 53, 54, 58, 64]],
[198, [21, 42, 3, 38, 18, 39, 40, 41, 24, 47, 9, 27, 28, 49, 33, 63, 43, 59]],
[198, [21, 42, 3, 38, 18, 39, 40, 41, 24, 47, 29, 50, 51, 62, 33, 63, 43, 59]],
[198, [21, 42, 3, 38, 18, 39, 40, 41, 46, 61, 9, 27, 28, 49, 33, 63, 58, 64]],
[198, [21, 42, 3, 38, 18, 39, 40, 41, 46, 61, 29, 50, 51, 62, 33, 63, 58, 64]],
[198, [21, 42, 15, 16, 4, 17, 19, 57, 24, 47, 9, 27, 28, 49, 33, 63, 58, 64]],
[198, [21, 42, 15, 16, 4, 17, 19, 57, 24, 47, 29, 50, 51, 62, 33, 63, 58, 64]],
[198, [21, 42, 15, 16, 4, 17, 19, 57, 46, 61, 9, 27, 28, 49, 33, 63, 43, 59]],
[198, [21, 42, 15, 16, 4, 17, 19, 57, 46, 61, 29, 50, 51, 62, 33, 63, 43, 59]],
[198, [21, 42, 15, 16, 4, 19, 39, 40, 24, 47, 9, 27, 28, 49, 53, 54, 58, 64]],
[198, [21, 42, 15, 16, 4, 19, 39, 40, 24, 47, 29, 50, 51, 62, 53, 54, 58, 64]],
[198, [21, 42, 15, 16, 4, 19, 39, 40, 46, 61, 9, 27, 28, 49, 53, 54, 43, 59]],
[198, [21, 42, 15, 16, 4, 19, 39, 40, 46, 61, 29, 50, 51, 62, 53, 54, 43, 59]],
[198, [21, 42, 15, 16, 17, 18, 41, 57, 24, 47, 9, 27, 28, 49, 33, 63, 43, 59]],
[198, [21, 42, 15, 16, 17, 18, 41, 57, 24, 47, 29, 50, 51, 62, 33, 63, 43, 59]],
[198, [21, 42, 15, 16, 17, 18, 41, 57, 46, 61, 9, 27, 28, 49, 33, 63, 58, 64]],
[198, [21, 42, 15, 16, 17, 18, 41, 57, 46, 61, 29, 50, 51, 62, 33, 63, 58, 64]],
[198, [21, 42, 15, 16, 18, 39, 40, 41, 24, 47, 9, 27, 28, 49, 53, 54, 43, 59]],
[198, [21, 42, 15, 16, 18, 39, 40, 41, 24, 47, 29, 50, 51, 62, 53, 54, 43, 59]],
[198, [21, 42, 15, 16, 18, 39, 40, 41, 46, 61, 9, 27, 28, 49, 53, 54, 58, 64]],
[198, [21, 42, 15, 16, 18, 39, 40, 41, 46, 61, 29, 50, 51, 62, 53, 54, 58, 64]],
[198, [21, 42, 15, 38, 4, 17, 19, 57, 8, 48, 9, 27, 28, 49, 13, 35, 58, 59]],
[198, [21, 42, 15, 38, 4, 17, 19, 57, 8, 48, 29, 50, 51, 62, 13, 35, 58, 59]],
[198, [21, 42, 15, 38, 4, 17, 19, 57, 25, 26, 9, 27, 28, 49, 13, 35, 43, 64]],
[198, [21, 42, 15, 38, 4, 17, 19, 57, 25, 26, 29, 50, 51, 62, 13, 35, 43, 64]],
[198, [21, 42, 15, 38, 4, 19, 39, 40, 8, 48, 9, 27, 28, 49, 13, 35, 43, 64]],
[198, [21, 42, 15, 38, 4, 19, 39, 40, 8, 48, 29, 50, 51, 62, 13, 35, 43, 64]],
[198, [21, 42, 15, 38, 4, 19, 39, 40, 25, 26, 9, 27, 28, 49, 13, 35, 58, 59]],
[198, [21, 42, 15, 38, 4, 19, 39, 40, 25, 26, 29, 50, 51, 62, 13, 35, 58, 59]],
[198, [21, 42, 15, 38, 17, 18, 41, 57, 8, 48, 9, 27, 28, 49, 34, 55, 58, 59]],
[198, [21, 42, 15, 38, 17, 18, 41, 57, 8, 48, 29, 50, 51, 62, 34, 55, 58, 59]],
[198, [21, 42, 15, 38, 17, 18, 41, 57, 25, 26, 9, 27, 28, 49, 34, 55, 43, 64]],
[198, [21, 42, 15, 38, 17, 18, 41, 57, 25, 26, 29, 50, 51, 62, 34, 55, 43, 64]],
[198, [21, 42, 15, 38, 18, 39, 40, 41, 8, 48, 9, 27, 28, 49, 34, 55, 43, 64]],
[198, [21, 42, 15, 38, 18, 39, 40, 41, 8, 48, 29, 50, 51, 62, 34, 55, 43, 64]],
[198, [21, 42, 15, 38, 18, 39, 40, 41, 25, 26, 9, 27, 28, 49, 34, 55, 58, 59]],
[198, [21, 42, 15, 38, 18, 39, 40, 41, 25, 26, 29, 50, 51, 62, 34, 55, 58, 59]],
[198, [5, 20, 2, 12, 3, 38, 4, 17, 19, 57, 28, 51, 53, 54, 23, 44, 59, 64]],
[198, [5, 20, 2, 12, 3, 38, 4, 17, 19, 57, 28, 51, 53, 54, 43, 45, 58, 60]],
[198, [5, 20, 2, 12, 3, 38, 4, 19, 39, 40, 28, 51, 33, 63, 23, 44, 59, 64]],
[198, [5, 20, 2, 12, 3, 38, 4, 19, 39, 40, 28, 51, 33, 63, 43, 45, 58, 60]],
[198, [5, 20, 2, 12, 3, 38, 17, 18, 41, 57, 9, 29, 53, 54, 23, 44, 59, 64]],
[198, [5, 20, 2, 12, 3, 38, 17, 18, 41, 57, 9, 29, 53, 54, 43, 45, 58, 60]],
[198, [5, 20, 2, 12, 3, 38, 18, 39, 40, 41, 9, 29, 33, 63, 23, 44, 59, 64]],
[198, [5, 20, 2, 12, 3, 38, 18, 39, 40, 41, 9, 29, 33, 63, 43, 45, 58, 60]],
[198, [5, 20, 2, 12, 15, 16, 4, 17, 19, 57, 28, 51, 33, 63, 23, 44, 59, 64]],
[198, [5, 20, 2, 12, 15, 16, 4, 17, 19, 57, 28, 51, 33, 63, 43, 45, 58, 60]],
[198, [5, 20, 2, 12, 15, 16, 4, 19, 39, 40, 28, 51, 53, 54, 23, 44, 59, 64]],
[198, [5, 20, 2, 12, 15, 16, 4, 19, 39, 40, 28, 51, 53, 54, 43, 45, 58, 60]],
[198, [5, 20, 2, 12, 15, 16, 17, 18, 41, 57, 9, 29, 33, 63, 23, 44, 59, 64]],
[198, [5, 20, 2, 12, 15, 16, 17, 18, 41, 57, 9, 29, 33, 63, 43, 45, 58, 60]],
[198, [5, 20, 2, 12, 15, 16, 18, 39, 40, 41, 9, 29, 53, 54, 23, 44, 59, 64]],
[198, [5, 20, 2, 12, 15, 16, 18, 39, 40, 41, 9, 29, 53, 54, 43, 45, 58, 60]],
[198, [5, 20, 10, 52, 3, 16, 4, 17, 19, 57, 9, 51, 34, 55, 23, 44, 59, 64]],
[198, [5, 20, 10, 52, 3, 16, 4, 17, 19, 57, 9, 51, 34, 55, 43, 45, 58, 60]],
[198, [5, 20, 10, 52, 3, 16, 4, 19, 39, 40, 28, 29, 34, 55, 23, 44, 59, 64]],
[198, [5, 20, 10, 52, 3, 16, 4, 19, 39, 40, 28, 29, 34, 55, 43, 45, 58, 60]],
[198, [5, 20, 10, 52, 3, 16, 17, 18, 41, 57, 9, 51, 13, 35, 23, 44, 59, 64]],
[198, [5, 20, 10, 52, 3, 16, 17, 18, 41, 57, 9, 51, 13, 35, 43, 45, 58, 60]],
[198, [5, 20, 10, 52, 3, 16, 18, 39, 40, 41, 28, 29, 13, 35, 23, 44, 59, 64]],
[198, [5, 20, 10, 52, 3, 16, 18, 39, 40, 41, 28, 29, 13, 35, 43, 45, 58, 60]],
[198, [5, 20, 10, 52, 15, 38, 4, 17, 19, 57, 9, 51, 13, 35, 23, 44, 59, 64]],
[198, [5, 20, 10, 52, 15, 38, 4, 17, 19, 57, 9, 51, 13, 35, 43, 45, 58, 60]],
[198, [5, 20, 10, 52, 15, 38, 4, 19, 39, 40, 28, 29, 13, 35, 23, 44, 59, 64]],
[198, [5, 20, 10, 52, 15, 38, 4, 19, 39, 40, 28, 29, 13, 35, 43, 45, 58, 60]],
[198, [5, 20, 10, 52, 15, 38, 17, 18, 41, 57, 9, 51, 34, 55, 23, 44, 59, 64]],
[198, [5, 20, 10, 52, 15, 38, 17, 18, 41, 57, 9, 51, 34, 55, 43, 45, 58, 60]],
[198, [5, 20, 10, 52, 15, 38, 18, 39, 40, 41, 28, 29, 34, 55, 23, 44, 59, 64]],
[198, [5, 20, 10, 52, 15, 38, 18, 39, 40, 41, 28, 29, 34, 55, 43, 45, 58, 60]],
[198, [5, 20, 11, 32, 3, 38, 4, 17, 19, 57, 9, 29, 53, 54, 23, 44, 59, 64]],
[198, [5, 20, 11, 32, 3, 38, 4, 17, 19, 57, 9, 29, 53, 54, 43, 45, 58, 60]],
[198, [5, 20, 11, 32, 3, 38, 4, 19, 39, 40, 9, 29, 33, 63, 23, 44, 59, 64]],
[198, [5, 20, 11, 32, 3, 38, 4, 19, 39, 40, 9, 29, 33, 63, 43, 45, 58, 60]],
[198, [5, 20, 11, 32, 3, 38, 17, 18, 41, 57, 28, 51, 53, 54, 23, 44, 59, 64]],
[198, [5, 20, 11, 32, 3, 38, 17, 18, 41, 57, 28, 51, 53, 54, 43, 45, 58, 60]],
[198, [5, 20, 11, 32, 3, 38, 18, 39, 40, 41, 28, 51, 33, 63, 23, 44, 59, 64]],
[198, [5, 20, 11, 32, 3, 38, 18, 39, 40, 41, 28, 51, 33, 63, 43, 45, 58, 60]],
[198, [5, 20, 11, 32, 15, 16, 4, 17, 19, 57, 9, 29, 33, 63, 23, 44, 59, 64]],
[198, [5, 20, 11, 32, 15, 16, 4, 17, 19, 57, 9, 29, 33, 63, 43, 45, 58, 60]],
[198, [5, 20, 11, 32, 15, 16, 4, 19, 39, 40, 9, 29, 53, 54, 23, 44, 59, 64]],
[198, [5, 20, 11, 32, 15, 16, 4, 19, 39, 40, 9, 29, 53, 54, 43, 45, 58, 60]],
[198, [5, 20, 11, 32, 15, 16, 17, 18, 41, 57, 28, 51, 33, 63, 23, 44, 59, 64]],
[198, [5, 20, 11, 32, 15, 16, 17, 18, 41, 57, 28, 51, 33, 63, 43, 45, 58, 60]],
[198, [5, 20, 11, 32, 15, 16, 18, 39, 40, 41, 28, 51, 53, 54, 23, 44, 59, 64]],
[198, [5, 20, 11, 32, 15, 16, 18, 39, 40, 41, 28, 51, 53, 54, 43, 45, 58, 60]],
[198, [5, 20, 30, 31, 3, 16, 4, 17, 19, 57, 28, 29, 34, 55, 23, 44, 59, 64]],
[198, [5, 20, 30, 31, 3, 16, 4, 17, 19, 57, 28, 29, 34, 55, 43, 45, 58, 60]],
[198, [5, 20, 30, 31, 3, 16, 4, 19, 39, 40, 9, 51, 34, 55, 23, 44, 59, 64]],
[198, [5, 20, 30, 31, 3, 16, 4, 19, 39, 40, 9, 51, 34, 55, 43, 45, 58, 60]],
[198, [5, 20, 30, 31, 3, 16, 17, 18, 41, 57, 28, 29, 13, 35, 23, 44, 59, 64]],
[198, [5, 20, 30, 31, 3, 16, 17, 18, 41, 57, 28, 29, 13, 35, 43, 45, 58, 60]],
[198, [5, 20, 30, 31, 3, 16, 18, 39, 40, 41, 9, 51, 13, 35, 23, 44, 59, 64]],
[198, [5, 20, 30, 31, 3, 16, 18, 39, 40, 41, 9, 51, 13, 35, 43, 45, 58, 60]],
[198, [5, 20, 30, 31, 15, 38, 4, 17, 19, 57, 28, 29, 13, 35, 23, 44, 59, 64]],
[198, [5, 20, 30, 31, 15, 38, 4, 17, 19, 57, 28, 29, 13, 35, 43, 45, 58, 60]],
[198, [5, 20, 30, 31, 15, 38, 4, 19, 39, 40, 9, 51, 13, 35, 23, 44, 59, 64]],
[198, [5, 20, 30, 31, 15, 38, 4, 19, 39, 40, 9, 51, 13, 35, 43, 45, 58, 60]],
[198, [5, 20, 30, 31, 15, 38, 17, 18, 41, 57, 28, 29, 34, 55, 23, 44, 59, 64]],
[198, [5, 20, 30, 31, 15, 38, 17, 18, 41, 57, 28, 29, 34, 55, 43, 45, 58, 60]],
[198, [5, 20, 30, 31, 15, 38, 18, 39, 40, 41, 9, 51, 34, 55, 23, 44, 59, 64]],
[198, [5, 20, 30, 31, 15, 38, 18, 39, 40, 41, 9, 51, 34, 55, 43, 45, 58, 60]],
[198, [21, 42, 2, 12, 3, 38, 4, 17, 19, 57, 28, 51, 53, 54, 23, 43, 44, 58]],
[198, [21, 42, 2, 12, 3, 38, 4, 17, 19, 57, 28, 51, 53, 54, 45, 59, 60, 64]],
[198, [21, 42, 2, 12, 3, 38, 4, 19, 39, 40, 28, 51, 33, 63, 23, 43, 44, 58]],
[198, [21, 42, 2, 12, 3, 38, 4, 19, 39, 40, 28, 51, 33, 63, 45, 59, 60, 64]],
[198, [21, 42, 2, 12, 3, 38, 17, 18, 41, 57, 9, 29, 53, 54, 23, 43, 44, 58]],
[198, [21, 42, 2, 12, 3, 38, 17, 18, 41, 57, 9, 29, 53, 54, 45, 59, 60, 64]],
[198, [21, 42, 2, 12, 3, 38, 18, 39, 40, 41, 9, 29, 33, 63, 23, 43, 44, 58]],
[198, [21, 42, 2, 12, 3, 38, 18, 39, 40, 41, 9, 29, 33, 63, 45, 59, 60, 64]],
[198, [21, 42, 2, 12, 15, 16, 4, 17, 19, 57, 28, 51, 33, 63, 23, 43, 44, 58]],
[198, [21, 42, 2, 12, 15, 16, 4, 17, 19, 57, 28, 51, 33, 63, 45, 59, 60, 64]],
[198, [21, 42, 2, 12, 15, 16, 4, 19, 39, 40, 28, 51, 53, 54, 23, 43, 44, 58]],
[198, [21, 42, 2, 12, 15, 16, 4, 19, 39, 40, 28, 51, 53, 54, 45, 59, 60, 64]],
[198, [21, 42, 2, 12, 15, 16, 17, 18, 41, 57, 9, 29, 33, 63, 23, 43, 44, 58]],
[198, [21, 42, 2, 12, 15, 16, 17, 18, 41, 57, 9, 29, 33, 63, 45, 59, 60, 64]],
[198, [21, 42, 2, 12, 15, 16, 18, 39, 40, 41, 9, 29, 53, 54, 23, 43, 44, 58]],
[198, [21, 42, 2, 12, 15, 16, 18, 39, 40, 41, 9, 29, 53, 54, 45, 59, 60, 64]],
[198, [21, 42, 10, 52, 3, 16, 4, 17, 19, 57, 9, 51, 34, 55, 23, 43, 44, 58]],
[198, [21, 42, 10, 52, 3, 16, 4, 17, 19, 57, 9, 51, 34, 55, 45, 59, 60, 64]],
[198, [21, 42, 10, 52, 3, 16, 4, 19, 39, 40, 28, 29, 34, 55, 23, 43, 44, 58]],
[198, [21, 42, 10, 52, 3, 16, 4, 19, 39, 40, 28, 29, 34, 55, 45, 59, 60, 64]],
[198, [21, 42, 10, 52, 3, 16, 17, 18, 41, 57, 9, 51, 13, 35, 23, 43, 44, 58]],
[198, [21, 42, 10, 52, 3, 16, 17, 18, 41, 57, 9, 51, 13, 35, 45, 59, 60, 64]],
[198, [21, 42, 10, 52, 3, 16, 18, 39, 40, 41, 28, 29, 13, 35, 23, 43, 44, 58]],
[198, [21, 42, 10, 52, 3, 16, 18, 39, 40, 41, 28, 29, 13, 35, 45, 59, 60, 64]],
[198, [21, 42, 10, 52, 15, 38, 4, 17, 19, 57, 9, 51, 13, 35, 23, 43, 44, 58]],
[198, [21, 42, 10, 52, 15, 38, 4, 17, 19, 57, 9, 51, 13, 35, 45, 59, 60, 64]],
[198, [21, 42, 10, 52, 15, 38, 4, 19, 39, 40, 28, 29, 13, 35, 23, 43, 44, 58]],
[198, [21, 42, 10, 52, 15, 38, 4, 19, 39, 40, 28, 29, 13, 35, 45, 59, 60, 64]],
[198, [21, 42, 10, 52, 15, 38, 17, 18, 41, 57, 9, 51, 34, 55, 23, 43, 44, 58]],
[198, [21, 42, 10, 52, 15, 38, 17, 18, 41, 57, 9, 51, 34, 55, 45, 59, 60, 64]],
[198, [21, 42, 10, 52, 15, 38, 18, 39, 40, 41, 28, 29, 34, 55, 23, 43, 44, 58]],
[198, [21, 42, 10, 52, 15, 38, 18, 39, 40, 41, 28, 29, 34, 55, 45, 59, 60, 64]],
[198, [21, 42, 11, 32, 3, 38, 4, 17, 19, 57, 9, 29, 53, 54, 23, 43, 44, 58]],
[198, [21, 42, 11, 32, 3, 38, 4, 17, 19, 57, 9, 29, 53, 54, 45, 59, 60, 64]],
[198, [21, 42, 11, 32, 3, 38, 4, 19, 39, 40, 9, 29, 33, 63, 23, 43, 44, 58]],
[198, [21, 42, 11, 32, 3, 38, 4, 19, 39, 40, 9, 29, 33, 63, 45, 59, 60, 64]],
[198, [21, 42, 11, 32, 3, 38, 17, 18, 41, 57, 28, 51, 53, 54, 23, 43, 44, 58]],
[198, [21, 42, 11, 32, 3, 38, 17, 18, 41, 57, 28, 51, 53, 54, 45, 59, 60, 64]],
[198, [21, 42, 11, 32, 3, 38, 18, 39, 40, 41, 28, 51, 33, 63, 23, 43, 44, 58]],
[198, [21, 42, 11, 32, 3, 38, 18, 39, 40, 41, 28, 51, 33, 63, 45, 59, 60, 64]],
[198, [21, 42, 11, 32, 15, 16, 4, 17, 19, 57, 9, 29, 33, 63, 23, 43, 44, 58]],
[198, [21, 42, 11, 32, 15, 16, 4, 17, 19, 57, 9, 29, 33, 63, 45, 59, 60, 64]],
[198, [21, 42, 11, 32, 15, 16, 4, 19, 39, 40, 9, 29, 53, 54, 23, 43, 44, 58]],
[198, [21, 42, 11, 32, 15, 16, 4, 19, 39, 40, 9, 29, 53, 54, 45, 59, 60, 64]],
[198, [21, 42, 11, 32, 15, 16, 17, 18, 41, 57, 28, 51, 33, 63, 23, 43, 44, 58]],
[198, [21, 42, 11, 32, 15, 16, 17, 18, 41, 57, 28, 51, 33, 63, 45, 59, 60, 64]],
[198, [21, 42, 11, 32, 15, 16, 18, 39, 40, 41, 28, 51, 53, 54, 23, 43, 44, 58]],
[198, [21, 42, 11, 32, 15, 16, 18, 39, 40, 41, 28, 51, 53, 54, 45, 59, 60, 64]],
[198, [21, 42, 30, 31, 3, 16, 4, 17, 19, 57, 28, 29, 34, 55, 23, 43, 44, 58]],
[198, [21, 42, 30, 31, 3, 16, 4, 17, 19, 57, 28, 29, 34, 55, 45, 59, 60, 64]],
[198, [21, 42, 30, 31, 3, 16, 4, 19, 39, 40, 9, 51, 34, 55, 23, 43, 44, 58]],
[198, [21, 42, 30, 31, 3, 16, 4, 19, 39, 40, 9, 51, 34, 55, 45, 59, 60, 64]],
[198, [21, 42, 30, 31, 3, 16, 17, 18, 41, 57, 28, 29, 13, 35, 23, 43, 44, 58]],
[198, [21, 42, 30, 31, 3, 16, 17, 18, 41, 57, 28, 29, 13, 35, 45, 59, 60, 64]],
[198, [21, 42, 30, 31, 3, 16, 18, 39, 40, 41, 9, 51, 13, 35, 23, 43, 44, 58]],
[198, [21, 42, 30, 31, 3, 16, 18, 39, 40, 41, 9, 51, 13, 35, 45, 59, 60, 64]],
[198, [21, 42, 30, 31, 15, 38, 4, 17, 19, 57, 28, 29, 13, 35, 23, 43, 44, 58]],
[198, [21, 42, 30, 31, 15, 38, 4, 17, 19, 57, 28, 29, 13, 35, 45, 59, 60, 64]],
[198, [21, 42, 30, 31, 15, 38, 4, 19, 39, 40, 9, 51, 13, 35, 23, 43, 44, 58]],
[198, [21, 42, 30, 31, 15, 38, 4, 19, 39, 40, 9, 51, 13, 35, 45, 59, 60, 64]],
[198, [21, 42, 30, 31, 15, 38, 17, 18, 41, 57, 28, 29, 34, 55, 23, 43, 44, 58]],
[198, [21, 42, 30, 31, 15, 38, 17, 18, 41, 57, 28, 29, 34, 55, 45, 59, 60, 64]],
[198, [21, 42, 30, 31, 15, 38, 18, 39, 40, 41, 9, 51, 34, 55, 23, 43, 44, 58]],
[198, [21, 42, 30, 31, 15, 38, 18, 39, 40, 41, 9, 51, 34, 55, 45, 59, 60, 64]],
[198, [5, 20, 2, 12, 3, 15, 37, 56, 4, 17, 19, 57, 8, 48, 28, 51, 58, 59]],
[198, [5, 20, 2, 12, 3, 15, 37, 56, 4, 17, 19, 57, 25, 26, 28, 51, 43, 64]],
[198, [5, 20, 2, 12, 3, 15, 37, 56, 4, 19, 39, 40, 8, 48, 28, 51, 43, 64]],
[198, [5, 20, 2, 12, 3, 15, 37, 56, 4, 19, 39, 40, 25, 26, 28, 51, 58, 59]],
[198, [5, 20, 2, 12, 3, 15, 37, 56, 17, 18, 41, 57, 8, 48, 9, 29, 58, 59]],
[198, [5, 20, 2, 12, 3, 15, 37, 56, 17, 18, 41, 57, 25, 26, 9, 29, 43, 64]],
[198, [5, 20, 2, 12, 3, 15, 37, 56, 18, 39, 40, 41, 8, 48, 9, 29, 43, 64]],
[198, [5, 20, 2, 12, 3, 15, 37, 56, 18, 39, 40, 41, 25, 26, 9, 29, 58, 59]],
[198, [5, 20, 2, 12, 14, 16, 36, 38, 4, 17, 19, 57, 8, 48, 28, 51, 58, 59]],
[198, [5, 20, 2, 12, 14, 16, 36, 38, 4, 17, 19, 57, 25, 26, 28, 51, 43, 64]],
[198, [5, 20, 2, 12, 14, 16, 36, 38, 4, 19, 39, 40, 8, 48, 28, 51, 43, 64]],
[198, [5, 20, 2, 12, 14, 16, 36, 38, 4, 19, 39, 40, 25, 26, 28, 51, 58, 59]],
[198, [5, 20, 2, 12, 14, 16, 36, 38, 17, 18, 41, 57, 8, 48, 9, 29, 58, 59]],
[198, [5, 20, 2, 12, 14, 16, 36, 38, 17, 18, 41, 57, 25, 26, 9, 29, 43, 64]],
[198, [5, 20, 2, 12, 14, 16, 36, 38, 18, 39, 40, 41, 8, 48, 9, 29, 43, 64]],
[198, [5, 20, 2, 12, 14, 16, 36, 38, 18, 39, 40, 41, 25, 26, 9, 29, 58, 59]],
[198, [5, 20, 10, 52, 3, 15, 37, 56, 4, 17, 19, 57, 24, 47, 9, 51, 58, 64]],
[198, [5, 20, 10, 52, 3, 15, 37, 56, 4, 17, 19, 57, 46, 61, 9, 51, 43, 59]],
[198, [5, 20, 10, 52, 3, 15, 37, 56, 4, 19, 39, 40, 24, 47, 28, 29, 58, 64]],
[198, [5, 20, 10, 52, 3, 15, 37, 56, 4, 19, 39, 40, 46, 61, 28, 29, 43, 59]],
[198, [5, 20, 10, 52, 3, 15, 37, 56, 17, 18, 41, 57, 24, 47, 9, 51, 43, 59]],
[198, [5, 20, 10, 52, 3, 15, 37, 56, 17, 18, 41, 57, 46, 61, 9, 51, 58, 64]],
[198, [5, 20, 10, 52, 3, 15, 37, 56, 18, 39, 40, 41, 24, 47, 28, 29, 43, 59]],
[198, [5, 20, 10, 52, 3, 15, 37, 56, 18, 39, 40, 41, 46, 61, 28, 29, 58, 64]],
[198, [5, 20, 10, 52, 14, 16, 36, 38, 4, 17, 19, 57, 24, 47, 9, 51, 58, 64]],
[198, [5, 20, 10, 52, 14, 16, 36, 38, 4, 17, 19, 57, 46, 61, 9, 51, 43, 59]],
[198, [5, 20, 10, 52, 14, 16, 36, 38, 4, 19, 39, 40, 24, 47, 28, 29, 58, 64]],
[198, [5, 20, 10, 52, 14, 16, 36, 38, 4, 19, 39, 40, 46, 61, 28, 29, 43, 59]],
[198, [5, 20, 10, 52, 14, 16, 36, 38, 17, 18, 41, 57, 24, 47, 9, 51, 43, 59]],
[198, [5, 20, 10, 52, 14, 16, 36, 38, 17, 18, 41, 57, 46, 61, 9, 51, 58, 64]],
[198, [5, 20, 10, 52, 14, 16, 36, 38, 18, 39, 40, 41, 24, 47, 28, 29, 43, 59]],
[198, [5, 20, 10, 52, 14, 16, 36, 38, 18, 39, 40, 41, 46, 61, 28, 29, 58, 64]],
[198, [5, 20, 11, 32, 3, 15, 37, 56, 4, 17, 19, 57, 8, 48, 9, 29, 58, 59]],
[198, [5, 20, 11, 32, 3, 15, 37, 56, 4, 17, 19, 57, 25, 26, 9, 29, 43, 64]],
[198, [5, 20, 11, 32, 3, 15, 37, 56, 4, 19, 39, 40, 8, 48, 9, 29, 43, 64]],
[198, [5, 20, 11, 32, 3, 15, 37, 56, 4, 19, 39, 40, 25, 26, 9, 29, 58, 59]],
[198, [5, 20, 11, 32, 3, 15, 37, 56, 17, 18, 41, 57, 8, 48, 28, 51, 58, 59]],
[198, [5, 20, 11, 32, 3, 15, 37, 56, 17, 18, 41, 57, 25, 26, 28, 51, 43, 64]],
[198, [5, 20, 11, 32, 3, 15, 37, 56, 18, 39, 40, 41, 8, 48, 28, 51, 43, 64]],
[198, [5, 20, 11, 32, 3, 15, 37, 56, 18, 39, 40, 41, 25, 26, 28, 51, 58, 59]],
[198, [5, 20, 11, 32, 14, 16, 36, 38, 4, 17, 19, 57, 8, 48, 9, 29, 58, 59]],
[198, [5, 20, 11, 32, 14, 16, 36, 38, 4, 17, 19, 57, 25, 26, 9, 29, 43, 64]],
[198, [5, 20, 11, 32, 14, 16, 36, 38, 4, 19, 39, 40, 8, 48, 9, 29, 43, 64]],
[198, [5, 20, 11, 32, 14, 16, 36, 38, 4, 19, 39, 40, 25, 26, 9, 29, 58, 59]],
[198, [5, 20, 11, 32, 14, 16, 36, 38, 17, 18, 41, 57, 8, 48, 28, 51, 58, 59]],
[198, [5, 20, 11, 32, 14, 16, 36, 38, 17, 18, 41, 57, 25, 26, 28, 51, 43, 64]],
[198, [5, 20, 11, 32, 14, 16, 36, 38, 18, 39, 40, 41, 8, 48, 28, 51, 43, 64]],
[198, [5, 20, 11, 32, 14, 16, 36, 38, 18, 39, 40, 41, 25, 26, 28, 51, 58, 59]],
[198, [5, 20, 30, 31, 3, 15, 37, 56, 4, 17, 19, 57, 24, 47, 28, 29, 58, 64]],
[198, [5, 20, 30, 31, 3, 15, 37, 56, 4, 17, 19, 57, 46, 61, 28, 29, 43, 59]],
[198, [5, 20, 30, 31, 3, 15, 37, 56, 4, 19, 39, 40, 24, 47, 9, 51, 58, 64]],
[198, [5, 20, 30, 31, 3, 15, 37, 56, 4, 19, 39, 40, 46, 61, 9, 51, 43, 59]],
[198, [5, 20, 30, 31, 3, 15, 37, 56, 17, 18, 41, 57, 24, 47, 28, 29, 43, 59]],
[198, [5, 20, 30, 31, 3, 15, 37, 56, 17, 18, 41, 57, 46, 61, 28, 29, 58, 64]],
[198, [5, 20, 30, 31, 3, 15, 37, 56, 18, 39, 40, 41, 24, 47, 9, 51, 43, 59]],
[198, [5, 20, 30, 31, 3, 15, 37, 56, 18, 39, 40, 41, 46, 61, 9, 51, 58, 64]],
[198, [5, 20, 30, 31, 14, 16, 36, 38, 4, 17, 19, 57, 24, 47, 28, 29, 58, 64]],
[198, [5, 20, 30, 31, 14, 16, 36, 38, 4, 17, 19, 57, 46, 61, 28, 29, 43, 59]],
[198, [5, 20, 30, 31, 14, 16, 36, 38, 4, 19, 39, 40, 24, 47, 9, 51, 58, 64]],
[198, [5, 20, 30, 31, 14, 16, 36, 38, 4, 19, 39, 40, 46, 61, 9, 51, 43, 59]],
[198, [5, 20, 30, 31, 14, 16, 36, 38, 17, 18, 41, 57, 24, 47, 28, 29, 43, 59]],
[198, [5, 20, 30, 31, 14, 16, 36, 38, 17, 18, 41, 57, 46, 61, 28, 29, 58, 64]],
[198, [5, 20, 30, 31, 14, 16, 36, 38, 18, 39, 40, 41, 24, 47, 9, 51, 43, 59]],
[198, [5, 20, 30, 31, 14, 16, 36, 38, 18, 39, 40, 41, 46, 61, 9, 51, 58, 64]],
[198, [21, 42, 2, 12, 3, 14, 15, 36, 4, 17, 19, 57, 8, 48, 28, 51, 58, 59]],
[198, [21, 42, 2, 12, 3, 14, 15, 36, 4, 17, 19, 57, 25, 26, 28, 51, 43, 64]],
[198, [21, 42, 2, 12, 3, 14, 15, 36, 4, 19, 39, 40, 8, 48, 28, 51, 43, 64]],
[198, [21, 42, 2, 12, 3, 14, 15, 36, 4, 19, 39, 40, 25, 26, 28, 51, 58, 59]],
[198, [21, 42, 2, 12, 3, 14, 15, 36, 17, 18, 41, 57, 8, 48, 9, 29, 58, 59]],
[198, [21, 42, 2, 12, 3, 14, 15, 36, 17, 18, 41, 57, 25, 26, 9, 29, 43, 64]],
[198, [21, 42, 2, 12, 3, 14, 15, 36, 18, 39, 40, 41, 8, 48, 9, 29, 43, 64]],
[198, [21, 42, 2, 12, 3, 14, 15, 36, 18, 39, 40, 41, 25, 26, 9, 29, 58, 59]],
[198, [21, 42, 2, 12, 16, 37, 38, 56, 4, 17, 19, 57, 8, 48, 28, 51, 58, 59]],
[198, [21, 42, 2, 12, 16, 37, 38, 56, 4, 17, 19, 57, 25, 26, 28, 51, 43, 64]],
[198, [21, 42, 2, 12, 16, 37, 38, 56, 4, 19, 39, 40, 8, 48, 28, 51, 43, 64]],
[198, [21, 42, 2, 12, 16, 37, 38, 56, 4, 19, 39, 40, 25, 26, 28, 51, 58, 59]],
[198, [21, 42, 2, 12, 16, 37, 38, 56, 17, 18, 41, 57, 8, 48, 9, 29, 58, 59]],
[198, [21, 42, 2, 12, 16, 37, 38, 56, 17, 18, 41, 57, 25, 26, 9, 29, 43, 64]],
[198, [21, 42, 2, 12, 16, 37, 38, 56, 18, 39, 40, 41, 8, 48, 9, 29, 43, 64]],
[198, [21, 42, 2, 12, 16, 37, 38, 56, 18, 39, 40, 41, 25, 26, 9, 29, 58, 59]],
[198, [21, 42, 10, 52, 3, 14, 15, 36, 4, 17, 19, 57, 24, 47, 9, 51, 58, 64]],
[198, [21, 42, 10, 52, 3, 14, 15, 36, 4, 17, 19, 57, 46, 61, 9, 51, 43, 59]],
[198, [21, 42, 10, 52, 3, 14, 15, 36, 4, 19, 39, 40, 24, 47, 28, 29, 58, 64]],
[198, [21, 42, 10, 52, 3, 14, 15, 36, 4, 19, 39, 40, 46, 61, 28, 29, 43, 59]],
[198, [21, 42, 10, 52, 3, 14, 15, 36, 17, 18, 41, 57, 24, 47, 9, 51, 43, 59]],
[198, [21, 42, 10, 52, 3, 14, 15, 36, 17, 18, 41, 57, 46, 61, 9, 51, 58, 64]],
[198, [21, 42, 10, 52, 3, 14, 15, 36, 18, 39, 40, 41, 24, 47, 28, 29, 43, 59]],
[198, [21, 42, 10, 52, 3, 14, 15, 36, 18, 39, 40, 41, 46, 61, 28, 29, 58, 64]],
[198, [21, 42, 10, 52, 16, 37, 38, 56, 4, 17, 19, 57, 24, 47, 9, 51, 58, 64]],
[198, [21, 42, 10, 52, 16, 37, 38, 56, 4, 17, 19, 57, 46, 61, 9, 51, 43, 59]],
[198, [21, 42, 10, 52, 16, 37, 38, 56, 4, 19, 39, 40, 24, 47, 28, 29, 58, 64]],
[198, [21, 42, 10, 52, 16, 37, 38, 56, 4, 19, 39, 40, 46, 61, 28, 29, 43, 59]],
[198, [21, 42, 10, 52, 16, 37, 38, 56, 17, 18, 41, 57, 24, 47, 9, 51, 43, 59]],
[198, [21, 42, 10, 52, 16, 37, 38, 56, 17, 18, 41, 57, 46, 61, 9, 51, 58, 64]],
[198, [21, 42, 10, 52, 16, 37, 38, 56, 18, 39, 40, 41, 24, 47, 28, 29, 43, 59]],
[198, [21, 42, 10, 52, 16, 37, 38, 56, 18, 39, 40, 41, 46, 61, 28, 29, 58, 64]],
[198, [21, 42, 11, 32, 3, 14, 15, 36, 4, 17, 19, 57, 8, 48, 9, 29, 58, 59]],
[198, [21, 42, 11, 32, 3, 14, 15, 36, 4, 17, 19, 57, 25, 26, 9, 29, 43, 64]],
[198, [21, 42, 11, 32, 3, 14, 15, 36, 4, 19, 39, 40, 8, 48, 9, 29, 43, 64]],
[198, [21, 42, 11, 32, 3, 14, 15, 36, 4, 19, 39, 40, 25, 26, 9, 29, 58, 59]],
[198, [21, 42, 11, 32, 3, 14, 15, 36, 17, 18, 41, 57, 8, 48, 28, 51, 58, 59]],
[198, [21, 42, 11, 32, 3, 14, 15, 36, 17, 18, 41, 57, 25, 26, 28, 51, 43, 64]],
[198, [21, 42, 11, 32, 3, 14, 15, 36, 18, 39, 40, 41, 8, 48, 28, 51, 43, 64]],
[198, [21, 42, 11, 32, 3, 14, 15, 36, 18, 39, 40, 41, 25, 26, 28, 51, 58, 59]],
[198, [21, 42, 11, 32, 16, 37, 38, 56, 4, 17, 19, 57, 8, 48, 9, 29, 58, 59]],
[198, [21, 42, 11, 32, 16, 37, 38, 56, 4, 17, 19, 57, 25, 26, 9, 29, 43, 64]],
[198, [21, 42, 11, 32, 16, 37, 38, 56, 4, 19, 39, 40, 8, 48, 9, 29, 43, 64]],
[198, [21, 42, 11, 32, 16, 37, 38, 56, 4, 19, 39, 40, 25, 26, 9, 29, 58, 59]],
[198, [21, 42, 11, 32, 16, 37, 38, 56, 17, 18, 41, 57, 8, 48, 28, 51, 58, 59]],
[198, [21, 42, 11, 32, 16, 37, 38, 56, 17, 18, 41, 57, 25, 26, 28, 51, 43, 64]],
[198, [21, 42, 11, 32, 16, 37, 38, 56, 18, 39, 40, 41, 8, 48, 28, 51, 43, 64]],
[198, [21, 42, 11, 32, 16, 37, 38, 56, 18, 39, 40, 41, 25, 26, 28, 51, 58, 59]],
[198, [21, 42, 30, 31, 3, 14, 15, 36, 4, 17, 19, 57, 24, 47, 28, 29, 58, 64]],
[198, [21, 42, 30, 31, 3, 14, 15, 36, 4, 17, 19, 57, 46, 61, 28, 29, 43, 59]],
[198, [21, 42, 30, 31, 3, 14, 15, 36, 4, 19, 39, 40, 24, 47, 9, 51, 58, 64]],
[198, [21, 42, 30, 31, 3, 14, 15, 36, 4, 19, 39, 40, 46, 61, 9, 51, 43, 59]],
[198, [21, 42, 30, 31, 3, 14, 15, 36, 17, 18, 41, 57, 24, 47, 28, 29, 43, 59]],
[198, [21, 42, 30, 31, 3, 14, 15, 36, 17, 18, 41, 57, 46, 61, 28, 29, 58, 64]],
[198, [21, 42, 30, 31, 3, 14, 15, 36, 18, 39, 40, 41, 24, 47, 9, 51, 43, 59]],
[198, [21, 42, 30, 31, 3, 14, 15, 36, 18, 39, 40, 41, 46, 61, 9, 51, 58, 64]],
[198, [21, 42, 30, 31, 16, 37, 38, 56, 4, 17, 19, 57, 24, 47, 28, 29, 58, 64]],
[198, [21, 42, 30, 31, 16, 37, 38, 56, 4, 17, 19, 57, 46, 61, 28, 29, 43, 59]],
[198, [21, 42, 30, 31, 16, 37, 38, 56, 4, 19, 39, 40, 24, 47, 9, 51, 58, 64]],
[198, [21, 42, 30, 31, 16, 37, 38, 56, 4, 19, 39, 40, 46, 61, 9, 51, 43, 59]],
[198, [21, 42, 30, 31, 16, 37, 38, 56, 17, 18, 41, 57, 24, 47, 28, 29, 43, 59]],
[198, [21, 42, 30, 31, 16, 37, 38, 56, 17, 18, 41, 57, 46, 61, 28, 29, 58, 64]],
[198, [21, 42, 30, 31, 16, 37, 38, 56, 18, 39, 40, 41, 24, 47, 9, 51, 43, 59]],
[198, [21, 42, 30, 31, 16, 37, 38, 56, 18, 39, 40, 41, 46, 61, 9, 51, 58, 64]]];
