pds_list := [[138, [6, 20, 2, 11, 31, 32, 4, 41, 8, 24, 26, 47, 49, 50, 13, 63, 45, 58]],
[138, [6, 20, 2, 11, 31, 32, 4, 41, 8, 24, 26, 47, 49, 50, 35, 53, 23, 64]],
[138, [6, 20, 2, 11, 31, 32, 4, 41, 25, 46, 48, 61, 49, 50, 13, 63, 45, 58]],
[138, [6, 20, 2, 11, 31, 32, 4, 41, 25, 46, 48, 61, 49, 50, 35, 53, 23, 64]],
[138, [6, 20, 2, 11, 31, 32, 18, 19, 8, 24, 26, 47, 27, 62, 13, 63, 45, 58]],
[138, [6, 20, 2, 11, 31, 32, 18, 19, 8, 24, 26, 47, 27, 62, 35, 53, 23, 64]],
[138, [6, 20, 2, 11, 31, 32, 18, 19, 25, 46, 48, 61, 27, 62, 13, 63, 45, 58]],
[138, [6, 20, 2, 11, 31, 32, 18, 19, 25, 46, 48, 61, 27, 62, 35, 53, 23, 64]],
[138, [6, 20, 10, 11, 12, 32, 4, 41, 8, 24, 26, 47, 27, 62, 13, 63, 23, 64]],
[138, [6, 20, 10, 11, 12, 32, 4, 41, 8, 24, 26, 47, 27, 62, 35, 53, 45, 58]],
[138, [6, 20, 10, 11, 12, 32, 4, 41, 25, 46, 48, 61, 27, 62, 13, 63, 23, 64]],
[138, [6, 20, 10, 11, 12, 32, 4, 41, 25, 46, 48, 61, 27, 62, 35, 53, 45, 58]],
[138, [6, 20, 10, 11, 12, 32, 18, 19, 8, 24, 26, 47, 49, 50, 13, 63, 23, 64]],
[138, [6, 20, 10, 11, 12, 32, 18, 19, 8, 24, 26, 47, 49, 50, 35, 53, 45, 58]],
[138, [6, 20, 10, 11, 12, 32, 18, 19, 25, 46, 48, 61, 49, 50, 13, 63, 23, 64]],
[138, [6, 20, 10, 11, 12, 32, 18, 19, 25, 46, 48, 61, 49, 50, 35, 53, 45, 58]],
[138, [6, 42, 2, 11, 12, 30, 4, 41, 8, 24, 26, 47, 49, 50, 13, 53, 43, 44]],
[138, [6, 42, 2, 11, 12, 30, 4, 41, 8, 24, 26, 47, 49, 50, 35, 63, 59, 60]],
[138, [6, 42, 2, 11, 12, 30, 4, 41, 25, 46, 48, 61, 49, 50, 13, 53, 43, 44]],
[138, [6, 42, 2, 11, 12, 30, 4, 41, 25, 46, 48, 61, 49, 50, 35, 63, 59, 60]],
[138, [6, 42, 2, 11, 12, 30, 18, 19, 8, 24, 26, 47, 27, 62, 13, 53, 43, 44]],
[138, [6, 42, 2, 11, 12, 30, 18, 19, 8, 24, 26, 47, 27, 62, 35, 63, 59, 60]],
[138, [6, 42, 2, 11, 12, 30, 18, 19, 25, 46, 48, 61, 27, 62, 13, 53, 43, 44]],
[138, [6, 42, 2, 11, 12, 30, 18, 19, 25, 46, 48, 61, 27, 62, 35, 63, 59, 60]],
[138, [6, 42, 2, 12, 32, 52, 4, 41, 8, 24, 26, 47, 27, 62, 13, 53, 59, 60]],
[138, [6, 42, 2, 12, 32, 52, 4, 41, 8, 24, 26, 47, 27, 62, 35, 63, 43, 44]],
[138, [6, 42, 2, 12, 32, 52, 4, 41, 25, 46, 48, 61, 27, 62, 13, 53, 59, 60]],
[138, [6, 42, 2, 12, 32, 52, 4, 41, 25, 46, 48, 61, 27, 62, 35, 63, 43, 44]],
[138, [6, 42, 2, 12, 32, 52, 18, 19, 8, 24, 26, 47, 49, 50, 13, 53, 59, 60]],
[138, [6, 42, 2, 12, 32, 52, 18, 19, 8, 24, 26, 47, 49, 50, 35, 63, 43, 44]],
[138, [6, 42, 2, 12, 32, 52, 18, 19, 25, 46, 48, 61, 49, 50, 13, 53, 59, 60]],
[138, [6, 42, 2, 12, 32, 52, 18, 19, 25, 46, 48, 61, 49, 50, 35, 63, 43, 44]],
[138, [20, 22, 10, 11, 30, 31, 4, 18, 8, 24, 26, 47, 29, 51, 13, 63, 23, 64]],
[138, [20, 22, 10, 11, 30, 31, 4, 18, 8, 24, 26, 47, 29, 51, 35, 53, 45, 58]],
[138, [20, 22, 10, 11, 30, 31, 4, 18, 25, 46, 48, 61, 29, 51, 13, 63, 23, 64]],
[138, [20, 22, 10, 11, 30, 31, 4, 18, 25, 46, 48, 61, 29, 51, 35, 53, 45, 58]],
[138, [20, 22, 10, 11, 30, 31, 19, 41, 8, 24, 26, 47, 9, 28, 13, 63, 23, 64]],
[138, [20, 22, 10, 11, 30, 31, 19, 41, 8, 24, 26, 47, 9, 28, 35, 53, 45, 58]],
[138, [20, 22, 10, 11, 30, 31, 19, 41, 25, 46, 48, 61, 9, 28, 13, 63, 23, 64]],
[138, [20, 22, 10, 11, 30, 31, 19, 41, 25, 46, 48, 61, 9, 28, 35, 53, 45, 58]],
[138, [20, 22, 10, 31, 32, 52, 4, 18, 8, 24, 26, 47, 9, 28, 13, 63, 45, 58]],
[138, [20, 22, 10, 31, 32, 52, 4, 18, 8, 24, 26, 47, 9, 28, 35, 53, 23, 64]],
[138, [20, 22, 10, 31, 32, 52, 4, 18, 25, 46, 48, 61, 9, 28, 13, 63, 45, 58]],
[138, [20, 22, 10, 31, 32, 52, 4, 18, 25, 46, 48, 61, 9, 28, 35, 53, 23, 64]],
[138, [20, 22, 10, 31, 32, 52, 19, 41, 8, 24, 26, 47, 29, 51, 13, 63, 45, 58]],
[138, [20, 22, 10, 31, 32, 52, 19, 41, 8, 24, 26, 47, 29, 51, 35, 53, 23, 64]],
[138, [20, 22, 10, 31, 32, 52, 19, 41, 25, 46, 48, 61, 29, 51, 13, 63, 45, 58]],
[138, [20, 22, 10, 31, 32, 52, 19, 41, 25, 46, 48, 61, 29, 51, 35, 53, 23, 64]],
[138, [22, 42, 2, 30, 31, 52, 4, 18, 8, 24, 26, 47, 29, 51, 13, 53, 59, 60]],
[138, [22, 42, 2, 30, 31, 52, 4, 18, 8, 24, 26, 47, 29, 51, 35, 63, 43, 44]],
[138, [22, 42, 2, 30, 31, 52, 4, 18, 25, 46, 48, 61, 29, 51, 13, 53, 59, 60]],
[138, [22, 42, 2, 30, 31, 52, 4, 18, 25, 46, 48, 61, 29, 51, 35, 63, 43, 44]],
[138, [22, 42, 2, 30, 31, 52, 19, 41, 8, 24, 26, 47, 9, 28, 13, 53, 59, 60]],
[138, [22, 42, 2, 30, 31, 52, 19, 41, 8, 24, 26, 47, 9, 28, 35, 63, 43, 44]],
[138, [22, 42, 2, 30, 31, 52, 19, 41, 25, 46, 48, 61, 9, 28, 13, 53, 59, 60]],
[138, [22, 42, 2, 30, 31, 52, 19, 41, 25, 46, 48, 61, 9, 28, 35, 63, 43, 44]],
[138, [22, 42, 10, 12, 30, 52, 4, 18, 8, 24, 26, 47, 9, 28, 13, 53, 43, 44]],
[138, [22, 42, 10, 12, 30, 52, 4, 18, 8, 24, 26, 47, 9, 28, 35, 63, 59, 60]],
[138, [22, 42, 10, 12, 30, 52, 4, 18, 25, 46, 48, 61, 9, 28, 13, 53, 43, 44]],
[138, [22, 42, 10, 12, 30, 52, 4, 18, 25, 46, 48, 61, 9, 28, 35, 63, 59, 60]],
[138, [22, 42, 10, 12, 30, 52, 19, 41, 8, 24, 26, 47, 29, 51, 13, 53, 43, 44]],
[138, [22, 42, 10, 12, 30, 52, 19, 41, 8, 24, 26, 47, 29, 51, 35, 63, 59, 60]],
[138, [22, 42, 10, 12, 30, 52, 19, 41, 25, 46, 48, 61, 29, 51, 13, 53, 43, 44]],
[138, [22, 42, 10, 12, 30, 52, 19, 41, 25, 46, 48, 61, 29, 51, 35, 63, 59, 60]],
[138, [5, 20, 2, 10, 31, 32, 3, 37, 46, 48, 9, 28, 29, 51, 13, 63, 45, 58]],
[138, [5, 20, 2, 10, 31, 32, 3, 37, 46, 48, 9, 28, 29, 51, 35, 53, 23, 64]],
[138, [5, 20, 2, 10, 31, 32, 3, 37, 46, 48, 27, 49, 50, 62, 13, 63, 45, 58]],
[138, [5, 20, 2, 10, 31, 32, 3, 37, 46, 48, 27, 49, 50, 62, 35, 53, 23, 64]],
[138, [5, 20, 2, 10, 31, 32, 14, 16, 25, 61, 9, 28, 29, 51, 13, 63, 45, 58]],
[138, [5, 20, 2, 10, 31, 32, 14, 16, 25, 61, 9, 28, 29, 51, 35, 53, 23, 64]],
[138, [5, 20, 2, 10, 31, 32, 14, 16, 25, 61, 27, 49, 50, 62, 13, 63, 45, 58]],
[138, [5, 20, 2, 10, 31, 32, 14, 16, 25, 61, 27, 49, 50, 62, 35, 53, 23, 64]],
[138, [5, 20, 10, 11, 12, 31, 3, 37, 25, 61, 9, 28, 29, 51, 13, 63, 23, 64]],
[138, [5, 20, 10, 11, 12, 31, 3, 37, 25, 61, 9, 28, 29, 51, 35, 53, 45, 58]],
[138, [5, 20, 10, 11, 12, 31, 3, 37, 25, 61, 27, 49, 50, 62, 13, 63, 23, 64]],
[138, [5, 20, 10, 11, 12, 31, 3, 37, 25, 61, 27, 49, 50, 62, 35, 53, 45, 58]],
[138, [5, 20, 10, 11, 12, 31, 14, 16, 46, 48, 9, 28, 29, 51, 13, 63, 23, 64]],
[138, [5, 20, 10, 11, 12, 31, 14, 16, 46, 48, 9, 28, 29, 51, 35, 53, 45, 58]],
[138, [5, 20, 10, 11, 12, 31, 14, 16, 46, 48, 27, 49, 50, 62, 13, 63, 23, 64]],
[138, [5, 20, 10, 11, 12, 31, 14, 16, 46, 48, 27, 49, 50, 62, 35, 53, 45, 58]],
[138, [5, 42, 2, 10, 12, 30, 3, 37, 46, 48, 9, 28, 29, 51, 13, 53, 43, 44]],
[138, [5, 42, 2, 10, 12, 30, 3, 37, 46, 48, 9, 28, 29, 51, 35, 63, 59, 60]],
[138, [5, 42, 2, 10, 12, 30, 3, 37, 46, 48, 27, 49, 50, 62, 13, 53, 43, 44]],
[138, [5, 42, 2, 10, 12, 30, 3, 37, 46, 48, 27, 49, 50, 62, 35, 63, 59, 60]],
[138, [5, 42, 2, 10, 12, 30, 14, 16, 25, 61, 9, 28, 29, 51, 13, 53, 43, 44]],
[138, [5, 42, 2, 10, 12, 30, 14, 16, 25, 61, 9, 28, 29, 51, 35, 63, 59, 60]],
[138, [5, 42, 2, 10, 12, 30, 14, 16, 25, 61, 27, 49, 50, 62, 13, 53, 43, 44]],
[138, [5, 42, 2, 10, 12, 30, 14, 16, 25, 61, 27, 49, 50, 62, 35, 63, 59, 60]],
[138, [5, 42, 2, 12, 31, 52, 3, 37, 25, 61, 9, 28, 29, 51, 13, 53, 59, 60]],
[138, [5, 42, 2, 12, 31, 52, 3, 37, 25, 61, 9, 28, 29, 51, 35, 63, 43, 44]],
[138, [5, 42, 2, 12, 31, 52, 3, 37, 25, 61, 27, 49, 50, 62, 13, 53, 59, 60]],
[138, [5, 42, 2, 12, 31, 52, 3, 37, 25, 61, 27, 49, 50, 62, 35, 63, 43, 44]],
[138, [5, 42, 2, 12, 31, 52, 14, 16, 46, 48, 9, 28, 29, 51, 13, 53, 59, 60]],
[138, [5, 42, 2, 12, 31, 52, 14, 16, 46, 48, 9, 28, 29, 51, 35, 63, 43, 44]],
[138, [5, 42, 2, 12, 31, 52, 14, 16, 46, 48, 27, 49, 50, 62, 13, 53, 59, 60]],
[138, [5, 42, 2, 12, 31, 52, 14, 16, 46, 48, 27, 49, 50, 62, 35, 63, 43, 44]],
[138, [20, 21, 10, 11, 30, 32, 3, 14, 26, 47, 9, 28, 29, 51, 13, 63, 23, 64]],
[138, [20, 21, 10, 11, 30, 32, 3, 14, 26, 47, 9, 28, 29, 51, 35, 53, 45, 58]],
[138, [20, 21, 10, 11, 30, 32, 3, 14, 26, 47, 27, 49, 50, 62, 13, 63, 23, 64]],
[138, [20, 21, 10, 11, 30, 32, 3, 14, 26, 47, 27, 49, 50, 62, 35, 53, 45, 58]],
[138, [20, 21, 10, 11, 30, 32, 16, 37, 8, 24, 9, 28, 29, 51, 13, 63, 23, 64]],
[138, [20, 21, 10, 11, 30, 32, 16, 37, 8, 24, 9, 28, 29, 51, 35, 53, 45, 58]],
[138, [20, 21, 10, 11, 30, 32, 16, 37, 8, 24, 27, 49, 50, 62, 13, 63, 23, 64]],
[138, [20, 21, 10, 11, 30, 32, 16, 37, 8, 24, 27, 49, 50, 62, 35, 53, 45, 58]],
[138, [20, 21, 11, 31, 32, 52, 3, 14, 8, 24, 9, 28, 29, 51, 13, 63, 45, 58]],
[138, [20, 21, 11, 31, 32, 52, 3, 14, 8, 24, 9, 28, 29, 51, 35, 53, 23, 64]],
[138, [20, 21, 11, 31, 32, 52, 3, 14, 8, 24, 27, 49, 50, 62, 13, 63, 45, 58]],
[138, [20, 21, 11, 31, 32, 52, 3, 14, 8, 24, 27, 49, 50, 62, 35, 53, 23, 64]],
[138, [20, 21, 11, 31, 32, 52, 16, 37, 26, 47, 9, 28, 29, 51, 13, 63, 45, 58]],
[138, [20, 21, 11, 31, 32, 52, 16, 37, 26, 47, 9, 28, 29, 51, 35, 53, 23, 64]],
[138, [20, 21, 11, 31, 32, 52, 16, 37, 26, 47, 27, 49, 50, 62, 13, 63, 45, 58]],
[138, [20, 21, 11, 31, 32, 52, 16, 37, 26, 47, 27, 49, 50, 62, 35, 53, 23, 64]],
[138, [21, 42, 2, 30, 32, 52, 3, 14, 26, 47, 9, 28, 29, 51, 13, 53, 59, 60]],
[138, [21, 42, 2, 30, 32, 52, 3, 14, 26, 47, 9, 28, 29, 51, 35, 63, 43, 44]],
[138, [21, 42, 2, 30, 32, 52, 3, 14, 26, 47, 27, 49, 50, 62, 13, 53, 59, 60]],
[138, [21, 42, 2, 30, 32, 52, 3, 14, 26, 47, 27, 49, 50, 62, 35, 63, 43, 44]],
[138, [21, 42, 2, 30, 32, 52, 16, 37, 8, 24, 9, 28, 29, 51, 13, 53, 59, 60]],
[138, [21, 42, 2, 30, 32, 52, 16, 37, 8, 24, 9, 28, 29, 51, 35, 63, 43, 44]],
[138, [21, 42, 2, 30, 32, 52, 16, 37, 8, 24, 27, 49, 50, 62, 13, 53, 59, 60]],
[138, [21, 42, 2, 30, 32, 52, 16, 37, 8, 24, 27, 49, 50, 62, 35, 63, 43, 44]],
[138, [21, 42, 11, 12, 30, 52, 3, 14, 8, 24, 9, 28, 29, 51, 13, 53, 43, 44]],
[138, [21, 42, 11, 12, 30, 52, 3, 14, 8, 24, 9, 28, 29, 51, 35, 63, 59, 60]],
[138, [21, 42, 11, 12, 30, 52, 3, 14, 8, 24, 27, 49, 50, 62, 13, 53, 43, 44]],
[138, [21, 42, 11, 12, 30, 52, 3, 14, 8, 24, 27, 49, 50, 62, 35, 63, 59, 60]],
[138, [21, 42, 11, 12, 30, 52, 16, 37, 26, 47, 9, 28, 29, 51, 13, 53, 43, 44]],
[138, [21, 42, 11, 12, 30, 52, 16, 37, 26, 47, 9, 28, 29, 51, 35, 63, 59, 60]],
[138, [21, 42, 11, 12, 30, 52, 16, 37, 26, 47, 27, 49, 50, 62, 13, 53, 43, 44]],
[138, [21, 42, 11, 12, 30, 52, 16, 37, 26, 47, 27, 49, 50, 62, 35, 63, 59, 60]],
[138, [5, 6, 2, 10, 12, 32, 3, 37, 4, 41, 46, 48, 27, 62, 23, 45, 58, 64]],
[138, [5, 6, 2, 10, 12, 32, 3, 37, 4, 41, 46, 48, 27, 62, 43, 44, 59, 60]],
[138, [5, 6, 2, 10, 12, 32, 3, 37, 18, 19, 46, 48, 49, 50, 23, 45, 58, 64]],
[138, [5, 6, 2, 10, 12, 32, 3, 37, 18, 19, 46, 48, 49, 50, 43, 44, 59, 60]],
[138, [5, 6, 2, 10, 12, 32, 14, 16, 4, 41, 25, 61, 27, 62, 23, 45, 58, 64]],
[138, [5, 6, 2, 10, 12, 32, 14, 16, 4, 41, 25, 61, 27, 62, 43, 44, 59, 60]],
[138, [5, 6, 2, 10, 12, 32, 14, 16, 18, 19, 25, 61, 49, 50, 23, 45, 58, 64]],
[138, [5, 6, 2, 10, 12, 32, 14, 16, 18, 19, 25, 61, 49, 50, 43, 44, 59, 60]],
[138, [5, 6, 2, 11, 12, 31, 3, 37, 4, 41, 25, 61, 49, 50, 23, 45, 58, 64]],
[138, [5, 6, 2, 11, 12, 31, 3, 37, 4, 41, 25, 61, 49, 50, 43, 44, 59, 60]],
[138, [5, 6, 2, 11, 12, 31, 3, 37, 18, 19, 25, 61, 27, 62, 23, 45, 58, 64]],
[138, [5, 6, 2, 11, 12, 31, 3, 37, 18, 19, 25, 61, 27, 62, 43, 44, 59, 60]],
[138, [5, 6, 2, 11, 12, 31, 14, 16, 4, 41, 46, 48, 49, 50, 23, 45, 58, 64]],
[138, [5, 6, 2, 11, 12, 31, 14, 16, 4, 41, 46, 48, 49, 50, 43, 44, 59, 60]],
[138, [5, 6, 2, 11, 12, 31, 14, 16, 18, 19, 46, 48, 27, 62, 23, 45, 58, 64]],
[138, [5, 6, 2, 11, 12, 31, 14, 16, 18, 19, 46, 48, 27, 62, 43, 44, 59, 60]],
[138, [5, 22, 2, 10, 30, 31, 3, 37, 4, 18, 46, 48, 29, 51, 23, 45, 58, 64]],
[138, [5, 22, 2, 10, 30, 31, 3, 37, 4, 18, 46, 48, 29, 51, 43, 44, 59, 60]],
[138, [5, 22, 2, 10, 30, 31, 3, 37, 19, 41, 46, 48, 9, 28, 23, 45, 58, 64]],
[138, [5, 22, 2, 10, 30, 31, 3, 37, 19, 41, 46, 48, 9, 28, 43, 44, 59, 60]],
[138, [5, 22, 2, 10, 30, 31, 14, 16, 4, 18, 25, 61, 29, 51, 23, 45, 58, 64]],
[138, [5, 22, 2, 10, 30, 31, 14, 16, 4, 18, 25, 61, 29, 51, 43, 44, 59, 60]],
[138, [5, 22, 2, 10, 30, 31, 14, 16, 19, 41, 25, 61, 9, 28, 23, 45, 58, 64]],
[138, [5, 22, 2, 10, 30, 31, 14, 16, 19, 41, 25, 61, 9, 28, 43, 44, 59, 60]],
[138, [5, 22, 10, 12, 31, 52, 3, 37, 4, 18, 25, 61, 9, 28, 23, 45, 58, 64]],
[138, [5, 22, 10, 12, 31, 52, 3, 37, 4, 18, 25, 61, 9, 28, 43, 44, 59, 60]],
[138, [5, 22, 10, 12, 31, 52, 3, 37, 19, 41, 25, 61, 29, 51, 23, 45, 58, 64]],
[138, [5, 22, 10, 12, 31, 52, 3, 37, 19, 41, 25, 61, 29, 51, 43, 44, 59, 60]],
[138, [5, 22, 10, 12, 31, 52, 14, 16, 4, 18, 46, 48, 9, 28, 23, 45, 58, 64]],
[138, [5, 22, 10, 12, 31, 52, 14, 16, 4, 18, 46, 48, 9, 28, 43, 44, 59, 60]],
[138, [5, 22, 10, 12, 31, 52, 14, 16, 19, 41, 46, 48, 29, 51, 23, 45, 58, 64]],
[138, [5, 22, 10, 12, 31, 52, 14, 16, 19, 41, 46, 48, 29, 51, 43, 44, 59, 60]],
[138, [6, 21, 2, 11, 30, 32, 3, 14, 4, 41, 26, 47, 49, 50, 23, 45, 58, 64]],
[138, [6, 21, 2, 11, 30, 32, 3, 14, 4, 41, 26, 47, 49, 50, 43, 44, 59, 60]],
[138, [6, 21, 2, 11, 30, 32, 3, 14, 18, 19, 26, 47, 27, 62, 23, 45, 58, 64]],
[138, [6, 21, 2, 11, 30, 32, 3, 14, 18, 19, 26, 47, 27, 62, 43, 44, 59, 60]],
[138, [6, 21, 2, 11, 30, 32, 16, 37, 4, 41, 8, 24, 49, 50, 23, 45, 58, 64]],
[138, [6, 21, 2, 11, 30, 32, 16, 37, 4, 41, 8, 24, 49, 50, 43, 44, 59, 60]],
[138, [6, 21, 2, 11, 30, 32, 16, 37, 18, 19, 8, 24, 27, 62, 23, 45, 58, 64]],
[138, [6, 21, 2, 11, 30, 32, 16, 37, 18, 19, 8, 24, 27, 62, 43, 44, 59, 60]],
[138, [6, 21, 11, 12, 32, 52, 3, 14, 4, 41, 8, 24, 27, 62, 23, 45, 58, 64]],
[138, [6, 21, 11, 12, 32, 52, 3, 14, 4, 41, 8, 24, 27, 62, 43, 44, 59, 60]],
[138, [6, 21, 11, 12, 32, 52, 3, 14, 18, 19, 8, 24, 49, 50, 23, 45, 58, 64]],
[138, [6, 21, 11, 12, 32, 52, 3, 14, 18, 19, 8, 24, 49, 50, 43, 44, 59, 60]],
[138, [6, 21, 11, 12, 32, 52, 16, 37, 4, 41, 26, 47, 27, 62, 23, 45, 58, 64]],
[138, [6, 21, 11, 12, 32, 52, 16, 37, 4, 41, 26, 47, 27, 62, 43, 44, 59, 60]],
[138, [6, 21, 11, 12, 32, 52, 16, 37, 18, 19, 26, 47, 49, 50, 23, 45, 58, 64]],
[138, [6, 21, 11, 12, 32, 52, 16, 37, 18, 19, 26, 47, 49, 50, 43, 44, 59, 60]],
[138, [21, 22, 10, 30, 32, 52, 3, 14, 4, 18, 26, 47, 9, 28, 23, 45, 58, 64]],
[138, [21, 22, 10, 30, 32, 52, 3, 14, 4, 18, 26, 47, 9, 28, 43, 44, 59, 60]],
[138, [21, 22, 10, 30, 32, 52, 3, 14, 19, 41, 26, 47, 29, 51, 23, 45, 58, 64]],
[138, [21, 22, 10, 30, 32, 52, 3, 14, 19, 41, 26, 47, 29, 51, 43, 44, 59, 60]],
[138, [21, 22, 10, 30, 32, 52, 16, 37, 4, 18, 8, 24, 9, 28, 23, 45, 58, 64]],
[138, [21, 22, 10, 30, 32, 52, 16, 37, 4, 18, 8, 24, 9, 28, 43, 44, 59, 60]],
[138, [21, 22, 10, 30, 32, 52, 16, 37, 19, 41, 8, 24, 29, 51, 23, 45, 58, 64]],
[138, [21, 22, 10, 30, 32, 52, 16, 37, 19, 41, 8, 24, 29, 51, 43, 44, 59, 60]],
[138, [21, 22, 11, 30, 31, 52, 3, 14, 4, 18, 8, 24, 29, 51, 23, 45, 58, 64]],
[138, [21, 22, 11, 30, 31, 52, 3, 14, 4, 18, 8, 24, 29, 51, 43, 44, 59, 60]],
[138, [21, 22, 11, 30, 31, 52, 3, 14, 19, 41, 8, 24, 9, 28, 23, 45, 58, 64]],
[138, [21, 22, 11, 30, 31, 52, 3, 14, 19, 41, 8, 24, 9, 28, 43, 44, 59, 60]],
[138, [21, 22, 11, 30, 31, 52, 16, 37, 4, 18, 26, 47, 29, 51, 23, 45, 58, 64]],
[138, [21, 22, 11, 30, 31, 52, 16, 37, 4, 18, 26, 47, 29, 51, 43, 44, 59, 60]],
[138, [21, 22, 11, 30, 31, 52, 16, 37, 19, 41, 26, 47, 9, 28, 23, 45, 58, 64]],
[138, [21, 22, 11, 30, 31, 52, 16, 37, 19, 41, 26, 47, 9, 28, 43, 44, 59, 60]],
[138, [5, 6, 2, 10, 12, 32, 3, 37, 4, 41, 46, 48, 27, 62, 13, 35, 53, 63]],
[138, [5, 6, 2, 10, 12, 32, 3, 37, 4, 41, 46, 48, 27, 62, 33, 34, 54, 55]],
[138, [5, 6, 2, 10, 12, 32, 3, 37, 18, 19, 46, 48, 49, 50, 13, 35, 53, 63]],
[138, [5, 6, 2, 10, 12, 32, 3, 37, 18, 19, 46, 48, 49, 50, 33, 34, 54, 55]],
[138, [5, 6, 2, 10, 12, 32, 14, 16, 4, 41, 25, 61, 27, 62, 13, 35, 53, 63]],
[138, [5, 6, 2, 10, 12, 32, 14, 16, 4, 41, 25, 61, 27, 62, 33, 34, 54, 55]],
[138, [5, 6, 2, 10, 12, 32, 14, 16, 18, 19, 25, 61, 49, 50, 13, 35, 53, 63]],
[138, [5, 6, 2, 10, 12, 32, 14, 16, 18, 19, 25, 61, 49, 50, 33, 34, 54, 55]],
[138, [5, 6, 2, 11, 12, 31, 3, 37, 4, 41, 25, 61, 49, 50, 13, 35, 53, 63]],
[138, [5, 6, 2, 11, 12, 31, 3, 37, 4, 41, 25, 61, 49, 50, 33, 34, 54, 55]],
[138, [5, 6, 2, 11, 12, 31, 3, 37, 18, 19, 25, 61, 27, 62, 13, 35, 53, 63]],
[138, [5, 6, 2, 11, 12, 31, 3, 37, 18, 19, 25, 61, 27, 62, 33, 34, 54, 55]],
[138, [5, 6, 2, 11, 12, 31, 14, 16, 4, 41, 46, 48, 49, 50, 13, 35, 53, 63]],
[138, [5, 6, 2, 11, 12, 31, 14, 16, 4, 41, 46, 48, 49, 50, 33, 34, 54, 55]],
[138, [5, 6, 2, 11, 12, 31, 14, 16, 18, 19, 46, 48, 27, 62, 13, 35, 53, 63]],
[138, [5, 6, 2, 11, 12, 31, 14, 16, 18, 19, 46, 48, 27, 62, 33, 34, 54, 55]],
[138, [5, 22, 2, 10, 30, 31, 3, 37, 4, 18, 46, 48, 29, 51, 13, 35, 53, 63]],
[138, [5, 22, 2, 10, 30, 31, 3, 37, 4, 18, 46, 48, 29, 51, 33, 34, 54, 55]],
[138, [5, 22, 2, 10, 30, 31, 3, 37, 19, 41, 46, 48, 9, 28, 13, 35, 53, 63]],
[138, [5, 22, 2, 10, 30, 31, 3, 37, 19, 41, 46, 48, 9, 28, 33, 34, 54, 55]],
[138, [5, 22, 2, 10, 30, 31, 14, 16, 4, 18, 25, 61, 29, 51, 13, 35, 53, 63]],
[138, [5, 22, 2, 10, 30, 31, 14, 16, 4, 18, 25, 61, 29, 51, 33, 34, 54, 55]],
[138, [5, 22, 2, 10, 30, 31, 14, 16, 19, 41, 25, 61, 9, 28, 13, 35, 53, 63]],
[138, [5, 22, 2, 10, 30, 31, 14, 16, 19, 41, 25, 61, 9, 28, 33, 34, 54, 55]],
[138, [5, 22, 10, 12, 31, 52, 3, 37, 4, 18, 25, 61, 9, 28, 13, 35, 53, 63]],
[138, [5, 22, 10, 12, 31, 52, 3, 37, 4, 18, 25, 61, 9, 28, 33, 34, 54, 55]],
[138, [5, 22, 10, 12, 31, 52, 3, 37, 19, 41, 25, 61, 29, 51, 13, 35, 53, 63]],
[138, [5, 22, 10, 12, 31, 52, 3, 37, 19, 41, 25, 61, 29, 51, 33, 34, 54, 55]],
[138, [5, 22, 10, 12, 31, 52, 14, 16, 4, 18, 46, 48, 9, 28, 13, 35, 53, 63]],
[138, [5, 22, 10, 12, 31, 52, 14, 16, 4, 18, 46, 48, 9, 28, 33, 34, 54, 55]],
[138, [5, 22, 10, 12, 31, 52, 14, 16, 19, 41, 46, 48, 29, 51, 13, 35, 53, 63]],
[138, [5, 22, 10, 12, 31, 52, 14, 16, 19, 41, 46, 48, 29, 51, 33, 34, 54, 55]],
[138, [6, 21, 2, 11, 30, 32, 3, 14, 4, 41, 26, 47, 49, 50, 13, 35, 53, 63]],
[138, [6, 21, 2, 11, 30, 32, 3, 14, 4, 41, 26, 47, 49, 50, 33, 34, 54, 55]],
[138, [6, 21, 2, 11, 30, 32, 3, 14, 18, 19, 26, 47, 27, 62, 13, 35, 53, 63]],
[138, [6, 21, 2, 11, 30, 32, 3, 14, 18, 19, 26, 47, 27, 62, 33, 34, 54, 55]],
[138, [6, 21, 2, 11, 30, 32, 16, 37, 4, 41, 8, 24, 49, 50, 13, 35, 53, 63]],
[138, [6, 21, 2, 11, 30, 32, 16, 37, 4, 41, 8, 24, 49, 50, 33, 34, 54, 55]],
[138, [6, 21, 2, 11, 30, 32, 16, 37, 18, 19, 8, 24, 27, 62, 13, 35, 53, 63]],
[138, [6, 21, 2, 11, 30, 32, 16, 37, 18, 19, 8, 24, 27, 62, 33, 34, 54, 55]],
[138, [6, 21, 11, 12, 32, 52, 3, 14, 4, 41, 8, 24, 27, 62, 13, 35, 53, 63]],
[138, [6, 21, 11, 12, 32, 52, 3, 14, 4, 41, 8, 24, 27, 62, 33, 34, 54, 55]],
[138, [6, 21, 11, 12, 32, 52, 3, 14, 18, 19, 8, 24, 49, 50, 13, 35, 53, 63]],
[138, [6, 21, 11, 12, 32, 52, 3, 14, 18, 19, 8, 24, 49, 50, 33, 34, 54, 55]],
[138, [6, 21, 11, 12, 32, 52, 16, 37, 4, 41, 26, 47, 27, 62, 13, 35, 53, 63]],
[138, [6, 21, 11, 12, 32, 52, 16, 37, 4, 41, 26, 47, 27, 62, 33, 34, 54, 55]],
[138, [6, 21, 11, 12, 32, 52, 16, 37, 18, 19, 26, 47, 49, 50, 13, 35, 53, 63]],
[138, [6, 21, 11, 12, 32, 52, 16, 37, 18, 19, 26, 47, 49, 50, 33, 34, 54, 55]],
[138, [21, 22, 10, 30, 32, 52, 3, 14, 4, 18, 26, 47, 9, 28, 13, 35, 53, 63]],
[138, [21, 22, 10, 30, 32, 52, 3, 14, 4, 18, 26, 47, 9, 28, 33, 34, 54, 55]],
[138, [21, 22, 10, 30, 32, 52, 3, 14, 19, 41, 26, 47, 29, 51, 13, 35, 53, 63]],
[138, [21, 22, 10, 30, 32, 52, 3, 14, 19, 41, 26, 47, 29, 51, 33, 34, 54, 55]],
[138, [21, 22, 10, 30, 32, 52, 16, 37, 4, 18, 8, 24, 9, 28, 13, 35, 53, 63]],
[138, [21, 22, 10, 30, 32, 52, 16, 37, 4, 18, 8, 24, 9, 28, 33, 34, 54, 55]],
[138, [21, 22, 10, 30, 32, 52, 16, 37, 19, 41, 8, 24, 29, 51, 13, 35, 53, 63]],
[138, [21, 22, 10, 30, 32, 52, 16, 37, 19, 41, 8, 24, 29, 51, 33, 34, 54, 55]],
[138, [21, 22, 11, 30, 31, 52, 3, 14, 4, 18, 8, 24, 29, 51, 13, 35, 53, 63]],
[138, [21, 22, 11, 30, 31, 52, 3, 14, 4, 18, 8, 24, 29, 51, 33, 34, 54, 55]],
[138, [21, 22, 11, 30, 31, 52, 3, 14, 19, 41, 8, 24, 9, 28, 13, 35, 53, 63]],
[138, [21, 22, 11, 30, 31, 52, 3, 14, 19, 41, 8, 24, 9, 28, 33, 34, 54, 55]],
[138, [21, 22, 11, 30, 31, 52, 16, 37, 4, 18, 26, 47, 29, 51, 13, 35, 53, 63]],
[138, [21, 22, 11, 30, 31, 52, 16, 37, 4, 18, 26, 47, 29, 51, 33, 34, 54, 55]],
[138, [21, 22, 11, 30, 31, 52, 16, 37, 19, 41, 26, 47, 9, 28, 13, 35, 53, 63]],
[138, [21, 22, 11, 30, 31, 52, 16, 37, 19, 41, 26, 47, 9, 28, 33, 34, 54, 55]],
[138, [5, 20, 2, 10, 31, 32, 3, 37, 4, 18, 19, 41, 46, 48, 13, 63, 45, 58]],
[138, [5, 20, 2, 10, 31, 32, 3, 37, 4, 18, 19, 41, 46, 48, 35, 53, 23, 64]],
[138, [5, 20, 2, 10, 31, 32, 3, 37, 17, 39, 40, 57, 46, 48, 13, 63, 45, 58]],
[138, [5, 20, 2, 10, 31, 32, 3, 37, 17, 39, 40, 57, 46, 48, 35, 53, 23, 64]],
[138, [5, 20, 2, 10, 31, 32, 14, 16, 4, 18, 19, 41, 25, 61, 13, 63, 45, 58]],
[138, [5, 20, 2, 10, 31, 32, 14, 16, 4, 18, 19, 41, 25, 61, 35, 53, 23, 64]],
[138, [5, 20, 2, 10, 31, 32, 14, 16, 17, 39, 40, 57, 25, 61, 13, 63, 45, 58]],
[138, [5, 20, 2, 10, 31, 32, 14, 16, 17, 39, 40, 57, 25, 61, 35, 53, 23, 64]],
[138, [5, 20, 10, 11, 12, 31, 3, 37, 4, 18, 19, 41, 25, 61, 13, 63, 23, 64]],
[138, [5, 20, 10, 11, 12, 31, 3, 37, 4, 18, 19, 41, 25, 61, 35, 53, 45, 58]],
[138, [5, 20, 10, 11, 12, 31, 3, 37, 17, 39, 40, 57, 25, 61, 13, 63, 23, 64]],
[138, [5, 20, 10, 11, 12, 31, 3, 37, 17, 39, 40, 57, 25, 61, 35, 53, 45, 58]],
[138, [5, 20, 10, 11, 12, 31, 14, 16, 4, 18, 19, 41, 46, 48, 13, 63, 23, 64]],
[138, [5, 20, 10, 11, 12, 31, 14, 16, 4, 18, 19, 41, 46, 48, 35, 53, 45, 58]],
[138, [5, 20, 10, 11, 12, 31, 14, 16, 17, 39, 40, 57, 46, 48, 13, 63, 23, 64]],
[138, [5, 20, 10, 11, 12, 31, 14, 16, 17, 39, 40, 57, 46, 48, 35, 53, 45, 58]],
[138, [5, 42, 2, 10, 12, 30, 3, 37, 4, 18, 19, 41, 46, 48, 13, 53, 43, 44]],
[138, [5, 42, 2, 10, 12, 30, 3, 37, 4, 18, 19, 41, 46, 48, 35, 63, 59, 60]],
[138, [5, 42, 2, 10, 12, 30, 3, 37, 17, 39, 40, 57, 46, 48, 13, 53, 43, 44]],
[138, [5, 42, 2, 10, 12, 30, 3, 37, 17, 39, 40, 57, 46, 48, 35, 63, 59, 60]],
[138, [5, 42, 2, 10, 12, 30, 14, 16, 4, 18, 19, 41, 25, 61, 13, 53, 43, 44]],
[138, [5, 42, 2, 10, 12, 30, 14, 16, 4, 18, 19, 41, 25, 61, 35, 63, 59, 60]],
[138, [5, 42, 2, 10, 12, 30, 14, 16, 17, 39, 40, 57, 25, 61, 13, 53, 43, 44]],
[138, [5, 42, 2, 10, 12, 30, 14, 16, 17, 39, 40, 57, 25, 61, 35, 63, 59, 60]],
[138, [5, 42, 2, 12, 31, 52, 3, 37, 4, 18, 19, 41, 25, 61, 13, 53, 59, 60]],
[138, [5, 42, 2, 12, 31, 52, 3, 37, 4, 18, 19, 41, 25, 61, 35, 63, 43, 44]],
[138, [5, 42, 2, 12, 31, 52, 3, 37, 17, 39, 40, 57, 25, 61, 13, 53, 59, 60]],
[138, [5, 42, 2, 12, 31, 52, 3, 37, 17, 39, 40, 57, 25, 61, 35, 63, 43, 44]],
[138, [5, 42, 2, 12, 31, 52, 14, 16, 4, 18, 19, 41, 46, 48, 13, 53, 59, 60]],
[138, [5, 42, 2, 12, 31, 52, 14, 16, 4, 18, 19, 41, 46, 48, 35, 63, 43, 44]],
[138, [5, 42, 2, 12, 31, 52, 14, 16, 17, 39, 40, 57, 46, 48, 13, 53, 59, 60]],
[138, [5, 42, 2, 12, 31, 52, 14, 16, 17, 39, 40, 57, 46, 48, 35, 63, 43, 44]],
[138, [20, 21, 10, 11, 30, 32, 3, 14, 4, 18, 19, 41, 26, 47, 13, 63, 23, 64]],
[138, [20, 21, 10, 11, 30, 32, 3, 14, 4, 18, 19, 41, 26, 47, 35, 53, 45, 58]],
[138, [20, 21, 10, 11, 30, 32, 3, 14, 17, 39, 40, 57, 26, 47, 13, 63, 23, 64]],
[138, [20, 21, 10, 11, 30, 32, 3, 14, 17, 39, 40, 57, 26, 47, 35, 53, 45, 58]],
[138, [20, 21, 10, 11, 30, 32, 16, 37, 4, 18, 19, 41, 8, 24, 13, 63, 23, 64]],
[138, [20, 21, 10, 11, 30, 32, 16, 37, 4, 18, 19, 41, 8, 24, 35, 53, 45, 58]],
[138, [20, 21, 10, 11, 30, 32, 16, 37, 17, 39, 40, 57, 8, 24, 13, 63, 23, 64]],
[138, [20, 21, 10, 11, 30, 32, 16, 37, 17, 39, 40, 57, 8, 24, 35, 53, 45, 58]],
[138, [20, 21, 11, 31, 32, 52, 3, 14, 4, 18, 19, 41, 8, 24, 13, 63, 45, 58]],
[138, [20, 21, 11, 31, 32, 52, 3, 14, 4, 18, 19, 41, 8, 24, 35, 53, 23, 64]],
[138, [20, 21, 11, 31, 32, 52, 3, 14, 17, 39, 40, 57, 8, 24, 13, 63, 45, 58]],
[138, [20, 21, 11, 31, 32, 52, 3, 14, 17, 39, 40, 57, 8, 24, 35, 53, 23, 64]],
[138, [20, 21, 11, 31, 32, 52, 16, 37, 4, 18, 19, 41, 26, 47, 13, 63, 45, 58]],
[138, [20, 21, 11, 31, 32, 52, 16, 37, 4, 18, 19, 41, 26, 47, 35, 53, 23, 64]],
[138, [20, 21, 11, 31, 32, 52, 16, 37, 17, 39, 40, 57, 26, 47, 13, 63, 45, 58]],
[138, [20, 21, 11, 31, 32, 52, 16, 37, 17, 39, 40, 57, 26, 47, 35, 53, 23, 64]],
[138, [21, 42, 2, 30, 32, 52, 3, 14, 4, 18, 19, 41, 26, 47, 13, 53, 59, 60]],
[138, [21, 42, 2, 30, 32, 52, 3, 14, 4, 18, 19, 41, 26, 47, 35, 63, 43, 44]],
[138, [21, 42, 2, 30, 32, 52, 3, 14, 17, 39, 40, 57, 26, 47, 13, 53, 59, 60]],
[138, [21, 42, 2, 30, 32, 52, 3, 14, 17, 39, 40, 57, 26, 47, 35, 63, 43, 44]],
[138, [21, 42, 2, 30, 32, 52, 16, 37, 4, 18, 19, 41, 8, 24, 13, 53, 59, 60]],
[138, [21, 42, 2, 30, 32, 52, 16, 37, 4, 18, 19, 41, 8, 24, 35, 63, 43, 44]],
[138, [21, 42, 2, 30, 32, 52, 16, 37, 17, 39, 40, 57, 8, 24, 13, 53, 59, 60]],
[138, [21, 42, 2, 30, 32, 52, 16, 37, 17, 39, 40, 57, 8, 24, 35, 63, 43, 44]],
[138, [21, 42, 11, 12, 30, 52, 3, 14, 4, 18, 19, 41, 8, 24, 13, 53, 43, 44]],
[138, [21, 42, 11, 12, 30, 52, 3, 14, 4, 18, 19, 41, 8, 24, 35, 63, 59, 60]],
[138, [21, 42, 11, 12, 30, 52, 3, 14, 17, 39, 40, 57, 8, 24, 13, 53, 43, 44]],
[138, [21, 42, 11, 12, 30, 52, 3, 14, 17, 39, 40, 57, 8, 24, 35, 63, 59, 60]],
[138, [21, 42, 11, 12, 30, 52, 16, 37, 4, 18, 19, 41, 26, 47, 13, 53, 43, 44]],
[138, [21, 42, 11, 12, 30, 52, 16, 37, 4, 18, 19, 41, 26, 47, 35, 63, 59, 60]],
[138, [21, 42, 11, 12, 30, 52, 16, 37, 17, 39, 40, 57, 26, 47, 13, 53, 43, 44]],
[138, [21, 42, 11, 12, 30, 52, 16, 37, 17, 39, 40, 57, 26, 47, 35, 63, 59, 60]],
[138, [6, 20, 2, 11, 31, 32, 3, 14, 16, 37, 4, 41, 49, 50, 13, 63, 45, 58]],
[138, [6, 20, 2, 11, 31, 32, 3, 14, 16, 37, 4, 41, 49, 50, 35, 53, 23, 64]],
[138, [6, 20, 2, 11, 31, 32, 3, 14, 16, 37, 18, 19, 27, 62, 13, 63, 45, 58]],
[138, [6, 20, 2, 11, 31, 32, 3, 14, 16, 37, 18, 19, 27, 62, 35, 53, 23, 64]],
[138, [6, 20, 2, 11, 31, 32, 15, 36, 38, 56, 4, 41, 49, 50, 13, 63, 45, 58]],
[138, [6, 20, 2, 11, 31, 32, 15, 36, 38, 56, 4, 41, 49, 50, 35, 53, 23, 64]],
[138, [6, 20, 2, 11, 31, 32, 15, 36, 38, 56, 18, 19, 27, 62, 13, 63, 45, 58]],
[138, [6, 20, 2, 11, 31, 32, 15, 36, 38, 56, 18, 19, 27, 62, 35, 53, 23, 64]],
[138, [6, 20, 10, 11, 12, 32, 3, 14, 16, 37, 4, 41, 27, 62, 13, 63, 23, 64]],
[138, [6, 20, 10, 11, 12, 32, 3, 14, 16, 37, 4, 41, 27, 62, 35, 53, 45, 58]],
[138, [6, 20, 10, 11, 12, 32, 3, 14, 16, 37, 18, 19, 49, 50, 13, 63, 23, 64]],
[138, [6, 20, 10, 11, 12, 32, 3, 14, 16, 37, 18, 19, 49, 50, 35, 53, 45, 58]],
[138, [6, 20, 10, 11, 12, 32, 15, 36, 38, 56, 4, 41, 27, 62, 13, 63, 23, 64]],
[138, [6, 20, 10, 11, 12, 32, 15, 36, 38, 56, 4, 41, 27, 62, 35, 53, 45, 58]],
[138, [6, 20, 10, 11, 12, 32, 15, 36, 38, 56, 18, 19, 49, 50, 13, 63, 23, 64]],
[138, [6, 20, 10, 11, 12, 32, 15, 36, 38, 56, 18, 19, 49, 50, 35, 53, 45, 58]],
[138, [6, 42, 2, 11, 12, 30, 3, 14, 16, 37, 4, 41, 49, 50, 13, 53, 43, 44]],
[138, [6, 42, 2, 11, 12, 30, 3, 14, 16, 37, 4, 41, 49, 50, 35, 63, 59, 60]],
[138, [6, 42, 2, 11, 12, 30, 3, 14, 16, 37, 18, 19, 27, 62, 13, 53, 43, 44]],
[138, [6, 42, 2, 11, 12, 30, 3, 14, 16, 37, 18, 19, 27, 62, 35, 63, 59, 60]],
[138, [6, 42, 2, 11, 12, 30, 15, 36, 38, 56, 4, 41, 49, 50, 13, 53, 43, 44]],
[138, [6, 42, 2, 11, 12, 30, 15, 36, 38, 56, 4, 41, 49, 50, 35, 63, 59, 60]],
[138, [6, 42, 2, 11, 12, 30, 15, 36, 38, 56, 18, 19, 27, 62, 13, 53, 43, 44]],
[138, [6, 42, 2, 11, 12, 30, 15, 36, 38, 56, 18, 19, 27, 62, 35, 63, 59, 60]],
[138, [6, 42, 2, 12, 32, 52, 3, 14, 16, 37, 4, 41, 27, 62, 13, 53, 59, 60]],
[138, [6, 42, 2, 12, 32, 52, 3, 14, 16, 37, 4, 41, 27, 62, 35, 63, 43, 44]],
[138, [6, 42, 2, 12, 32, 52, 3, 14, 16, 37, 18, 19, 49, 50, 13, 53, 59, 60]],
[138, [6, 42, 2, 12, 32, 52, 3, 14, 16, 37, 18, 19, 49, 50, 35, 63, 43, 44]],
[138, [6, 42, 2, 12, 32, 52, 15, 36, 38, 56, 4, 41, 27, 62, 13, 53, 59, 60]],
[138, [6, 42, 2, 12, 32, 52, 15, 36, 38, 56, 4, 41, 27, 62, 35, 63, 43, 44]],
[138, [6, 42, 2, 12, 32, 52, 15, 36, 38, 56, 18, 19, 49, 50, 13, 53, 59, 60]],
[138, [6, 42, 2, 12, 32, 52, 15, 36, 38, 56, 18, 19, 49, 50, 35, 63, 43, 44]],
[138, [20, 22, 10, 11, 30, 31, 3, 14, 16, 37, 4, 18, 29, 51, 13, 63, 23, 64]],
[138, [20, 22, 10, 11, 30, 31, 3, 14, 16, 37, 4, 18, 29, 51, 35, 53, 45, 58]],
[138, [20, 22, 10, 11, 30, 31, 3, 14, 16, 37, 19, 41, 9, 28, 13, 63, 23, 64]],
[138, [20, 22, 10, 11, 30, 31, 3, 14, 16, 37, 19, 41, 9, 28, 35, 53, 45, 58]],
[138, [20, 22, 10, 11, 30, 31, 15, 36, 38, 56, 4, 18, 29, 51, 13, 63, 23, 64]],
[138, [20, 22, 10, 11, 30, 31, 15, 36, 38, 56, 4, 18, 29, 51, 35, 53, 45, 58]],
[138, [20, 22, 10, 11, 30, 31, 15, 36, 38, 56, 19, 41, 9, 28, 13, 63, 23, 64]],
[138, [20, 22, 10, 11, 30, 31, 15, 36, 38, 56, 19, 41, 9, 28, 35, 53, 45, 58]],
[138, [20, 22, 10, 31, 32, 52, 3, 14, 16, 37, 4, 18, 9, 28, 13, 63, 45, 58]],
[138, [20, 22, 10, 31, 32, 52, 3, 14, 16, 37, 4, 18, 9, 28, 35, 53, 23, 64]],
[138, [20, 22, 10, 31, 32, 52, 3, 14, 16, 37, 19, 41, 29, 51, 13, 63, 45, 58]],
[138, [20, 22, 10, 31, 32, 52, 3, 14, 16, 37, 19, 41, 29, 51, 35, 53, 23, 64]],
[138, [20, 22, 10, 31, 32, 52, 15, 36, 38, 56, 4, 18, 9, 28, 13, 63, 45, 58]],
[138, [20, 22, 10, 31, 32, 52, 15, 36, 38, 56, 4, 18, 9, 28, 35, 53, 23, 64]],
[138, [20, 22, 10, 31, 32, 52, 15, 36, 38, 56, 19, 41, 29, 51, 13, 63, 45, 58]],
[138, [20, 22, 10, 31, 32, 52, 15, 36, 38, 56, 19, 41, 29, 51, 35, 53, 23, 64]],
[138, [22, 42, 2, 30, 31, 52, 3, 14, 16, 37, 4, 18, 29, 51, 13, 53, 59, 60]],
[138, [22, 42, 2, 30, 31, 52, 3, 14, 16, 37, 4, 18, 29, 51, 35, 63, 43, 44]],
[138, [22, 42, 2, 30, 31, 52, 3, 14, 16, 37, 19, 41, 9, 28, 13, 53, 59, 60]],
[138, [22, 42, 2, 30, 31, 52, 3, 14, 16, 37, 19, 41, 9, 28, 35, 63, 43, 44]],
[138, [22, 42, 2, 30, 31, 52, 15, 36, 38, 56, 4, 18, 29, 51, 13, 53, 59, 60]],
[138, [22, 42, 2, 30, 31, 52, 15, 36, 38, 56, 4, 18, 29, 51, 35, 63, 43, 44]],
[138, [22, 42, 2, 30, 31, 52, 15, 36, 38, 56, 19, 41, 9, 28, 13, 53, 59, 60]],
[138, [22, 42, 2, 30, 31, 52, 15, 36, 38, 56, 19, 41, 9, 28, 35, 63, 43, 44]],
[138, [22, 42, 10, 12, 30, 52, 3, 14, 16, 37, 4, 18, 9, 28, 13, 53, 43, 44]],
[138, [22, 42, 10, 12, 30, 52, 3, 14, 16, 37, 4, 18, 9, 28, 35, 63, 59, 60]],
[138, [22, 42, 10, 12, 30, 52, 3, 14, 16, 37, 19, 41, 29, 51, 13, 53, 43, 44]],
[138, [22, 42, 10, 12, 30, 52, 3, 14, 16, 37, 19, 41, 29, 51, 35, 63, 59, 60]],
[138, [22, 42, 10, 12, 30, 52, 15, 36, 38, 56, 4, 18, 9, 28, 13, 53, 43, 44]],
[138, [22, 42, 10, 12, 30, 52, 15, 36, 38, 56, 4, 18, 9, 28, 35, 63, 59, 60]],
[138, [22, 42, 10, 12, 30, 52, 15, 36, 38, 56, 19, 41, 29, 51, 13, 53, 43, 44]],
[138, [22, 42, 10, 12, 30, 52, 15, 36, 38, 56, 19, 41, 29, 51, 35, 63, 59, 60]]];
