pds_list := [[232, [5, 20, 3, 16, 4, 19, 24, 61, 9, 51, 34, 53, 54, 55, 23, 44, 59, 64]],
[232, [5, 20, 3, 16, 4, 19, 24, 61, 9, 51, 34, 53, 54, 55, 43, 45, 58, 60]],
[232, [5, 20, 3, 16, 4, 19, 24, 61, 28, 29, 33, 34, 55, 63, 23, 44, 59, 64]],
[232, [5, 20, 3, 16, 4, 19, 24, 61, 28, 29, 33, 34, 55, 63, 43, 45, 58, 60]],
[232, [5, 20, 3, 16, 4, 19, 46, 47, 9, 51, 33, 34, 55, 63, 23, 44, 59, 64]],
[232, [5, 20, 3, 16, 4, 19, 46, 47, 9, 51, 33, 34, 55, 63, 43, 45, 58, 60]],
[232, [5, 20, 3, 16, 4, 19, 46, 47, 28, 29, 34, 53, 54, 55, 23, 44, 59, 64]],
[232, [5, 20, 3, 16, 4, 19, 46, 47, 28, 29, 34, 53, 54, 55, 43, 45, 58, 60]],
[232, [5, 20, 3, 16, 18, 41, 24, 61, 9, 51, 13, 35, 53, 54, 23, 44, 59, 64]],
[232, [5, 20, 3, 16, 18, 41, 24, 61, 9, 51, 13, 35, 53, 54, 43, 45, 58, 60]],
[232, [5, 20, 3, 16, 18, 41, 24, 61, 28, 29, 13, 33, 35, 63, 23, 44, 59, 64]],
[232, [5, 20, 3, 16, 18, 41, 24, 61, 28, 29, 13, 33, 35, 63, 43, 45, 58, 60]],
[232, [5, 20, 3, 16, 18, 41, 46, 47, 9, 51, 13, 33, 35, 63, 23, 44, 59, 64]],
[232, [5, 20, 3, 16, 18, 41, 46, 47, 9, 51, 13, 33, 35, 63, 43, 45, 58, 60]],
[232, [5, 20, 3, 16, 18, 41, 46, 47, 28, 29, 13, 35, 53, 54, 23, 44, 59, 64]],
[232, [5, 20, 3, 16, 18, 41, 46, 47, 28, 29, 13, 35, 53, 54, 43, 45, 58, 60]],
[232, [5, 20, 15, 38, 4, 19, 24, 61, 9, 51, 13, 35, 53, 54, 23, 44, 59, 64]],
[232, [5, 20, 15, 38, 4, 19, 24, 61, 9, 51, 13, 35, 53, 54, 43, 45, 58, 60]],
[232, [5, 20, 15, 38, 4, 19, 24, 61, 28, 29, 13, 33, 35, 63, 23, 44, 59, 64]],
[232, [5, 20, 15, 38, 4, 19, 24, 61, 28, 29, 13, 33, 35, 63, 43, 45, 58, 60]],
[232, [5, 20, 15, 38, 4, 19, 46, 47, 9, 51, 13, 33, 35, 63, 23, 44, 59, 64]],
[232, [5, 20, 15, 38, 4, 19, 46, 47, 9, 51, 13, 33, 35, 63, 43, 45, 58, 60]],
[232, [5, 20, 15, 38, 4, 19, 46, 47, 28, 29, 13, 35, 53, 54, 23, 44, 59, 64]],
[232, [5, 20, 15, 38, 4, 19, 46, 47, 28, 29, 13, 35, 53, 54, 43, 45, 58, 60]],
[232, [5, 20, 15, 38, 18, 41, 24, 61, 9, 51, 34, 53, 54, 55, 23, 44, 59, 64]],
[232, [5, 20, 15, 38, 18, 41, 24, 61, 9, 51, 34, 53, 54, 55, 43, 45, 58, 60]],
[232, [5, 20, 15, 38, 18, 41, 24, 61, 28, 29, 33, 34, 55, 63, 23, 44, 59, 64]],
[232, [5, 20, 15, 38, 18, 41, 24, 61, 28, 29, 33, 34, 55, 63, 43, 45, 58, 60]],
[232, [5, 20, 15, 38, 18, 41, 46, 47, 9, 51, 33, 34, 55, 63, 23, 44, 59, 64]],
[232, [5, 20, 15, 38, 18, 41, 46, 47, 9, 51, 33, 34, 55, 63, 43, 45, 58, 60]],
[232, [5, 20, 15, 38, 18, 41, 46, 47, 28, 29, 34, 53, 54, 55, 23, 44, 59, 64]],
[232, [5, 20, 15, 38, 18, 41, 46, 47, 28, 29, 34, 53, 54, 55, 43, 45, 58, 60]],
[232, [21, 42, 3, 16, 4, 19, 24, 61, 9, 51, 34, 53, 54, 55, 23, 43, 44, 58]],
[232, [21, 42, 3, 16, 4, 19, 24, 61, 9, 51, 34, 53, 54, 55, 45, 59, 60, 64]],
[232, [21, 42, 3, 16, 4, 19, 24, 61, 28, 29, 33, 34, 55, 63, 23, 43, 44, 58]],
[232, [21, 42, 3, 16, 4, 19, 24, 61, 28, 29, 33, 34, 55, 63, 45, 59, 60, 64]],
[232, [21, 42, 3, 16, 4, 19, 46, 47, 9, 51, 33, 34, 55, 63, 23, 43, 44, 58]],
[232, [21, 42, 3, 16, 4, 19, 46, 47, 9, 51, 33, 34, 55, 63, 45, 59, 60, 64]],
[232, [21, 42, 3, 16, 4, 19, 46, 47, 28, 29, 34, 53, 54, 55, 23, 43, 44, 58]],
[232, [21, 42, 3, 16, 4, 19, 46, 47, 28, 29, 34, 53, 54, 55, 45, 59, 60, 64]],
[232, [21, 42, 3, 16, 18, 41, 24, 61, 9, 51, 13, 35, 53, 54, 23, 43, 44, 58]],
[232, [21, 42, 3, 16, 18, 41, 24, 61, 9, 51, 13, 35, 53, 54, 45, 59, 60, 64]],
[232, [21, 42, 3, 16, 18, 41, 24, 61, 28, 29, 13, 33, 35, 63, 23, 43, 44, 58]],
[232, [21, 42, 3, 16, 18, 41, 24, 61, 28, 29, 13, 33, 35, 63, 45, 59, 60, 64]],
[232, [21, 42, 3, 16, 18, 41, 46, 47, 9, 51, 13, 33, 35, 63, 23, 43, 44, 58]],
[232, [21, 42, 3, 16, 18, 41, 46, 47, 9, 51, 13, 33, 35, 63, 45, 59, 60, 64]],
[232, [21, 42, 3, 16, 18, 41, 46, 47, 28, 29, 13, 35, 53, 54, 23, 43, 44, 58]],
[232, [21, 42, 3, 16, 18, 41, 46, 47, 28, 29, 13, 35, 53, 54, 45, 59, 60, 64]],
[232, [21, 42, 15, 38, 4, 19, 24, 61, 9, 51, 13, 35, 53, 54, 23, 43, 44, 58]],
[232, [21, 42, 15, 38, 4, 19, 24, 61, 9, 51, 13, 35, 53, 54, 45, 59, 60, 64]],
[232, [21, 42, 15, 38, 4, 19, 24, 61, 28, 29, 13, 33, 35, 63, 23, 43, 44, 58]],
[232, [21, 42, 15, 38, 4, 19, 24, 61, 28, 29, 13, 33, 35, 63, 45, 59, 60, 64]],
[232, [21, 42, 15, 38, 4, 19, 46, 47, 9, 51, 13, 33, 35, 63, 23, 43, 44, 58]],
[232, [21, 42, 15, 38, 4, 19, 46, 47, 9, 51, 13, 33, 35, 63, 45, 59, 60, 64]],
[232, [21, 42, 15, 38, 4, 19, 46, 47, 28, 29, 13, 35, 53, 54, 23, 43, 44, 58]],
[232, [21, 42, 15, 38, 4, 19, 46, 47, 28, 29, 13, 35, 53, 54, 45, 59, 60, 64]],
[232, [21, 42, 15, 38, 18, 41, 24, 61, 9, 51, 34, 53, 54, 55, 23, 43, 44, 58]],
[232, [21, 42, 15, 38, 18, 41, 24, 61, 9, 51, 34, 53, 54, 55, 45, 59, 60, 64]],
[232, [21, 42, 15, 38, 18, 41, 24, 61, 28, 29, 33, 34, 55, 63, 23, 43, 44, 58]],
[232, [21, 42, 15, 38, 18, 41, 24, 61, 28, 29, 33, 34, 55, 63, 45, 59, 60, 64]],
[232, [21, 42, 15, 38, 18, 41, 46, 47, 9, 51, 33, 34, 55, 63, 23, 43, 44, 58]],
[232, [21, 42, 15, 38, 18, 41, 46, 47, 9, 51, 33, 34, 55, 63, 45, 59, 60, 64]],
[232, [21, 42, 15, 38, 18, 41, 46, 47, 28, 29, 34, 53, 54, 55, 23, 43, 44, 58]],
[232, [21, 42, 15, 38, 18, 41, 46, 47, 28, 29, 34, 53, 54, 55, 45, 59, 60, 64]],
[232, [5, 20, 2, 11, 31, 52, 4, 19, 8, 24, 26, 61, 9, 51, 53, 54, 44, 60]],
[232, [5, 20, 2, 11, 31, 52, 4, 19, 8, 24, 26, 61, 28, 29, 33, 63, 44, 60]],
[232, [5, 20, 2, 11, 31, 52, 4, 19, 8, 26, 46, 47, 9, 51, 33, 63, 44, 60]],
[232, [5, 20, 2, 11, 31, 52, 4, 19, 8, 26, 46, 47, 28, 29, 53, 54, 44, 60]],
[232, [5, 20, 2, 11, 31, 52, 4, 19, 24, 25, 48, 61, 9, 51, 53, 54, 23, 45]],
[232, [5, 20, 2, 11, 31, 52, 4, 19, 24, 25, 48, 61, 28, 29, 33, 63, 23, 45]],
[232, [5, 20, 2, 11, 31, 52, 4, 19, 25, 46, 47, 48, 9, 51, 33, 63, 23, 45]],
[232, [5, 20, 2, 11, 31, 52, 4, 19, 25, 46, 47, 48, 28, 29, 53, 54, 23, 45]],
[232, [5, 20, 2, 11, 31, 52, 18, 41, 8, 24, 26, 61, 9, 51, 53, 54, 23, 45]],
[232, [5, 20, 2, 11, 31, 52, 18, 41, 8, 24, 26, 61, 28, 29, 33, 63, 23, 45]],
[232, [5, 20, 2, 11, 31, 52, 18, 41, 8, 26, 46, 47, 9, 51, 33, 63, 23, 45]],
[232, [5, 20, 2, 11, 31, 52, 18, 41, 8, 26, 46, 47, 28, 29, 53, 54, 23, 45]],
[232, [5, 20, 2, 11, 31, 52, 18, 41, 24, 25, 48, 61, 9, 51, 53, 54, 44, 60]],
[232, [5, 20, 2, 11, 31, 52, 18, 41, 24, 25, 48, 61, 28, 29, 33, 63, 44, 60]],
[232, [5, 20, 2, 11, 31, 52, 18, 41, 25, 46, 47, 48, 9, 51, 33, 63, 44, 60]],
[232, [5, 20, 2, 11, 31, 52, 18, 41, 25, 46, 47, 48, 28, 29, 53, 54, 44, 60]],
[232, [5, 20, 10, 12, 30, 32, 4, 19, 8, 24, 26, 61, 9, 51, 53, 54, 44, 60]],
[232, [5, 20, 10, 12, 30, 32, 4, 19, 8, 24, 26, 61, 28, 29, 33, 63, 44, 60]],
[232, [5, 20, 10, 12, 30, 32, 4, 19, 8, 26, 46, 47, 9, 51, 33, 63, 44, 60]],
[232, [5, 20, 10, 12, 30, 32, 4, 19, 8, 26, 46, 47, 28, 29, 53, 54, 44, 60]],
[232, [5, 20, 10, 12, 30, 32, 4, 19, 24, 25, 48, 61, 9, 51, 53, 54, 23, 45]],
[232, [5, 20, 10, 12, 30, 32, 4, 19, 24, 25, 48, 61, 28, 29, 33, 63, 23, 45]],
[232, [5, 20, 10, 12, 30, 32, 4, 19, 25, 46, 47, 48, 9, 51, 33, 63, 23, 45]],
[232, [5, 20, 10, 12, 30, 32, 4, 19, 25, 46, 47, 48, 28, 29, 53, 54, 23, 45]],
[232, [5, 20, 10, 12, 30, 32, 18, 41, 8, 24, 26, 61, 9, 51, 53, 54, 23, 45]],
[232, [5, 20, 10, 12, 30, 32, 18, 41, 8, 24, 26, 61, 28, 29, 33, 63, 23, 45]],
[232, [5, 20, 10, 12, 30, 32, 18, 41, 8, 26, 46, 47, 9, 51, 33, 63, 23, 45]],
[232, [5, 20, 10, 12, 30, 32, 18, 41, 8, 26, 46, 47, 28, 29, 53, 54, 23, 45]],
[232, [5, 20, 10, 12, 30, 32, 18, 41, 24, 25, 48, 61, 9, 51, 53, 54, 44, 60]],
[232, [5, 20, 10, 12, 30, 32, 18, 41, 24, 25, 48, 61, 28, 29, 33, 63, 44, 60]],
[232, [5, 20, 10, 12, 30, 32, 18, 41, 25, 46, 47, 48, 9, 51, 33, 63, 44, 60]],
[232, [5, 20, 10, 12, 30, 32, 18, 41, 25, 46, 47, 48, 28, 29, 53, 54, 44, 60]],
[232, [21, 42, 2, 10, 11, 30, 4, 19, 8, 24, 26, 61, 9, 51, 53, 54, 44, 60]],
[232, [21, 42, 2, 10, 11, 30, 4, 19, 8, 24, 26, 61, 28, 29, 33, 63, 44, 60]],
[232, [21, 42, 2, 10, 11, 30, 4, 19, 8, 26, 46, 47, 9, 51, 33, 63, 44, 60]],
[232, [21, 42, 2, 10, 11, 30, 4, 19, 8, 26, 46, 47, 28, 29, 53, 54, 44, 60]],
[232, [21, 42, 2, 10, 11, 30, 4, 19, 24, 25, 48, 61, 9, 51, 53, 54, 23, 45]],
[232, [21, 42, 2, 10, 11, 30, 4, 19, 24, 25, 48, 61, 28, 29, 33, 63, 23, 45]],
[232, [21, 42, 2, 10, 11, 30, 4, 19, 25, 46, 47, 48, 9, 51, 33, 63, 23, 45]],
[232, [21, 42, 2, 10, 11, 30, 4, 19, 25, 46, 47, 48, 28, 29, 53, 54, 23, 45]],
[232, [21, 42, 2, 10, 11, 30, 18, 41, 8, 24, 26, 61, 9, 51, 53, 54, 23, 45]],
[232, [21, 42, 2, 10, 11, 30, 18, 41, 8, 24, 26, 61, 28, 29, 33, 63, 23, 45]],
[232, [21, 42, 2, 10, 11, 30, 18, 41, 8, 26, 46, 47, 9, 51, 33, 63, 23, 45]],
[232, [21, 42, 2, 10, 11, 30, 18, 41, 8, 26, 46, 47, 28, 29, 53, 54, 23, 45]],
[232, [21, 42, 2, 10, 11, 30, 18, 41, 24, 25, 48, 61, 9, 51, 53, 54, 44, 60]],
[232, [21, 42, 2, 10, 11, 30, 18, 41, 24, 25, 48, 61, 28, 29, 33, 63, 44, 60]],
[232, [21, 42, 2, 10, 11, 30, 18, 41, 25, 46, 47, 48, 9, 51, 33, 63, 44, 60]],
[232, [21, 42, 2, 10, 11, 30, 18, 41, 25, 46, 47, 48, 28, 29, 53, 54, 44, 60]],
[232, [21, 42, 12, 31, 32, 52, 4, 19, 8, 24, 26, 61, 9, 51, 53, 54, 44, 60]],
[232, [21, 42, 12, 31, 32, 52, 4, 19, 8, 24, 26, 61, 28, 29, 33, 63, 44, 60]],
[232, [21, 42, 12, 31, 32, 52, 4, 19, 8, 26, 46, 47, 9, 51, 33, 63, 44, 60]],
[232, [21, 42, 12, 31, 32, 52, 4, 19, 8, 26, 46, 47, 28, 29, 53, 54, 44, 60]],
[232, [21, 42, 12, 31, 32, 52, 4, 19, 24, 25, 48, 61, 9, 51, 53, 54, 23, 45]],
[232, [21, 42, 12, 31, 32, 52, 4, 19, 24, 25, 48, 61, 28, 29, 33, 63, 23, 45]],
[232, [21, 42, 12, 31, 32, 52, 4, 19, 25, 46, 47, 48, 9, 51, 33, 63, 23, 45]],
[232, [21, 42, 12, 31, 32, 52, 4, 19, 25, 46, 47, 48, 28, 29, 53, 54, 23, 45]],
[232, [21, 42, 12, 31, 32, 52, 18, 41, 8, 24, 26, 61, 9, 51, 53, 54, 23, 45]],
[232, [21, 42, 12, 31, 32, 52, 18, 41, 8, 24, 26, 61, 28, 29, 33, 63, 23, 45]],
[232, [21, 42, 12, 31, 32, 52, 18, 41, 8, 26, 46, 47, 9, 51, 33, 63, 23, 45]],
[232, [21, 42, 12, 31, 32, 52, 18, 41, 8, 26, 46, 47, 28, 29, 53, 54, 23, 45]],
[232, [21, 42, 12, 31, 32, 52, 18, 41, 24, 25, 48, 61, 9, 51, 53, 54, 44, 60]],
[232, [21, 42, 12, 31, 32, 52, 18, 41, 24, 25, 48, 61, 28, 29, 33, 63, 44, 60]],
[232, [21, 42, 12, 31, 32, 52, 18, 41, 25, 46, 47, 48, 9, 51, 33, 63, 44, 60]],
[232, [21, 42, 12, 31, 32, 52, 18, 41, 25, 46, 47, 48, 28, 29, 53, 54, 44, 60]],
[232, [5, 20, 2, 11, 31, 52, 3, 16, 4, 19, 24, 61, 9, 51, 34, 53, 54, 55]],
[232, [5, 20, 2, 11, 31, 52, 3, 16, 4, 19, 24, 61, 28, 29, 33, 34, 55, 63]],
[232, [5, 20, 2, 11, 31, 52, 3, 16, 4, 19, 46, 47, 9, 51, 33, 34, 55, 63]],
[232, [5, 20, 2, 11, 31, 52, 3, 16, 4, 19, 46, 47, 28, 29, 34, 53, 54, 55]],
[232, [5, 20, 2, 11, 31, 52, 3, 16, 18, 41, 24, 61, 9, 51, 13, 35, 53, 54]],
[232, [5, 20, 2, 11, 31, 52, 3, 16, 18, 41, 24, 61, 28, 29, 13, 33, 35, 63]],
[232, [5, 20, 2, 11, 31, 52, 3, 16, 18, 41, 46, 47, 9, 51, 13, 33, 35, 63]],
[232, [5, 20, 2, 11, 31, 52, 3, 16, 18, 41, 46, 47, 28, 29, 13, 35, 53, 54]],
[232, [5, 20, 2, 11, 31, 52, 15, 38, 4, 19, 24, 61, 9, 51, 13, 35, 53, 54]],
[232, [5, 20, 2, 11, 31, 52, 15, 38, 4, 19, 24, 61, 28, 29, 13, 33, 35, 63]],
[232, [5, 20, 2, 11, 31, 52, 15, 38, 4, 19, 46, 47, 9, 51, 13, 33, 35, 63]],
[232, [5, 20, 2, 11, 31, 52, 15, 38, 4, 19, 46, 47, 28, 29, 13, 35, 53, 54]],
[232, [5, 20, 2, 11, 31, 52, 15, 38, 18, 41, 24, 61, 9, 51, 34, 53, 54, 55]],
[232, [5, 20, 2, 11, 31, 52, 15, 38, 18, 41, 24, 61, 28, 29, 33, 34, 55, 63]],
[232, [5, 20, 2, 11, 31, 52, 15, 38, 18, 41, 46, 47, 9, 51, 33, 34, 55, 63]],
[232, [5, 20, 2, 11, 31, 52, 15, 38, 18, 41, 46, 47, 28, 29, 34, 53, 54, 55]],
[232, [5, 20, 10, 12, 30, 32, 3, 16, 4, 19, 24, 61, 9, 51, 34, 53, 54, 55]],
[232, [5, 20, 10, 12, 30, 32, 3, 16, 4, 19, 24, 61, 28, 29, 33, 34, 55, 63]],
[232, [5, 20, 10, 12, 30, 32, 3, 16, 4, 19, 46, 47, 9, 51, 33, 34, 55, 63]],
[232, [5, 20, 10, 12, 30, 32, 3, 16, 4, 19, 46, 47, 28, 29, 34, 53, 54, 55]],
[232, [5, 20, 10, 12, 30, 32, 3, 16, 18, 41, 24, 61, 9, 51, 13, 35, 53, 54]],
[232, [5, 20, 10, 12, 30, 32, 3, 16, 18, 41, 24, 61, 28, 29, 13, 33, 35, 63]],
[232, [5, 20, 10, 12, 30, 32, 3, 16, 18, 41, 46, 47, 9, 51, 13, 33, 35, 63]],
[232, [5, 20, 10, 12, 30, 32, 3, 16, 18, 41, 46, 47, 28, 29, 13, 35, 53, 54]],
[232, [5, 20, 10, 12, 30, 32, 15, 38, 4, 19, 24, 61, 9, 51, 13, 35, 53, 54]],
[232, [5, 20, 10, 12, 30, 32, 15, 38, 4, 19, 24, 61, 28, 29, 13, 33, 35, 63]],
[232, [5, 20, 10, 12, 30, 32, 15, 38, 4, 19, 46, 47, 9, 51, 13, 33, 35, 63]],
[232, [5, 20, 10, 12, 30, 32, 15, 38, 4, 19, 46, 47, 28, 29, 13, 35, 53, 54]],
[232, [5, 20, 10, 12, 30, 32, 15, 38, 18, 41, 24, 61, 9, 51, 34, 53, 54, 55]],
[232, [5, 20, 10, 12, 30, 32, 15, 38, 18, 41, 24, 61, 28, 29, 33, 34, 55, 63]],
[232, [5, 20, 10, 12, 30, 32, 15, 38, 18, 41, 46, 47, 9, 51, 33, 34, 55, 63]],
[232, [5, 20, 10, 12, 30, 32, 15, 38, 18, 41, 46, 47, 28, 29, 34, 53, 54, 55]],
[232, [21, 42, 2, 10, 11, 30, 3, 16, 4, 19, 24, 61, 9, 51, 34, 53, 54, 55]],
[232, [21, 42, 2, 10, 11, 30, 3, 16, 4, 19, 24, 61, 28, 29, 33, 34, 55, 63]],
[232, [21, 42, 2, 10, 11, 30, 3, 16, 4, 19, 46, 47, 9, 51, 33, 34, 55, 63]],
[232, [21, 42, 2, 10, 11, 30, 3, 16, 4, 19, 46, 47, 28, 29, 34, 53, 54, 55]],
[232, [21, 42, 2, 10, 11, 30, 3, 16, 18, 41, 24, 61, 9, 51, 13, 35, 53, 54]],
[232, [21, 42, 2, 10, 11, 30, 3, 16, 18, 41, 24, 61, 28, 29, 13, 33, 35, 63]],
[232, [21, 42, 2, 10, 11, 30, 3, 16, 18, 41, 46, 47, 9, 51, 13, 33, 35, 63]],
[232, [21, 42, 2, 10, 11, 30, 3, 16, 18, 41, 46, 47, 28, 29, 13, 35, 53, 54]],
[232, [21, 42, 2, 10, 11, 30, 15, 38, 4, 19, 24, 61, 9, 51, 13, 35, 53, 54]],
[232, [21, 42, 2, 10, 11, 30, 15, 38, 4, 19, 24, 61, 28, 29, 13, 33, 35, 63]],
[232, [21, 42, 2, 10, 11, 30, 15, 38, 4, 19, 46, 47, 9, 51, 13, 33, 35, 63]],
[232, [21, 42, 2, 10, 11, 30, 15, 38, 4, 19, 46, 47, 28, 29, 13, 35, 53, 54]],
[232, [21, 42, 2, 10, 11, 30, 15, 38, 18, 41, 24, 61, 9, 51, 34, 53, 54, 55]],
[232, [21, 42, 2, 10, 11, 30, 15, 38, 18, 41, 24, 61, 28, 29, 33, 34, 55, 63]],
[232, [21, 42, 2, 10, 11, 30, 15, 38, 18, 41, 46, 47, 9, 51, 33, 34, 55, 63]],
[232, [21, 42, 2, 10, 11, 30, 15, 38, 18, 41, 46, 47, 28, 29, 34, 53, 54, 55]],
[232, [21, 42, 12, 31, 32, 52, 3, 16, 4, 19, 24, 61, 9, 51, 34, 53, 54, 55]],
[232, [21, 42, 12, 31, 32, 52, 3, 16, 4, 19, 24, 61, 28, 29, 33, 34, 55, 63]],
[232, [21, 42, 12, 31, 32, 52, 3, 16, 4, 19, 46, 47, 9, 51, 33, 34, 55, 63]],
[232, [21, 42, 12, 31, 32, 52, 3, 16, 4, 19, 46, 47, 28, 29, 34, 53, 54, 55]],
[232, [21, 42, 12, 31, 32, 52, 3, 16, 18, 41, 24, 61, 9, 51, 13, 35, 53, 54]],
[232, [21, 42, 12, 31, 32, 52, 3, 16, 18, 41, 24, 61, 28, 29, 13, 33, 35, 63]],
[232, [21, 42, 12, 31, 32, 52, 3, 16, 18, 41, 46, 47, 9, 51, 13, 33, 35, 63]],
[232, [21, 42, 12, 31, 32, 52, 3, 16, 18, 41, 46, 47, 28, 29, 13, 35, 53, 54]],
[232, [21, 42, 12, 31, 32, 52, 15, 38, 4, 19, 24, 61, 9, 51, 13, 35, 53, 54]],
[232, [21, 42, 12, 31, 32, 52, 15, 38, 4, 19, 24, 61, 28, 29, 13, 33, 35, 63]],
[232, [21, 42, 12, 31, 32, 52, 15, 38, 4, 19, 46, 47, 9, 51, 13, 33, 35, 63]],
[232, [21, 42, 12, 31, 32, 52, 15, 38, 4, 19, 46, 47, 28, 29, 13, 35, 53, 54]],
[232, [21, 42, 12, 31, 32, 52, 15, 38, 18, 41, 24, 61, 9, 51, 34, 53, 54, 55]],
[232, [21, 42, 12, 31, 32, 52, 15, 38, 18, 41, 24, 61, 28, 29, 33, 34, 55, 63]],
[232, [21, 42, 12, 31, 32, 52, 15, 38, 18, 41, 46, 47, 9, 51, 33, 34, 55, 63]],
[232, [21, 42, 12, 31, 32, 52, 15, 38, 18, 41, 46, 47, 28, 29, 34, 53, 54, 55]],
[232, [5, 20, 2, 11, 31, 52, 3, 16, 4, 17, 19, 57, 24, 61, 34, 55, 44, 45]],
[232, [5, 20, 2, 11, 31, 52, 3, 16, 4, 17, 19, 57, 46, 47, 34, 55, 23, 60]],
[232, [5, 20, 2, 11, 31, 52, 3, 16, 4, 19, 39, 40, 24, 61, 34, 55, 23, 60]],
[232, [5, 20, 2, 11, 31, 52, 3, 16, 4, 19, 39, 40, 46, 47, 34, 55, 44, 45]],
[232, [5, 20, 2, 11, 31, 52, 3, 16, 17, 18, 41, 57, 24, 61, 13, 35, 44, 45]],
[232, [5, 20, 2, 11, 31, 52, 3, 16, 17, 18, 41, 57, 46, 47, 13, 35, 23, 60]],
[232, [5, 20, 2, 11, 31, 52, 3, 16, 18, 39, 40, 41, 24, 61, 13, 35, 23, 60]],
[232, [5, 20, 2, 11, 31, 52, 3, 16, 18, 39, 40, 41, 46, 47, 13, 35, 44, 45]],
[232, [5, 20, 2, 11, 31, 52, 15, 38, 4, 17, 19, 57, 24, 61, 13, 35, 44, 45]],
[232, [5, 20, 2, 11, 31, 52, 15, 38, 4, 17, 19, 57, 46, 47, 13, 35, 23, 60]],
[232, [5, 20, 2, 11, 31, 52, 15, 38, 4, 19, 39, 40, 24, 61, 13, 35, 23, 60]],
[232, [5, 20, 2, 11, 31, 52, 15, 38, 4, 19, 39, 40, 46, 47, 13, 35, 44, 45]],
[232, [5, 20, 2, 11, 31, 52, 15, 38, 17, 18, 41, 57, 24, 61, 34, 55, 44, 45]],
[232, [5, 20, 2, 11, 31, 52, 15, 38, 17, 18, 41, 57, 46, 47, 34, 55, 23, 60]],
[232, [5, 20, 2, 11, 31, 52, 15, 38, 18, 39, 40, 41, 24, 61, 34, 55, 23, 60]],
[232, [5, 20, 2, 11, 31, 52, 15, 38, 18, 39, 40, 41, 46, 47, 34, 55, 44, 45]],
[232, [5, 20, 10, 12, 30, 32, 3, 16, 4, 17, 19, 57, 24, 61, 34, 55, 44, 45]],
[232, [5, 20, 10, 12, 30, 32, 3, 16, 4, 17, 19, 57, 46, 47, 34, 55, 23, 60]],
[232, [5, 20, 10, 12, 30, 32, 3, 16, 4, 19, 39, 40, 24, 61, 34, 55, 23, 60]],
[232, [5, 20, 10, 12, 30, 32, 3, 16, 4, 19, 39, 40, 46, 47, 34, 55, 44, 45]],
[232, [5, 20, 10, 12, 30, 32, 3, 16, 17, 18, 41, 57, 24, 61, 13, 35, 44, 45]],
[232, [5, 20, 10, 12, 30, 32, 3, 16, 17, 18, 41, 57, 46, 47, 13, 35, 23, 60]],
[232, [5, 20, 10, 12, 30, 32, 3, 16, 18, 39, 40, 41, 24, 61, 13, 35, 23, 60]],
[232, [5, 20, 10, 12, 30, 32, 3, 16, 18, 39, 40, 41, 46, 47, 13, 35, 44, 45]],
[232, [5, 20, 10, 12, 30, 32, 15, 38, 4, 17, 19, 57, 24, 61, 13, 35, 44, 45]],
[232, [5, 20, 10, 12, 30, 32, 15, 38, 4, 17, 19, 57, 46, 47, 13, 35, 23, 60]],
[232, [5, 20, 10, 12, 30, 32, 15, 38, 4, 19, 39, 40, 24, 61, 13, 35, 23, 60]],
[232, [5, 20, 10, 12, 30, 32, 15, 38, 4, 19, 39, 40, 46, 47, 13, 35, 44, 45]],
[232, [5, 20, 10, 12, 30, 32, 15, 38, 17, 18, 41, 57, 24, 61, 34, 55, 44, 45]],
[232, [5, 20, 10, 12, 30, 32, 15, 38, 17, 18, 41, 57, 46, 47, 34, 55, 23, 60]],
[232, [5, 20, 10, 12, 30, 32, 15, 38, 18, 39, 40, 41, 24, 61, 34, 55, 23, 60]],
[232, [5, 20, 10, 12, 30, 32, 15, 38, 18, 39, 40, 41, 46, 47, 34, 55, 44, 45]],
[232, [21, 42, 2, 10, 11, 30, 3, 16, 4, 17, 19, 57, 24, 61, 34, 55, 44, 45]],
[232, [21, 42, 2, 10, 11, 30, 3, 16, 4, 17, 19, 57, 46, 47, 34, 55, 23, 60]],
[232, [21, 42, 2, 10, 11, 30, 3, 16, 4, 19, 39, 40, 24, 61, 34, 55, 23, 60]],
[232, [21, 42, 2, 10, 11, 30, 3, 16, 4, 19, 39, 40, 46, 47, 34, 55, 44, 45]],
[232, [21, 42, 2, 10, 11, 30, 3, 16, 17, 18, 41, 57, 24, 61, 13, 35, 44, 45]],
[232, [21, 42, 2, 10, 11, 30, 3, 16, 17, 18, 41, 57, 46, 47, 13, 35, 23, 60]],
[232, [21, 42, 2, 10, 11, 30, 3, 16, 18, 39, 40, 41, 24, 61, 13, 35, 23, 60]],
[232, [21, 42, 2, 10, 11, 30, 3, 16, 18, 39, 40, 41, 46, 47, 13, 35, 44, 45]],
[232, [21, 42, 2, 10, 11, 30, 15, 38, 4, 17, 19, 57, 24, 61, 13, 35, 44, 45]],
[232, [21, 42, 2, 10, 11, 30, 15, 38, 4, 17, 19, 57, 46, 47, 13, 35, 23, 60]],
[232, [21, 42, 2, 10, 11, 30, 15, 38, 4, 19, 39, 40, 24, 61, 13, 35, 23, 60]],
[232, [21, 42, 2, 10, 11, 30, 15, 38, 4, 19, 39, 40, 46, 47, 13, 35, 44, 45]],
[232, [21, 42, 2, 10, 11, 30, 15, 38, 17, 18, 41, 57, 24, 61, 34, 55, 44, 45]],
[232, [21, 42, 2, 10, 11, 30, 15, 38, 17, 18, 41, 57, 46, 47, 34, 55, 23, 60]],
[232, [21, 42, 2, 10, 11, 30, 15, 38, 18, 39, 40, 41, 24, 61, 34, 55, 23, 60]],
[232, [21, 42, 2, 10, 11, 30, 15, 38, 18, 39, 40, 41, 46, 47, 34, 55, 44, 45]],
[232, [21, 42, 12, 31, 32, 52, 3, 16, 4, 17, 19, 57, 24, 61, 34, 55, 44, 45]],
[232, [21, 42, 12, 31, 32, 52, 3, 16, 4, 17, 19, 57, 46, 47, 34, 55, 23, 60]],
[232, [21, 42, 12, 31, 32, 52, 3, 16, 4, 19, 39, 40, 24, 61, 34, 55, 23, 60]],
[232, [21, 42, 12, 31, 32, 52, 3, 16, 4, 19, 39, 40, 46, 47, 34, 55, 44, 45]],
[232, [21, 42, 12, 31, 32, 52, 3, 16, 17, 18, 41, 57, 24, 61, 13, 35, 44, 45]],
[232, [21, 42, 12, 31, 32, 52, 3, 16, 17, 18, 41, 57, 46, 47, 13, 35, 23, 60]],
[232, [21, 42, 12, 31, 32, 52, 3, 16, 18, 39, 40, 41, 24, 61, 13, 35, 23, 60]],
[232, [21, 42, 12, 31, 32, 52, 3, 16, 18, 39, 40, 41, 46, 47, 13, 35, 44, 45]],
[232, [21, 42, 12, 31, 32, 52, 15, 38, 4, 17, 19, 57, 24, 61, 13, 35, 44, 45]],
[232, [21, 42, 12, 31, 32, 52, 15, 38, 4, 17, 19, 57, 46, 47, 13, 35, 23, 60]],
[232, [21, 42, 12, 31, 32, 52, 15, 38, 4, 19, 39, 40, 24, 61, 13, 35, 23, 60]],
[232, [21, 42, 12, 31, 32, 52, 15, 38, 4, 19, 39, 40, 46, 47, 13, 35, 44, 45]],
[232, [21, 42, 12, 31, 32, 52, 15, 38, 17, 18, 41, 57, 24, 61, 34, 55, 44, 45]],
[232, [21, 42, 12, 31, 32, 52, 15, 38, 17, 18, 41, 57, 46, 47, 34, 55, 23, 60]],
[232, [21, 42, 12, 31, 32, 52, 15, 38, 18, 39, 40, 41, 24, 61, 34, 55, 23, 60]],
[232, [21, 42, 12, 31, 32, 52, 15, 38, 18, 39, 40, 41, 46, 47, 34, 55, 44, 45]],
[232, [5, 20, 2, 11, 31, 52, 3, 14, 16, 56, 4, 19, 27, 62, 34, 55, 23, 60]],
[232, [5, 20, 2, 11, 31, 52, 3, 14, 16, 56, 4, 19, 49, 50, 34, 55, 44, 45]],
[232, [5, 20, 2, 11, 31, 52, 3, 14, 16, 56, 18, 41, 27, 62, 13, 35, 23, 60]],
[232, [5, 20, 2, 11, 31, 52, 3, 14, 16, 56, 18, 41, 49, 50, 13, 35, 44, 45]],
[232, [5, 20, 2, 11, 31, 52, 3, 16, 36, 37, 4, 19, 27, 62, 34, 55, 44, 45]],
[232, [5, 20, 2, 11, 31, 52, 3, 16, 36, 37, 4, 19, 49, 50, 34, 55, 23, 60]],
[232, [5, 20, 2, 11, 31, 52, 3, 16, 36, 37, 18, 41, 27, 62, 13, 35, 44, 45]],
[232, [5, 20, 2, 11, 31, 52, 3, 16, 36, 37, 18, 41, 49, 50, 13, 35, 23, 60]],
[232, [5, 20, 2, 11, 31, 52, 14, 15, 38, 56, 4, 19, 27, 62, 13, 35, 23, 60]],
[232, [5, 20, 2, 11, 31, 52, 14, 15, 38, 56, 4, 19, 49, 50, 13, 35, 44, 45]],
[232, [5, 20, 2, 11, 31, 52, 14, 15, 38, 56, 18, 41, 27, 62, 34, 55, 23, 60]],
[232, [5, 20, 2, 11, 31, 52, 14, 15, 38, 56, 18, 41, 49, 50, 34, 55, 44, 45]],
[232, [5, 20, 2, 11, 31, 52, 15, 36, 37, 38, 4, 19, 27, 62, 13, 35, 44, 45]],
[232, [5, 20, 2, 11, 31, 52, 15, 36, 37, 38, 4, 19, 49, 50, 13, 35, 23, 60]],
[232, [5, 20, 2, 11, 31, 52, 15, 36, 37, 38, 18, 41, 27, 62, 34, 55, 44, 45]],
[232, [5, 20, 2, 11, 31, 52, 15, 36, 37, 38, 18, 41, 49, 50, 34, 55, 23, 60]],
[232, [5, 20, 10, 12, 30, 32, 3, 14, 16, 56, 4, 19, 27, 62, 34, 55, 23, 60]],
[232, [5, 20, 10, 12, 30, 32, 3, 14, 16, 56, 4, 19, 49, 50, 34, 55, 44, 45]],
[232, [5, 20, 10, 12, 30, 32, 3, 14, 16, 56, 18, 41, 27, 62, 13, 35, 23, 60]],
[232, [5, 20, 10, 12, 30, 32, 3, 14, 16, 56, 18, 41, 49, 50, 13, 35, 44, 45]],
[232, [5, 20, 10, 12, 30, 32, 3, 16, 36, 37, 4, 19, 27, 62, 34, 55, 44, 45]],
[232, [5, 20, 10, 12, 30, 32, 3, 16, 36, 37, 4, 19, 49, 50, 34, 55, 23, 60]],
[232, [5, 20, 10, 12, 30, 32, 3, 16, 36, 37, 18, 41, 27, 62, 13, 35, 44, 45]],
[232, [5, 20, 10, 12, 30, 32, 3, 16, 36, 37, 18, 41, 49, 50, 13, 35, 23, 60]],
[232, [5, 20, 10, 12, 30, 32, 14, 15, 38, 56, 4, 19, 27, 62, 13, 35, 23, 60]],
[232, [5, 20, 10, 12, 30, 32, 14, 15, 38, 56, 4, 19, 49, 50, 13, 35, 44, 45]],
[232, [5, 20, 10, 12, 30, 32, 14, 15, 38, 56, 18, 41, 27, 62, 34, 55, 23, 60]],
[232, [5, 20, 10, 12, 30, 32, 14, 15, 38, 56, 18, 41, 49, 50, 34, 55, 44, 45]],
[232, [5, 20, 10, 12, 30, 32, 15, 36, 37, 38, 4, 19, 27, 62, 13, 35, 44, 45]],
[232, [5, 20, 10, 12, 30, 32, 15, 36, 37, 38, 4, 19, 49, 50, 13, 35, 23, 60]],
[232, [5, 20, 10, 12, 30, 32, 15, 36, 37, 38, 18, 41, 27, 62, 34, 55, 44, 45]],
[232, [5, 20, 10, 12, 30, 32, 15, 36, 37, 38, 18, 41, 49, 50, 34, 55, 23, 60]],
[232, [21, 42, 2, 10, 11, 30, 3, 14, 16, 56, 4, 19, 27, 62, 34, 55, 23, 60]],
[232, [21, 42, 2, 10, 11, 30, 3, 14, 16, 56, 4, 19, 49, 50, 34, 55, 44, 45]],
[232, [21, 42, 2, 10, 11, 30, 3, 14, 16, 56, 18, 41, 27, 62, 13, 35, 23, 60]],
[232, [21, 42, 2, 10, 11, 30, 3, 14, 16, 56, 18, 41, 49, 50, 13, 35, 44, 45]],
[232, [21, 42, 2, 10, 11, 30, 3, 16, 36, 37, 4, 19, 27, 62, 34, 55, 44, 45]],
[232, [21, 42, 2, 10, 11, 30, 3, 16, 36, 37, 4, 19, 49, 50, 34, 55, 23, 60]],
[232, [21, 42, 2, 10, 11, 30, 3, 16, 36, 37, 18, 41, 27, 62, 13, 35, 44, 45]],
[232, [21, 42, 2, 10, 11, 30, 3, 16, 36, 37, 18, 41, 49, 50, 13, 35, 23, 60]],
[232, [21, 42, 2, 10, 11, 30, 14, 15, 38, 56, 4, 19, 27, 62, 13, 35, 23, 60]],
[232, [21, 42, 2, 10, 11, 30, 14, 15, 38, 56, 4, 19, 49, 50, 13, 35, 44, 45]],
[232, [21, 42, 2, 10, 11, 30, 14, 15, 38, 56, 18, 41, 27, 62, 34, 55, 23, 60]],
[232, [21, 42, 2, 10, 11, 30, 14, 15, 38, 56, 18, 41, 49, 50, 34, 55, 44, 45]],
[232, [21, 42, 2, 10, 11, 30, 15, 36, 37, 38, 4, 19, 27, 62, 13, 35, 44, 45]],
[232, [21, 42, 2, 10, 11, 30, 15, 36, 37, 38, 4, 19, 49, 50, 13, 35, 23, 60]],
[232, [21, 42, 2, 10, 11, 30, 15, 36, 37, 38, 18, 41, 27, 62, 34, 55, 44, 45]],
[232, [21, 42, 2, 10, 11, 30, 15, 36, 37, 38, 18, 41, 49, 50, 34, 55, 23, 60]],
[232, [21, 42, 12, 31, 32, 52, 3, 14, 16, 56, 4, 19, 27, 62, 34, 55, 23, 60]],
[232, [21, 42, 12, 31, 32, 52, 3, 14, 16, 56, 4, 19, 49, 50, 34, 55, 44, 45]],
[232, [21, 42, 12, 31, 32, 52, 3, 14, 16, 56, 18, 41, 27, 62, 13, 35, 23, 60]],
[232, [21, 42, 12, 31, 32, 52, 3, 14, 16, 56, 18, 41, 49, 50, 13, 35, 44, 45]],
[232, [21, 42, 12, 31, 32, 52, 3, 16, 36, 37, 4, 19, 27, 62, 34, 55, 44, 45]],
[232, [21, 42, 12, 31, 32, 52, 3, 16, 36, 37, 4, 19, 49, 50, 34, 55, 23, 60]],
[232, [21, 42, 12, 31, 32, 52, 3, 16, 36, 37, 18, 41, 27, 62, 13, 35, 44, 45]],
[232, [21, 42, 12, 31, 32, 52, 3, 16, 36, 37, 18, 41, 49, 50, 13, 35, 23, 60]],
[232, [21, 42, 12, 31, 32, 52, 14, 15, 38, 56, 4, 19, 27, 62, 13, 35, 23, 60]],
[232, [21, 42, 12, 31, 32, 52, 14, 15, 38, 56, 4, 19, 49, 50, 13, 35, 44, 45]],
[232, [21, 42, 12, 31, 32, 52, 14, 15, 38, 56, 18, 41, 27, 62, 34, 55, 23, 60]],
[232, [21, 42, 12, 31, 32, 52, 14, 15, 38, 56, 18, 41, 49, 50, 34, 55, 44, 45]],
[232, [21, 42, 12, 31, 32, 52, 15, 36, 37, 38, 4, 19, 27, 62, 13, 35, 44, 45]],
[232, [21, 42, 12, 31, 32, 52, 15, 36, 37, 38, 4, 19, 49, 50, 13, 35, 23, 60]],
[232, [21, 42, 12, 31, 32, 52, 15, 36, 37, 38, 18, 41, 27, 62, 34, 55, 44, 45]],
[232, [21, 42, 12, 31, 32, 52, 15, 36, 37, 38, 18, 41, 49, 50, 34, 55, 23, 60]]];
