pds_list := [[214, [5, 20, 3, 15, 37, 56, 4, 19, 8, 24, 47, 48, 27, 62, 53, 54, 58, 64]],
[214, [5, 20, 3, 15, 37, 56, 4, 19, 8, 24, 47, 48, 49, 50, 33, 63, 58, 64]],
[214, [5, 20, 3, 15, 37, 56, 4, 19, 8, 46, 48, 61, 27, 62, 53, 54, 43, 59]],
[214, [5, 20, 3, 15, 37, 56, 4, 19, 8, 46, 48, 61, 49, 50, 33, 63, 43, 59]],
[214, [5, 20, 3, 15, 37, 56, 4, 19, 24, 25, 26, 47, 27, 62, 33, 63, 58, 64]],
[214, [5, 20, 3, 15, 37, 56, 4, 19, 24, 25, 26, 47, 49, 50, 53, 54, 58, 64]],
[214, [5, 20, 3, 15, 37, 56, 4, 19, 25, 26, 46, 61, 27, 62, 33, 63, 43, 59]],
[214, [5, 20, 3, 15, 37, 56, 4, 19, 25, 26, 46, 61, 49, 50, 53, 54, 43, 59]],
[214, [5, 20, 3, 15, 37, 56, 18, 41, 8, 24, 47, 48, 27, 62, 53, 54, 43, 59]],
[214, [5, 20, 3, 15, 37, 56, 18, 41, 8, 24, 47, 48, 49, 50, 33, 63, 43, 59]],
[214, [5, 20, 3, 15, 37, 56, 18, 41, 8, 46, 48, 61, 27, 62, 53, 54, 58, 64]],
[214, [5, 20, 3, 15, 37, 56, 18, 41, 8, 46, 48, 61, 49, 50, 33, 63, 58, 64]],
[214, [5, 20, 3, 15, 37, 56, 18, 41, 24, 25, 26, 47, 27, 62, 33, 63, 43, 59]],
[214, [5, 20, 3, 15, 37, 56, 18, 41, 24, 25, 26, 47, 49, 50, 53, 54, 43, 59]],
[214, [5, 20, 3, 15, 37, 56, 18, 41, 25, 26, 46, 61, 27, 62, 33, 63, 58, 64]],
[214, [5, 20, 3, 15, 37, 56, 18, 41, 25, 26, 46, 61, 49, 50, 53, 54, 58, 64]],
[214, [5, 20, 14, 16, 36, 38, 4, 19, 8, 24, 47, 48, 27, 62, 53, 54, 58, 64]],
[214, [5, 20, 14, 16, 36, 38, 4, 19, 8, 24, 47, 48, 49, 50, 33, 63, 58, 64]],
[214, [5, 20, 14, 16, 36, 38, 4, 19, 8, 46, 48, 61, 27, 62, 53, 54, 43, 59]],
[214, [5, 20, 14, 16, 36, 38, 4, 19, 8, 46, 48, 61, 49, 50, 33, 63, 43, 59]],
[214, [5, 20, 14, 16, 36, 38, 4, 19, 24, 25, 26, 47, 27, 62, 33, 63, 58, 64]],
[214, [5, 20, 14, 16, 36, 38, 4, 19, 24, 25, 26, 47, 49, 50, 53, 54, 58, 64]],
[214, [5, 20, 14, 16, 36, 38, 4, 19, 25, 26, 46, 61, 27, 62, 33, 63, 43, 59]],
[214, [5, 20, 14, 16, 36, 38, 4, 19, 25, 26, 46, 61, 49, 50, 53, 54, 43, 59]],
[214, [5, 20, 14, 16, 36, 38, 18, 41, 8, 24, 47, 48, 27, 62, 53, 54, 43, 59]],
[214, [5, 20, 14, 16, 36, 38, 18, 41, 8, 24, 47, 48, 49, 50, 33, 63, 43, 59]],
[214, [5, 20, 14, 16, 36, 38, 18, 41, 8, 46, 48, 61, 27, 62, 53, 54, 58, 64]],
[214, [5, 20, 14, 16, 36, 38, 18, 41, 8, 46, 48, 61, 49, 50, 33, 63, 58, 64]],
[214, [5, 20, 14, 16, 36, 38, 18, 41, 24, 25, 26, 47, 27, 62, 33, 63, 43, 59]],
[214, [5, 20, 14, 16, 36, 38, 18, 41, 24, 25, 26, 47, 49, 50, 53, 54, 43, 59]],
[214, [5, 20, 14, 16, 36, 38, 18, 41, 25, 26, 46, 61, 27, 62, 33, 63, 58, 64]],
[214, [5, 20, 14, 16, 36, 38, 18, 41, 25, 26, 46, 61, 49, 50, 53, 54, 58, 64]],
[214, [21, 42, 3, 14, 15, 36, 4, 19, 8, 24, 47, 48, 27, 62, 53, 54, 58, 64]],
[214, [21, 42, 3, 14, 15, 36, 4, 19, 8, 24, 47, 48, 49, 50, 33, 63, 58, 64]],
[214, [21, 42, 3, 14, 15, 36, 4, 19, 8, 46, 48, 61, 27, 62, 53, 54, 43, 59]],
[214, [21, 42, 3, 14, 15, 36, 4, 19, 8, 46, 48, 61, 49, 50, 33, 63, 43, 59]],
[214, [21, 42, 3, 14, 15, 36, 4, 19, 24, 25, 26, 47, 27, 62, 33, 63, 58, 64]],
[214, [21, 42, 3, 14, 15, 36, 4, 19, 24, 25, 26, 47, 49, 50, 53, 54, 58, 64]],
[214, [21, 42, 3, 14, 15, 36, 4, 19, 25, 26, 46, 61, 27, 62, 33, 63, 43, 59]],
[214, [21, 42, 3, 14, 15, 36, 4, 19, 25, 26, 46, 61, 49, 50, 53, 54, 43, 59]],
[214, [21, 42, 3, 14, 15, 36, 18, 41, 8, 24, 47, 48, 27, 62, 53, 54, 43, 59]],
[214, [21, 42, 3, 14, 15, 36, 18, 41, 8, 24, 47, 48, 49, 50, 33, 63, 43, 59]],
[214, [21, 42, 3, 14, 15, 36, 18, 41, 8, 46, 48, 61, 27, 62, 53, 54, 58, 64]],
[214, [21, 42, 3, 14, 15, 36, 18, 41, 8, 46, 48, 61, 49, 50, 33, 63, 58, 64]],
[214, [21, 42, 3, 14, 15, 36, 18, 41, 24, 25, 26, 47, 27, 62, 33, 63, 43, 59]],
[214, [21, 42, 3, 14, 15, 36, 18, 41, 24, 25, 26, 47, 49, 50, 53, 54, 43, 59]],
[214, [21, 42, 3, 14, 15, 36, 18, 41, 25, 26, 46, 61, 27, 62, 33, 63, 58, 64]],
[214, [21, 42, 3, 14, 15, 36, 18, 41, 25, 26, 46, 61, 49, 50, 53, 54, 58, 64]],
[214, [21, 42, 16, 37, 38, 56, 4, 19, 8, 24, 47, 48, 27, 62, 53, 54, 58, 64]],
[214, [21, 42, 16, 37, 38, 56, 4, 19, 8, 24, 47, 48, 49, 50, 33, 63, 58, 64]],
[214, [21, 42, 16, 37, 38, 56, 4, 19, 8, 46, 48, 61, 27, 62, 53, 54, 43, 59]],
[214, [21, 42, 16, 37, 38, 56, 4, 19, 8, 46, 48, 61, 49, 50, 33, 63, 43, 59]],
[214, [21, 42, 16, 37, 38, 56, 4, 19, 24, 25, 26, 47, 27, 62, 33, 63, 58, 64]],
[214, [21, 42, 16, 37, 38, 56, 4, 19, 24, 25, 26, 47, 49, 50, 53, 54, 58, 64]],
[214, [21, 42, 16, 37, 38, 56, 4, 19, 25, 26, 46, 61, 27, 62, 33, 63, 43, 59]],
[214, [21, 42, 16, 37, 38, 56, 4, 19, 25, 26, 46, 61, 49, 50, 53, 54, 43, 59]],
[214, [21, 42, 16, 37, 38, 56, 18, 41, 8, 24, 47, 48, 27, 62, 53, 54, 43, 59]],
[214, [21, 42, 16, 37, 38, 56, 18, 41, 8, 24, 47, 48, 49, 50, 33, 63, 43, 59]],
[214, [21, 42, 16, 37, 38, 56, 18, 41, 8, 46, 48, 61, 27, 62, 53, 54, 58, 64]],
[214, [21, 42, 16, 37, 38, 56, 18, 41, 8, 46, 48, 61, 49, 50, 33, 63, 58, 64]],
[214, [21, 42, 16, 37, 38, 56, 18, 41, 24, 25, 26, 47, 27, 62, 33, 63, 43, 59]],
[214, [21, 42, 16, 37, 38, 56, 18, 41, 24, 25, 26, 47, 49, 50, 53, 54, 43, 59]],
[214, [21, 42, 16, 37, 38, 56, 18, 41, 25, 26, 46, 61, 27, 62, 33, 63, 58, 64]],
[214, [21, 42, 16, 37, 38, 56, 18, 41, 25, 26, 46, 61, 49, 50, 53, 54, 58, 64]],
[214, [5, 20, 10, 52, 3, 15, 37, 56, 4, 19, 24, 47, 33, 63, 23, 58, 60, 64]],
[214, [5, 20, 10, 52, 3, 15, 37, 56, 4, 19, 24, 47, 53, 54, 44, 45, 58, 64]],
[214, [5, 20, 10, 52, 3, 15, 37, 56, 4, 19, 46, 61, 33, 63, 23, 43, 59, 60]],
[214, [5, 20, 10, 52, 3, 15, 37, 56, 4, 19, 46, 61, 53, 54, 43, 44, 45, 59]],
[214, [5, 20, 10, 52, 3, 15, 37, 56, 18, 41, 24, 47, 33, 63, 23, 43, 59, 60]],
[214, [5, 20, 10, 52, 3, 15, 37, 56, 18, 41, 24, 47, 53, 54, 43, 44, 45, 59]],
[214, [5, 20, 10, 52, 3, 15, 37, 56, 18, 41, 46, 61, 33, 63, 23, 58, 60, 64]],
[214, [5, 20, 10, 52, 3, 15, 37, 56, 18, 41, 46, 61, 53, 54, 44, 45, 58, 64]],
[214, [5, 20, 10, 52, 14, 16, 36, 38, 4, 19, 24, 47, 33, 63, 23, 58, 60, 64]],
[214, [5, 20, 10, 52, 14, 16, 36, 38, 4, 19, 24, 47, 53, 54, 44, 45, 58, 64]],
[214, [5, 20, 10, 52, 14, 16, 36, 38, 4, 19, 46, 61, 33, 63, 23, 43, 59, 60]],
[214, [5, 20, 10, 52, 14, 16, 36, 38, 4, 19, 46, 61, 53, 54, 43, 44, 45, 59]],
[214, [5, 20, 10, 52, 14, 16, 36, 38, 18, 41, 24, 47, 33, 63, 23, 43, 59, 60]],
[214, [5, 20, 10, 52, 14, 16, 36, 38, 18, 41, 24, 47, 53, 54, 43, 44, 45, 59]],
[214, [5, 20, 10, 52, 14, 16, 36, 38, 18, 41, 46, 61, 33, 63, 23, 58, 60, 64]],
[214, [5, 20, 10, 52, 14, 16, 36, 38, 18, 41, 46, 61, 53, 54, 44, 45, 58, 64]],
[214, [5, 20, 30, 31, 3, 15, 37, 56, 4, 19, 24, 47, 33, 63, 44, 45, 58, 64]],
[214, [5, 20, 30, 31, 3, 15, 37, 56, 4, 19, 24, 47, 53, 54, 23, 58, 60, 64]],
[214, [5, 20, 30, 31, 3, 15, 37, 56, 4, 19, 46, 61, 33, 63, 43, 44, 45, 59]],
[214, [5, 20, 30, 31, 3, 15, 37, 56, 4, 19, 46, 61, 53, 54, 23, 43, 59, 60]],
[214, [5, 20, 30, 31, 3, 15, 37, 56, 18, 41, 24, 47, 33, 63, 43, 44, 45, 59]],
[214, [5, 20, 30, 31, 3, 15, 37, 56, 18, 41, 24, 47, 53, 54, 23, 43, 59, 60]],
[214, [5, 20, 30, 31, 3, 15, 37, 56, 18, 41, 46, 61, 33, 63, 44, 45, 58, 64]],
[214, [5, 20, 30, 31, 3, 15, 37, 56, 18, 41, 46, 61, 53, 54, 23, 58, 60, 64]],
[214, [5, 20, 30, 31, 14, 16, 36, 38, 4, 19, 24, 47, 33, 63, 44, 45, 58, 64]],
[214, [5, 20, 30, 31, 14, 16, 36, 38, 4, 19, 24, 47, 53, 54, 23, 58, 60, 64]],
[214, [5, 20, 30, 31, 14, 16, 36, 38, 4, 19, 46, 61, 33, 63, 43, 44, 45, 59]],
[214, [5, 20, 30, 31, 14, 16, 36, 38, 4, 19, 46, 61, 53, 54, 23, 43, 59, 60]],
[214, [5, 20, 30, 31, 14, 16, 36, 38, 18, 41, 24, 47, 33, 63, 43, 44, 45, 59]],
[214, [5, 20, 30, 31, 14, 16, 36, 38, 18, 41, 24, 47, 53, 54, 23, 43, 59, 60]],
[214, [5, 20, 30, 31, 14, 16, 36, 38, 18, 41, 46, 61, 33, 63, 44, 45, 58, 64]],
[214, [5, 20, 30, 31, 14, 16, 36, 38, 18, 41, 46, 61, 53, 54, 23, 58, 60, 64]],
[214, [21, 42, 10, 52, 3, 14, 15, 36, 4, 19, 24, 47, 33, 63, 23, 58, 60, 64]],
[214, [21, 42, 10, 52, 3, 14, 15, 36, 4, 19, 24, 47, 53, 54, 44, 45, 58, 64]],
[214, [21, 42, 10, 52, 3, 14, 15, 36, 4, 19, 46, 61, 33, 63, 23, 43, 59, 60]],
[214, [21, 42, 10, 52, 3, 14, 15, 36, 4, 19, 46, 61, 53, 54, 43, 44, 45, 59]],
[214, [21, 42, 10, 52, 3, 14, 15, 36, 18, 41, 24, 47, 33, 63, 23, 43, 59, 60]],
[214, [21, 42, 10, 52, 3, 14, 15, 36, 18, 41, 24, 47, 53, 54, 43, 44, 45, 59]],
[214, [21, 42, 10, 52, 3, 14, 15, 36, 18, 41, 46, 61, 33, 63, 23, 58, 60, 64]],
[214, [21, 42, 10, 52, 3, 14, 15, 36, 18, 41, 46, 61, 53, 54, 44, 45, 58, 64]],
[214, [21, 42, 10, 52, 16, 37, 38, 56, 4, 19, 24, 47, 33, 63, 23, 58, 60, 64]],
[214, [21, 42, 10, 52, 16, 37, 38, 56, 4, 19, 24, 47, 53, 54, 44, 45, 58, 64]],
[214, [21, 42, 10, 52, 16, 37, 38, 56, 4, 19, 46, 61, 33, 63, 23, 43, 59, 60]],
[214, [21, 42, 10, 52, 16, 37, 38, 56, 4, 19, 46, 61, 53, 54, 43, 44, 45, 59]],
[214, [21, 42, 10, 52, 16, 37, 38, 56, 18, 41, 24, 47, 33, 63, 23, 43, 59, 60]],
[214, [21, 42, 10, 52, 16, 37, 38, 56, 18, 41, 24, 47, 53, 54, 43, 44, 45, 59]],
[214, [21, 42, 10, 52, 16, 37, 38, 56, 18, 41, 46, 61, 33, 63, 23, 58, 60, 64]],
[214, [21, 42, 10, 52, 16, 37, 38, 56, 18, 41, 46, 61, 53, 54, 44, 45, 58, 64]],
[214, [21, 42, 30, 31, 3, 14, 15, 36, 4, 19, 24, 47, 33, 63, 44, 45, 58, 64]],
[214, [21, 42, 30, 31, 3, 14, 15, 36, 4, 19, 24, 47, 53, 54, 23, 58, 60, 64]],
[214, [21, 42, 30, 31, 3, 14, 15, 36, 4, 19, 46, 61, 33, 63, 43, 44, 45, 59]],
[214, [21, 42, 30, 31, 3, 14, 15, 36, 4, 19, 46, 61, 53, 54, 23, 43, 59, 60]],
[214, [21, 42, 30, 31, 3, 14, 15, 36, 18, 41, 24, 47, 33, 63, 43, 44, 45, 59]],
[214, [21, 42, 30, 31, 3, 14, 15, 36, 18, 41, 24, 47, 53, 54, 23, 43, 59, 60]],
[214, [21, 42, 30, 31, 3, 14, 15, 36, 18, 41, 46, 61, 33, 63, 44, 45, 58, 64]],
[214, [21, 42, 30, 31, 3, 14, 15, 36, 18, 41, 46, 61, 53, 54, 23, 58, 60, 64]],
[214, [21, 42, 30, 31, 16, 37, 38, 56, 4, 19, 24, 47, 33, 63, 44, 45, 58, 64]],
[214, [21, 42, 30, 31, 16, 37, 38, 56, 4, 19, 24, 47, 53, 54, 23, 58, 60, 64]],
[214, [21, 42, 30, 31, 16, 37, 38, 56, 4, 19, 46, 61, 33, 63, 43, 44, 45, 59]],
[214, [21, 42, 30, 31, 16, 37, 38, 56, 4, 19, 46, 61, 53, 54, 23, 43, 59, 60]],
[214, [21, 42, 30, 31, 16, 37, 38, 56, 18, 41, 24, 47, 33, 63, 43, 44, 45, 59]],
[214, [21, 42, 30, 31, 16, 37, 38, 56, 18, 41, 24, 47, 53, 54, 23, 43, 59, 60]],
[214, [21, 42, 30, 31, 16, 37, 38, 56, 18, 41, 46, 61, 33, 63, 44, 45, 58, 64]],
[214, [21, 42, 30, 31, 16, 37, 38, 56, 18, 41, 46, 61, 53, 54, 23, 58, 60, 64]],
[214, [5, 20, 2, 12, 3, 15, 37, 56, 4, 19, 8, 48, 27, 28, 51, 62, 53, 54]],
[214, [5, 20, 2, 12, 3, 15, 37, 56, 4, 19, 8, 48, 28, 49, 50, 51, 33, 63]],
[214, [5, 20, 2, 12, 3, 15, 37, 56, 4, 19, 25, 26, 27, 28, 51, 62, 33, 63]],
[214, [5, 20, 2, 12, 3, 15, 37, 56, 4, 19, 25, 26, 28, 49, 50, 51, 53, 54]],
[214, [5, 20, 2, 12, 3, 15, 37, 56, 18, 41, 8, 48, 9, 27, 29, 62, 53, 54]],
[214, [5, 20, 2, 12, 3, 15, 37, 56, 18, 41, 8, 48, 9, 29, 49, 50, 33, 63]],
[214, [5, 20, 2, 12, 3, 15, 37, 56, 18, 41, 25, 26, 9, 27, 29, 62, 33, 63]],
[214, [5, 20, 2, 12, 3, 15, 37, 56, 18, 41, 25, 26, 9, 29, 49, 50, 53, 54]],
[214, [5, 20, 2, 12, 14, 16, 36, 38, 4, 19, 8, 48, 27, 28, 51, 62, 53, 54]],
[214, [5, 20, 2, 12, 14, 16, 36, 38, 4, 19, 8, 48, 28, 49, 50, 51, 33, 63]],
[214, [5, 20, 2, 12, 14, 16, 36, 38, 4, 19, 25, 26, 27, 28, 51, 62, 33, 63]],
[214, [5, 20, 2, 12, 14, 16, 36, 38, 4, 19, 25, 26, 28, 49, 50, 51, 53, 54]],
[214, [5, 20, 2, 12, 14, 16, 36, 38, 18, 41, 8, 48, 9, 27, 29, 62, 53, 54]],
[214, [5, 20, 2, 12, 14, 16, 36, 38, 18, 41, 8, 48, 9, 29, 49, 50, 33, 63]],
[214, [5, 20, 2, 12, 14, 16, 36, 38, 18, 41, 25, 26, 9, 27, 29, 62, 33, 63]],
[214, [5, 20, 2, 12, 14, 16, 36, 38, 18, 41, 25, 26, 9, 29, 49, 50, 53, 54]],
[214, [5, 20, 11, 32, 3, 15, 37, 56, 4, 19, 8, 48, 9, 27, 29, 62, 53, 54]],
[214, [5, 20, 11, 32, 3, 15, 37, 56, 4, 19, 8, 48, 9, 29, 49, 50, 33, 63]],
[214, [5, 20, 11, 32, 3, 15, 37, 56, 4, 19, 25, 26, 9, 27, 29, 62, 33, 63]],
[214, [5, 20, 11, 32, 3, 15, 37, 56, 4, 19, 25, 26, 9, 29, 49, 50, 53, 54]],
[214, [5, 20, 11, 32, 3, 15, 37, 56, 18, 41, 8, 48, 27, 28, 51, 62, 53, 54]],
[214, [5, 20, 11, 32, 3, 15, 37, 56, 18, 41, 8, 48, 28, 49, 50, 51, 33, 63]],
[214, [5, 20, 11, 32, 3, 15, 37, 56, 18, 41, 25, 26, 27, 28, 51, 62, 33, 63]],
[214, [5, 20, 11, 32, 3, 15, 37, 56, 18, 41, 25, 26, 28, 49, 50, 51, 53, 54]],
[214, [5, 20, 11, 32, 14, 16, 36, 38, 4, 19, 8, 48, 9, 27, 29, 62, 53, 54]],
[214, [5, 20, 11, 32, 14, 16, 36, 38, 4, 19, 8, 48, 9, 29, 49, 50, 33, 63]],
[214, [5, 20, 11, 32, 14, 16, 36, 38, 4, 19, 25, 26, 9, 27, 29, 62, 33, 63]],
[214, [5, 20, 11, 32, 14, 16, 36, 38, 4, 19, 25, 26, 9, 29, 49, 50, 53, 54]],
[214, [5, 20, 11, 32, 14, 16, 36, 38, 18, 41, 8, 48, 27, 28, 51, 62, 53, 54]],
[214, [5, 20, 11, 32, 14, 16, 36, 38, 18, 41, 8, 48, 28, 49, 50, 51, 33, 63]],
[214, [5, 20, 11, 32, 14, 16, 36, 38, 18, 41, 25, 26, 27, 28, 51, 62, 33, 63]],
[214, [5, 20, 11, 32, 14, 16, 36, 38, 18, 41, 25, 26, 28, 49, 50, 51, 53, 54]],
[214, [21, 42, 2, 12, 3, 14, 15, 36, 4, 19, 8, 48, 27, 28, 51, 62, 53, 54]],
[214, [21, 42, 2, 12, 3, 14, 15, 36, 4, 19, 8, 48, 28, 49, 50, 51, 33, 63]],
[214, [21, 42, 2, 12, 3, 14, 15, 36, 4, 19, 25, 26, 27, 28, 51, 62, 33, 63]],
[214, [21, 42, 2, 12, 3, 14, 15, 36, 4, 19, 25, 26, 28, 49, 50, 51, 53, 54]],
[214, [21, 42, 2, 12, 3, 14, 15, 36, 18, 41, 8, 48, 9, 27, 29, 62, 53, 54]],
[214, [21, 42, 2, 12, 3, 14, 15, 36, 18, 41, 8, 48, 9, 29, 49, 50, 33, 63]],
[214, [21, 42, 2, 12, 3, 14, 15, 36, 18, 41, 25, 26, 9, 27, 29, 62, 33, 63]],
[214, [21, 42, 2, 12, 3, 14, 15, 36, 18, 41, 25, 26, 9, 29, 49, 50, 53, 54]],
[214, [21, 42, 2, 12, 16, 37, 38, 56, 4, 19, 8, 48, 27, 28, 51, 62, 53, 54]],
[214, [21, 42, 2, 12, 16, 37, 38, 56, 4, 19, 8, 48, 28, 49, 50, 51, 33, 63]],
[214, [21, 42, 2, 12, 16, 37, 38, 56, 4, 19, 25, 26, 27, 28, 51, 62, 33, 63]],
[214, [21, 42, 2, 12, 16, 37, 38, 56, 4, 19, 25, 26, 28, 49, 50, 51, 53, 54]],
[214, [21, 42, 2, 12, 16, 37, 38, 56, 18, 41, 8, 48, 9, 27, 29, 62, 53, 54]],
[214, [21, 42, 2, 12, 16, 37, 38, 56, 18, 41, 8, 48, 9, 29, 49, 50, 33, 63]],
[214, [21, 42, 2, 12, 16, 37, 38, 56, 18, 41, 25, 26, 9, 27, 29, 62, 33, 63]],
[214, [21, 42, 2, 12, 16, 37, 38, 56, 18, 41, 25, 26, 9, 29, 49, 50, 53, 54]],
[214, [21, 42, 11, 32, 3, 14, 15, 36, 4, 19, 8, 48, 9, 27, 29, 62, 53, 54]],
[214, [21, 42, 11, 32, 3, 14, 15, 36, 4, 19, 8, 48, 9, 29, 49, 50, 33, 63]],
[214, [21, 42, 11, 32, 3, 14, 15, 36, 4, 19, 25, 26, 9, 27, 29, 62, 33, 63]],
[214, [21, 42, 11, 32, 3, 14, 15, 36, 4, 19, 25, 26, 9, 29, 49, 50, 53, 54]],
[214, [21, 42, 11, 32, 3, 14, 15, 36, 18, 41, 8, 48, 27, 28, 51, 62, 53, 54]],
[214, [21, 42, 11, 32, 3, 14, 15, 36, 18, 41, 8, 48, 28, 49, 50, 51, 33, 63]],
[214, [21, 42, 11, 32, 3, 14, 15, 36, 18, 41, 25, 26, 27, 28, 51, 62, 33, 63]],
[214, [21, 42, 11, 32, 3, 14, 15, 36, 18, 41, 25, 26, 28, 49, 50, 51, 53, 54]],
[214, [21, 42, 11, 32, 16, 37, 38, 56, 4, 19, 8, 48, 9, 27, 29, 62, 53, 54]],
[214, [21, 42, 11, 32, 16, 37, 38, 56, 4, 19, 8, 48, 9, 29, 49, 50, 33, 63]],
[214, [21, 42, 11, 32, 16, 37, 38, 56, 4, 19, 25, 26, 9, 27, 29, 62, 33, 63]],
[214, [21, 42, 11, 32, 16, 37, 38, 56, 4, 19, 25, 26, 9, 29, 49, 50, 53, 54]],
[214, [21, 42, 11, 32, 16, 37, 38, 56, 18, 41, 8, 48, 27, 28, 51, 62, 53, 54]],
[214, [21, 42, 11, 32, 16, 37, 38, 56, 18, 41, 8, 48, 28, 49, 50, 51, 33, 63]],
[214, [21, 42, 11, 32, 16, 37, 38, 56, 18, 41, 25, 26, 27, 28, 51, 62, 33, 63]],
[214, [21, 42, 11, 32, 16, 37, 38, 56, 18, 41, 25, 26, 28, 49, 50, 51, 53, 54]],
[214, [5, 20, 2, 10, 12, 52, 3, 15, 37, 56, 4, 19, 28, 51, 33, 63, 23, 60]],
[214, [5, 20, 2, 10, 12, 52, 3, 15, 37, 56, 4, 19, 28, 51, 53, 54, 44, 45]],
[214, [5, 20, 2, 10, 12, 52, 3, 15, 37, 56, 18, 41, 9, 29, 33, 63, 23, 60]],
[214, [5, 20, 2, 10, 12, 52, 3, 15, 37, 56, 18, 41, 9, 29, 53, 54, 44, 45]],
[214, [5, 20, 2, 10, 12, 52, 14, 16, 36, 38, 4, 19, 28, 51, 33, 63, 23, 60]],
[214, [5, 20, 2, 10, 12, 52, 14, 16, 36, 38, 4, 19, 28, 51, 53, 54, 44, 45]],
[214, [5, 20, 2, 10, 12, 52, 14, 16, 36, 38, 18, 41, 9, 29, 33, 63, 23, 60]],
[214, [5, 20, 2, 10, 12, 52, 14, 16, 36, 38, 18, 41, 9, 29, 53, 54, 44, 45]],
[214, [5, 20, 2, 12, 30, 31, 3, 15, 37, 56, 4, 19, 28, 51, 33, 63, 44, 45]],
[214, [5, 20, 2, 12, 30, 31, 3, 15, 37, 56, 4, 19, 28, 51, 53, 54, 23, 60]],
[214, [5, 20, 2, 12, 30, 31, 3, 15, 37, 56, 18, 41, 9, 29, 33, 63, 44, 45]],
[214, [5, 20, 2, 12, 30, 31, 3, 15, 37, 56, 18, 41, 9, 29, 53, 54, 23, 60]],
[214, [5, 20, 2, 12, 30, 31, 14, 16, 36, 38, 4, 19, 28, 51, 33, 63, 44, 45]],
[214, [5, 20, 2, 12, 30, 31, 14, 16, 36, 38, 4, 19, 28, 51, 53, 54, 23, 60]],
[214, [5, 20, 2, 12, 30, 31, 14, 16, 36, 38, 18, 41, 9, 29, 33, 63, 44, 45]],
[214, [5, 20, 2, 12, 30, 31, 14, 16, 36, 38, 18, 41, 9, 29, 53, 54, 23, 60]],
[214, [5, 20, 10, 11, 32, 52, 3, 15, 37, 56, 4, 19, 9, 29, 33, 63, 23, 60]],
[214, [5, 20, 10, 11, 32, 52, 3, 15, 37, 56, 4, 19, 9, 29, 53, 54, 44, 45]],
[214, [5, 20, 10, 11, 32, 52, 3, 15, 37, 56, 18, 41, 28, 51, 33, 63, 23, 60]],
[214, [5, 20, 10, 11, 32, 52, 3, 15, 37, 56, 18, 41, 28, 51, 53, 54, 44, 45]],
[214, [5, 20, 10, 11, 32, 52, 14, 16, 36, 38, 4, 19, 9, 29, 33, 63, 23, 60]],
[214, [5, 20, 10, 11, 32, 52, 14, 16, 36, 38, 4, 19, 9, 29, 53, 54, 44, 45]],
[214, [5, 20, 10, 11, 32, 52, 14, 16, 36, 38, 18, 41, 28, 51, 33, 63, 23, 60]],
[214, [5, 20, 10, 11, 32, 52, 14, 16, 36, 38, 18, 41, 28, 51, 53, 54, 44, 45]],
[214, [5, 20, 11, 30, 31, 32, 3, 15, 37, 56, 4, 19, 9, 29, 33, 63, 44, 45]],
[214, [5, 20, 11, 30, 31, 32, 3, 15, 37, 56, 4, 19, 9, 29, 53, 54, 23, 60]],
[214, [5, 20, 11, 30, 31, 32, 3, 15, 37, 56, 18, 41, 28, 51, 33, 63, 44, 45]],
[214, [5, 20, 11, 30, 31, 32, 3, 15, 37, 56, 18, 41, 28, 51, 53, 54, 23, 60]],
[214, [5, 20, 11, 30, 31, 32, 14, 16, 36, 38, 4, 19, 9, 29, 33, 63, 44, 45]],
[214, [5, 20, 11, 30, 31, 32, 14, 16, 36, 38, 4, 19, 9, 29, 53, 54, 23, 60]],
[214, [5, 20, 11, 30, 31, 32, 14, 16, 36, 38, 18, 41, 28, 51, 33, 63, 44, 45]],
[214, [5, 20, 11, 30, 31, 32, 14, 16, 36, 38, 18, 41, 28, 51, 53, 54, 23, 60]],
[214, [21, 42, 2, 10, 12, 52, 3, 14, 15, 36, 4, 19, 28, 51, 33, 63, 23, 60]],
[214, [21, 42, 2, 10, 12, 52, 3, 14, 15, 36, 4, 19, 28, 51, 53, 54, 44, 45]],
[214, [21, 42, 2, 10, 12, 52, 3, 14, 15, 36, 18, 41, 9, 29, 33, 63, 23, 60]],
[214, [21, 42, 2, 10, 12, 52, 3, 14, 15, 36, 18, 41, 9, 29, 53, 54, 44, 45]],
[214, [21, 42, 2, 10, 12, 52, 16, 37, 38, 56, 4, 19, 28, 51, 33, 63, 23, 60]],
[214, [21, 42, 2, 10, 12, 52, 16, 37, 38, 56, 4, 19, 28, 51, 53, 54, 44, 45]],
[214, [21, 42, 2, 10, 12, 52, 16, 37, 38, 56, 18, 41, 9, 29, 33, 63, 23, 60]],
[214, [21, 42, 2, 10, 12, 52, 16, 37, 38, 56, 18, 41, 9, 29, 53, 54, 44, 45]],
[214, [21, 42, 2, 12, 30, 31, 3, 14, 15, 36, 4, 19, 28, 51, 33, 63, 44, 45]],
[214, [21, 42, 2, 12, 30, 31, 3, 14, 15, 36, 4, 19, 28, 51, 53, 54, 23, 60]],
[214, [21, 42, 2, 12, 30, 31, 3, 14, 15, 36, 18, 41, 9, 29, 33, 63, 44, 45]],
[214, [21, 42, 2, 12, 30, 31, 3, 14, 15, 36, 18, 41, 9, 29, 53, 54, 23, 60]],
[214, [21, 42, 2, 12, 30, 31, 16, 37, 38, 56, 4, 19, 28, 51, 33, 63, 44, 45]],
[214, [21, 42, 2, 12, 30, 31, 16, 37, 38, 56, 4, 19, 28, 51, 53, 54, 23, 60]],
[214, [21, 42, 2, 12, 30, 31, 16, 37, 38, 56, 18, 41, 9, 29, 33, 63, 44, 45]],
[214, [21, 42, 2, 12, 30, 31, 16, 37, 38, 56, 18, 41, 9, 29, 53, 54, 23, 60]],
[214, [21, 42, 10, 11, 32, 52, 3, 14, 15, 36, 4, 19, 9, 29, 33, 63, 23, 60]],
[214, [21, 42, 10, 11, 32, 52, 3, 14, 15, 36, 4, 19, 9, 29, 53, 54, 44, 45]],
[214, [21, 42, 10, 11, 32, 52, 3, 14, 15, 36, 18, 41, 28, 51, 33, 63, 23, 60]],
[214, [21, 42, 10, 11, 32, 52, 3, 14, 15, 36, 18, 41, 28, 51, 53, 54, 44, 45]],
[214, [21, 42, 10, 11, 32, 52, 16, 37, 38, 56, 4, 19, 9, 29, 33, 63, 23, 60]],
[214, [21, 42, 10, 11, 32, 52, 16, 37, 38, 56, 4, 19, 9, 29, 53, 54, 44, 45]],
[214, [21, 42, 10, 11, 32, 52, 16, 37, 38, 56, 18, 41, 28, 51, 33, 63, 23, 60]],
[214, [21, 42, 10, 11, 32, 52, 16, 37, 38, 56, 18, 41, 28, 51, 53, 54, 44, 45]],
[214, [21, 42, 11, 30, 31, 32, 3, 14, 15, 36, 4, 19, 9, 29, 33, 63, 44, 45]],
[214, [21, 42, 11, 30, 31, 32, 3, 14, 15, 36, 4, 19, 9, 29, 53, 54, 23, 60]],
[214, [21, 42, 11, 30, 31, 32, 3, 14, 15, 36, 18, 41, 28, 51, 33, 63, 44, 45]],
[214, [21, 42, 11, 30, 31, 32, 3, 14, 15, 36, 18, 41, 28, 51, 53, 54, 23, 60]],
[214, [21, 42, 11, 30, 31, 32, 16, 37, 38, 56, 4, 19, 9, 29, 33, 63, 44, 45]],
[214, [21, 42, 11, 30, 31, 32, 16, 37, 38, 56, 4, 19, 9, 29, 53, 54, 23, 60]],
[214, [21, 42, 11, 30, 31, 32, 16, 37, 38, 56, 18, 41, 28, 51, 33, 63, 44, 45]],
[214, [21, 42, 11, 30, 31, 32, 16, 37, 38, 56, 18, 41, 28, 51, 53, 54, 23, 60]]];
