pds_list := [[219, [5, 20, 3, 16, 4, 18, 40, 57, 8, 48, 9, 27, 29, 62, 33, 63, 23, 45]],
[219, [5, 20, 3, 16, 4, 18, 40, 57, 8, 48, 9, 29, 49, 50, 53, 54, 23, 45]],
[219, [5, 20, 3, 16, 4, 18, 40, 57, 8, 48, 27, 28, 51, 62, 33, 63, 44, 60]],
[219, [5, 20, 3, 16, 4, 18, 40, 57, 8, 48, 28, 49, 50, 51, 53, 54, 44, 60]],
[219, [5, 20, 3, 16, 4, 18, 40, 57, 25, 26, 9, 27, 29, 62, 53, 54, 23, 45]],
[219, [5, 20, 3, 16, 4, 18, 40, 57, 25, 26, 9, 29, 49, 50, 33, 63, 23, 45]],
[219, [5, 20, 3, 16, 4, 18, 40, 57, 25, 26, 27, 28, 51, 62, 53, 54, 44, 60]],
[219, [5, 20, 3, 16, 4, 18, 40, 57, 25, 26, 28, 49, 50, 51, 33, 63, 44, 60]],
[219, [5, 20, 3, 16, 17, 19, 39, 41, 8, 48, 9, 27, 29, 62, 33, 63, 23, 45]],
[219, [5, 20, 3, 16, 17, 19, 39, 41, 8, 48, 9, 29, 49, 50, 53, 54, 23, 45]],
[219, [5, 20, 3, 16, 17, 19, 39, 41, 8, 48, 27, 28, 51, 62, 33, 63, 44, 60]],
[219, [5, 20, 3, 16, 17, 19, 39, 41, 8, 48, 28, 49, 50, 51, 53, 54, 44, 60]],
[219, [5, 20, 3, 16, 17, 19, 39, 41, 25, 26, 9, 27, 29, 62, 53, 54, 23, 45]],
[219, [5, 20, 3, 16, 17, 19, 39, 41, 25, 26, 9, 29, 49, 50, 33, 63, 23, 45]],
[219, [5, 20, 3, 16, 17, 19, 39, 41, 25, 26, 27, 28, 51, 62, 53, 54, 44, 60]],
[219, [5, 20, 3, 16, 17, 19, 39, 41, 25, 26, 28, 49, 50, 51, 33, 63, 44, 60]],
[219, [5, 20, 15, 38, 4, 18, 40, 57, 8, 48, 9, 27, 29, 62, 33, 63, 44, 60]],
[219, [5, 20, 15, 38, 4, 18, 40, 57, 8, 48, 9, 29, 49, 50, 53, 54, 44, 60]],
[219, [5, 20, 15, 38, 4, 18, 40, 57, 8, 48, 27, 28, 51, 62, 33, 63, 23, 45]],
[219, [5, 20, 15, 38, 4, 18, 40, 57, 8, 48, 28, 49, 50, 51, 53, 54, 23, 45]],
[219, [5, 20, 15, 38, 4, 18, 40, 57, 25, 26, 9, 27, 29, 62, 53, 54, 44, 60]],
[219, [5, 20, 15, 38, 4, 18, 40, 57, 25, 26, 9, 29, 49, 50, 33, 63, 44, 60]],
[219, [5, 20, 15, 38, 4, 18, 40, 57, 25, 26, 27, 28, 51, 62, 53, 54, 23, 45]],
[219, [5, 20, 15, 38, 4, 18, 40, 57, 25, 26, 28, 49, 50, 51, 33, 63, 23, 45]],
[219, [5, 20, 15, 38, 17, 19, 39, 41, 8, 48, 9, 27, 29, 62, 33, 63, 44, 60]],
[219, [5, 20, 15, 38, 17, 19, 39, 41, 8, 48, 9, 29, 49, 50, 53, 54, 44, 60]],
[219, [5, 20, 15, 38, 17, 19, 39, 41, 8, 48, 27, 28, 51, 62, 33, 63, 23, 45]],
[219, [5, 20, 15, 38, 17, 19, 39, 41, 8, 48, 28, 49, 50, 51, 53, 54, 23, 45]],
[219, [5, 20, 15, 38, 17, 19, 39, 41, 25, 26, 9, 27, 29, 62, 53, 54, 44, 60]],
[219, [5, 20, 15, 38, 17, 19, 39, 41, 25, 26, 9, 29, 49, 50, 33, 63, 44, 60]],
[219, [5, 20, 15, 38, 17, 19, 39, 41, 25, 26, 27, 28, 51, 62, 53, 54, 23, 45]],
[219, [5, 20, 15, 38, 17, 19, 39, 41, 25, 26, 28, 49, 50, 51, 33, 63, 23, 45]],
[219, [21, 42, 3, 16, 4, 17, 18, 39, 8, 48, 9, 27, 29, 62, 33, 63, 23, 45]],
[219, [21, 42, 3, 16, 4, 17, 18, 39, 8, 48, 9, 29, 49, 50, 53, 54, 23, 45]],
[219, [21, 42, 3, 16, 4, 17, 18, 39, 8, 48, 27, 28, 51, 62, 33, 63, 44, 60]],
[219, [21, 42, 3, 16, 4, 17, 18, 39, 8, 48, 28, 49, 50, 51, 53, 54, 44, 60]],
[219, [21, 42, 3, 16, 4, 17, 18, 39, 25, 26, 9, 27, 29, 62, 53, 54, 23, 45]],
[219, [21, 42, 3, 16, 4, 17, 18, 39, 25, 26, 9, 29, 49, 50, 33, 63, 23, 45]],
[219, [21, 42, 3, 16, 4, 17, 18, 39, 25, 26, 27, 28, 51, 62, 53, 54, 44, 60]],
[219, [21, 42, 3, 16, 4, 17, 18, 39, 25, 26, 28, 49, 50, 51, 33, 63, 44, 60]],
[219, [21, 42, 3, 16, 19, 40, 41, 57, 8, 48, 9, 27, 29, 62, 33, 63, 23, 45]],
[219, [21, 42, 3, 16, 19, 40, 41, 57, 8, 48, 9, 29, 49, 50, 53, 54, 23, 45]],
[219, [21, 42, 3, 16, 19, 40, 41, 57, 8, 48, 27, 28, 51, 62, 33, 63, 44, 60]],
[219, [21, 42, 3, 16, 19, 40, 41, 57, 8, 48, 28, 49, 50, 51, 53, 54, 44, 60]],
[219, [21, 42, 3, 16, 19, 40, 41, 57, 25, 26, 9, 27, 29, 62, 53, 54, 23, 45]],
[219, [21, 42, 3, 16, 19, 40, 41, 57, 25, 26, 9, 29, 49, 50, 33, 63, 23, 45]],
[219, [21, 42, 3, 16, 19, 40, 41, 57, 25, 26, 27, 28, 51, 62, 53, 54, 44, 60]],
[219, [21, 42, 3, 16, 19, 40, 41, 57, 25, 26, 28, 49, 50, 51, 33, 63, 44, 60]],
[219, [21, 42, 15, 38, 4, 17, 18, 39, 8, 48, 9, 27, 29, 62, 33, 63, 44, 60]],
[219, [21, 42, 15, 38, 4, 17, 18, 39, 8, 48, 9, 29, 49, 50, 53, 54, 44, 60]],
[219, [21, 42, 15, 38, 4, 17, 18, 39, 8, 48, 27, 28, 51, 62, 33, 63, 23, 45]],
[219, [21, 42, 15, 38, 4, 17, 18, 39, 8, 48, 28, 49, 50, 51, 53, 54, 23, 45]],
[219, [21, 42, 15, 38, 4, 17, 18, 39, 25, 26, 9, 27, 29, 62, 53, 54, 44, 60]],
[219, [21, 42, 15, 38, 4, 17, 18, 39, 25, 26, 9, 29, 49, 50, 33, 63, 44, 60]],
[219, [21, 42, 15, 38, 4, 17, 18, 39, 25, 26, 27, 28, 51, 62, 53, 54, 23, 45]],
[219, [21, 42, 15, 38, 4, 17, 18, 39, 25, 26, 28, 49, 50, 51, 33, 63, 23, 45]],
[219, [21, 42, 15, 38, 19, 40, 41, 57, 8, 48, 9, 27, 29, 62, 33, 63, 44, 60]],
[219, [21, 42, 15, 38, 19, 40, 41, 57, 8, 48, 9, 29, 49, 50, 53, 54, 44, 60]],
[219, [21, 42, 15, 38, 19, 40, 41, 57, 8, 48, 27, 28, 51, 62, 33, 63, 23, 45]],
[219, [21, 42, 15, 38, 19, 40, 41, 57, 8, 48, 28, 49, 50, 51, 53, 54, 23, 45]],
[219, [21, 42, 15, 38, 19, 40, 41, 57, 25, 26, 9, 27, 29, 62, 53, 54, 44, 60]],
[219, [21, 42, 15, 38, 19, 40, 41, 57, 25, 26, 9, 29, 49, 50, 33, 63, 44, 60]],
[219, [21, 42, 15, 38, 19, 40, 41, 57, 25, 26, 27, 28, 51, 62, 53, 54, 23, 45]],
[219, [21, 42, 15, 38, 19, 40, 41, 57, 25, 26, 28, 49, 50, 51, 33, 63, 23, 45]],
[219, [5, 20, 2, 12, 4, 19, 8, 48, 27, 28, 51, 62, 33, 63, 23, 44, 59, 64]],
[219, [5, 20, 2, 12, 4, 19, 8, 48, 27, 28, 51, 62, 33, 63, 43, 45, 58, 60]],
[219, [5, 20, 2, 12, 4, 19, 8, 48, 28, 49, 50, 51, 53, 54, 23, 44, 59, 64]],
[219, [5, 20, 2, 12, 4, 19, 8, 48, 28, 49, 50, 51, 53, 54, 43, 45, 58, 60]],
[219, [5, 20, 2, 12, 4, 19, 25, 26, 27, 28, 51, 62, 53, 54, 23, 44, 59, 64]],
[219, [5, 20, 2, 12, 4, 19, 25, 26, 27, 28, 51, 62, 53, 54, 43, 45, 58, 60]],
[219, [5, 20, 2, 12, 4, 19, 25, 26, 28, 49, 50, 51, 33, 63, 23, 44, 59, 64]],
[219, [5, 20, 2, 12, 4, 19, 25, 26, 28, 49, 50, 51, 33, 63, 43, 45, 58, 60]],
[219, [5, 20, 2, 12, 18, 41, 8, 48, 9, 27, 29, 62, 33, 63, 23, 44, 59, 64]],
[219, [5, 20, 2, 12, 18, 41, 8, 48, 9, 27, 29, 62, 33, 63, 43, 45, 58, 60]],
[219, [5, 20, 2, 12, 18, 41, 8, 48, 9, 29, 49, 50, 53, 54, 23, 44, 59, 64]],
[219, [5, 20, 2, 12, 18, 41, 8, 48, 9, 29, 49, 50, 53, 54, 43, 45, 58, 60]],
[219, [5, 20, 2, 12, 18, 41, 25, 26, 9, 27, 29, 62, 53, 54, 23, 44, 59, 64]],
[219, [5, 20, 2, 12, 18, 41, 25, 26, 9, 27, 29, 62, 53, 54, 43, 45, 58, 60]],
[219, [5, 20, 2, 12, 18, 41, 25, 26, 9, 29, 49, 50, 33, 63, 23, 44, 59, 64]],
[219, [5, 20, 2, 12, 18, 41, 25, 26, 9, 29, 49, 50, 33, 63, 43, 45, 58, 60]],
[219, [5, 20, 11, 32, 4, 19, 8, 48, 9, 27, 29, 62, 33, 63, 23, 44, 59, 64]],
[219, [5, 20, 11, 32, 4, 19, 8, 48, 9, 27, 29, 62, 33, 63, 43, 45, 58, 60]],
[219, [5, 20, 11, 32, 4, 19, 8, 48, 9, 29, 49, 50, 53, 54, 23, 44, 59, 64]],
[219, [5, 20, 11, 32, 4, 19, 8, 48, 9, 29, 49, 50, 53, 54, 43, 45, 58, 60]],
[219, [5, 20, 11, 32, 4, 19, 25, 26, 9, 27, 29, 62, 53, 54, 23, 44, 59, 64]],
[219, [5, 20, 11, 32, 4, 19, 25, 26, 9, 27, 29, 62, 53, 54, 43, 45, 58, 60]],
[219, [5, 20, 11, 32, 4, 19, 25, 26, 9, 29, 49, 50, 33, 63, 23, 44, 59, 64]],
[219, [5, 20, 11, 32, 4, 19, 25, 26, 9, 29, 49, 50, 33, 63, 43, 45, 58, 60]],
[219, [5, 20, 11, 32, 18, 41, 8, 48, 27, 28, 51, 62, 33, 63, 23, 44, 59, 64]],
[219, [5, 20, 11, 32, 18, 41, 8, 48, 27, 28, 51, 62, 33, 63, 43, 45, 58, 60]],
[219, [5, 20, 11, 32, 18, 41, 8, 48, 28, 49, 50, 51, 53, 54, 23, 44, 59, 64]],
[219, [5, 20, 11, 32, 18, 41, 8, 48, 28, 49, 50, 51, 53, 54, 43, 45, 58, 60]],
[219, [5, 20, 11, 32, 18, 41, 25, 26, 27, 28, 51, 62, 53, 54, 23, 44, 59, 64]],
[219, [5, 20, 11, 32, 18, 41, 25, 26, 27, 28, 51, 62, 53, 54, 43, 45, 58, 60]],
[219, [5, 20, 11, 32, 18, 41, 25, 26, 28, 49, 50, 51, 33, 63, 23, 44, 59, 64]],
[219, [5, 20, 11, 32, 18, 41, 25, 26, 28, 49, 50, 51, 33, 63, 43, 45, 58, 60]],
[219, [21, 42, 2, 12, 4, 19, 8, 48, 27, 28, 51, 62, 33, 63, 23, 43, 44, 58]],
[219, [21, 42, 2, 12, 4, 19, 8, 48, 27, 28, 51, 62, 33, 63, 45, 59, 60, 64]],
[219, [21, 42, 2, 12, 4, 19, 8, 48, 28, 49, 50, 51, 53, 54, 23, 43, 44, 58]],
[219, [21, 42, 2, 12, 4, 19, 8, 48, 28, 49, 50, 51, 53, 54, 45, 59, 60, 64]],
[219, [21, 42, 2, 12, 4, 19, 25, 26, 27, 28, 51, 62, 53, 54, 23, 43, 44, 58]],
[219, [21, 42, 2, 12, 4, 19, 25, 26, 27, 28, 51, 62, 53, 54, 45, 59, 60, 64]],
[219, [21, 42, 2, 12, 4, 19, 25, 26, 28, 49, 50, 51, 33, 63, 23, 43, 44, 58]],
[219, [21, 42, 2, 12, 4, 19, 25, 26, 28, 49, 50, 51, 33, 63, 45, 59, 60, 64]],
[219, [21, 42, 2, 12, 18, 41, 8, 48, 9, 27, 29, 62, 33, 63, 23, 43, 44, 58]],
[219, [21, 42, 2, 12, 18, 41, 8, 48, 9, 27, 29, 62, 33, 63, 45, 59, 60, 64]],
[219, [21, 42, 2, 12, 18, 41, 8, 48, 9, 29, 49, 50, 53, 54, 23, 43, 44, 58]],
[219, [21, 42, 2, 12, 18, 41, 8, 48, 9, 29, 49, 50, 53, 54, 45, 59, 60, 64]],
[219, [21, 42, 2, 12, 18, 41, 25, 26, 9, 27, 29, 62, 53, 54, 23, 43, 44, 58]],
[219, [21, 42, 2, 12, 18, 41, 25, 26, 9, 27, 29, 62, 53, 54, 45, 59, 60, 64]],
[219, [21, 42, 2, 12, 18, 41, 25, 26, 9, 29, 49, 50, 33, 63, 23, 43, 44, 58]],
[219, [21, 42, 2, 12, 18, 41, 25, 26, 9, 29, 49, 50, 33, 63, 45, 59, 60, 64]],
[219, [21, 42, 11, 32, 4, 19, 8, 48, 9, 27, 29, 62, 33, 63, 23, 43, 44, 58]],
[219, [21, 42, 11, 32, 4, 19, 8, 48, 9, 27, 29, 62, 33, 63, 45, 59, 60, 64]],
[219, [21, 42, 11, 32, 4, 19, 8, 48, 9, 29, 49, 50, 53, 54, 23, 43, 44, 58]],
[219, [21, 42, 11, 32, 4, 19, 8, 48, 9, 29, 49, 50, 53, 54, 45, 59, 60, 64]],
[219, [21, 42, 11, 32, 4, 19, 25, 26, 9, 27, 29, 62, 53, 54, 23, 43, 44, 58]],
[219, [21, 42, 11, 32, 4, 19, 25, 26, 9, 27, 29, 62, 53, 54, 45, 59, 60, 64]],
[219, [21, 42, 11, 32, 4, 19, 25, 26, 9, 29, 49, 50, 33, 63, 23, 43, 44, 58]],
[219, [21, 42, 11, 32, 4, 19, 25, 26, 9, 29, 49, 50, 33, 63, 45, 59, 60, 64]],
[219, [21, 42, 11, 32, 18, 41, 8, 48, 27, 28, 51, 62, 33, 63, 23, 43, 44, 58]],
[219, [21, 42, 11, 32, 18, 41, 8, 48, 27, 28, 51, 62, 33, 63, 45, 59, 60, 64]],
[219, [21, 42, 11, 32, 18, 41, 8, 48, 28, 49, 50, 51, 53, 54, 23, 43, 44, 58]],
[219, [21, 42, 11, 32, 18, 41, 8, 48, 28, 49, 50, 51, 53, 54, 45, 59, 60, 64]],
[219, [21, 42, 11, 32, 18, 41, 25, 26, 27, 28, 51, 62, 53, 54, 23, 43, 44, 58]],
[219, [21, 42, 11, 32, 18, 41, 25, 26, 27, 28, 51, 62, 53, 54, 45, 59, 60, 64]],
[219, [21, 42, 11, 32, 18, 41, 25, 26, 28, 49, 50, 51, 33, 63, 23, 43, 44, 58]],
[219, [21, 42, 11, 32, 18, 41, 25, 26, 28, 49, 50, 51, 33, 63, 45, 59, 60, 64]],
[219, [5, 20, 2, 12, 14, 37, 8, 46, 48, 61, 27, 62, 33, 63, 23, 44, 59, 64]],
[219, [5, 20, 2, 12, 14, 37, 8, 46, 48, 61, 27, 62, 33, 63, 43, 45, 58, 60]],
[219, [5, 20, 2, 12, 14, 37, 8, 46, 48, 61, 49, 50, 53, 54, 23, 44, 59, 64]],
[219, [5, 20, 2, 12, 14, 37, 8, 46, 48, 61, 49, 50, 53, 54, 43, 45, 58, 60]],
[219, [5, 20, 2, 12, 14, 37, 25, 26, 46, 61, 27, 62, 53, 54, 23, 44, 59, 64]],
[219, [5, 20, 2, 12, 14, 37, 25, 26, 46, 61, 27, 62, 53, 54, 43, 45, 58, 60]],
[219, [5, 20, 2, 12, 14, 37, 25, 26, 46, 61, 49, 50, 33, 63, 23, 44, 59, 64]],
[219, [5, 20, 2, 12, 14, 37, 25, 26, 46, 61, 49, 50, 33, 63, 43, 45, 58, 60]],
[219, [5, 20, 2, 12, 36, 56, 8, 24, 47, 48, 27, 62, 33, 63, 23, 44, 59, 64]],
[219, [5, 20, 2, 12, 36, 56, 8, 24, 47, 48, 27, 62, 33, 63, 43, 45, 58, 60]],
[219, [5, 20, 2, 12, 36, 56, 8, 24, 47, 48, 49, 50, 53, 54, 23, 44, 59, 64]],
[219, [5, 20, 2, 12, 36, 56, 8, 24, 47, 48, 49, 50, 53, 54, 43, 45, 58, 60]],
[219, [5, 20, 2, 12, 36, 56, 24, 25, 26, 47, 27, 62, 53, 54, 23, 44, 59, 64]],
[219, [5, 20, 2, 12, 36, 56, 24, 25, 26, 47, 27, 62, 53, 54, 43, 45, 58, 60]],
[219, [5, 20, 2, 12, 36, 56, 24, 25, 26, 47, 49, 50, 33, 63, 23, 44, 59, 64]],
[219, [5, 20, 2, 12, 36, 56, 24, 25, 26, 47, 49, 50, 33, 63, 43, 45, 58, 60]],
[219, [5, 20, 11, 32, 14, 37, 8, 24, 47, 48, 27, 62, 33, 63, 23, 44, 59, 64]],
[219, [5, 20, 11, 32, 14, 37, 8, 24, 47, 48, 27, 62, 33, 63, 43, 45, 58, 60]],
[219, [5, 20, 11, 32, 14, 37, 8, 24, 47, 48, 49, 50, 53, 54, 23, 44, 59, 64]],
[219, [5, 20, 11, 32, 14, 37, 8, 24, 47, 48, 49, 50, 53, 54, 43, 45, 58, 60]],
[219, [5, 20, 11, 32, 14, 37, 24, 25, 26, 47, 27, 62, 53, 54, 23, 44, 59, 64]],
[219, [5, 20, 11, 32, 14, 37, 24, 25, 26, 47, 27, 62, 53, 54, 43, 45, 58, 60]],
[219, [5, 20, 11, 32, 14, 37, 24, 25, 26, 47, 49, 50, 33, 63, 23, 44, 59, 64]],
[219, [5, 20, 11, 32, 14, 37, 24, 25, 26, 47, 49, 50, 33, 63, 43, 45, 58, 60]],
[219, [5, 20, 11, 32, 36, 56, 8, 46, 48, 61, 27, 62, 33, 63, 23, 44, 59, 64]],
[219, [5, 20, 11, 32, 36, 56, 8, 46, 48, 61, 27, 62, 33, 63, 43, 45, 58, 60]],
[219, [5, 20, 11, 32, 36, 56, 8, 46, 48, 61, 49, 50, 53, 54, 23, 44, 59, 64]],
[219, [5, 20, 11, 32, 36, 56, 8, 46, 48, 61, 49, 50, 53, 54, 43, 45, 58, 60]],
[219, [5, 20, 11, 32, 36, 56, 25, 26, 46, 61, 27, 62, 53, 54, 23, 44, 59, 64]],
[219, [5, 20, 11, 32, 36, 56, 25, 26, 46, 61, 27, 62, 53, 54, 43, 45, 58, 60]],
[219, [5, 20, 11, 32, 36, 56, 25, 26, 46, 61, 49, 50, 33, 63, 23, 44, 59, 64]],
[219, [5, 20, 11, 32, 36, 56, 25, 26, 46, 61, 49, 50, 33, 63, 43, 45, 58, 60]],
[219, [21, 42, 2, 12, 14, 37, 8, 46, 48, 61, 27, 62, 33, 63, 23, 43, 44, 58]],
[219, [21, 42, 2, 12, 14, 37, 8, 46, 48, 61, 27, 62, 33, 63, 45, 59, 60, 64]],
[219, [21, 42, 2, 12, 14, 37, 8, 46, 48, 61, 49, 50, 53, 54, 23, 43, 44, 58]],
[219, [21, 42, 2, 12, 14, 37, 8, 46, 48, 61, 49, 50, 53, 54, 45, 59, 60, 64]],
[219, [21, 42, 2, 12, 14, 37, 25, 26, 46, 61, 27, 62, 53, 54, 23, 43, 44, 58]],
[219, [21, 42, 2, 12, 14, 37, 25, 26, 46, 61, 27, 62, 53, 54, 45, 59, 60, 64]],
[219, [21, 42, 2, 12, 14, 37, 25, 26, 46, 61, 49, 50, 33, 63, 23, 43, 44, 58]],
[219, [21, 42, 2, 12, 14, 37, 25, 26, 46, 61, 49, 50, 33, 63, 45, 59, 60, 64]],
[219, [21, 42, 2, 12, 36, 56, 8, 24, 47, 48, 27, 62, 33, 63, 23, 43, 44, 58]],
[219, [21, 42, 2, 12, 36, 56, 8, 24, 47, 48, 27, 62, 33, 63, 45, 59, 60, 64]],
[219, [21, 42, 2, 12, 36, 56, 8, 24, 47, 48, 49, 50, 53, 54, 23, 43, 44, 58]],
[219, [21, 42, 2, 12, 36, 56, 8, 24, 47, 48, 49, 50, 53, 54, 45, 59, 60, 64]],
[219, [21, 42, 2, 12, 36, 56, 24, 25, 26, 47, 27, 62, 53, 54, 23, 43, 44, 58]],
[219, [21, 42, 2, 12, 36, 56, 24, 25, 26, 47, 27, 62, 53, 54, 45, 59, 60, 64]],
[219, [21, 42, 2, 12, 36, 56, 24, 25, 26, 47, 49, 50, 33, 63, 23, 43, 44, 58]],
[219, [21, 42, 2, 12, 36, 56, 24, 25, 26, 47, 49, 50, 33, 63, 45, 59, 60, 64]],
[219, [21, 42, 11, 32, 14, 37, 8, 24, 47, 48, 27, 62, 33, 63, 23, 43, 44, 58]],
[219, [21, 42, 11, 32, 14, 37, 8, 24, 47, 48, 27, 62, 33, 63, 45, 59, 60, 64]],
[219, [21, 42, 11, 32, 14, 37, 8, 24, 47, 48, 49, 50, 53, 54, 23, 43, 44, 58]],
[219, [21, 42, 11, 32, 14, 37, 8, 24, 47, 48, 49, 50, 53, 54, 45, 59, 60, 64]],
[219, [21, 42, 11, 32, 14, 37, 24, 25, 26, 47, 27, 62, 53, 54, 23, 43, 44, 58]],
[219, [21, 42, 11, 32, 14, 37, 24, 25, 26, 47, 27, 62, 53, 54, 45, 59, 60, 64]],
[219, [21, 42, 11, 32, 14, 37, 24, 25, 26, 47, 49, 50, 33, 63, 23, 43, 44, 58]],
[219, [21, 42, 11, 32, 14, 37, 24, 25, 26, 47, 49, 50, 33, 63, 45, 59, 60, 64]],
[219, [21, 42, 11, 32, 36, 56, 8, 46, 48, 61, 27, 62, 33, 63, 23, 43, 44, 58]],
[219, [21, 42, 11, 32, 36, 56, 8, 46, 48, 61, 27, 62, 33, 63, 45, 59, 60, 64]],
[219, [21, 42, 11, 32, 36, 56, 8, 46, 48, 61, 49, 50, 53, 54, 23, 43, 44, 58]],
[219, [21, 42, 11, 32, 36, 56, 8, 46, 48, 61, 49, 50, 53, 54, 45, 59, 60, 64]],
[219, [21, 42, 11, 32, 36, 56, 25, 26, 46, 61, 27, 62, 53, 54, 23, 43, 44, 58]],
[219, [21, 42, 11, 32, 36, 56, 25, 26, 46, 61, 27, 62, 53, 54, 45, 59, 60, 64]],
[219, [21, 42, 11, 32, 36, 56, 25, 26, 46, 61, 49, 50, 33, 63, 23, 43, 44, 58]],
[219, [21, 42, 11, 32, 36, 56, 25, 26, 46, 61, 49, 50, 33, 63, 45, 59, 60, 64]],
[219, [5, 20, 2, 12, 14, 37, 4, 18, 40, 57, 8, 46, 48, 61, 27, 62, 33, 63]],
[219, [5, 20, 2, 12, 14, 37, 4, 18, 40, 57, 8, 46, 48, 61, 49, 50, 53, 54]],
[219, [5, 20, 2, 12, 14, 37, 4, 18, 40, 57, 25, 26, 46, 61, 27, 62, 53, 54]],
[219, [5, 20, 2, 12, 14, 37, 4, 18, 40, 57, 25, 26, 46, 61, 49, 50, 33, 63]],
[219, [5, 20, 2, 12, 14, 37, 17, 19, 39, 41, 8, 46, 48, 61, 27, 62, 33, 63]],
[219, [5, 20, 2, 12, 14, 37, 17, 19, 39, 41, 8, 46, 48, 61, 49, 50, 53, 54]],
[219, [5, 20, 2, 12, 14, 37, 17, 19, 39, 41, 25, 26, 46, 61, 27, 62, 53, 54]],
[219, [5, 20, 2, 12, 14, 37, 17, 19, 39, 41, 25, 26, 46, 61, 49, 50, 33, 63]],
[219, [5, 20, 2, 12, 36, 56, 4, 18, 40, 57, 8, 24, 47, 48, 27, 62, 33, 63]],
[219, [5, 20, 2, 12, 36, 56, 4, 18, 40, 57, 8, 24, 47, 48, 49, 50, 53, 54]],
[219, [5, 20, 2, 12, 36, 56, 4, 18, 40, 57, 24, 25, 26, 47, 27, 62, 53, 54]],
[219, [5, 20, 2, 12, 36, 56, 4, 18, 40, 57, 24, 25, 26, 47, 49, 50, 33, 63]],
[219, [5, 20, 2, 12, 36, 56, 17, 19, 39, 41, 8, 24, 47, 48, 27, 62, 33, 63]],
[219, [5, 20, 2, 12, 36, 56, 17, 19, 39, 41, 8, 24, 47, 48, 49, 50, 53, 54]],
[219, [5, 20, 2, 12, 36, 56, 17, 19, 39, 41, 24, 25, 26, 47, 27, 62, 53, 54]],
[219, [5, 20, 2, 12, 36, 56, 17, 19, 39, 41, 24, 25, 26, 47, 49, 50, 33, 63]],
[219, [5, 20, 11, 32, 14, 37, 4, 18, 40, 57, 8, 24, 47, 48, 27, 62, 33, 63]],
[219, [5, 20, 11, 32, 14, 37, 4, 18, 40, 57, 8, 24, 47, 48, 49, 50, 53, 54]],
[219, [5, 20, 11, 32, 14, 37, 4, 18, 40, 57, 24, 25, 26, 47, 27, 62, 53, 54]],
[219, [5, 20, 11, 32, 14, 37, 4, 18, 40, 57, 24, 25, 26, 47, 49, 50, 33, 63]],
[219, [5, 20, 11, 32, 14, 37, 17, 19, 39, 41, 8, 24, 47, 48, 27, 62, 33, 63]],
[219, [5, 20, 11, 32, 14, 37, 17, 19, 39, 41, 8, 24, 47, 48, 49, 50, 53, 54]],
[219, [5, 20, 11, 32, 14, 37, 17, 19, 39, 41, 24, 25, 26, 47, 27, 62, 53, 54]],
[219, [5, 20, 11, 32, 14, 37, 17, 19, 39, 41, 24, 25, 26, 47, 49, 50, 33, 63]],
[219, [5, 20, 11, 32, 36, 56, 4, 18, 40, 57, 8, 46, 48, 61, 27, 62, 33, 63]],
[219, [5, 20, 11, 32, 36, 56, 4, 18, 40, 57, 8, 46, 48, 61, 49, 50, 53, 54]],
[219, [5, 20, 11, 32, 36, 56, 4, 18, 40, 57, 25, 26, 46, 61, 27, 62, 53, 54]],
[219, [5, 20, 11, 32, 36, 56, 4, 18, 40, 57, 25, 26, 46, 61, 49, 50, 33, 63]],
[219, [5, 20, 11, 32, 36, 56, 17, 19, 39, 41, 8, 46, 48, 61, 27, 62, 33, 63]],
[219, [5, 20, 11, 32, 36, 56, 17, 19, 39, 41, 8, 46, 48, 61, 49, 50, 53, 54]],
[219, [5, 20, 11, 32, 36, 56, 17, 19, 39, 41, 25, 26, 46, 61, 27, 62, 53, 54]],
[219, [5, 20, 11, 32, 36, 56, 17, 19, 39, 41, 25, 26, 46, 61, 49, 50, 33, 63]],
[219, [21, 42, 2, 12, 14, 37, 4, 17, 18, 39, 8, 46, 48, 61, 27, 62, 33, 63]],
[219, [21, 42, 2, 12, 14, 37, 4, 17, 18, 39, 8, 46, 48, 61, 49, 50, 53, 54]],
[219, [21, 42, 2, 12, 14, 37, 4, 17, 18, 39, 25, 26, 46, 61, 27, 62, 53, 54]],
[219, [21, 42, 2, 12, 14, 37, 4, 17, 18, 39, 25, 26, 46, 61, 49, 50, 33, 63]],
[219, [21, 42, 2, 12, 14, 37, 19, 40, 41, 57, 8, 46, 48, 61, 27, 62, 33, 63]],
[219, [21, 42, 2, 12, 14, 37, 19, 40, 41, 57, 8, 46, 48, 61, 49, 50, 53, 54]],
[219, [21, 42, 2, 12, 14, 37, 19, 40, 41, 57, 25, 26, 46, 61, 27, 62, 53, 54]],
[219, [21, 42, 2, 12, 14, 37, 19, 40, 41, 57, 25, 26, 46, 61, 49, 50, 33, 63]],
[219, [21, 42, 2, 12, 36, 56, 4, 17, 18, 39, 8, 24, 47, 48, 27, 62, 33, 63]],
[219, [21, 42, 2, 12, 36, 56, 4, 17, 18, 39, 8, 24, 47, 48, 49, 50, 53, 54]],
[219, [21, 42, 2, 12, 36, 56, 4, 17, 18, 39, 24, 25, 26, 47, 27, 62, 53, 54]],
[219, [21, 42, 2, 12, 36, 56, 4, 17, 18, 39, 24, 25, 26, 47, 49, 50, 33, 63]],
[219, [21, 42, 2, 12, 36, 56, 19, 40, 41, 57, 8, 24, 47, 48, 27, 62, 33, 63]],
[219, [21, 42, 2, 12, 36, 56, 19, 40, 41, 57, 8, 24, 47, 48, 49, 50, 53, 54]],
[219, [21, 42, 2, 12, 36, 56, 19, 40, 41, 57, 24, 25, 26, 47, 27, 62, 53, 54]],
[219, [21, 42, 2, 12, 36, 56, 19, 40, 41, 57, 24, 25, 26, 47, 49, 50, 33, 63]],
[219, [21, 42, 11, 32, 14, 37, 4, 17, 18, 39, 8, 24, 47, 48, 27, 62, 33, 63]],
[219, [21, 42, 11, 32, 14, 37, 4, 17, 18, 39, 8, 24, 47, 48, 49, 50, 53, 54]],
[219, [21, 42, 11, 32, 14, 37, 4, 17, 18, 39, 24, 25, 26, 47, 27, 62, 53, 54]],
[219, [21, 42, 11, 32, 14, 37, 4, 17, 18, 39, 24, 25, 26, 47, 49, 50, 33, 63]],
[219, [21, 42, 11, 32, 14, 37, 19, 40, 41, 57, 8, 24, 47, 48, 27, 62, 33, 63]],
[219, [21, 42, 11, 32, 14, 37, 19, 40, 41, 57, 8, 24, 47, 48, 49, 50, 53, 54]],
[219, [21, 42, 11, 32, 14, 37, 19, 40, 41, 57, 24, 25, 26, 47, 27, 62, 53, 54]],
[219, [21, 42, 11, 32, 14, 37, 19, 40, 41, 57, 24, 25, 26, 47, 49, 50, 33, 63]],
[219, [21, 42, 11, 32, 36, 56, 4, 17, 18, 39, 8, 46, 48, 61, 27, 62, 33, 63]],
[219, [21, 42, 11, 32, 36, 56, 4, 17, 18, 39, 8, 46, 48, 61, 49, 50, 53, 54]],
[219, [21, 42, 11, 32, 36, 56, 4, 17, 18, 39, 25, 26, 46, 61, 27, 62, 53, 54]],
[219, [21, 42, 11, 32, 36, 56, 4, 17, 18, 39, 25, 26, 46, 61, 49, 50, 33, 63]],
[219, [21, 42, 11, 32, 36, 56, 19, 40, 41, 57, 8, 46, 48, 61, 27, 62, 33, 63]],
[219, [21, 42, 11, 32, 36, 56, 19, 40, 41, 57, 8, 46, 48, 61, 49, 50, 53, 54]],
[219, [21, 42, 11, 32, 36, 56, 19, 40, 41, 57, 25, 26, 46, 61, 27, 62, 53, 54]],
[219, [21, 42, 11, 32, 36, 56, 19, 40, 41, 57, 25, 26, 46, 61, 49, 50, 33, 63]],
[219, [5, 20, 2, 11, 31, 52, 17, 40, 8, 24, 47, 48, 27, 62, 33, 63, 44, 60]],
[219, [5, 20, 2, 11, 31, 52, 17, 40, 8, 24, 47, 48, 49, 50, 53, 54, 44, 60]],
[219, [5, 20, 2, 11, 31, 52, 17, 40, 8, 46, 48, 61, 27, 62, 33, 63, 23, 45]],
[219, [5, 20, 2, 11, 31, 52, 17, 40, 8, 46, 48, 61, 49, 50, 53, 54, 23, 45]],
[219, [5, 20, 2, 11, 31, 52, 17, 40, 24, 25, 26, 47, 27, 62, 53, 54, 44, 60]],
[219, [5, 20, 2, 11, 31, 52, 17, 40, 24, 25, 26, 47, 49, 50, 33, 63, 44, 60]],
[219, [5, 20, 2, 11, 31, 52, 17, 40, 25, 26, 46, 61, 27, 62, 53, 54, 23, 45]],
[219, [5, 20, 2, 11, 31, 52, 17, 40, 25, 26, 46, 61, 49, 50, 33, 63, 23, 45]],
[219, [5, 20, 2, 11, 31, 52, 39, 57, 8, 24, 47, 48, 27, 62, 33, 63, 23, 45]],
[219, [5, 20, 2, 11, 31, 52, 39, 57, 8, 24, 47, 48, 49, 50, 53, 54, 23, 45]],
[219, [5, 20, 2, 11, 31, 52, 39, 57, 8, 46, 48, 61, 27, 62, 33, 63, 44, 60]],
[219, [5, 20, 2, 11, 31, 52, 39, 57, 8, 46, 48, 61, 49, 50, 53, 54, 44, 60]],
[219, [5, 20, 2, 11, 31, 52, 39, 57, 24, 25, 26, 47, 27, 62, 53, 54, 23, 45]],
[219, [5, 20, 2, 11, 31, 52, 39, 57, 24, 25, 26, 47, 49, 50, 33, 63, 23, 45]],
[219, [5, 20, 2, 11, 31, 52, 39, 57, 25, 26, 46, 61, 27, 62, 53, 54, 44, 60]],
[219, [5, 20, 2, 11, 31, 52, 39, 57, 25, 26, 46, 61, 49, 50, 33, 63, 44, 60]],
[219, [5, 20, 10, 12, 30, 32, 17, 40, 8, 24, 47, 48, 27, 62, 33, 63, 44, 60]],
[219, [5, 20, 10, 12, 30, 32, 17, 40, 8, 24, 47, 48, 49, 50, 53, 54, 44, 60]],
[219, [5, 20, 10, 12, 30, 32, 17, 40, 8, 46, 48, 61, 27, 62, 33, 63, 23, 45]],
[219, [5, 20, 10, 12, 30, 32, 17, 40, 8, 46, 48, 61, 49, 50, 53, 54, 23, 45]],
[219, [5, 20, 10, 12, 30, 32, 17, 40, 24, 25, 26, 47, 27, 62, 53, 54, 44, 60]],
[219, [5, 20, 10, 12, 30, 32, 17, 40, 24, 25, 26, 47, 49, 50, 33, 63, 44, 60]],
[219, [5, 20, 10, 12, 30, 32, 17, 40, 25, 26, 46, 61, 27, 62, 53, 54, 23, 45]],
[219, [5, 20, 10, 12, 30, 32, 17, 40, 25, 26, 46, 61, 49, 50, 33, 63, 23, 45]],
[219, [5, 20, 10, 12, 30, 32, 39, 57, 8, 24, 47, 48, 27, 62, 33, 63, 23, 45]],
[219, [5, 20, 10, 12, 30, 32, 39, 57, 8, 24, 47, 48, 49, 50, 53, 54, 23, 45]],
[219, [5, 20, 10, 12, 30, 32, 39, 57, 8, 46, 48, 61, 27, 62, 33, 63, 44, 60]],
[219, [5, 20, 10, 12, 30, 32, 39, 57, 8, 46, 48, 61, 49, 50, 53, 54, 44, 60]],
[219, [5, 20, 10, 12, 30, 32, 39, 57, 24, 25, 26, 47, 27, 62, 53, 54, 23, 45]],
[219, [5, 20, 10, 12, 30, 32, 39, 57, 24, 25, 26, 47, 49, 50, 33, 63, 23, 45]],
[219, [5, 20, 10, 12, 30, 32, 39, 57, 25, 26, 46, 61, 27, 62, 53, 54, 44, 60]],
[219, [5, 20, 10, 12, 30, 32, 39, 57, 25, 26, 46, 61, 49, 50, 33, 63, 44, 60]],
[219, [21, 42, 2, 10, 11, 30, 17, 40, 8, 24, 47, 48, 27, 62, 33, 63, 44, 60]],
[219, [21, 42, 2, 10, 11, 30, 17, 40, 8, 24, 47, 48, 49, 50, 53, 54, 44, 60]],
[219, [21, 42, 2, 10, 11, 30, 17, 40, 8, 46, 48, 61, 27, 62, 33, 63, 23, 45]],
[219, [21, 42, 2, 10, 11, 30, 17, 40, 8, 46, 48, 61, 49, 50, 53, 54, 23, 45]],
[219, [21, 42, 2, 10, 11, 30, 17, 40, 24, 25, 26, 47, 27, 62, 53, 54, 44, 60]],
[219, [21, 42, 2, 10, 11, 30, 17, 40, 24, 25, 26, 47, 49, 50, 33, 63, 44, 60]],
[219, [21, 42, 2, 10, 11, 30, 17, 40, 25, 26, 46, 61, 27, 62, 53, 54, 23, 45]],
[219, [21, 42, 2, 10, 11, 30, 17, 40, 25, 26, 46, 61, 49, 50, 33, 63, 23, 45]],
[219, [21, 42, 2, 10, 11, 30, 39, 57, 8, 24, 47, 48, 27, 62, 33, 63, 23, 45]],
[219, [21, 42, 2, 10, 11, 30, 39, 57, 8, 24, 47, 48, 49, 50, 53, 54, 23, 45]],
[219, [21, 42, 2, 10, 11, 30, 39, 57, 8, 46, 48, 61, 27, 62, 33, 63, 44, 60]],
[219, [21, 42, 2, 10, 11, 30, 39, 57, 8, 46, 48, 61, 49, 50, 53, 54, 44, 60]],
[219, [21, 42, 2, 10, 11, 30, 39, 57, 24, 25, 26, 47, 27, 62, 53, 54, 23, 45]],
[219, [21, 42, 2, 10, 11, 30, 39, 57, 24, 25, 26, 47, 49, 50, 33, 63, 23, 45]],
[219, [21, 42, 2, 10, 11, 30, 39, 57, 25, 26, 46, 61, 27, 62, 53, 54, 44, 60]],
[219, [21, 42, 2, 10, 11, 30, 39, 57, 25, 26, 46, 61, 49, 50, 33, 63, 44, 60]],
[219, [21, 42, 12, 31, 32, 52, 17, 40, 8, 24, 47, 48, 27, 62, 33, 63, 44, 60]],
[219, [21, 42, 12, 31, 32, 52, 17, 40, 8, 24, 47, 48, 49, 50, 53, 54, 44, 60]],
[219, [21, 42, 12, 31, 32, 52, 17, 40, 8, 46, 48, 61, 27, 62, 33, 63, 23, 45]],
[219, [21, 42, 12, 31, 32, 52, 17, 40, 8, 46, 48, 61, 49, 50, 53, 54, 23, 45]],
[219, [21, 42, 12, 31, 32, 52, 17, 40, 24, 25, 26, 47, 27, 62, 53, 54, 44, 60]],
[219, [21, 42, 12, 31, 32, 52, 17, 40, 24, 25, 26, 47, 49, 50, 33, 63, 44, 60]],
[219, [21, 42, 12, 31, 32, 52, 17, 40, 25, 26, 46, 61, 27, 62, 53, 54, 23, 45]],
[219, [21, 42, 12, 31, 32, 52, 17, 40, 25, 26, 46, 61, 49, 50, 33, 63, 23, 45]],
[219, [21, 42, 12, 31, 32, 52, 39, 57, 8, 24, 47, 48, 27, 62, 33, 63, 23, 45]],
[219, [21, 42, 12, 31, 32, 52, 39, 57, 8, 24, 47, 48, 49, 50, 53, 54, 23, 45]],
[219, [21, 42, 12, 31, 32, 52, 39, 57, 8, 46, 48, 61, 27, 62, 33, 63, 44, 60]],
[219, [21, 42, 12, 31, 32, 52, 39, 57, 8, 46, 48, 61, 49, 50, 53, 54, 44, 60]],
[219, [21, 42, 12, 31, 32, 52, 39, 57, 24, 25, 26, 47, 27, 62, 53, 54, 23, 45]],
[219, [21, 42, 12, 31, 32, 52, 39, 57, 24, 25, 26, 47, 49, 50, 33, 63, 23, 45]],
[219, [21, 42, 12, 31, 32, 52, 39, 57, 25, 26, 46, 61, 27, 62, 53, 54, 44, 60]],
[219, [21, 42, 12, 31, 32, 52, 39, 57, 25, 26, 46, 61, 49, 50, 33, 63, 44, 60]],
[219, [5, 20, 2, 11, 31, 52, 3, 16, 8, 48, 9, 27, 29, 62, 33, 63, 23, 45]],
[219, [5, 20, 2, 11, 31, 52, 3, 16, 8, 48, 9, 29, 49, 50, 53, 54, 23, 45]],
[219, [5, 20, 2, 11, 31, 52, 3, 16, 8, 48, 27, 28, 51, 62, 33, 63, 44, 60]],
[219, [5, 20, 2, 11, 31, 52, 3, 16, 8, 48, 28, 49, 50, 51, 53, 54, 44, 60]],
[219, [5, 20, 2, 11, 31, 52, 3, 16, 25, 26, 9, 27, 29, 62, 53, 54, 23, 45]],
[219, [5, 20, 2, 11, 31, 52, 3, 16, 25, 26, 9, 29, 49, 50, 33, 63, 23, 45]],
[219, [5, 20, 2, 11, 31, 52, 3, 16, 25, 26, 27, 28, 51, 62, 53, 54, 44, 60]],
[219, [5, 20, 2, 11, 31, 52, 3, 16, 25, 26, 28, 49, 50, 51, 33, 63, 44, 60]],
[219, [5, 20, 2, 11, 31, 52, 15, 38, 8, 48, 9, 27, 29, 62, 33, 63, 44, 60]],
[219, [5, 20, 2, 11, 31, 52, 15, 38, 8, 48, 9, 29, 49, 50, 53, 54, 44, 60]],
[219, [5, 20, 2, 11, 31, 52, 15, 38, 8, 48, 27, 28, 51, 62, 33, 63, 23, 45]],
[219, [5, 20, 2, 11, 31, 52, 15, 38, 8, 48, 28, 49, 50, 51, 53, 54, 23, 45]],
[219, [5, 20, 2, 11, 31, 52, 15, 38, 25, 26, 9, 27, 29, 62, 53, 54, 44, 60]],
[219, [5, 20, 2, 11, 31, 52, 15, 38, 25, 26, 9, 29, 49, 50, 33, 63, 44, 60]],
[219, [5, 20, 2, 11, 31, 52, 15, 38, 25, 26, 27, 28, 51, 62, 53, 54, 23, 45]],
[219, [5, 20, 2, 11, 31, 52, 15, 38, 25, 26, 28, 49, 50, 51, 33, 63, 23, 45]],
[219, [5, 20, 10, 12, 30, 32, 3, 16, 8, 48, 9, 27, 29, 62, 33, 63, 23, 45]],
[219, [5, 20, 10, 12, 30, 32, 3, 16, 8, 48, 9, 29, 49, 50, 53, 54, 23, 45]],
[219, [5, 20, 10, 12, 30, 32, 3, 16, 8, 48, 27, 28, 51, 62, 33, 63, 44, 60]],
[219, [5, 20, 10, 12, 30, 32, 3, 16, 8, 48, 28, 49, 50, 51, 53, 54, 44, 60]],
[219, [5, 20, 10, 12, 30, 32, 3, 16, 25, 26, 9, 27, 29, 62, 53, 54, 23, 45]],
[219, [5, 20, 10, 12, 30, 32, 3, 16, 25, 26, 9, 29, 49, 50, 33, 63, 23, 45]],
[219, [5, 20, 10, 12, 30, 32, 3, 16, 25, 26, 27, 28, 51, 62, 53, 54, 44, 60]],
[219, [5, 20, 10, 12, 30, 32, 3, 16, 25, 26, 28, 49, 50, 51, 33, 63, 44, 60]],
[219, [5, 20, 10, 12, 30, 32, 15, 38, 8, 48, 9, 27, 29, 62, 33, 63, 44, 60]],
[219, [5, 20, 10, 12, 30, 32, 15, 38, 8, 48, 9, 29, 49, 50, 53, 54, 44, 60]],
[219, [5, 20, 10, 12, 30, 32, 15, 38, 8, 48, 27, 28, 51, 62, 33, 63, 23, 45]],
[219, [5, 20, 10, 12, 30, 32, 15, 38, 8, 48, 28, 49, 50, 51, 53, 54, 23, 45]],
[219, [5, 20, 10, 12, 30, 32, 15, 38, 25, 26, 9, 27, 29, 62, 53, 54, 44, 60]],
[219, [5, 20, 10, 12, 30, 32, 15, 38, 25, 26, 9, 29, 49, 50, 33, 63, 44, 60]],
[219, [5, 20, 10, 12, 30, 32, 15, 38, 25, 26, 27, 28, 51, 62, 53, 54, 23, 45]],
[219, [5, 20, 10, 12, 30, 32, 15, 38, 25, 26, 28, 49, 50, 51, 33, 63, 23, 45]],
[219, [21, 42, 2, 10, 11, 30, 3, 16, 8, 48, 9, 27, 29, 62, 33, 63, 23, 45]],
[219, [21, 42, 2, 10, 11, 30, 3, 16, 8, 48, 9, 29, 49, 50, 53, 54, 23, 45]],
[219, [21, 42, 2, 10, 11, 30, 3, 16, 8, 48, 27, 28, 51, 62, 33, 63, 44, 60]],
[219, [21, 42, 2, 10, 11, 30, 3, 16, 8, 48, 28, 49, 50, 51, 53, 54, 44, 60]],
[219, [21, 42, 2, 10, 11, 30, 3, 16, 25, 26, 9, 27, 29, 62, 53, 54, 23, 45]],
[219, [21, 42, 2, 10, 11, 30, 3, 16, 25, 26, 9, 29, 49, 50, 33, 63, 23, 45]],
[219, [21, 42, 2, 10, 11, 30, 3, 16, 25, 26, 27, 28, 51, 62, 53, 54, 44, 60]],
[219, [21, 42, 2, 10, 11, 30, 3, 16, 25, 26, 28, 49, 50, 51, 33, 63, 44, 60]],
[219, [21, 42, 2, 10, 11, 30, 15, 38, 8, 48, 9, 27, 29, 62, 33, 63, 44, 60]],
[219, [21, 42, 2, 10, 11, 30, 15, 38, 8, 48, 9, 29, 49, 50, 53, 54, 44, 60]],
[219, [21, 42, 2, 10, 11, 30, 15, 38, 8, 48, 27, 28, 51, 62, 33, 63, 23, 45]],
[219, [21, 42, 2, 10, 11, 30, 15, 38, 8, 48, 28, 49, 50, 51, 53, 54, 23, 45]],
[219, [21, 42, 2, 10, 11, 30, 15, 38, 25, 26, 9, 27, 29, 62, 53, 54, 44, 60]],
[219, [21, 42, 2, 10, 11, 30, 15, 38, 25, 26, 9, 29, 49, 50, 33, 63, 44, 60]],
[219, [21, 42, 2, 10, 11, 30, 15, 38, 25, 26, 27, 28, 51, 62, 53, 54, 23, 45]],
[219, [21, 42, 2, 10, 11, 30, 15, 38, 25, 26, 28, 49, 50, 51, 33, 63, 23, 45]],
[219, [21, 42, 12, 31, 32, 52, 3, 16, 8, 48, 9, 27, 29, 62, 33, 63, 23, 45]],
[219, [21, 42, 12, 31, 32, 52, 3, 16, 8, 48, 9, 29, 49, 50, 53, 54, 23, 45]],
[219, [21, 42, 12, 31, 32, 52, 3, 16, 8, 48, 27, 28, 51, 62, 33, 63, 44, 60]],
[219, [21, 42, 12, 31, 32, 52, 3, 16, 8, 48, 28, 49, 50, 51, 53, 54, 44, 60]],
[219, [21, 42, 12, 31, 32, 52, 3, 16, 25, 26, 9, 27, 29, 62, 53, 54, 23, 45]],
[219, [21, 42, 12, 31, 32, 52, 3, 16, 25, 26, 9, 29, 49, 50, 33, 63, 23, 45]],
[219, [21, 42, 12, 31, 32, 52, 3, 16, 25, 26, 27, 28, 51, 62, 53, 54, 44, 60]],
[219, [21, 42, 12, 31, 32, 52, 3, 16, 25, 26, 28, 49, 50, 51, 33, 63, 44, 60]],
[219, [21, 42, 12, 31, 32, 52, 15, 38, 8, 48, 9, 27, 29, 62, 33, 63, 44, 60]],
[219, [21, 42, 12, 31, 32, 52, 15, 38, 8, 48, 9, 29, 49, 50, 53, 54, 44, 60]],
[219, [21, 42, 12, 31, 32, 52, 15, 38, 8, 48, 27, 28, 51, 62, 33, 63, 23, 45]],
[219, [21, 42, 12, 31, 32, 52, 15, 38, 8, 48, 28, 49, 50, 51, 53, 54, 23, 45]],
[219, [21, 42, 12, 31, 32, 52, 15, 38, 25, 26, 9, 27, 29, 62, 53, 54, 44, 60]],
[219, [21, 42, 12, 31, 32, 52, 15, 38, 25, 26, 9, 29, 49, 50, 33, 63, 44, 60]],
[219, [21, 42, 12, 31, 32, 52, 15, 38, 25, 26, 27, 28, 51, 62, 53, 54, 23, 45]],
[219, [21, 42, 12, 31, 32, 52, 15, 38, 25, 26, 28, 49, 50, 51, 33, 63, 23, 45]]];
