pds_list := [[240, [5, 20, 3, 38, 4, 19, 8, 26, 27, 62, 13, 34, 54, 63, 43, 44, 60, 64]],
[240, [5, 20, 3, 38, 4, 19, 8, 26, 27, 62, 33, 35, 53, 55, 43, 44, 60, 64]],
[240, [5, 20, 3, 38, 4, 19, 8, 26, 49, 50, 13, 34, 54, 63, 44, 58, 59, 60]],
[240, [5, 20, 3, 38, 4, 19, 8, 26, 49, 50, 33, 35, 53, 55, 44, 58, 59, 60]],
[240, [5, 20, 3, 38, 4, 19, 25, 48, 27, 62, 13, 34, 54, 63, 23, 43, 45, 64]],
[240, [5, 20, 3, 38, 4, 19, 25, 48, 27, 62, 33, 35, 53, 55, 23, 43, 45, 64]],
[240, [5, 20, 3, 38, 4, 19, 25, 48, 49, 50, 13, 34, 54, 63, 23, 45, 58, 59]],
[240, [5, 20, 3, 38, 4, 19, 25, 48, 49, 50, 33, 35, 53, 55, 23, 45, 58, 59]],
[240, [5, 20, 3, 38, 18, 41, 8, 26, 27, 62, 13, 34, 54, 63, 23, 43, 45, 64]],
[240, [5, 20, 3, 38, 18, 41, 8, 26, 27, 62, 33, 35, 53, 55, 23, 43, 45, 64]],
[240, [5, 20, 3, 38, 18, 41, 8, 26, 49, 50, 13, 34, 54, 63, 23, 45, 58, 59]],
[240, [5, 20, 3, 38, 18, 41, 8, 26, 49, 50, 33, 35, 53, 55, 23, 45, 58, 59]],
[240, [5, 20, 3, 38, 18, 41, 25, 48, 27, 62, 13, 34, 54, 63, 43, 44, 60, 64]],
[240, [5, 20, 3, 38, 18, 41, 25, 48, 27, 62, 33, 35, 53, 55, 43, 44, 60, 64]],
[240, [5, 20, 3, 38, 18, 41, 25, 48, 49, 50, 13, 34, 54, 63, 44, 58, 59, 60]],
[240, [5, 20, 3, 38, 18, 41, 25, 48, 49, 50, 33, 35, 53, 55, 44, 58, 59, 60]],
[240, [5, 20, 14, 56, 4, 19, 24, 47, 27, 62, 13, 34, 54, 63, 44, 45, 58, 64]],
[240, [5, 20, 14, 56, 4, 19, 24, 47, 27, 62, 33, 35, 53, 55, 44, 45, 58, 64]],
[240, [5, 20, 14, 56, 4, 19, 24, 47, 49, 50, 13, 34, 54, 63, 23, 58, 60, 64]],
[240, [5, 20, 14, 56, 4, 19, 24, 47, 49, 50, 33, 35, 53, 55, 23, 58, 60, 64]],
[240, [5, 20, 14, 56, 4, 19, 46, 61, 27, 62, 13, 34, 54, 63, 43, 44, 45, 59]],
[240, [5, 20, 14, 56, 4, 19, 46, 61, 27, 62, 33, 35, 53, 55, 43, 44, 45, 59]],
[240, [5, 20, 14, 56, 4, 19, 46, 61, 49, 50, 13, 34, 54, 63, 23, 43, 59, 60]],
[240, [5, 20, 14, 56, 4, 19, 46, 61, 49, 50, 33, 35, 53, 55, 23, 43, 59, 60]],
[240, [5, 20, 14, 56, 18, 41, 24, 47, 27, 62, 13, 34, 54, 63, 43, 44, 45, 59]],
[240, [5, 20, 14, 56, 18, 41, 24, 47, 27, 62, 33, 35, 53, 55, 43, 44, 45, 59]],
[240, [5, 20, 14, 56, 18, 41, 24, 47, 49, 50, 13, 34, 54, 63, 23, 43, 59, 60]],
[240, [5, 20, 14, 56, 18, 41, 24, 47, 49, 50, 33, 35, 53, 55, 23, 43, 59, 60]],
[240, [5, 20, 14, 56, 18, 41, 46, 61, 27, 62, 13, 34, 54, 63, 44, 45, 58, 64]],
[240, [5, 20, 14, 56, 18, 41, 46, 61, 27, 62, 33, 35, 53, 55, 44, 45, 58, 64]],
[240, [5, 20, 14, 56, 18, 41, 46, 61, 49, 50, 13, 34, 54, 63, 23, 58, 60, 64]],
[240, [5, 20, 14, 56, 18, 41, 46, 61, 49, 50, 33, 35, 53, 55, 23, 58, 60, 64]],
[240, [5, 20, 15, 16, 4, 19, 8, 26, 27, 62, 13, 34, 54, 63, 44, 58, 59, 60]],
[240, [5, 20, 15, 16, 4, 19, 8, 26, 27, 62, 33, 35, 53, 55, 44, 58, 59, 60]],
[240, [5, 20, 15, 16, 4, 19, 8, 26, 49, 50, 13, 34, 54, 63, 43, 44, 60, 64]],
[240, [5, 20, 15, 16, 4, 19, 8, 26, 49, 50, 33, 35, 53, 55, 43, 44, 60, 64]],
[240, [5, 20, 15, 16, 4, 19, 25, 48, 27, 62, 13, 34, 54, 63, 23, 45, 58, 59]],
[240, [5, 20, 15, 16, 4, 19, 25, 48, 27, 62, 33, 35, 53, 55, 23, 45, 58, 59]],
[240, [5, 20, 15, 16, 4, 19, 25, 48, 49, 50, 13, 34, 54, 63, 23, 43, 45, 64]],
[240, [5, 20, 15, 16, 4, 19, 25, 48, 49, 50, 33, 35, 53, 55, 23, 43, 45, 64]],
[240, [5, 20, 15, 16, 18, 41, 8, 26, 27, 62, 13, 34, 54, 63, 23, 45, 58, 59]],
[240, [5, 20, 15, 16, 18, 41, 8, 26, 27, 62, 33, 35, 53, 55, 23, 45, 58, 59]],
[240, [5, 20, 15, 16, 18, 41, 8, 26, 49, 50, 13, 34, 54, 63, 23, 43, 45, 64]],
[240, [5, 20, 15, 16, 18, 41, 8, 26, 49, 50, 33, 35, 53, 55, 23, 43, 45, 64]],
[240, [5, 20, 15, 16, 18, 41, 25, 48, 27, 62, 13, 34, 54, 63, 44, 58, 59, 60]],
[240, [5, 20, 15, 16, 18, 41, 25, 48, 27, 62, 33, 35, 53, 55, 44, 58, 59, 60]],
[240, [5, 20, 15, 16, 18, 41, 25, 48, 49, 50, 13, 34, 54, 63, 43, 44, 60, 64]],
[240, [5, 20, 15, 16, 18, 41, 25, 48, 49, 50, 33, 35, 53, 55, 43, 44, 60, 64]],
[240, [5, 20, 36, 37, 4, 19, 24, 47, 27, 62, 13, 34, 54, 63, 23, 58, 60, 64]],
[240, [5, 20, 36, 37, 4, 19, 24, 47, 27, 62, 33, 35, 53, 55, 23, 58, 60, 64]],
[240, [5, 20, 36, 37, 4, 19, 24, 47, 49, 50, 13, 34, 54, 63, 44, 45, 58, 64]],
[240, [5, 20, 36, 37, 4, 19, 24, 47, 49, 50, 33, 35, 53, 55, 44, 45, 58, 64]],
[240, [5, 20, 36, 37, 4, 19, 46, 61, 27, 62, 13, 34, 54, 63, 23, 43, 59, 60]],
[240, [5, 20, 36, 37, 4, 19, 46, 61, 27, 62, 33, 35, 53, 55, 23, 43, 59, 60]],
[240, [5, 20, 36, 37, 4, 19, 46, 61, 49, 50, 13, 34, 54, 63, 43, 44, 45, 59]],
[240, [5, 20, 36, 37, 4, 19, 46, 61, 49, 50, 33, 35, 53, 55, 43, 44, 45, 59]],
[240, [5, 20, 36, 37, 18, 41, 24, 47, 27, 62, 13, 34, 54, 63, 23, 43, 59, 60]],
[240, [5, 20, 36, 37, 18, 41, 24, 47, 27, 62, 33, 35, 53, 55, 23, 43, 59, 60]],
[240, [5, 20, 36, 37, 18, 41, 24, 47, 49, 50, 13, 34, 54, 63, 43, 44, 45, 59]],
[240, [5, 20, 36, 37, 18, 41, 24, 47, 49, 50, 33, 35, 53, 55, 43, 44, 45, 59]],
[240, [5, 20, 36, 37, 18, 41, 46, 61, 27, 62, 13, 34, 54, 63, 23, 58, 60, 64]],
[240, [5, 20, 36, 37, 18, 41, 46, 61, 27, 62, 33, 35, 53, 55, 23, 58, 60, 64]],
[240, [5, 20, 36, 37, 18, 41, 46, 61, 49, 50, 13, 34, 54, 63, 44, 45, 58, 64]],
[240, [5, 20, 36, 37, 18, 41, 46, 61, 49, 50, 33, 35, 53, 55, 44, 45, 58, 64]],
[240, [21, 42, 3, 38, 4, 19, 8, 26, 27, 62, 13, 33, 34, 53, 43, 44, 60, 64]],
[240, [21, 42, 3, 38, 4, 19, 8, 26, 27, 62, 35, 54, 55, 63, 43, 44, 60, 64]],
[240, [21, 42, 3, 38, 4, 19, 8, 26, 49, 50, 13, 33, 34, 53, 44, 58, 59, 60]],
[240, [21, 42, 3, 38, 4, 19, 8, 26, 49, 50, 35, 54, 55, 63, 44, 58, 59, 60]],
[240, [21, 42, 3, 38, 4, 19, 25, 48, 27, 62, 13, 33, 34, 53, 23, 43, 45, 64]],
[240, [21, 42, 3, 38, 4, 19, 25, 48, 27, 62, 35, 54, 55, 63, 23, 43, 45, 64]],
[240, [21, 42, 3, 38, 4, 19, 25, 48, 49, 50, 13, 33, 34, 53, 23, 45, 58, 59]],
[240, [21, 42, 3, 38, 4, 19, 25, 48, 49, 50, 35, 54, 55, 63, 23, 45, 58, 59]],
[240, [21, 42, 3, 38, 18, 41, 8, 26, 27, 62, 13, 33, 34, 53, 23, 43, 45, 64]],
[240, [21, 42, 3, 38, 18, 41, 8, 26, 27, 62, 35, 54, 55, 63, 23, 43, 45, 64]],
[240, [21, 42, 3, 38, 18, 41, 8, 26, 49, 50, 13, 33, 34, 53, 23, 45, 58, 59]],
[240, [21, 42, 3, 38, 18, 41, 8, 26, 49, 50, 35, 54, 55, 63, 23, 45, 58, 59]],
[240, [21, 42, 3, 38, 18, 41, 25, 48, 27, 62, 13, 33, 34, 53, 43, 44, 60, 64]],
[240, [21, 42, 3, 38, 18, 41, 25, 48, 27, 62, 35, 54, 55, 63, 43, 44, 60, 64]],
[240, [21, 42, 3, 38, 18, 41, 25, 48, 49, 50, 13, 33, 34, 53, 44, 58, 59, 60]],
[240, [21, 42, 3, 38, 18, 41, 25, 48, 49, 50, 35, 54, 55, 63, 44, 58, 59, 60]],
[240, [21, 42, 14, 56, 4, 19, 24, 47, 27, 62, 13, 33, 34, 53, 44, 45, 58, 64]],
[240, [21, 42, 14, 56, 4, 19, 24, 47, 27, 62, 35, 54, 55, 63, 44, 45, 58, 64]],
[240, [21, 42, 14, 56, 4, 19, 24, 47, 49, 50, 13, 33, 34, 53, 23, 58, 60, 64]],
[240, [21, 42, 14, 56, 4, 19, 24, 47, 49, 50, 35, 54, 55, 63, 23, 58, 60, 64]],
[240, [21, 42, 14, 56, 4, 19, 46, 61, 27, 62, 13, 33, 34, 53, 43, 44, 45, 59]],
[240, [21, 42, 14, 56, 4, 19, 46, 61, 27, 62, 35, 54, 55, 63, 43, 44, 45, 59]],
[240, [21, 42, 14, 56, 4, 19, 46, 61, 49, 50, 13, 33, 34, 53, 23, 43, 59, 60]],
[240, [21, 42, 14, 56, 4, 19, 46, 61, 49, 50, 35, 54, 55, 63, 23, 43, 59, 60]],
[240, [21, 42, 14, 56, 18, 41, 24, 47, 27, 62, 13, 33, 34, 53, 43, 44, 45, 59]],
[240, [21, 42, 14, 56, 18, 41, 24, 47, 27, 62, 35, 54, 55, 63, 43, 44, 45, 59]],
[240, [21, 42, 14, 56, 18, 41, 24, 47, 49, 50, 13, 33, 34, 53, 23, 43, 59, 60]],
[240, [21, 42, 14, 56, 18, 41, 24, 47, 49, 50, 35, 54, 55, 63, 23, 43, 59, 60]],
[240, [21, 42, 14, 56, 18, 41, 46, 61, 27, 62, 13, 33, 34, 53, 44, 45, 58, 64]],
[240, [21, 42, 14, 56, 18, 41, 46, 61, 27, 62, 35, 54, 55, 63, 44, 45, 58, 64]],
[240, [21, 42, 14, 56, 18, 41, 46, 61, 49, 50, 13, 33, 34, 53, 23, 58, 60, 64]],
[240, [21, 42, 14, 56, 18, 41, 46, 61, 49, 50, 35, 54, 55, 63, 23, 58, 60, 64]],
[240, [21, 42, 15, 16, 4, 19, 8, 26, 27, 62, 13, 33, 34, 53, 44, 58, 59, 60]],
[240, [21, 42, 15, 16, 4, 19, 8, 26, 27, 62, 35, 54, 55, 63, 44, 58, 59, 60]],
[240, [21, 42, 15, 16, 4, 19, 8, 26, 49, 50, 13, 33, 34, 53, 43, 44, 60, 64]],
[240, [21, 42, 15, 16, 4, 19, 8, 26, 49, 50, 35, 54, 55, 63, 43, 44, 60, 64]],
[240, [21, 42, 15, 16, 4, 19, 25, 48, 27, 62, 13, 33, 34, 53, 23, 45, 58, 59]],
[240, [21, 42, 15, 16, 4, 19, 25, 48, 27, 62, 35, 54, 55, 63, 23, 45, 58, 59]],
[240, [21, 42, 15, 16, 4, 19, 25, 48, 49, 50, 13, 33, 34, 53, 23, 43, 45, 64]],
[240, [21, 42, 15, 16, 4, 19, 25, 48, 49, 50, 35, 54, 55, 63, 23, 43, 45, 64]],
[240, [21, 42, 15, 16, 18, 41, 8, 26, 27, 62, 13, 33, 34, 53, 23, 45, 58, 59]],
[240, [21, 42, 15, 16, 18, 41, 8, 26, 27, 62, 35, 54, 55, 63, 23, 45, 58, 59]],
[240, [21, 42, 15, 16, 18, 41, 8, 26, 49, 50, 13, 33, 34, 53, 23, 43, 45, 64]],
[240, [21, 42, 15, 16, 18, 41, 8, 26, 49, 50, 35, 54, 55, 63, 23, 43, 45, 64]],
[240, [21, 42, 15, 16, 18, 41, 25, 48, 27, 62, 13, 33, 34, 53, 44, 58, 59, 60]],
[240, [21, 42, 15, 16, 18, 41, 25, 48, 27, 62, 35, 54, 55, 63, 44, 58, 59, 60]],
[240, [21, 42, 15, 16, 18, 41, 25, 48, 49, 50, 13, 33, 34, 53, 43, 44, 60, 64]],
[240, [21, 42, 15, 16, 18, 41, 25, 48, 49, 50, 35, 54, 55, 63, 43, 44, 60, 64]],
[240, [21, 42, 36, 37, 4, 19, 24, 47, 27, 62, 13, 33, 34, 53, 23, 58, 60, 64]],
[240, [21, 42, 36, 37, 4, 19, 24, 47, 27, 62, 35, 54, 55, 63, 23, 58, 60, 64]],
[240, [21, 42, 36, 37, 4, 19, 24, 47, 49, 50, 13, 33, 34, 53, 44, 45, 58, 64]],
[240, [21, 42, 36, 37, 4, 19, 24, 47, 49, 50, 35, 54, 55, 63, 44, 45, 58, 64]],
[240, [21, 42, 36, 37, 4, 19, 46, 61, 27, 62, 13, 33, 34, 53, 23, 43, 59, 60]],
[240, [21, 42, 36, 37, 4, 19, 46, 61, 27, 62, 35, 54, 55, 63, 23, 43, 59, 60]],
[240, [21, 42, 36, 37, 4, 19, 46, 61, 49, 50, 13, 33, 34, 53, 43, 44, 45, 59]],
[240, [21, 42, 36, 37, 4, 19, 46, 61, 49, 50, 35, 54, 55, 63, 43, 44, 45, 59]],
[240, [21, 42, 36, 37, 18, 41, 24, 47, 27, 62, 13, 33, 34, 53, 23, 43, 59, 60]],
[240, [21, 42, 36, 37, 18, 41, 24, 47, 27, 62, 35, 54, 55, 63, 23, 43, 59, 60]],
[240, [21, 42, 36, 37, 18, 41, 24, 47, 49, 50, 13, 33, 34, 53, 43, 44, 45, 59]],
[240, [21, 42, 36, 37, 18, 41, 24, 47, 49, 50, 35, 54, 55, 63, 43, 44, 45, 59]],
[240, [21, 42, 36, 37, 18, 41, 46, 61, 27, 62, 13, 33, 34, 53, 23, 58, 60, 64]],
[240, [21, 42, 36, 37, 18, 41, 46, 61, 27, 62, 35, 54, 55, 63, 23, 58, 60, 64]],
[240, [21, 42, 36, 37, 18, 41, 46, 61, 49, 50, 13, 33, 34, 53, 44, 45, 58, 64]],
[240, [21, 42, 36, 37, 18, 41, 46, 61, 49, 50, 35, 54, 55, 63, 44, 45, 58, 64]],
[240, [5, 20, 2, 12, 4, 17, 19, 57, 8, 48, 28, 51, 13, 34, 54, 63, 58, 59]],
[240, [5, 20, 2, 12, 4, 17, 19, 57, 8, 48, 28, 51, 33, 35, 53, 55, 58, 59]],
[240, [5, 20, 2, 12, 4, 17, 19, 57, 24, 61, 28, 51, 13, 34, 54, 63, 23, 60]],
[240, [5, 20, 2, 12, 4, 17, 19, 57, 24, 61, 28, 51, 33, 35, 53, 55, 23, 60]],
[240, [5, 20, 2, 12, 4, 17, 19, 57, 25, 26, 28, 51, 13, 34, 54, 63, 43, 64]],
[240, [5, 20, 2, 12, 4, 17, 19, 57, 25, 26, 28, 51, 33, 35, 53, 55, 43, 64]],
[240, [5, 20, 2, 12, 4, 17, 19, 57, 46, 47, 28, 51, 13, 34, 54, 63, 44, 45]],
[240, [5, 20, 2, 12, 4, 17, 19, 57, 46, 47, 28, 51, 33, 35, 53, 55, 44, 45]],
[240, [5, 20, 2, 12, 4, 19, 39, 40, 8, 48, 28, 51, 13, 34, 54, 63, 43, 64]],
[240, [5, 20, 2, 12, 4, 19, 39, 40, 8, 48, 28, 51, 33, 35, 53, 55, 43, 64]],
[240, [5, 20, 2, 12, 4, 19, 39, 40, 24, 61, 28, 51, 13, 34, 54, 63, 44, 45]],
[240, [5, 20, 2, 12, 4, 19, 39, 40, 24, 61, 28, 51, 33, 35, 53, 55, 44, 45]],
[240, [5, 20, 2, 12, 4, 19, 39, 40, 25, 26, 28, 51, 13, 34, 54, 63, 58, 59]],
[240, [5, 20, 2, 12, 4, 19, 39, 40, 25, 26, 28, 51, 33, 35, 53, 55, 58, 59]],
[240, [5, 20, 2, 12, 4, 19, 39, 40, 46, 47, 28, 51, 13, 34, 54, 63, 23, 60]],
[240, [5, 20, 2, 12, 4, 19, 39, 40, 46, 47, 28, 51, 33, 35, 53, 55, 23, 60]],
[240, [5, 20, 2, 12, 17, 18, 41, 57, 8, 48, 9, 29, 13, 34, 54, 63, 58, 59]],
[240, [5, 20, 2, 12, 17, 18, 41, 57, 8, 48, 9, 29, 33, 35, 53, 55, 58, 59]],
[240, [5, 20, 2, 12, 17, 18, 41, 57, 24, 61, 9, 29, 13, 34, 54, 63, 23, 60]],
[240, [5, 20, 2, 12, 17, 18, 41, 57, 24, 61, 9, 29, 33, 35, 53, 55, 23, 60]],
[240, [5, 20, 2, 12, 17, 18, 41, 57, 25, 26, 9, 29, 13, 34, 54, 63, 43, 64]],
[240, [5, 20, 2, 12, 17, 18, 41, 57, 25, 26, 9, 29, 33, 35, 53, 55, 43, 64]],
[240, [5, 20, 2, 12, 17, 18, 41, 57, 46, 47, 9, 29, 13, 34, 54, 63, 44, 45]],
[240, [5, 20, 2, 12, 17, 18, 41, 57, 46, 47, 9, 29, 33, 35, 53, 55, 44, 45]],
[240, [5, 20, 2, 12, 18, 39, 40, 41, 8, 48, 9, 29, 13, 34, 54, 63, 43, 64]],
[240, [5, 20, 2, 12, 18, 39, 40, 41, 8, 48, 9, 29, 33, 35, 53, 55, 43, 64]],
[240, [5, 20, 2, 12, 18, 39, 40, 41, 24, 61, 9, 29, 13, 34, 54, 63, 44, 45]],
[240, [5, 20, 2, 12, 18, 39, 40, 41, 24, 61, 9, 29, 33, 35, 53, 55, 44, 45]],
[240, [5, 20, 2, 12, 18, 39, 40, 41, 25, 26, 9, 29, 13, 34, 54, 63, 58, 59]],
[240, [5, 20, 2, 12, 18, 39, 40, 41, 25, 26, 9, 29, 33, 35, 53, 55, 58, 59]],
[240, [5, 20, 2, 12, 18, 39, 40, 41, 46, 47, 9, 29, 13, 34, 54, 63, 23, 60]],
[240, [5, 20, 2, 12, 18, 39, 40, 41, 46, 47, 9, 29, 33, 35, 53, 55, 23, 60]],
[240, [5, 20, 11, 32, 4, 17, 19, 57, 8, 48, 9, 29, 13, 34, 54, 63, 58, 59]],
[240, [5, 20, 11, 32, 4, 17, 19, 57, 8, 48, 9, 29, 33, 35, 53, 55, 58, 59]],
[240, [5, 20, 11, 32, 4, 17, 19, 57, 24, 61, 9, 29, 13, 34, 54, 63, 23, 60]],
[240, [5, 20, 11, 32, 4, 17, 19, 57, 24, 61, 9, 29, 33, 35, 53, 55, 23, 60]],
[240, [5, 20, 11, 32, 4, 17, 19, 57, 25, 26, 9, 29, 13, 34, 54, 63, 43, 64]],
[240, [5, 20, 11, 32, 4, 17, 19, 57, 25, 26, 9, 29, 33, 35, 53, 55, 43, 64]],
[240, [5, 20, 11, 32, 4, 17, 19, 57, 46, 47, 9, 29, 13, 34, 54, 63, 44, 45]],
[240, [5, 20, 11, 32, 4, 17, 19, 57, 46, 47, 9, 29, 33, 35, 53, 55, 44, 45]],
[240, [5, 20, 11, 32, 4, 19, 39, 40, 8, 48, 9, 29, 13, 34, 54, 63, 43, 64]],
[240, [5, 20, 11, 32, 4, 19, 39, 40, 8, 48, 9, 29, 33, 35, 53, 55, 43, 64]],
[240, [5, 20, 11, 32, 4, 19, 39, 40, 24, 61, 9, 29, 13, 34, 54, 63, 44, 45]],
[240, [5, 20, 11, 32, 4, 19, 39, 40, 24, 61, 9, 29, 33, 35, 53, 55, 44, 45]],
[240, [5, 20, 11, 32, 4, 19, 39, 40, 25, 26, 9, 29, 13, 34, 54, 63, 58, 59]],
[240, [5, 20, 11, 32, 4, 19, 39, 40, 25, 26, 9, 29, 33, 35, 53, 55, 58, 59]],
[240, [5, 20, 11, 32, 4, 19, 39, 40, 46, 47, 9, 29, 13, 34, 54, 63, 23, 60]],
[240, [5, 20, 11, 32, 4, 19, 39, 40, 46, 47, 9, 29, 33, 35, 53, 55, 23, 60]],
[240, [5, 20, 11, 32, 17, 18, 41, 57, 8, 48, 28, 51, 13, 34, 54, 63, 58, 59]],
[240, [5, 20, 11, 32, 17, 18, 41, 57, 8, 48, 28, 51, 33, 35, 53, 55, 58, 59]],
[240, [5, 20, 11, 32, 17, 18, 41, 57, 24, 61, 28, 51, 13, 34, 54, 63, 23, 60]],
[240, [5, 20, 11, 32, 17, 18, 41, 57, 24, 61, 28, 51, 33, 35, 53, 55, 23, 60]],
[240, [5, 20, 11, 32, 17, 18, 41, 57, 25, 26, 28, 51, 13, 34, 54, 63, 43, 64]],
[240, [5, 20, 11, 32, 17, 18, 41, 57, 25, 26, 28, 51, 33, 35, 53, 55, 43, 64]],
[240, [5, 20, 11, 32, 17, 18, 41, 57, 46, 47, 28, 51, 13, 34, 54, 63, 44, 45]],
[240, [5, 20, 11, 32, 17, 18, 41, 57, 46, 47, 28, 51, 33, 35, 53, 55, 44, 45]],
[240, [5, 20, 11, 32, 18, 39, 40, 41, 8, 48, 28, 51, 13, 34, 54, 63, 43, 64]],
[240, [5, 20, 11, 32, 18, 39, 40, 41, 8, 48, 28, 51, 33, 35, 53, 55, 43, 64]],
[240, [5, 20, 11, 32, 18, 39, 40, 41, 24, 61, 28, 51, 13, 34, 54, 63, 44, 45]],
[240, [5, 20, 11, 32, 18, 39, 40, 41, 24, 61, 28, 51, 33, 35, 53, 55, 44, 45]],
[240, [5, 20, 11, 32, 18, 39, 40, 41, 25, 26, 28, 51, 13, 34, 54, 63, 58, 59]],
[240, [5, 20, 11, 32, 18, 39, 40, 41, 25, 26, 28, 51, 33, 35, 53, 55, 58, 59]],
[240, [5, 20, 11, 32, 18, 39, 40, 41, 46, 47, 28, 51, 13, 34, 54, 63, 23, 60]],
[240, [5, 20, 11, 32, 18, 39, 40, 41, 46, 47, 28, 51, 33, 35, 53, 55, 23, 60]],
[240, [21, 42, 2, 12, 4, 17, 19, 57, 8, 48, 28, 51, 13, 33, 34, 53, 58, 59]],
[240, [21, 42, 2, 12, 4, 17, 19, 57, 8, 48, 28, 51, 35, 54, 55, 63, 58, 59]],
[240, [21, 42, 2, 12, 4, 17, 19, 57, 24, 61, 28, 51, 13, 33, 34, 53, 23, 60]],
[240, [21, 42, 2, 12, 4, 17, 19, 57, 24, 61, 28, 51, 35, 54, 55, 63, 23, 60]],
[240, [21, 42, 2, 12, 4, 17, 19, 57, 25, 26, 28, 51, 13, 33, 34, 53, 43, 64]],
[240, [21, 42, 2, 12, 4, 17, 19, 57, 25, 26, 28, 51, 35, 54, 55, 63, 43, 64]],
[240, [21, 42, 2, 12, 4, 17, 19, 57, 46, 47, 28, 51, 13, 33, 34, 53, 44, 45]],
[240, [21, 42, 2, 12, 4, 17, 19, 57, 46, 47, 28, 51, 35, 54, 55, 63, 44, 45]],
[240, [21, 42, 2, 12, 4, 19, 39, 40, 8, 48, 28, 51, 13, 33, 34, 53, 43, 64]],
[240, [21, 42, 2, 12, 4, 19, 39, 40, 8, 48, 28, 51, 35, 54, 55, 63, 43, 64]],
[240, [21, 42, 2, 12, 4, 19, 39, 40, 24, 61, 28, 51, 13, 33, 34, 53, 44, 45]],
[240, [21, 42, 2, 12, 4, 19, 39, 40, 24, 61, 28, 51, 35, 54, 55, 63, 44, 45]],
[240, [21, 42, 2, 12, 4, 19, 39, 40, 25, 26, 28, 51, 13, 33, 34, 53, 58, 59]],
[240, [21, 42, 2, 12, 4, 19, 39, 40, 25, 26, 28, 51, 35, 54, 55, 63, 58, 59]],
[240, [21, 42, 2, 12, 4, 19, 39, 40, 46, 47, 28, 51, 13, 33, 34, 53, 23, 60]],
[240, [21, 42, 2, 12, 4, 19, 39, 40, 46, 47, 28, 51, 35, 54, 55, 63, 23, 60]],
[240, [21, 42, 2, 12, 17, 18, 41, 57, 8, 48, 9, 29, 13, 33, 34, 53, 58, 59]],
[240, [21, 42, 2, 12, 17, 18, 41, 57, 8, 48, 9, 29, 35, 54, 55, 63, 58, 59]],
[240, [21, 42, 2, 12, 17, 18, 41, 57, 24, 61, 9, 29, 13, 33, 34, 53, 23, 60]],
[240, [21, 42, 2, 12, 17, 18, 41, 57, 24, 61, 9, 29, 35, 54, 55, 63, 23, 60]],
[240, [21, 42, 2, 12, 17, 18, 41, 57, 25, 26, 9, 29, 13, 33, 34, 53, 43, 64]],
[240, [21, 42, 2, 12, 17, 18, 41, 57, 25, 26, 9, 29, 35, 54, 55, 63, 43, 64]],
[240, [21, 42, 2, 12, 17, 18, 41, 57, 46, 47, 9, 29, 13, 33, 34, 53, 44, 45]],
[240, [21, 42, 2, 12, 17, 18, 41, 57, 46, 47, 9, 29, 35, 54, 55, 63, 44, 45]],
[240, [21, 42, 2, 12, 18, 39, 40, 41, 8, 48, 9, 29, 13, 33, 34, 53, 43, 64]],
[240, [21, 42, 2, 12, 18, 39, 40, 41, 8, 48, 9, 29, 35, 54, 55, 63, 43, 64]],
[240, [21, 42, 2, 12, 18, 39, 40, 41, 24, 61, 9, 29, 13, 33, 34, 53, 44, 45]],
[240, [21, 42, 2, 12, 18, 39, 40, 41, 24, 61, 9, 29, 35, 54, 55, 63, 44, 45]],
[240, [21, 42, 2, 12, 18, 39, 40, 41, 25, 26, 9, 29, 13, 33, 34, 53, 58, 59]],
[240, [21, 42, 2, 12, 18, 39, 40, 41, 25, 26, 9, 29, 35, 54, 55, 63, 58, 59]],
[240, [21, 42, 2, 12, 18, 39, 40, 41, 46, 47, 9, 29, 13, 33, 34, 53, 23, 60]],
[240, [21, 42, 2, 12, 18, 39, 40, 41, 46, 47, 9, 29, 35, 54, 55, 63, 23, 60]],
[240, [21, 42, 11, 32, 4, 17, 19, 57, 8, 48, 9, 29, 13, 33, 34, 53, 58, 59]],
[240, [21, 42, 11, 32, 4, 17, 19, 57, 8, 48, 9, 29, 35, 54, 55, 63, 58, 59]],
[240, [21, 42, 11, 32, 4, 17, 19, 57, 24, 61, 9, 29, 13, 33, 34, 53, 23, 60]],
[240, [21, 42, 11, 32, 4, 17, 19, 57, 24, 61, 9, 29, 35, 54, 55, 63, 23, 60]],
[240, [21, 42, 11, 32, 4, 17, 19, 57, 25, 26, 9, 29, 13, 33, 34, 53, 43, 64]],
[240, [21, 42, 11, 32, 4, 17, 19, 57, 25, 26, 9, 29, 35, 54, 55, 63, 43, 64]],
[240, [21, 42, 11, 32, 4, 17, 19, 57, 46, 47, 9, 29, 13, 33, 34, 53, 44, 45]],
[240, [21, 42, 11, 32, 4, 17, 19, 57, 46, 47, 9, 29, 35, 54, 55, 63, 44, 45]],
[240, [21, 42, 11, 32, 4, 19, 39, 40, 8, 48, 9, 29, 13, 33, 34, 53, 43, 64]],
[240, [21, 42, 11, 32, 4, 19, 39, 40, 8, 48, 9, 29, 35, 54, 55, 63, 43, 64]],
[240, [21, 42, 11, 32, 4, 19, 39, 40, 24, 61, 9, 29, 13, 33, 34, 53, 44, 45]],
[240, [21, 42, 11, 32, 4, 19, 39, 40, 24, 61, 9, 29, 35, 54, 55, 63, 44, 45]],
[240, [21, 42, 11, 32, 4, 19, 39, 40, 25, 26, 9, 29, 13, 33, 34, 53, 58, 59]],
[240, [21, 42, 11, 32, 4, 19, 39, 40, 25, 26, 9, 29, 35, 54, 55, 63, 58, 59]],
[240, [21, 42, 11, 32, 4, 19, 39, 40, 46, 47, 9, 29, 13, 33, 34, 53, 23, 60]],
[240, [21, 42, 11, 32, 4, 19, 39, 40, 46, 47, 9, 29, 35, 54, 55, 63, 23, 60]],
[240, [21, 42, 11, 32, 17, 18, 41, 57, 8, 48, 28, 51, 13, 33, 34, 53, 58, 59]],
[240, [21, 42, 11, 32, 17, 18, 41, 57, 8, 48, 28, 51, 35, 54, 55, 63, 58, 59]],
[240, [21, 42, 11, 32, 17, 18, 41, 57, 24, 61, 28, 51, 13, 33, 34, 53, 23, 60]],
[240, [21, 42, 11, 32, 17, 18, 41, 57, 24, 61, 28, 51, 35, 54, 55, 63, 23, 60]],
[240, [21, 42, 11, 32, 17, 18, 41, 57, 25, 26, 28, 51, 13, 33, 34, 53, 43, 64]],
[240, [21, 42, 11, 32, 17, 18, 41, 57, 25, 26, 28, 51, 35, 54, 55, 63, 43, 64]],
[240, [21, 42, 11, 32, 17, 18, 41, 57, 46, 47, 28, 51, 13, 33, 34, 53, 44, 45]],
[240, [21, 42, 11, 32, 17, 18, 41, 57, 46, 47, 28, 51, 35, 54, 55, 63, 44, 45]],
[240, [21, 42, 11, 32, 18, 39, 40, 41, 8, 48, 28, 51, 13, 33, 34, 53, 43, 64]],
[240, [21, 42, 11, 32, 18, 39, 40, 41, 8, 48, 28, 51, 35, 54, 55, 63, 43, 64]],
[240, [21, 42, 11, 32, 18, 39, 40, 41, 24, 61, 28, 51, 13, 33, 34, 53, 44, 45]],
[240, [21, 42, 11, 32, 18, 39, 40, 41, 24, 61, 28, 51, 35, 54, 55, 63, 44, 45]],
[240, [21, 42, 11, 32, 18, 39, 40, 41, 25, 26, 28, 51, 13, 33, 34, 53, 58, 59]],
[240, [21, 42, 11, 32, 18, 39, 40, 41, 25, 26, 28, 51, 35, 54, 55, 63, 58, 59]],
[240, [21, 42, 11, 32, 18, 39, 40, 41, 46, 47, 28, 51, 13, 33, 34, 53, 23, 60]],
[240, [21, 42, 11, 32, 18, 39, 40, 41, 46, 47, 28, 51, 35, 54, 55, 63, 23, 60]],
[240, [5, 20, 2, 12, 3, 38, 4, 19, 27, 28, 51, 62, 13, 34, 54, 63, 43, 64]],
[240, [5, 20, 2, 12, 3, 38, 4, 19, 27, 28, 51, 62, 33, 35, 53, 55, 43, 64]],
[240, [5, 20, 2, 12, 3, 38, 4, 19, 28, 49, 50, 51, 13, 34, 54, 63, 58, 59]],
[240, [5, 20, 2, 12, 3, 38, 4, 19, 28, 49, 50, 51, 33, 35, 53, 55, 58, 59]],
[240, [5, 20, 2, 12, 3, 38, 18, 41, 9, 27, 29, 62, 13, 34, 54, 63, 43, 64]],
[240, [5, 20, 2, 12, 3, 38, 18, 41, 9, 27, 29, 62, 33, 35, 53, 55, 43, 64]],
[240, [5, 20, 2, 12, 3, 38, 18, 41, 9, 29, 49, 50, 13, 34, 54, 63, 58, 59]],
[240, [5, 20, 2, 12, 3, 38, 18, 41, 9, 29, 49, 50, 33, 35, 53, 55, 58, 59]],
[240, [5, 20, 2, 12, 14, 56, 4, 19, 27, 28, 51, 62, 13, 34, 54, 63, 44, 45]],
[240, [5, 20, 2, 12, 14, 56, 4, 19, 27, 28, 51, 62, 33, 35, 53, 55, 44, 45]],
[240, [5, 20, 2, 12, 14, 56, 4, 19, 28, 49, 50, 51, 13, 34, 54, 63, 23, 60]],
[240, [5, 20, 2, 12, 14, 56, 4, 19, 28, 49, 50, 51, 33, 35, 53, 55, 23, 60]],
[240, [5, 20, 2, 12, 14, 56, 18, 41, 9, 27, 29, 62, 13, 34, 54, 63, 44, 45]],
[240, [5, 20, 2, 12, 14, 56, 18, 41, 9, 27, 29, 62, 33, 35, 53, 55, 44, 45]],
[240, [5, 20, 2, 12, 14, 56, 18, 41, 9, 29, 49, 50, 13, 34, 54, 63, 23, 60]],
[240, [5, 20, 2, 12, 14, 56, 18, 41, 9, 29, 49, 50, 33, 35, 53, 55, 23, 60]],
[240, [5, 20, 2, 12, 15, 16, 4, 19, 27, 28, 51, 62, 13, 34, 54, 63, 58, 59]],
[240, [5, 20, 2, 12, 15, 16, 4, 19, 27, 28, 51, 62, 33, 35, 53, 55, 58, 59]],
[240, [5, 20, 2, 12, 15, 16, 4, 19, 28, 49, 50, 51, 13, 34, 54, 63, 43, 64]],
[240, [5, 20, 2, 12, 15, 16, 4, 19, 28, 49, 50, 51, 33, 35, 53, 55, 43, 64]],
[240, [5, 20, 2, 12, 15, 16, 18, 41, 9, 27, 29, 62, 13, 34, 54, 63, 58, 59]],
[240, [5, 20, 2, 12, 15, 16, 18, 41, 9, 27, 29, 62, 33, 35, 53, 55, 58, 59]],
[240, [5, 20, 2, 12, 15, 16, 18, 41, 9, 29, 49, 50, 13, 34, 54, 63, 43, 64]],
[240, [5, 20, 2, 12, 15, 16, 18, 41, 9, 29, 49, 50, 33, 35, 53, 55, 43, 64]],
[240, [5, 20, 2, 12, 36, 37, 4, 19, 27, 28, 51, 62, 13, 34, 54, 63, 23, 60]],
[240, [5, 20, 2, 12, 36, 37, 4, 19, 27, 28, 51, 62, 33, 35, 53, 55, 23, 60]],
[240, [5, 20, 2, 12, 36, 37, 4, 19, 28, 49, 50, 51, 13, 34, 54, 63, 44, 45]],
[240, [5, 20, 2, 12, 36, 37, 4, 19, 28, 49, 50, 51, 33, 35, 53, 55, 44, 45]],
[240, [5, 20, 2, 12, 36, 37, 18, 41, 9, 27, 29, 62, 13, 34, 54, 63, 23, 60]],
[240, [5, 20, 2, 12, 36, 37, 18, 41, 9, 27, 29, 62, 33, 35, 53, 55, 23, 60]],
[240, [5, 20, 2, 12, 36, 37, 18, 41, 9, 29, 49, 50, 13, 34, 54, 63, 44, 45]],
[240, [5, 20, 2, 12, 36, 37, 18, 41, 9, 29, 49, 50, 33, 35, 53, 55, 44, 45]],
[240, [5, 20, 11, 32, 3, 38, 4, 19, 9, 27, 29, 62, 13, 34, 54, 63, 43, 64]],
[240, [5, 20, 11, 32, 3, 38, 4, 19, 9, 27, 29, 62, 33, 35, 53, 55, 43, 64]],
[240, [5, 20, 11, 32, 3, 38, 4, 19, 9, 29, 49, 50, 13, 34, 54, 63, 58, 59]],
[240, [5, 20, 11, 32, 3, 38, 4, 19, 9, 29, 49, 50, 33, 35, 53, 55, 58, 59]],
[240, [5, 20, 11, 32, 3, 38, 18, 41, 27, 28, 51, 62, 13, 34, 54, 63, 43, 64]],
[240, [5, 20, 11, 32, 3, 38, 18, 41, 27, 28, 51, 62, 33, 35, 53, 55, 43, 64]],
[240, [5, 20, 11, 32, 3, 38, 18, 41, 28, 49, 50, 51, 13, 34, 54, 63, 58, 59]],
[240, [5, 20, 11, 32, 3, 38, 18, 41, 28, 49, 50, 51, 33, 35, 53, 55, 58, 59]],
[240, [5, 20, 11, 32, 14, 56, 4, 19, 9, 27, 29, 62, 13, 34, 54, 63, 44, 45]],
[240, [5, 20, 11, 32, 14, 56, 4, 19, 9, 27, 29, 62, 33, 35, 53, 55, 44, 45]],
[240, [5, 20, 11, 32, 14, 56, 4, 19, 9, 29, 49, 50, 13, 34, 54, 63, 23, 60]],
[240, [5, 20, 11, 32, 14, 56, 4, 19, 9, 29, 49, 50, 33, 35, 53, 55, 23, 60]],
[240, [5, 20, 11, 32, 14, 56, 18, 41, 27, 28, 51, 62, 13, 34, 54, 63, 44, 45]],
[240, [5, 20, 11, 32, 14, 56, 18, 41, 27, 28, 51, 62, 33, 35, 53, 55, 44, 45]],
[240, [5, 20, 11, 32, 14, 56, 18, 41, 28, 49, 50, 51, 13, 34, 54, 63, 23, 60]],
[240, [5, 20, 11, 32, 14, 56, 18, 41, 28, 49, 50, 51, 33, 35, 53, 55, 23, 60]],
[240, [5, 20, 11, 32, 15, 16, 4, 19, 9, 27, 29, 62, 13, 34, 54, 63, 58, 59]],
[240, [5, 20, 11, 32, 15, 16, 4, 19, 9, 27, 29, 62, 33, 35, 53, 55, 58, 59]],
[240, [5, 20, 11, 32, 15, 16, 4, 19, 9, 29, 49, 50, 13, 34, 54, 63, 43, 64]],
[240, [5, 20, 11, 32, 15, 16, 4, 19, 9, 29, 49, 50, 33, 35, 53, 55, 43, 64]],
[240, [5, 20, 11, 32, 15, 16, 18, 41, 27, 28, 51, 62, 13, 34, 54, 63, 58, 59]],
[240, [5, 20, 11, 32, 15, 16, 18, 41, 27, 28, 51, 62, 33, 35, 53, 55, 58, 59]],
[240, [5, 20, 11, 32, 15, 16, 18, 41, 28, 49, 50, 51, 13, 34, 54, 63, 43, 64]],
[240, [5, 20, 11, 32, 15, 16, 18, 41, 28, 49, 50, 51, 33, 35, 53, 55, 43, 64]],
[240, [5, 20, 11, 32, 36, 37, 4, 19, 9, 27, 29, 62, 13, 34, 54, 63, 23, 60]],
[240, [5, 20, 11, 32, 36, 37, 4, 19, 9, 27, 29, 62, 33, 35, 53, 55, 23, 60]],
[240, [5, 20, 11, 32, 36, 37, 4, 19, 9, 29, 49, 50, 13, 34, 54, 63, 44, 45]],
[240, [5, 20, 11, 32, 36, 37, 4, 19, 9, 29, 49, 50, 33, 35, 53, 55, 44, 45]],
[240, [5, 20, 11, 32, 36, 37, 18, 41, 27, 28, 51, 62, 13, 34, 54, 63, 23, 60]],
[240, [5, 20, 11, 32, 36, 37, 18, 41, 27, 28, 51, 62, 33, 35, 53, 55, 23, 60]],
[240, [5, 20, 11, 32, 36, 37, 18, 41, 28, 49, 50, 51, 13, 34, 54, 63, 44, 45]],
[240, [5, 20, 11, 32, 36, 37, 18, 41, 28, 49, 50, 51, 33, 35, 53, 55, 44, 45]],
[240, [21, 42, 2, 12, 3, 38, 4, 19, 27, 28, 51, 62, 13, 33, 34, 53, 43, 64]],
[240, [21, 42, 2, 12, 3, 38, 4, 19, 27, 28, 51, 62, 35, 54, 55, 63, 43, 64]],
[240, [21, 42, 2, 12, 3, 38, 4, 19, 28, 49, 50, 51, 13, 33, 34, 53, 58, 59]],
[240, [21, 42, 2, 12, 3, 38, 4, 19, 28, 49, 50, 51, 35, 54, 55, 63, 58, 59]],
[240, [21, 42, 2, 12, 3, 38, 18, 41, 9, 27, 29, 62, 13, 33, 34, 53, 43, 64]],
[240, [21, 42, 2, 12, 3, 38, 18, 41, 9, 27, 29, 62, 35, 54, 55, 63, 43, 64]],
[240, [21, 42, 2, 12, 3, 38, 18, 41, 9, 29, 49, 50, 13, 33, 34, 53, 58, 59]],
[240, [21, 42, 2, 12, 3, 38, 18, 41, 9, 29, 49, 50, 35, 54, 55, 63, 58, 59]],
[240, [21, 42, 2, 12, 14, 56, 4, 19, 27, 28, 51, 62, 13, 33, 34, 53, 44, 45]],
[240, [21, 42, 2, 12, 14, 56, 4, 19, 27, 28, 51, 62, 35, 54, 55, 63, 44, 45]],
[240, [21, 42, 2, 12, 14, 56, 4, 19, 28, 49, 50, 51, 13, 33, 34, 53, 23, 60]],
[240, [21, 42, 2, 12, 14, 56, 4, 19, 28, 49, 50, 51, 35, 54, 55, 63, 23, 60]],
[240, [21, 42, 2, 12, 14, 56, 18, 41, 9, 27, 29, 62, 13, 33, 34, 53, 44, 45]],
[240, [21, 42, 2, 12, 14, 56, 18, 41, 9, 27, 29, 62, 35, 54, 55, 63, 44, 45]],
[240, [21, 42, 2, 12, 14, 56, 18, 41, 9, 29, 49, 50, 13, 33, 34, 53, 23, 60]],
[240, [21, 42, 2, 12, 14, 56, 18, 41, 9, 29, 49, 50, 35, 54, 55, 63, 23, 60]],
[240, [21, 42, 2, 12, 15, 16, 4, 19, 27, 28, 51, 62, 13, 33, 34, 53, 58, 59]],
[240, [21, 42, 2, 12, 15, 16, 4, 19, 27, 28, 51, 62, 35, 54, 55, 63, 58, 59]],
[240, [21, 42, 2, 12, 15, 16, 4, 19, 28, 49, 50, 51, 13, 33, 34, 53, 43, 64]],
[240, [21, 42, 2, 12, 15, 16, 4, 19, 28, 49, 50, 51, 35, 54, 55, 63, 43, 64]],
[240, [21, 42, 2, 12, 15, 16, 18, 41, 9, 27, 29, 62, 13, 33, 34, 53, 58, 59]],
[240, [21, 42, 2, 12, 15, 16, 18, 41, 9, 27, 29, 62, 35, 54, 55, 63, 58, 59]],
[240, [21, 42, 2, 12, 15, 16, 18, 41, 9, 29, 49, 50, 13, 33, 34, 53, 43, 64]],
[240, [21, 42, 2, 12, 15, 16, 18, 41, 9, 29, 49, 50, 35, 54, 55, 63, 43, 64]],
[240, [21, 42, 2, 12, 36, 37, 4, 19, 27, 28, 51, 62, 13, 33, 34, 53, 23, 60]],
[240, [21, 42, 2, 12, 36, 37, 4, 19, 27, 28, 51, 62, 35, 54, 55, 63, 23, 60]],
[240, [21, 42, 2, 12, 36, 37, 4, 19, 28, 49, 50, 51, 13, 33, 34, 53, 44, 45]],
[240, [21, 42, 2, 12, 36, 37, 4, 19, 28, 49, 50, 51, 35, 54, 55, 63, 44, 45]],
[240, [21, 42, 2, 12, 36, 37, 18, 41, 9, 27, 29, 62, 13, 33, 34, 53, 23, 60]],
[240, [21, 42, 2, 12, 36, 37, 18, 41, 9, 27, 29, 62, 35, 54, 55, 63, 23, 60]],
[240, [21, 42, 2, 12, 36, 37, 18, 41, 9, 29, 49, 50, 13, 33, 34, 53, 44, 45]],
[240, [21, 42, 2, 12, 36, 37, 18, 41, 9, 29, 49, 50, 35, 54, 55, 63, 44, 45]],
[240, [21, 42, 11, 32, 3, 38, 4, 19, 9, 27, 29, 62, 13, 33, 34, 53, 43, 64]],
[240, [21, 42, 11, 32, 3, 38, 4, 19, 9, 27, 29, 62, 35, 54, 55, 63, 43, 64]],
[240, [21, 42, 11, 32, 3, 38, 4, 19, 9, 29, 49, 50, 13, 33, 34, 53, 58, 59]],
[240, [21, 42, 11, 32, 3, 38, 4, 19, 9, 29, 49, 50, 35, 54, 55, 63, 58, 59]],
[240, [21, 42, 11, 32, 3, 38, 18, 41, 27, 28, 51, 62, 13, 33, 34, 53, 43, 64]],
[240, [21, 42, 11, 32, 3, 38, 18, 41, 27, 28, 51, 62, 35, 54, 55, 63, 43, 64]],
[240, [21, 42, 11, 32, 3, 38, 18, 41, 28, 49, 50, 51, 13, 33, 34, 53, 58, 59]],
[240, [21, 42, 11, 32, 3, 38, 18, 41, 28, 49, 50, 51, 35, 54, 55, 63, 58, 59]],
[240, [21, 42, 11, 32, 14, 56, 4, 19, 9, 27, 29, 62, 13, 33, 34, 53, 44, 45]],
[240, [21, 42, 11, 32, 14, 56, 4, 19, 9, 27, 29, 62, 35, 54, 55, 63, 44, 45]],
[240, [21, 42, 11, 32, 14, 56, 4, 19, 9, 29, 49, 50, 13, 33, 34, 53, 23, 60]],
[240, [21, 42, 11, 32, 14, 56, 4, 19, 9, 29, 49, 50, 35, 54, 55, 63, 23, 60]],
[240, [21, 42, 11, 32, 14, 56, 18, 41, 27, 28, 51, 62, 13, 33, 34, 53, 44, 45]],
[240, [21, 42, 11, 32, 14, 56, 18, 41, 27, 28, 51, 62, 35, 54, 55, 63, 44, 45]],
[240, [21, 42, 11, 32, 14, 56, 18, 41, 28, 49, 50, 51, 13, 33, 34, 53, 23, 60]],
[240, [21, 42, 11, 32, 14, 56, 18, 41, 28, 49, 50, 51, 35, 54, 55, 63, 23, 60]],
[240, [21, 42, 11, 32, 15, 16, 4, 19, 9, 27, 29, 62, 13, 33, 34, 53, 58, 59]],
[240, [21, 42, 11, 32, 15, 16, 4, 19, 9, 27, 29, 62, 35, 54, 55, 63, 58, 59]],
[240, [21, 42, 11, 32, 15, 16, 4, 19, 9, 29, 49, 50, 13, 33, 34, 53, 43, 64]],
[240, [21, 42, 11, 32, 15, 16, 4, 19, 9, 29, 49, 50, 35, 54, 55, 63, 43, 64]],
[240, [21, 42, 11, 32, 15, 16, 18, 41, 27, 28, 51, 62, 13, 33, 34, 53, 58, 59]],
[240, [21, 42, 11, 32, 15, 16, 18, 41, 27, 28, 51, 62, 35, 54, 55, 63, 58, 59]],
[240, [21, 42, 11, 32, 15, 16, 18, 41, 28, 49, 50, 51, 13, 33, 34, 53, 43, 64]],
[240, [21, 42, 11, 32, 15, 16, 18, 41, 28, 49, 50, 51, 35, 54, 55, 63, 43, 64]],
[240, [21, 42, 11, 32, 36, 37, 4, 19, 9, 27, 29, 62, 13, 33, 34, 53, 23, 60]],
[240, [21, 42, 11, 32, 36, 37, 4, 19, 9, 27, 29, 62, 35, 54, 55, 63, 23, 60]],
[240, [21, 42, 11, 32, 36, 37, 4, 19, 9, 29, 49, 50, 13, 33, 34, 53, 44, 45]],
[240, [21, 42, 11, 32, 36, 37, 4, 19, 9, 29, 49, 50, 35, 54, 55, 63, 44, 45]],
[240, [21, 42, 11, 32, 36, 37, 18, 41, 27, 28, 51, 62, 13, 33, 34, 53, 23, 60]],
[240, [21, 42, 11, 32, 36, 37, 18, 41, 27, 28, 51, 62, 35, 54, 55, 63, 23, 60]],
[240, [21, 42, 11, 32, 36, 37, 18, 41, 28, 49, 50, 51, 13, 33, 34, 53, 44, 45]],
[240, [21, 42, 11, 32, 36, 37, 18, 41, 28, 49, 50, 51, 35, 54, 55, 63, 44, 45]],
[240, [5, 20, 10, 52, 3, 38, 4, 19, 8, 24, 26, 61, 13, 34, 54, 63, 44, 60]],
[240, [5, 20, 10, 52, 3, 38, 4, 19, 8, 24, 26, 61, 33, 35, 53, 55, 44, 60]],
[240, [5, 20, 10, 52, 3, 38, 4, 19, 24, 25, 48, 61, 13, 34, 54, 63, 23, 45]],
[240, [5, 20, 10, 52, 3, 38, 4, 19, 24, 25, 48, 61, 33, 35, 53, 55, 23, 45]],
[240, [5, 20, 10, 52, 3, 38, 18, 41, 8, 24, 26, 61, 13, 34, 54, 63, 23, 45]],
[240, [5, 20, 10, 52, 3, 38, 18, 41, 8, 24, 26, 61, 33, 35, 53, 55, 23, 45]],
[240, [5, 20, 10, 52, 3, 38, 18, 41, 24, 25, 48, 61, 13, 34, 54, 63, 44, 60]],
[240, [5, 20, 10, 52, 3, 38, 18, 41, 24, 25, 48, 61, 33, 35, 53, 55, 44, 60]],
[240, [5, 20, 10, 52, 14, 56, 4, 19, 24, 25, 26, 47, 13, 34, 54, 63, 58, 64]],
[240, [5, 20, 10, 52, 14, 56, 4, 19, 24, 25, 26, 47, 33, 35, 53, 55, 58, 64]],
[240, [5, 20, 10, 52, 14, 56, 4, 19, 25, 26, 46, 61, 13, 34, 54, 63, 43, 59]],
[240, [5, 20, 10, 52, 14, 56, 4, 19, 25, 26, 46, 61, 33, 35, 53, 55, 43, 59]],
[240, [5, 20, 10, 52, 14, 56, 18, 41, 24, 25, 26, 47, 13, 34, 54, 63, 43, 59]],
[240, [5, 20, 10, 52, 14, 56, 18, 41, 24, 25, 26, 47, 33, 35, 53, 55, 43, 59]],
[240, [5, 20, 10, 52, 14, 56, 18, 41, 25, 26, 46, 61, 13, 34, 54, 63, 58, 64]],
[240, [5, 20, 10, 52, 14, 56, 18, 41, 25, 26, 46, 61, 33, 35, 53, 55, 58, 64]],
[240, [5, 20, 10, 52, 15, 16, 4, 19, 8, 26, 46, 47, 13, 34, 54, 63, 44, 60]],
[240, [5, 20, 10, 52, 15, 16, 4, 19, 8, 26, 46, 47, 33, 35, 53, 55, 44, 60]],
[240, [5, 20, 10, 52, 15, 16, 4, 19, 25, 46, 47, 48, 13, 34, 54, 63, 23, 45]],
[240, [5, 20, 10, 52, 15, 16, 4, 19, 25, 46, 47, 48, 33, 35, 53, 55, 23, 45]],
[240, [5, 20, 10, 52, 15, 16, 18, 41, 8, 26, 46, 47, 13, 34, 54, 63, 23, 45]],
[240, [5, 20, 10, 52, 15, 16, 18, 41, 8, 26, 46, 47, 33, 35, 53, 55, 23, 45]],
[240, [5, 20, 10, 52, 15, 16, 18, 41, 25, 46, 47, 48, 13, 34, 54, 63, 44, 60]],
[240, [5, 20, 10, 52, 15, 16, 18, 41, 25, 46, 47, 48, 33, 35, 53, 55, 44, 60]],
[240, [5, 20, 10, 52, 36, 37, 4, 19, 8, 24, 47, 48, 13, 34, 54, 63, 58, 64]],
[240, [5, 20, 10, 52, 36, 37, 4, 19, 8, 24, 47, 48, 33, 35, 53, 55, 58, 64]],
[240, [5, 20, 10, 52, 36, 37, 4, 19, 8, 46, 48, 61, 13, 34, 54, 63, 43, 59]],
[240, [5, 20, 10, 52, 36, 37, 4, 19, 8, 46, 48, 61, 33, 35, 53, 55, 43, 59]],
[240, [5, 20, 10, 52, 36, 37, 18, 41, 8, 24, 47, 48, 13, 34, 54, 63, 43, 59]],
[240, [5, 20, 10, 52, 36, 37, 18, 41, 8, 24, 47, 48, 33, 35, 53, 55, 43, 59]],
[240, [5, 20, 10, 52, 36, 37, 18, 41, 8, 46, 48, 61, 13, 34, 54, 63, 58, 64]],
[240, [5, 20, 10, 52, 36, 37, 18, 41, 8, 46, 48, 61, 33, 35, 53, 55, 58, 64]],
[240, [5, 20, 30, 31, 3, 38, 4, 19, 8, 26, 46, 47, 13, 34, 54, 63, 44, 60]],
[240, [5, 20, 30, 31, 3, 38, 4, 19, 8, 26, 46, 47, 33, 35, 53, 55, 44, 60]],
[240, [5, 20, 30, 31, 3, 38, 4, 19, 25, 46, 47, 48, 13, 34, 54, 63, 23, 45]],
[240, [5, 20, 30, 31, 3, 38, 4, 19, 25, 46, 47, 48, 33, 35, 53, 55, 23, 45]],
[240, [5, 20, 30, 31, 3, 38, 18, 41, 8, 26, 46, 47, 13, 34, 54, 63, 23, 45]],
[240, [5, 20, 30, 31, 3, 38, 18, 41, 8, 26, 46, 47, 33, 35, 53, 55, 23, 45]],
[240, [5, 20, 30, 31, 3, 38, 18, 41, 25, 46, 47, 48, 13, 34, 54, 63, 44, 60]],
[240, [5, 20, 30, 31, 3, 38, 18, 41, 25, 46, 47, 48, 33, 35, 53, 55, 44, 60]],
[240, [5, 20, 30, 31, 14, 56, 4, 19, 8, 24, 47, 48, 13, 34, 54, 63, 58, 64]],
[240, [5, 20, 30, 31, 14, 56, 4, 19, 8, 24, 47, 48, 33, 35, 53, 55, 58, 64]],
[240, [5, 20, 30, 31, 14, 56, 4, 19, 8, 46, 48, 61, 13, 34, 54, 63, 43, 59]],
[240, [5, 20, 30, 31, 14, 56, 4, 19, 8, 46, 48, 61, 33, 35, 53, 55, 43, 59]],
[240, [5, 20, 30, 31, 14, 56, 18, 41, 8, 24, 47, 48, 13, 34, 54, 63, 43, 59]],
[240, [5, 20, 30, 31, 14, 56, 18, 41, 8, 24, 47, 48, 33, 35, 53, 55, 43, 59]],
[240, [5, 20, 30, 31, 14, 56, 18, 41, 8, 46, 48, 61, 13, 34, 54, 63, 58, 64]],
[240, [5, 20, 30, 31, 14, 56, 18, 41, 8, 46, 48, 61, 33, 35, 53, 55, 58, 64]],
[240, [5, 20, 30, 31, 15, 16, 4, 19, 8, 24, 26, 61, 13, 34, 54, 63, 44, 60]],
[240, [5, 20, 30, 31, 15, 16, 4, 19, 8, 24, 26, 61, 33, 35, 53, 55, 44, 60]],
[240, [5, 20, 30, 31, 15, 16, 4, 19, 24, 25, 48, 61, 13, 34, 54, 63, 23, 45]],
[240, [5, 20, 30, 31, 15, 16, 4, 19, 24, 25, 48, 61, 33, 35, 53, 55, 23, 45]],
[240, [5, 20, 30, 31, 15, 16, 18, 41, 8, 24, 26, 61, 13, 34, 54, 63, 23, 45]],
[240, [5, 20, 30, 31, 15, 16, 18, 41, 8, 24, 26, 61, 33, 35, 53, 55, 23, 45]],
[240, [5, 20, 30, 31, 15, 16, 18, 41, 24, 25, 48, 61, 13, 34, 54, 63, 44, 60]],
[240, [5, 20, 30, 31, 15, 16, 18, 41, 24, 25, 48, 61, 33, 35, 53, 55, 44, 60]],
[240, [5, 20, 30, 31, 36, 37, 4, 19, 24, 25, 26, 47, 13, 34, 54, 63, 58, 64]],
[240, [5, 20, 30, 31, 36, 37, 4, 19, 24, 25, 26, 47, 33, 35, 53, 55, 58, 64]],
[240, [5, 20, 30, 31, 36, 37, 4, 19, 25, 26, 46, 61, 13, 34, 54, 63, 43, 59]],
[240, [5, 20, 30, 31, 36, 37, 4, 19, 25, 26, 46, 61, 33, 35, 53, 55, 43, 59]],
[240, [5, 20, 30, 31, 36, 37, 18, 41, 24, 25, 26, 47, 13, 34, 54, 63, 43, 59]],
[240, [5, 20, 30, 31, 36, 37, 18, 41, 24, 25, 26, 47, 33, 35, 53, 55, 43, 59]],
[240, [5, 20, 30, 31, 36, 37, 18, 41, 25, 26, 46, 61, 13, 34, 54, 63, 58, 64]],
[240, [5, 20, 30, 31, 36, 37, 18, 41, 25, 26, 46, 61, 33, 35, 53, 55, 58, 64]],
[240, [21, 42, 10, 52, 3, 38, 4, 19, 8, 24, 26, 61, 13, 33, 34, 53, 44, 60]],
[240, [21, 42, 10, 52, 3, 38, 4, 19, 8, 24, 26, 61, 35, 54, 55, 63, 44, 60]],
[240, [21, 42, 10, 52, 3, 38, 4, 19, 24, 25, 48, 61, 13, 33, 34, 53, 23, 45]],
[240, [21, 42, 10, 52, 3, 38, 4, 19, 24, 25, 48, 61, 35, 54, 55, 63, 23, 45]],
[240, [21, 42, 10, 52, 3, 38, 18, 41, 8, 24, 26, 61, 13, 33, 34, 53, 23, 45]],
[240, [21, 42, 10, 52, 3, 38, 18, 41, 8, 24, 26, 61, 35, 54, 55, 63, 23, 45]],
[240, [21, 42, 10, 52, 3, 38, 18, 41, 24, 25, 48, 61, 13, 33, 34, 53, 44, 60]],
[240, [21, 42, 10, 52, 3, 38, 18, 41, 24, 25, 48, 61, 35, 54, 55, 63, 44, 60]],
[240, [21, 42, 10, 52, 14, 56, 4, 19, 24, 25, 26, 47, 13, 33, 34, 53, 58, 64]],
[240, [21, 42, 10, 52, 14, 56, 4, 19, 24, 25, 26, 47, 35, 54, 55, 63, 58, 64]],
[240, [21, 42, 10, 52, 14, 56, 4, 19, 25, 26, 46, 61, 13, 33, 34, 53, 43, 59]],
[240, [21, 42, 10, 52, 14, 56, 4, 19, 25, 26, 46, 61, 35, 54, 55, 63, 43, 59]],
[240, [21, 42, 10, 52, 14, 56, 18, 41, 24, 25, 26, 47, 13, 33, 34, 53, 43, 59]],
[240, [21, 42, 10, 52, 14, 56, 18, 41, 24, 25, 26, 47, 35, 54, 55, 63, 43, 59]],
[240, [21, 42, 10, 52, 14, 56, 18, 41, 25, 26, 46, 61, 13, 33, 34, 53, 58, 64]],
[240, [21, 42, 10, 52, 14, 56, 18, 41, 25, 26, 46, 61, 35, 54, 55, 63, 58, 64]],
[240, [21, 42, 10, 52, 15, 16, 4, 19, 8, 26, 46, 47, 13, 33, 34, 53, 44, 60]],
[240, [21, 42, 10, 52, 15, 16, 4, 19, 8, 26, 46, 47, 35, 54, 55, 63, 44, 60]],
[240, [21, 42, 10, 52, 15, 16, 4, 19, 25, 46, 47, 48, 13, 33, 34, 53, 23, 45]],
[240, [21, 42, 10, 52, 15, 16, 4, 19, 25, 46, 47, 48, 35, 54, 55, 63, 23, 45]],
[240, [21, 42, 10, 52, 15, 16, 18, 41, 8, 26, 46, 47, 13, 33, 34, 53, 23, 45]],
[240, [21, 42, 10, 52, 15, 16, 18, 41, 8, 26, 46, 47, 35, 54, 55, 63, 23, 45]],
[240, [21, 42, 10, 52, 15, 16, 18, 41, 25, 46, 47, 48, 13, 33, 34, 53, 44, 60]],
[240, [21, 42, 10, 52, 15, 16, 18, 41, 25, 46, 47, 48, 35, 54, 55, 63, 44, 60]],
[240, [21, 42, 10, 52, 36, 37, 4, 19, 8, 24, 47, 48, 13, 33, 34, 53, 58, 64]],
[240, [21, 42, 10, 52, 36, 37, 4, 19, 8, 24, 47, 48, 35, 54, 55, 63, 58, 64]],
[240, [21, 42, 10, 52, 36, 37, 4, 19, 8, 46, 48, 61, 13, 33, 34, 53, 43, 59]],
[240, [21, 42, 10, 52, 36, 37, 4, 19, 8, 46, 48, 61, 35, 54, 55, 63, 43, 59]],
[240, [21, 42, 10, 52, 36, 37, 18, 41, 8, 24, 47, 48, 13, 33, 34, 53, 43, 59]],
[240, [21, 42, 10, 52, 36, 37, 18, 41, 8, 24, 47, 48, 35, 54, 55, 63, 43, 59]],
[240, [21, 42, 10, 52, 36, 37, 18, 41, 8, 46, 48, 61, 13, 33, 34, 53, 58, 64]],
[240, [21, 42, 10, 52, 36, 37, 18, 41, 8, 46, 48, 61, 35, 54, 55, 63, 58, 64]],
[240, [21, 42, 30, 31, 3, 38, 4, 19, 8, 26, 46, 47, 13, 33, 34, 53, 44, 60]],
[240, [21, 42, 30, 31, 3, 38, 4, 19, 8, 26, 46, 47, 35, 54, 55, 63, 44, 60]],
[240, [21, 42, 30, 31, 3, 38, 4, 19, 25, 46, 47, 48, 13, 33, 34, 53, 23, 45]],
[240, [21, 42, 30, 31, 3, 38, 4, 19, 25, 46, 47, 48, 35, 54, 55, 63, 23, 45]],
[240, [21, 42, 30, 31, 3, 38, 18, 41, 8, 26, 46, 47, 13, 33, 34, 53, 23, 45]],
[240, [21, 42, 30, 31, 3, 38, 18, 41, 8, 26, 46, 47, 35, 54, 55, 63, 23, 45]],
[240, [21, 42, 30, 31, 3, 38, 18, 41, 25, 46, 47, 48, 13, 33, 34, 53, 44, 60]],
[240, [21, 42, 30, 31, 3, 38, 18, 41, 25, 46, 47, 48, 35, 54, 55, 63, 44, 60]],
[240, [21, 42, 30, 31, 14, 56, 4, 19, 8, 24, 47, 48, 13, 33, 34, 53, 58, 64]],
[240, [21, 42, 30, 31, 14, 56, 4, 19, 8, 24, 47, 48, 35, 54, 55, 63, 58, 64]],
[240, [21, 42, 30, 31, 14, 56, 4, 19, 8, 46, 48, 61, 13, 33, 34, 53, 43, 59]],
[240, [21, 42, 30, 31, 14, 56, 4, 19, 8, 46, 48, 61, 35, 54, 55, 63, 43, 59]],
[240, [21, 42, 30, 31, 14, 56, 18, 41, 8, 24, 47, 48, 13, 33, 34, 53, 43, 59]],
[240, [21, 42, 30, 31, 14, 56, 18, 41, 8, 24, 47, 48, 35, 54, 55, 63, 43, 59]],
[240, [21, 42, 30, 31, 14, 56, 18, 41, 8, 46, 48, 61, 13, 33, 34, 53, 58, 64]],
[240, [21, 42, 30, 31, 14, 56, 18, 41, 8, 46, 48, 61, 35, 54, 55, 63, 58, 64]],
[240, [21, 42, 30, 31, 15, 16, 4, 19, 8, 24, 26, 61, 13, 33, 34, 53, 44, 60]],
[240, [21, 42, 30, 31, 15, 16, 4, 19, 8, 24, 26, 61, 35, 54, 55, 63, 44, 60]],
[240, [21, 42, 30, 31, 15, 16, 4, 19, 24, 25, 48, 61, 13, 33, 34, 53, 23, 45]],
[240, [21, 42, 30, 31, 15, 16, 4, 19, 24, 25, 48, 61, 35, 54, 55, 63, 23, 45]],
[240, [21, 42, 30, 31, 15, 16, 18, 41, 8, 24, 26, 61, 13, 33, 34, 53, 23, 45]],
[240, [21, 42, 30, 31, 15, 16, 18, 41, 8, 24, 26, 61, 35, 54, 55, 63, 23, 45]],
[240, [21, 42, 30, 31, 15, 16, 18, 41, 24, 25, 48, 61, 13, 33, 34, 53, 44, 60]],
[240, [21, 42, 30, 31, 15, 16, 18, 41, 24, 25, 48, 61, 35, 54, 55, 63, 44, 60]],
[240, [21, 42, 30, 31, 36, 37, 4, 19, 24, 25, 26, 47, 13, 33, 34, 53, 58, 64]],
[240, [21, 42, 30, 31, 36, 37, 4, 19, 24, 25, 26, 47, 35, 54, 55, 63, 58, 64]],
[240, [21, 42, 30, 31, 36, 37, 4, 19, 25, 26, 46, 61, 13, 33, 34, 53, 43, 59]],
[240, [21, 42, 30, 31, 36, 37, 4, 19, 25, 26, 46, 61, 35, 54, 55, 63, 43, 59]],
[240, [21, 42, 30, 31, 36, 37, 18, 41, 24, 25, 26, 47, 13, 33, 34, 53, 43, 59]],
[240, [21, 42, 30, 31, 36, 37, 18, 41, 24, 25, 26, 47, 35, 54, 55, 63, 43, 59]],
[240, [21, 42, 30, 31, 36, 37, 18, 41, 25, 26, 46, 61, 13, 33, 34, 53, 58, 64]],
[240, [21, 42, 30, 31, 36, 37, 18, 41, 25, 26, 46, 61, 35, 54, 55, 63, 58, 64]],
[240, [5, 20, 2, 12, 3, 38, 4, 19, 8, 25, 47, 61, 27, 28, 51, 62, 43, 64]],
[240, [5, 20, 2, 12, 3, 38, 4, 19, 8, 25, 47, 61, 28, 49, 50, 51, 58, 59]],
[240, [5, 20, 2, 12, 3, 38, 4, 19, 24, 26, 46, 48, 27, 28, 51, 62, 43, 64]],
[240, [5, 20, 2, 12, 3, 38, 4, 19, 24, 26, 46, 48, 28, 49, 50, 51, 58, 59]],
[240, [5, 20, 2, 12, 3, 38, 18, 41, 8, 25, 47, 61, 9, 27, 29, 62, 43, 64]],
[240, [5, 20, 2, 12, 3, 38, 18, 41, 8, 25, 47, 61, 9, 29, 49, 50, 58, 59]],
[240, [5, 20, 2, 12, 3, 38, 18, 41, 24, 26, 46, 48, 9, 27, 29, 62, 43, 64]],
[240, [5, 20, 2, 12, 3, 38, 18, 41, 24, 26, 46, 48, 9, 29, 49, 50, 58, 59]],
[240, [5, 20, 2, 12, 14, 56, 4, 19, 8, 25, 47, 61, 27, 28, 51, 62, 44, 45]],
[240, [5, 20, 2, 12, 14, 56, 4, 19, 8, 25, 47, 61, 28, 49, 50, 51, 23, 60]],
[240, [5, 20, 2, 12, 14, 56, 4, 19, 24, 26, 46, 48, 27, 28, 51, 62, 44, 45]],
[240, [5, 20, 2, 12, 14, 56, 4, 19, 24, 26, 46, 48, 28, 49, 50, 51, 23, 60]],
[240, [5, 20, 2, 12, 14, 56, 18, 41, 8, 25, 47, 61, 9, 27, 29, 62, 44, 45]],
[240, [5, 20, 2, 12, 14, 56, 18, 41, 8, 25, 47, 61, 9, 29, 49, 50, 23, 60]],
[240, [5, 20, 2, 12, 14, 56, 18, 41, 24, 26, 46, 48, 9, 27, 29, 62, 44, 45]],
[240, [5, 20, 2, 12, 14, 56, 18, 41, 24, 26, 46, 48, 9, 29, 49, 50, 23, 60]],
[240, [5, 20, 2, 12, 15, 16, 4, 19, 8, 25, 47, 61, 27, 28, 51, 62, 58, 59]],
[240, [5, 20, 2, 12, 15, 16, 4, 19, 8, 25, 47, 61, 28, 49, 50, 51, 43, 64]],
[240, [5, 20, 2, 12, 15, 16, 4, 19, 24, 26, 46, 48, 27, 28, 51, 62, 58, 59]],
[240, [5, 20, 2, 12, 15, 16, 4, 19, 24, 26, 46, 48, 28, 49, 50, 51, 43, 64]],
[240, [5, 20, 2, 12, 15, 16, 18, 41, 8, 25, 47, 61, 9, 27, 29, 62, 58, 59]],
[240, [5, 20, 2, 12, 15, 16, 18, 41, 8, 25, 47, 61, 9, 29, 49, 50, 43, 64]],
[240, [5, 20, 2, 12, 15, 16, 18, 41, 24, 26, 46, 48, 9, 27, 29, 62, 58, 59]],
[240, [5, 20, 2, 12, 15, 16, 18, 41, 24, 26, 46, 48, 9, 29, 49, 50, 43, 64]],
[240, [5, 20, 2, 12, 36, 37, 4, 19, 8, 25, 47, 61, 27, 28, 51, 62, 23, 60]],
[240, [5, 20, 2, 12, 36, 37, 4, 19, 8, 25, 47, 61, 28, 49, 50, 51, 44, 45]],
[240, [5, 20, 2, 12, 36, 37, 4, 19, 24, 26, 46, 48, 27, 28, 51, 62, 23, 60]],
[240, [5, 20, 2, 12, 36, 37, 4, 19, 24, 26, 46, 48, 28, 49, 50, 51, 44, 45]],
[240, [5, 20, 2, 12, 36, 37, 18, 41, 8, 25, 47, 61, 9, 27, 29, 62, 23, 60]],
[240, [5, 20, 2, 12, 36, 37, 18, 41, 8, 25, 47, 61, 9, 29, 49, 50, 44, 45]],
[240, [5, 20, 2, 12, 36, 37, 18, 41, 24, 26, 46, 48, 9, 27, 29, 62, 23, 60]],
[240, [5, 20, 2, 12, 36, 37, 18, 41, 24, 26, 46, 48, 9, 29, 49, 50, 44, 45]],
[240, [5, 20, 11, 32, 3, 38, 4, 19, 8, 25, 47, 61, 9, 27, 29, 62, 43, 64]],
[240, [5, 20, 11, 32, 3, 38, 4, 19, 8, 25, 47, 61, 9, 29, 49, 50, 58, 59]],
[240, [5, 20, 11, 32, 3, 38, 4, 19, 24, 26, 46, 48, 9, 27, 29, 62, 43, 64]],
[240, [5, 20, 11, 32, 3, 38, 4, 19, 24, 26, 46, 48, 9, 29, 49, 50, 58, 59]],
[240, [5, 20, 11, 32, 3, 38, 18, 41, 8, 25, 47, 61, 27, 28, 51, 62, 43, 64]],
[240, [5, 20, 11, 32, 3, 38, 18, 41, 8, 25, 47, 61, 28, 49, 50, 51, 58, 59]],
[240, [5, 20, 11, 32, 3, 38, 18, 41, 24, 26, 46, 48, 27, 28, 51, 62, 43, 64]],
[240, [5, 20, 11, 32, 3, 38, 18, 41, 24, 26, 46, 48, 28, 49, 50, 51, 58, 59]],
[240, [5, 20, 11, 32, 14, 56, 4, 19, 8, 25, 47, 61, 9, 27, 29, 62, 44, 45]],
[240, [5, 20, 11, 32, 14, 56, 4, 19, 8, 25, 47, 61, 9, 29, 49, 50, 23, 60]],
[240, [5, 20, 11, 32, 14, 56, 4, 19, 24, 26, 46, 48, 9, 27, 29, 62, 44, 45]],
[240, [5, 20, 11, 32, 14, 56, 4, 19, 24, 26, 46, 48, 9, 29, 49, 50, 23, 60]],
[240, [5, 20, 11, 32, 14, 56, 18, 41, 8, 25, 47, 61, 27, 28, 51, 62, 44, 45]],
[240, [5, 20, 11, 32, 14, 56, 18, 41, 8, 25, 47, 61, 28, 49, 50, 51, 23, 60]],
[240, [5, 20, 11, 32, 14, 56, 18, 41, 24, 26, 46, 48, 27, 28, 51, 62, 44, 45]],
[240, [5, 20, 11, 32, 14, 56, 18, 41, 24, 26, 46, 48, 28, 49, 50, 51, 23, 60]],
[240, [5, 20, 11, 32, 15, 16, 4, 19, 8, 25, 47, 61, 9, 27, 29, 62, 58, 59]],
[240, [5, 20, 11, 32, 15, 16, 4, 19, 8, 25, 47, 61, 9, 29, 49, 50, 43, 64]],
[240, [5, 20, 11, 32, 15, 16, 4, 19, 24, 26, 46, 48, 9, 27, 29, 62, 58, 59]],
[240, [5, 20, 11, 32, 15, 16, 4, 19, 24, 26, 46, 48, 9, 29, 49, 50, 43, 64]],
[240, [5, 20, 11, 32, 15, 16, 18, 41, 8, 25, 47, 61, 27, 28, 51, 62, 58, 59]],
[240, [5, 20, 11, 32, 15, 16, 18, 41, 8, 25, 47, 61, 28, 49, 50, 51, 43, 64]],
[240, [5, 20, 11, 32, 15, 16, 18, 41, 24, 26, 46, 48, 27, 28, 51, 62, 58, 59]],
[240, [5, 20, 11, 32, 15, 16, 18, 41, 24, 26, 46, 48, 28, 49, 50, 51, 43, 64]],
[240, [5, 20, 11, 32, 36, 37, 4, 19, 8, 25, 47, 61, 9, 27, 29, 62, 23, 60]],
[240, [5, 20, 11, 32, 36, 37, 4, 19, 8, 25, 47, 61, 9, 29, 49, 50, 44, 45]],
[240, [5, 20, 11, 32, 36, 37, 4, 19, 24, 26, 46, 48, 9, 27, 29, 62, 23, 60]],
[240, [5, 20, 11, 32, 36, 37, 4, 19, 24, 26, 46, 48, 9, 29, 49, 50, 44, 45]],
[240, [5, 20, 11, 32, 36, 37, 18, 41, 8, 25, 47, 61, 27, 28, 51, 62, 23, 60]],
[240, [5, 20, 11, 32, 36, 37, 18, 41, 8, 25, 47, 61, 28, 49, 50, 51, 44, 45]],
[240, [5, 20, 11, 32, 36, 37, 18, 41, 24, 26, 46, 48, 27, 28, 51, 62, 23, 60]],
[240, [5, 20, 11, 32, 36, 37, 18, 41, 24, 26, 46, 48, 28, 49, 50, 51, 44, 45]],
[240, [21, 42, 2, 12, 3, 38, 4, 19, 8, 24, 25, 46, 27, 28, 51, 62, 43, 64]],
[240, [21, 42, 2, 12, 3, 38, 4, 19, 8, 24, 25, 46, 28, 49, 50, 51, 58, 59]],
[240, [21, 42, 2, 12, 3, 38, 4, 19, 26, 47, 48, 61, 27, 28, 51, 62, 43, 64]],
[240, [21, 42, 2, 12, 3, 38, 4, 19, 26, 47, 48, 61, 28, 49, 50, 51, 58, 59]],
[240, [21, 42, 2, 12, 3, 38, 18, 41, 8, 24, 25, 46, 9, 27, 29, 62, 43, 64]],
[240, [21, 42, 2, 12, 3, 38, 18, 41, 8, 24, 25, 46, 9, 29, 49, 50, 58, 59]],
[240, [21, 42, 2, 12, 3, 38, 18, 41, 26, 47, 48, 61, 9, 27, 29, 62, 43, 64]],
[240, [21, 42, 2, 12, 3, 38, 18, 41, 26, 47, 48, 61, 9, 29, 49, 50, 58, 59]],
[240, [21, 42, 2, 12, 14, 56, 4, 19, 8, 24, 25, 46, 27, 28, 51, 62, 44, 45]],
[240, [21, 42, 2, 12, 14, 56, 4, 19, 8, 24, 25, 46, 28, 49, 50, 51, 23, 60]],
[240, [21, 42, 2, 12, 14, 56, 4, 19, 26, 47, 48, 61, 27, 28, 51, 62, 44, 45]],
[240, [21, 42, 2, 12, 14, 56, 4, 19, 26, 47, 48, 61, 28, 49, 50, 51, 23, 60]],
[240, [21, 42, 2, 12, 14, 56, 18, 41, 8, 24, 25, 46, 9, 27, 29, 62, 44, 45]],
[240, [21, 42, 2, 12, 14, 56, 18, 41, 8, 24, 25, 46, 9, 29, 49, 50, 23, 60]],
[240, [21, 42, 2, 12, 14, 56, 18, 41, 26, 47, 48, 61, 9, 27, 29, 62, 44, 45]],
[240, [21, 42, 2, 12, 14, 56, 18, 41, 26, 47, 48, 61, 9, 29, 49, 50, 23, 60]],
[240, [21, 42, 2, 12, 15, 16, 4, 19, 8, 24, 25, 46, 27, 28, 51, 62, 58, 59]],
[240, [21, 42, 2, 12, 15, 16, 4, 19, 8, 24, 25, 46, 28, 49, 50, 51, 43, 64]],
[240, [21, 42, 2, 12, 15, 16, 4, 19, 26, 47, 48, 61, 27, 28, 51, 62, 58, 59]],
[240, [21, 42, 2, 12, 15, 16, 4, 19, 26, 47, 48, 61, 28, 49, 50, 51, 43, 64]],
[240, [21, 42, 2, 12, 15, 16, 18, 41, 8, 24, 25, 46, 9, 27, 29, 62, 58, 59]],
[240, [21, 42, 2, 12, 15, 16, 18, 41, 8, 24, 25, 46, 9, 29, 49, 50, 43, 64]],
[240, [21, 42, 2, 12, 15, 16, 18, 41, 26, 47, 48, 61, 9, 27, 29, 62, 58, 59]],
[240, [21, 42, 2, 12, 15, 16, 18, 41, 26, 47, 48, 61, 9, 29, 49, 50, 43, 64]],
[240, [21, 42, 2, 12, 36, 37, 4, 19, 8, 24, 25, 46, 27, 28, 51, 62, 23, 60]],
[240, [21, 42, 2, 12, 36, 37, 4, 19, 8, 24, 25, 46, 28, 49, 50, 51, 44, 45]],
[240, [21, 42, 2, 12, 36, 37, 4, 19, 26, 47, 48, 61, 27, 28, 51, 62, 23, 60]],
[240, [21, 42, 2, 12, 36, 37, 4, 19, 26, 47, 48, 61, 28, 49, 50, 51, 44, 45]],
[240, [21, 42, 2, 12, 36, 37, 18, 41, 8, 24, 25, 46, 9, 27, 29, 62, 23, 60]],
[240, [21, 42, 2, 12, 36, 37, 18, 41, 8, 24, 25, 46, 9, 29, 49, 50, 44, 45]],
[240, [21, 42, 2, 12, 36, 37, 18, 41, 26, 47, 48, 61, 9, 27, 29, 62, 23, 60]],
[240, [21, 42, 2, 12, 36, 37, 18, 41, 26, 47, 48, 61, 9, 29, 49, 50, 44, 45]],
[240, [21, 42, 11, 32, 3, 38, 4, 19, 8, 24, 25, 46, 9, 27, 29, 62, 43, 64]],
[240, [21, 42, 11, 32, 3, 38, 4, 19, 8, 24, 25, 46, 9, 29, 49, 50, 58, 59]],
[240, [21, 42, 11, 32, 3, 38, 4, 19, 26, 47, 48, 61, 9, 27, 29, 62, 43, 64]],
[240, [21, 42, 11, 32, 3, 38, 4, 19, 26, 47, 48, 61, 9, 29, 49, 50, 58, 59]],
[240, [21, 42, 11, 32, 3, 38, 18, 41, 8, 24, 25, 46, 27, 28, 51, 62, 43, 64]],
[240, [21, 42, 11, 32, 3, 38, 18, 41, 8, 24, 25, 46, 28, 49, 50, 51, 58, 59]],
[240, [21, 42, 11, 32, 3, 38, 18, 41, 26, 47, 48, 61, 27, 28, 51, 62, 43, 64]],
[240, [21, 42, 11, 32, 3, 38, 18, 41, 26, 47, 48, 61, 28, 49, 50, 51, 58, 59]],
[240, [21, 42, 11, 32, 14, 56, 4, 19, 8, 24, 25, 46, 9, 27, 29, 62, 44, 45]],
[240, [21, 42, 11, 32, 14, 56, 4, 19, 8, 24, 25, 46, 9, 29, 49, 50, 23, 60]],
[240, [21, 42, 11, 32, 14, 56, 4, 19, 26, 47, 48, 61, 9, 27, 29, 62, 44, 45]],
[240, [21, 42, 11, 32, 14, 56, 4, 19, 26, 47, 48, 61, 9, 29, 49, 50, 23, 60]],
[240, [21, 42, 11, 32, 14, 56, 18, 41, 8, 24, 25, 46, 27, 28, 51, 62, 44, 45]],
[240, [21, 42, 11, 32, 14, 56, 18, 41, 8, 24, 25, 46, 28, 49, 50, 51, 23, 60]],
[240, [21, 42, 11, 32, 14, 56, 18, 41, 26, 47, 48, 61, 27, 28, 51, 62, 44, 45]],
[240, [21, 42, 11, 32, 14, 56, 18, 41, 26, 47, 48, 61, 28, 49, 50, 51, 23, 60]],
[240, [21, 42, 11, 32, 15, 16, 4, 19, 8, 24, 25, 46, 9, 27, 29, 62, 58, 59]],
[240, [21, 42, 11, 32, 15, 16, 4, 19, 8, 24, 25, 46, 9, 29, 49, 50, 43, 64]],
[240, [21, 42, 11, 32, 15, 16, 4, 19, 26, 47, 48, 61, 9, 27, 29, 62, 58, 59]],
[240, [21, 42, 11, 32, 15, 16, 4, 19, 26, 47, 48, 61, 9, 29, 49, 50, 43, 64]],
[240, [21, 42, 11, 32, 15, 16, 18, 41, 8, 24, 25, 46, 27, 28, 51, 62, 58, 59]],
[240, [21, 42, 11, 32, 15, 16, 18, 41, 8, 24, 25, 46, 28, 49, 50, 51, 43, 64]],
[240, [21, 42, 11, 32, 15, 16, 18, 41, 26, 47, 48, 61, 27, 28, 51, 62, 58, 59]],
[240, [21, 42, 11, 32, 15, 16, 18, 41, 26, 47, 48, 61, 28, 49, 50, 51, 43, 64]],
[240, [21, 42, 11, 32, 36, 37, 4, 19, 8, 24, 25, 46, 9, 27, 29, 62, 23, 60]],
[240, [21, 42, 11, 32, 36, 37, 4, 19, 8, 24, 25, 46, 9, 29, 49, 50, 44, 45]],
[240, [21, 42, 11, 32, 36, 37, 4, 19, 26, 47, 48, 61, 9, 27, 29, 62, 23, 60]],
[240, [21, 42, 11, 32, 36, 37, 4, 19, 26, 47, 48, 61, 9, 29, 49, 50, 44, 45]],
[240, [21, 42, 11, 32, 36, 37, 18, 41, 8, 24, 25, 46, 27, 28, 51, 62, 23, 60]],
[240, [21, 42, 11, 32, 36, 37, 18, 41, 8, 24, 25, 46, 28, 49, 50, 51, 44, 45]],
[240, [21, 42, 11, 32, 36, 37, 18, 41, 26, 47, 48, 61, 27, 28, 51, 62, 23, 60]],
[240, [21, 42, 11, 32, 36, 37, 18, 41, 26, 47, 48, 61, 28, 49, 50, 51, 44, 45]],
[240, [5, 20, 2, 10, 12, 52, 3, 38, 4, 19, 24, 61, 28, 51, 23, 44, 59, 64]],
[240, [5, 20, 2, 10, 12, 52, 3, 38, 4, 19, 24, 61, 28, 51, 43, 45, 58, 60]],
[240, [5, 20, 2, 10, 12, 52, 3, 38, 18, 41, 24, 61, 9, 29, 23, 44, 59, 64]],
[240, [5, 20, 2, 10, 12, 52, 3, 38, 18, 41, 24, 61, 9, 29, 43, 45, 58, 60]],
[240, [5, 20, 2, 10, 12, 52, 14, 56, 4, 19, 25, 26, 28, 51, 23, 44, 59, 64]],
[240, [5, 20, 2, 10, 12, 52, 14, 56, 4, 19, 25, 26, 28, 51, 43, 45, 58, 60]],
[240, [5, 20, 2, 10, 12, 52, 14, 56, 18, 41, 25, 26, 9, 29, 23, 44, 59, 64]],
[240, [5, 20, 2, 10, 12, 52, 14, 56, 18, 41, 25, 26, 9, 29, 43, 45, 58, 60]],
[240, [5, 20, 2, 10, 12, 52, 15, 16, 4, 19, 46, 47, 28, 51, 23, 44, 59, 64]],
[240, [5, 20, 2, 10, 12, 52, 15, 16, 4, 19, 46, 47, 28, 51, 43, 45, 58, 60]],
[240, [5, 20, 2, 10, 12, 52, 15, 16, 18, 41, 46, 47, 9, 29, 23, 44, 59, 64]],
[240, [5, 20, 2, 10, 12, 52, 15, 16, 18, 41, 46, 47, 9, 29, 43, 45, 58, 60]],
[240, [5, 20, 2, 10, 12, 52, 36, 37, 4, 19, 8, 48, 28, 51, 23, 44, 59, 64]],
[240, [5, 20, 2, 10, 12, 52, 36, 37, 4, 19, 8, 48, 28, 51, 43, 45, 58, 60]],
[240, [5, 20, 2, 10, 12, 52, 36, 37, 18, 41, 8, 48, 9, 29, 23, 44, 59, 64]],
[240, [5, 20, 2, 10, 12, 52, 36, 37, 18, 41, 8, 48, 9, 29, 43, 45, 58, 60]],
[240, [5, 20, 2, 12, 30, 31, 3, 38, 4, 19, 46, 47, 28, 51, 23, 44, 59, 64]],
[240, [5, 20, 2, 12, 30, 31, 3, 38, 4, 19, 46, 47, 28, 51, 43, 45, 58, 60]],
[240, [5, 20, 2, 12, 30, 31, 3, 38, 18, 41, 46, 47, 9, 29, 23, 44, 59, 64]],
[240, [5, 20, 2, 12, 30, 31, 3, 38, 18, 41, 46, 47, 9, 29, 43, 45, 58, 60]],
[240, [5, 20, 2, 12, 30, 31, 14, 56, 4, 19, 8, 48, 28, 51, 23, 44, 59, 64]],
[240, [5, 20, 2, 12, 30, 31, 14, 56, 4, 19, 8, 48, 28, 51, 43, 45, 58, 60]],
[240, [5, 20, 2, 12, 30, 31, 14, 56, 18, 41, 8, 48, 9, 29, 23, 44, 59, 64]],
[240, [5, 20, 2, 12, 30, 31, 14, 56, 18, 41, 8, 48, 9, 29, 43, 45, 58, 60]],
[240, [5, 20, 2, 12, 30, 31, 15, 16, 4, 19, 24, 61, 28, 51, 23, 44, 59, 64]],
[240, [5, 20, 2, 12, 30, 31, 15, 16, 4, 19, 24, 61, 28, 51, 43, 45, 58, 60]],
[240, [5, 20, 2, 12, 30, 31, 15, 16, 18, 41, 24, 61, 9, 29, 23, 44, 59, 64]],
[240, [5, 20, 2, 12, 30, 31, 15, 16, 18, 41, 24, 61, 9, 29, 43, 45, 58, 60]],
[240, [5, 20, 2, 12, 30, 31, 36, 37, 4, 19, 25, 26, 28, 51, 23, 44, 59, 64]],
[240, [5, 20, 2, 12, 30, 31, 36, 37, 4, 19, 25, 26, 28, 51, 43, 45, 58, 60]],
[240, [5, 20, 2, 12, 30, 31, 36, 37, 18, 41, 25, 26, 9, 29, 23, 44, 59, 64]],
[240, [5, 20, 2, 12, 30, 31, 36, 37, 18, 41, 25, 26, 9, 29, 43, 45, 58, 60]],
[240, [5, 20, 10, 11, 32, 52, 3, 38, 4, 19, 24, 61, 9, 29, 23, 44, 59, 64]],
[240, [5, 20, 10, 11, 32, 52, 3, 38, 4, 19, 24, 61, 9, 29, 43, 45, 58, 60]],
[240, [5, 20, 10, 11, 32, 52, 3, 38, 18, 41, 24, 61, 28, 51, 23, 44, 59, 64]],
[240, [5, 20, 10, 11, 32, 52, 3, 38, 18, 41, 24, 61, 28, 51, 43, 45, 58, 60]],
[240, [5, 20, 10, 11, 32, 52, 14, 56, 4, 19, 25, 26, 9, 29, 23, 44, 59, 64]],
[240, [5, 20, 10, 11, 32, 52, 14, 56, 4, 19, 25, 26, 9, 29, 43, 45, 58, 60]],
[240, [5, 20, 10, 11, 32, 52, 14, 56, 18, 41, 25, 26, 28, 51, 23, 44, 59, 64]],
[240, [5, 20, 10, 11, 32, 52, 14, 56, 18, 41, 25, 26, 28, 51, 43, 45, 58, 60]],
[240, [5, 20, 10, 11, 32, 52, 15, 16, 4, 19, 46, 47, 9, 29, 23, 44, 59, 64]],
[240, [5, 20, 10, 11, 32, 52, 15, 16, 4, 19, 46, 47, 9, 29, 43, 45, 58, 60]],
[240, [5, 20, 10, 11, 32, 52, 15, 16, 18, 41, 46, 47, 28, 51, 23, 44, 59, 64]],
[240, [5, 20, 10, 11, 32, 52, 15, 16, 18, 41, 46, 47, 28, 51, 43, 45, 58, 60]],
[240, [5, 20, 10, 11, 32, 52, 36, 37, 4, 19, 8, 48, 9, 29, 23, 44, 59, 64]],
[240, [5, 20, 10, 11, 32, 52, 36, 37, 4, 19, 8, 48, 9, 29, 43, 45, 58, 60]],
[240, [5, 20, 10, 11, 32, 52, 36, 37, 18, 41, 8, 48, 28, 51, 23, 44, 59, 64]],
[240, [5, 20, 10, 11, 32, 52, 36, 37, 18, 41, 8, 48, 28, 51, 43, 45, 58, 60]],
[240, [5, 20, 11, 30, 31, 32, 3, 38, 4, 19, 46, 47, 9, 29, 23, 44, 59, 64]],
[240, [5, 20, 11, 30, 31, 32, 3, 38, 4, 19, 46, 47, 9, 29, 43, 45, 58, 60]],
[240, [5, 20, 11, 30, 31, 32, 3, 38, 18, 41, 46, 47, 28, 51, 23, 44, 59, 64]],
[240, [5, 20, 11, 30, 31, 32, 3, 38, 18, 41, 46, 47, 28, 51, 43, 45, 58, 60]],
[240, [5, 20, 11, 30, 31, 32, 14, 56, 4, 19, 8, 48, 9, 29, 23, 44, 59, 64]],
[240, [5, 20, 11, 30, 31, 32, 14, 56, 4, 19, 8, 48, 9, 29, 43, 45, 58, 60]],
[240, [5, 20, 11, 30, 31, 32, 14, 56, 18, 41, 8, 48, 28, 51, 23, 44, 59, 64]],
[240, [5, 20, 11, 30, 31, 32, 14, 56, 18, 41, 8, 48, 28, 51, 43, 45, 58, 60]],
[240, [5, 20, 11, 30, 31, 32, 15, 16, 4, 19, 24, 61, 9, 29, 23, 44, 59, 64]],
[240, [5, 20, 11, 30, 31, 32, 15, 16, 4, 19, 24, 61, 9, 29, 43, 45, 58, 60]],
[240, [5, 20, 11, 30, 31, 32, 15, 16, 18, 41, 24, 61, 28, 51, 23, 44, 59, 64]],
[240, [5, 20, 11, 30, 31, 32, 15, 16, 18, 41, 24, 61, 28, 51, 43, 45, 58, 60]],
[240, [5, 20, 11, 30, 31, 32, 36, 37, 4, 19, 25, 26, 9, 29, 23, 44, 59, 64]],
[240, [5, 20, 11, 30, 31, 32, 36, 37, 4, 19, 25, 26, 9, 29, 43, 45, 58, 60]],
[240, [5, 20, 11, 30, 31, 32, 36, 37, 18, 41, 25, 26, 28, 51, 23, 44, 59, 64]],
[240, [5, 20, 11, 30, 31, 32, 36, 37, 18, 41, 25, 26, 28, 51, 43, 45, 58, 60]],
[240, [21, 42, 2, 10, 12, 52, 3, 38, 4, 19, 24, 61, 28, 51, 23, 43, 44, 58]],
[240, [21, 42, 2, 10, 12, 52, 3, 38, 4, 19, 24, 61, 28, 51, 45, 59, 60, 64]],
[240, [21, 42, 2, 10, 12, 52, 3, 38, 18, 41, 24, 61, 9, 29, 23, 43, 44, 58]],
[240, [21, 42, 2, 10, 12, 52, 3, 38, 18, 41, 24, 61, 9, 29, 45, 59, 60, 64]],
[240, [21, 42, 2, 10, 12, 52, 14, 56, 4, 19, 25, 26, 28, 51, 23, 43, 44, 58]],
[240, [21, 42, 2, 10, 12, 52, 14, 56, 4, 19, 25, 26, 28, 51, 45, 59, 60, 64]],
[240, [21, 42, 2, 10, 12, 52, 14, 56, 18, 41, 25, 26, 9, 29, 23, 43, 44, 58]],
[240, [21, 42, 2, 10, 12, 52, 14, 56, 18, 41, 25, 26, 9, 29, 45, 59, 60, 64]],
[240, [21, 42, 2, 10, 12, 52, 15, 16, 4, 19, 46, 47, 28, 51, 23, 43, 44, 58]],
[240, [21, 42, 2, 10, 12, 52, 15, 16, 4, 19, 46, 47, 28, 51, 45, 59, 60, 64]],
[240, [21, 42, 2, 10, 12, 52, 15, 16, 18, 41, 46, 47, 9, 29, 23, 43, 44, 58]],
[240, [21, 42, 2, 10, 12, 52, 15, 16, 18, 41, 46, 47, 9, 29, 45, 59, 60, 64]],
[240, [21, 42, 2, 10, 12, 52, 36, 37, 4, 19, 8, 48, 28, 51, 23, 43, 44, 58]],
[240, [21, 42, 2, 10, 12, 52, 36, 37, 4, 19, 8, 48, 28, 51, 45, 59, 60, 64]],
[240, [21, 42, 2, 10, 12, 52, 36, 37, 18, 41, 8, 48, 9, 29, 23, 43, 44, 58]],
[240, [21, 42, 2, 10, 12, 52, 36, 37, 18, 41, 8, 48, 9, 29, 45, 59, 60, 64]],
[240, [21, 42, 2, 12, 30, 31, 3, 38, 4, 19, 46, 47, 28, 51, 23, 43, 44, 58]],
[240, [21, 42, 2, 12, 30, 31, 3, 38, 4, 19, 46, 47, 28, 51, 45, 59, 60, 64]],
[240, [21, 42, 2, 12, 30, 31, 3, 38, 18, 41, 46, 47, 9, 29, 23, 43, 44, 58]],
[240, [21, 42, 2, 12, 30, 31, 3, 38, 18, 41, 46, 47, 9, 29, 45, 59, 60, 64]],
[240, [21, 42, 2, 12, 30, 31, 14, 56, 4, 19, 8, 48, 28, 51, 23, 43, 44, 58]],
[240, [21, 42, 2, 12, 30, 31, 14, 56, 4, 19, 8, 48, 28, 51, 45, 59, 60, 64]],
[240, [21, 42, 2, 12, 30, 31, 14, 56, 18, 41, 8, 48, 9, 29, 23, 43, 44, 58]],
[240, [21, 42, 2, 12, 30, 31, 14, 56, 18, 41, 8, 48, 9, 29, 45, 59, 60, 64]],
[240, [21, 42, 2, 12, 30, 31, 15, 16, 4, 19, 24, 61, 28, 51, 23, 43, 44, 58]],
[240, [21, 42, 2, 12, 30, 31, 15, 16, 4, 19, 24, 61, 28, 51, 45, 59, 60, 64]],
[240, [21, 42, 2, 12, 30, 31, 15, 16, 18, 41, 24, 61, 9, 29, 23, 43, 44, 58]],
[240, [21, 42, 2, 12, 30, 31, 15, 16, 18, 41, 24, 61, 9, 29, 45, 59, 60, 64]],
[240, [21, 42, 2, 12, 30, 31, 36, 37, 4, 19, 25, 26, 28, 51, 23, 43, 44, 58]],
[240, [21, 42, 2, 12, 30, 31, 36, 37, 4, 19, 25, 26, 28, 51, 45, 59, 60, 64]],
[240, [21, 42, 2, 12, 30, 31, 36, 37, 18, 41, 25, 26, 9, 29, 23, 43, 44, 58]],
[240, [21, 42, 2, 12, 30, 31, 36, 37, 18, 41, 25, 26, 9, 29, 45, 59, 60, 64]],
[240, [21, 42, 10, 11, 32, 52, 3, 38, 4, 19, 24, 61, 9, 29, 23, 43, 44, 58]],
[240, [21, 42, 10, 11, 32, 52, 3, 38, 4, 19, 24, 61, 9, 29, 45, 59, 60, 64]],
[240, [21, 42, 10, 11, 32, 52, 3, 38, 18, 41, 24, 61, 28, 51, 23, 43, 44, 58]],
[240, [21, 42, 10, 11, 32, 52, 3, 38, 18, 41, 24, 61, 28, 51, 45, 59, 60, 64]],
[240, [21, 42, 10, 11, 32, 52, 14, 56, 4, 19, 25, 26, 9, 29, 23, 43, 44, 58]],
[240, [21, 42, 10, 11, 32, 52, 14, 56, 4, 19, 25, 26, 9, 29, 45, 59, 60, 64]],
[240, [21, 42, 10, 11, 32, 52, 14, 56, 18, 41, 25, 26, 28, 51, 23, 43, 44, 58]],
[240, [21, 42, 10, 11, 32, 52, 14, 56, 18, 41, 25, 26, 28, 51, 45, 59, 60, 64]],
[240, [21, 42, 10, 11, 32, 52, 15, 16, 4, 19, 46, 47, 9, 29, 23, 43, 44, 58]],
[240, [21, 42, 10, 11, 32, 52, 15, 16, 4, 19, 46, 47, 9, 29, 45, 59, 60, 64]],
[240, [21, 42, 10, 11, 32, 52, 15, 16, 18, 41, 46, 47, 28, 51, 23, 43, 44, 58]],
[240, [21, 42, 10, 11, 32, 52, 15, 16, 18, 41, 46, 47, 28, 51, 45, 59, 60, 64]],
[240, [21, 42, 10, 11, 32, 52, 36, 37, 4, 19, 8, 48, 9, 29, 23, 43, 44, 58]],
[240, [21, 42, 10, 11, 32, 52, 36, 37, 4, 19, 8, 48, 9, 29, 45, 59, 60, 64]],
[240, [21, 42, 10, 11, 32, 52, 36, 37, 18, 41, 8, 48, 28, 51, 23, 43, 44, 58]],
[240, [21, 42, 10, 11, 32, 52, 36, 37, 18, 41, 8, 48, 28, 51, 45, 59, 60, 64]],
[240, [21, 42, 11, 30, 31, 32, 3, 38, 4, 19, 46, 47, 9, 29, 23, 43, 44, 58]],
[240, [21, 42, 11, 30, 31, 32, 3, 38, 4, 19, 46, 47, 9, 29, 45, 59, 60, 64]],
[240, [21, 42, 11, 30, 31, 32, 3, 38, 18, 41, 46, 47, 28, 51, 23, 43, 44, 58]],
[240, [21, 42, 11, 30, 31, 32, 3, 38, 18, 41, 46, 47, 28, 51, 45, 59, 60, 64]],
[240, [21, 42, 11, 30, 31, 32, 14, 56, 4, 19, 8, 48, 9, 29, 23, 43, 44, 58]],
[240, [21, 42, 11, 30, 31, 32, 14, 56, 4, 19, 8, 48, 9, 29, 45, 59, 60, 64]],
[240, [21, 42, 11, 30, 31, 32, 14, 56, 18, 41, 8, 48, 28, 51, 23, 43, 44, 58]],
[240, [21, 42, 11, 30, 31, 32, 14, 56, 18, 41, 8, 48, 28, 51, 45, 59, 60, 64]],
[240, [21, 42, 11, 30, 31, 32, 15, 16, 4, 19, 24, 61, 9, 29, 23, 43, 44, 58]],
[240, [21, 42, 11, 30, 31, 32, 15, 16, 4, 19, 24, 61, 9, 29, 45, 59, 60, 64]],
[240, [21, 42, 11, 30, 31, 32, 15, 16, 18, 41, 24, 61, 28, 51, 23, 43, 44, 58]],
[240, [21, 42, 11, 30, 31, 32, 15, 16, 18, 41, 24, 61, 28, 51, 45, 59, 60, 64]],
[240, [21, 42, 11, 30, 31, 32, 36, 37, 4, 19, 25, 26, 9, 29, 23, 43, 44, 58]],
[240, [21, 42, 11, 30, 31, 32, 36, 37, 4, 19, 25, 26, 9, 29, 45, 59, 60, 64]],
[240, [21, 42, 11, 30, 31, 32, 36, 37, 18, 41, 25, 26, 28, 51, 23, 43, 44, 58]],
[240, [21, 42, 11, 30, 31, 32, 36, 37, 18, 41, 25, 26, 28, 51, 45, 59, 60, 64]],
[240, [5, 20, 2, 10, 12, 52, 3, 38, 4, 19, 24, 61, 28, 51, 13, 34, 54, 63]],
[240, [5, 20, 2, 10, 12, 52, 3, 38, 4, 19, 24, 61, 28, 51, 33, 35, 53, 55]],
[240, [5, 20, 2, 10, 12, 52, 3, 38, 18, 41, 24, 61, 9, 29, 13, 34, 54, 63]],
[240, [5, 20, 2, 10, 12, 52, 3, 38, 18, 41, 24, 61, 9, 29, 33, 35, 53, 55]],
[240, [5, 20, 2, 10, 12, 52, 14, 56, 4, 19, 25, 26, 28, 51, 13, 34, 54, 63]],
[240, [5, 20, 2, 10, 12, 52, 14, 56, 4, 19, 25, 26, 28, 51, 33, 35, 53, 55]],
[240, [5, 20, 2, 10, 12, 52, 14, 56, 18, 41, 25, 26, 9, 29, 13, 34, 54, 63]],
[240, [5, 20, 2, 10, 12, 52, 14, 56, 18, 41, 25, 26, 9, 29, 33, 35, 53, 55]],
[240, [5, 20, 2, 10, 12, 52, 15, 16, 4, 19, 46, 47, 28, 51, 13, 34, 54, 63]],
[240, [5, 20, 2, 10, 12, 52, 15, 16, 4, 19, 46, 47, 28, 51, 33, 35, 53, 55]],
[240, [5, 20, 2, 10, 12, 52, 15, 16, 18, 41, 46, 47, 9, 29, 13, 34, 54, 63]],
[240, [5, 20, 2, 10, 12, 52, 15, 16, 18, 41, 46, 47, 9, 29, 33, 35, 53, 55]],
[240, [5, 20, 2, 10, 12, 52, 36, 37, 4, 19, 8, 48, 28, 51, 13, 34, 54, 63]],
[240, [5, 20, 2, 10, 12, 52, 36, 37, 4, 19, 8, 48, 28, 51, 33, 35, 53, 55]],
[240, [5, 20, 2, 10, 12, 52, 36, 37, 18, 41, 8, 48, 9, 29, 13, 34, 54, 63]],
[240, [5, 20, 2, 10, 12, 52, 36, 37, 18, 41, 8, 48, 9, 29, 33, 35, 53, 55]],
[240, [5, 20, 2, 12, 30, 31, 3, 38, 4, 19, 46, 47, 28, 51, 13, 34, 54, 63]],
[240, [5, 20, 2, 12, 30, 31, 3, 38, 4, 19, 46, 47, 28, 51, 33, 35, 53, 55]],
[240, [5, 20, 2, 12, 30, 31, 3, 38, 18, 41, 46, 47, 9, 29, 13, 34, 54, 63]],
[240, [5, 20, 2, 12, 30, 31, 3, 38, 18, 41, 46, 47, 9, 29, 33, 35, 53, 55]],
[240, [5, 20, 2, 12, 30, 31, 14, 56, 4, 19, 8, 48, 28, 51, 13, 34, 54, 63]],
[240, [5, 20, 2, 12, 30, 31, 14, 56, 4, 19, 8, 48, 28, 51, 33, 35, 53, 55]],
[240, [5, 20, 2, 12, 30, 31, 14, 56, 18, 41, 8, 48, 9, 29, 13, 34, 54, 63]],
[240, [5, 20, 2, 12, 30, 31, 14, 56, 18, 41, 8, 48, 9, 29, 33, 35, 53, 55]],
[240, [5, 20, 2, 12, 30, 31, 15, 16, 4, 19, 24, 61, 28, 51, 13, 34, 54, 63]],
[240, [5, 20, 2, 12, 30, 31, 15, 16, 4, 19, 24, 61, 28, 51, 33, 35, 53, 55]],
[240, [5, 20, 2, 12, 30, 31, 15, 16, 18, 41, 24, 61, 9, 29, 13, 34, 54, 63]],
[240, [5, 20, 2, 12, 30, 31, 15, 16, 18, 41, 24, 61, 9, 29, 33, 35, 53, 55]],
[240, [5, 20, 2, 12, 30, 31, 36, 37, 4, 19, 25, 26, 28, 51, 13, 34, 54, 63]],
[240, [5, 20, 2, 12, 30, 31, 36, 37, 4, 19, 25, 26, 28, 51, 33, 35, 53, 55]],
[240, [5, 20, 2, 12, 30, 31, 36, 37, 18, 41, 25, 26, 9, 29, 13, 34, 54, 63]],
[240, [5, 20, 2, 12, 30, 31, 36, 37, 18, 41, 25, 26, 9, 29, 33, 35, 53, 55]],
[240, [5, 20, 10, 11, 32, 52, 3, 38, 4, 19, 24, 61, 9, 29, 13, 34, 54, 63]],
[240, [5, 20, 10, 11, 32, 52, 3, 38, 4, 19, 24, 61, 9, 29, 33, 35, 53, 55]],
[240, [5, 20, 10, 11, 32, 52, 3, 38, 18, 41, 24, 61, 28, 51, 13, 34, 54, 63]],
[240, [5, 20, 10, 11, 32, 52, 3, 38, 18, 41, 24, 61, 28, 51, 33, 35, 53, 55]],
[240, [5, 20, 10, 11, 32, 52, 14, 56, 4, 19, 25, 26, 9, 29, 13, 34, 54, 63]],
[240, [5, 20, 10, 11, 32, 52, 14, 56, 4, 19, 25, 26, 9, 29, 33, 35, 53, 55]],
[240, [5, 20, 10, 11, 32, 52, 14, 56, 18, 41, 25, 26, 28, 51, 13, 34, 54, 63]],
[240, [5, 20, 10, 11, 32, 52, 14, 56, 18, 41, 25, 26, 28, 51, 33, 35, 53, 55]],
[240, [5, 20, 10, 11, 32, 52, 15, 16, 4, 19, 46, 47, 9, 29, 13, 34, 54, 63]],
[240, [5, 20, 10, 11, 32, 52, 15, 16, 4, 19, 46, 47, 9, 29, 33, 35, 53, 55]],
[240, [5, 20, 10, 11, 32, 52, 15, 16, 18, 41, 46, 47, 28, 51, 13, 34, 54, 63]],
[240, [5, 20, 10, 11, 32, 52, 15, 16, 18, 41, 46, 47, 28, 51, 33, 35, 53, 55]],
[240, [5, 20, 10, 11, 32, 52, 36, 37, 4, 19, 8, 48, 9, 29, 13, 34, 54, 63]],
[240, [5, 20, 10, 11, 32, 52, 36, 37, 4, 19, 8, 48, 9, 29, 33, 35, 53, 55]],
[240, [5, 20, 10, 11, 32, 52, 36, 37, 18, 41, 8, 48, 28, 51, 13, 34, 54, 63]],
[240, [5, 20, 10, 11, 32, 52, 36, 37, 18, 41, 8, 48, 28, 51, 33, 35, 53, 55]],
[240, [5, 20, 11, 30, 31, 32, 3, 38, 4, 19, 46, 47, 9, 29, 13, 34, 54, 63]],
[240, [5, 20, 11, 30, 31, 32, 3, 38, 4, 19, 46, 47, 9, 29, 33, 35, 53, 55]],
[240, [5, 20, 11, 30, 31, 32, 3, 38, 18, 41, 46, 47, 28, 51, 13, 34, 54, 63]],
[240, [5, 20, 11, 30, 31, 32, 3, 38, 18, 41, 46, 47, 28, 51, 33, 35, 53, 55]],
[240, [5, 20, 11, 30, 31, 32, 14, 56, 4, 19, 8, 48, 9, 29, 13, 34, 54, 63]],
[240, [5, 20, 11, 30, 31, 32, 14, 56, 4, 19, 8, 48, 9, 29, 33, 35, 53, 55]],
[240, [5, 20, 11, 30, 31, 32, 14, 56, 18, 41, 8, 48, 28, 51, 13, 34, 54, 63]],
[240, [5, 20, 11, 30, 31, 32, 14, 56, 18, 41, 8, 48, 28, 51, 33, 35, 53, 55]],
[240, [5, 20, 11, 30, 31, 32, 15, 16, 4, 19, 24, 61, 9, 29, 13, 34, 54, 63]],
[240, [5, 20, 11, 30, 31, 32, 15, 16, 4, 19, 24, 61, 9, 29, 33, 35, 53, 55]],
[240, [5, 20, 11, 30, 31, 32, 15, 16, 18, 41, 24, 61, 28, 51, 13, 34, 54, 63]],
[240, [5, 20, 11, 30, 31, 32, 15, 16, 18, 41, 24, 61, 28, 51, 33, 35, 53, 55]],
[240, [5, 20, 11, 30, 31, 32, 36, 37, 4, 19, 25, 26, 9, 29, 13, 34, 54, 63]],
[240, [5, 20, 11, 30, 31, 32, 36, 37, 4, 19, 25, 26, 9, 29, 33, 35, 53, 55]],
[240, [5, 20, 11, 30, 31, 32, 36, 37, 18, 41, 25, 26, 28, 51, 13, 34, 54, 63]],
[240, [5, 20, 11, 30, 31, 32, 36, 37, 18, 41, 25, 26, 28, 51, 33, 35, 53, 55]],
[240, [21, 42, 2, 10, 12, 52, 3, 38, 4, 19, 24, 61, 28, 51, 13, 33, 34, 53]],
[240, [21, 42, 2, 10, 12, 52, 3, 38, 4, 19, 24, 61, 28, 51, 35, 54, 55, 63]],
[240, [21, 42, 2, 10, 12, 52, 3, 38, 18, 41, 24, 61, 9, 29, 13, 33, 34, 53]],
[240, [21, 42, 2, 10, 12, 52, 3, 38, 18, 41, 24, 61, 9, 29, 35, 54, 55, 63]],
[240, [21, 42, 2, 10, 12, 52, 14, 56, 4, 19, 25, 26, 28, 51, 13, 33, 34, 53]],
[240, [21, 42, 2, 10, 12, 52, 14, 56, 4, 19, 25, 26, 28, 51, 35, 54, 55, 63]],
[240, [21, 42, 2, 10, 12, 52, 14, 56, 18, 41, 25, 26, 9, 29, 13, 33, 34, 53]],
[240, [21, 42, 2, 10, 12, 52, 14, 56, 18, 41, 25, 26, 9, 29, 35, 54, 55, 63]],
[240, [21, 42, 2, 10, 12, 52, 15, 16, 4, 19, 46, 47, 28, 51, 13, 33, 34, 53]],
[240, [21, 42, 2, 10, 12, 52, 15, 16, 4, 19, 46, 47, 28, 51, 35, 54, 55, 63]],
[240, [21, 42, 2, 10, 12, 52, 15, 16, 18, 41, 46, 47, 9, 29, 13, 33, 34, 53]],
[240, [21, 42, 2, 10, 12, 52, 15, 16, 18, 41, 46, 47, 9, 29, 35, 54, 55, 63]],
[240, [21, 42, 2, 10, 12, 52, 36, 37, 4, 19, 8, 48, 28, 51, 13, 33, 34, 53]],
[240, [21, 42, 2, 10, 12, 52, 36, 37, 4, 19, 8, 48, 28, 51, 35, 54, 55, 63]],
[240, [21, 42, 2, 10, 12, 52, 36, 37, 18, 41, 8, 48, 9, 29, 13, 33, 34, 53]],
[240, [21, 42, 2, 10, 12, 52, 36, 37, 18, 41, 8, 48, 9, 29, 35, 54, 55, 63]],
[240, [21, 42, 2, 12, 30, 31, 3, 38, 4, 19, 46, 47, 28, 51, 13, 33, 34, 53]],
[240, [21, 42, 2, 12, 30, 31, 3, 38, 4, 19, 46, 47, 28, 51, 35, 54, 55, 63]],
[240, [21, 42, 2, 12, 30, 31, 3, 38, 18, 41, 46, 47, 9, 29, 13, 33, 34, 53]],
[240, [21, 42, 2, 12, 30, 31, 3, 38, 18, 41, 46, 47, 9, 29, 35, 54, 55, 63]],
[240, [21, 42, 2, 12, 30, 31, 14, 56, 4, 19, 8, 48, 28, 51, 13, 33, 34, 53]],
[240, [21, 42, 2, 12, 30, 31, 14, 56, 4, 19, 8, 48, 28, 51, 35, 54, 55, 63]],
[240, [21, 42, 2, 12, 30, 31, 14, 56, 18, 41, 8, 48, 9, 29, 13, 33, 34, 53]],
[240, [21, 42, 2, 12, 30, 31, 14, 56, 18, 41, 8, 48, 9, 29, 35, 54, 55, 63]],
[240, [21, 42, 2, 12, 30, 31, 15, 16, 4, 19, 24, 61, 28, 51, 13, 33, 34, 53]],
[240, [21, 42, 2, 12, 30, 31, 15, 16, 4, 19, 24, 61, 28, 51, 35, 54, 55, 63]],
[240, [21, 42, 2, 12, 30, 31, 15, 16, 18, 41, 24, 61, 9, 29, 13, 33, 34, 53]],
[240, [21, 42, 2, 12, 30, 31, 15, 16, 18, 41, 24, 61, 9, 29, 35, 54, 55, 63]],
[240, [21, 42, 2, 12, 30, 31, 36, 37, 4, 19, 25, 26, 28, 51, 13, 33, 34, 53]],
[240, [21, 42, 2, 12, 30, 31, 36, 37, 4, 19, 25, 26, 28, 51, 35, 54, 55, 63]],
[240, [21, 42, 2, 12, 30, 31, 36, 37, 18, 41, 25, 26, 9, 29, 13, 33, 34, 53]],
[240, [21, 42, 2, 12, 30, 31, 36, 37, 18, 41, 25, 26, 9, 29, 35, 54, 55, 63]],
[240, [21, 42, 10, 11, 32, 52, 3, 38, 4, 19, 24, 61, 9, 29, 13, 33, 34, 53]],
[240, [21, 42, 10, 11, 32, 52, 3, 38, 4, 19, 24, 61, 9, 29, 35, 54, 55, 63]],
[240, [21, 42, 10, 11, 32, 52, 3, 38, 18, 41, 24, 61, 28, 51, 13, 33, 34, 53]],
[240, [21, 42, 10, 11, 32, 52, 3, 38, 18, 41, 24, 61, 28, 51, 35, 54, 55, 63]],
[240, [21, 42, 10, 11, 32, 52, 14, 56, 4, 19, 25, 26, 9, 29, 13, 33, 34, 53]],
[240, [21, 42, 10, 11, 32, 52, 14, 56, 4, 19, 25, 26, 9, 29, 35, 54, 55, 63]],
[240, [21, 42, 10, 11, 32, 52, 14, 56, 18, 41, 25, 26, 28, 51, 13, 33, 34, 53]],
[240, [21, 42, 10, 11, 32, 52, 14, 56, 18, 41, 25, 26, 28, 51, 35, 54, 55, 63]],
[240, [21, 42, 10, 11, 32, 52, 15, 16, 4, 19, 46, 47, 9, 29, 13, 33, 34, 53]],
[240, [21, 42, 10, 11, 32, 52, 15, 16, 4, 19, 46, 47, 9, 29, 35, 54, 55, 63]],
[240, [21, 42, 10, 11, 32, 52, 15, 16, 18, 41, 46, 47, 28, 51, 13, 33, 34, 53]],
[240, [21, 42, 10, 11, 32, 52, 15, 16, 18, 41, 46, 47, 28, 51, 35, 54, 55, 63]],
[240, [21, 42, 10, 11, 32, 52, 36, 37, 4, 19, 8, 48, 9, 29, 13, 33, 34, 53]],
[240, [21, 42, 10, 11, 32, 52, 36, 37, 4, 19, 8, 48, 9, 29, 35, 54, 55, 63]],
[240, [21, 42, 10, 11, 32, 52, 36, 37, 18, 41, 8, 48, 28, 51, 13, 33, 34, 53]],
[240, [21, 42, 10, 11, 32, 52, 36, 37, 18, 41, 8, 48, 28, 51, 35, 54, 55, 63]],
[240, [21, 42, 11, 30, 31, 32, 3, 38, 4, 19, 46, 47, 9, 29, 13, 33, 34, 53]],
[240, [21, 42, 11, 30, 31, 32, 3, 38, 4, 19, 46, 47, 9, 29, 35, 54, 55, 63]],
[240, [21, 42, 11, 30, 31, 32, 3, 38, 18, 41, 46, 47, 28, 51, 13, 33, 34, 53]],
[240, [21, 42, 11, 30, 31, 32, 3, 38, 18, 41, 46, 47, 28, 51, 35, 54, 55, 63]],
[240, [21, 42, 11, 30, 31, 32, 14, 56, 4, 19, 8, 48, 9, 29, 13, 33, 34, 53]],
[240, [21, 42, 11, 30, 31, 32, 14, 56, 4, 19, 8, 48, 9, 29, 35, 54, 55, 63]],
[240, [21, 42, 11, 30, 31, 32, 14, 56, 18, 41, 8, 48, 28, 51, 13, 33, 34, 53]],
[240, [21, 42, 11, 30, 31, 32, 14, 56, 18, 41, 8, 48, 28, 51, 35, 54, 55, 63]],
[240, [21, 42, 11, 30, 31, 32, 15, 16, 4, 19, 24, 61, 9, 29, 13, 33, 34, 53]],
[240, [21, 42, 11, 30, 31, 32, 15, 16, 4, 19, 24, 61, 9, 29, 35, 54, 55, 63]],
[240, [21, 42, 11, 30, 31, 32, 15, 16, 18, 41, 24, 61, 28, 51, 13, 33, 34, 53]],
[240, [21, 42, 11, 30, 31, 32, 15, 16, 18, 41, 24, 61, 28, 51, 35, 54, 55, 63]],
[240, [21, 42, 11, 30, 31, 32, 36, 37, 4, 19, 25, 26, 9, 29, 13, 33, 34, 53]],
[240, [21, 42, 11, 30, 31, 32, 36, 37, 4, 19, 25, 26, 9, 29, 35, 54, 55, 63]],
[240, [21, 42, 11, 30, 31, 32, 36, 37, 18, 41, 25, 26, 28, 51, 13, 33, 34, 53]],
[240, [21, 42, 11, 30, 31, 32, 36, 37, 18, 41, 25, 26, 28, 51, 35, 54, 55, 63]]];
