pds_list := [[203, [5, 42, 2, 12, 3, 15, 4, 17, 18, 40, 8, 46, 47, 48, 49, 62, 35, 55]],
[203, [5, 42, 2, 12, 3, 15, 4, 17, 18, 40, 24, 25, 26, 61, 49, 62, 35, 55]],
[203, [5, 42, 2, 12, 3, 15, 4, 17, 19, 39, 8, 46, 47, 48, 28, 51, 54, 63]],
[203, [5, 42, 2, 12, 3, 15, 4, 17, 19, 39, 24, 25, 26, 61, 28, 51, 54, 63]],
[203, [5, 42, 2, 12, 3, 15, 4, 18, 39, 57, 8, 46, 47, 48, 27, 50, 35, 55]],
[203, [5, 42, 2, 12, 3, 15, 4, 18, 39, 57, 24, 25, 26, 61, 27, 50, 35, 55]],
[203, [5, 42, 2, 12, 3, 15, 4, 19, 40, 57, 8, 46, 47, 48, 28, 51, 33, 53]],
[203, [5, 42, 2, 12, 3, 15, 4, 19, 40, 57, 24, 25, 26, 61, 28, 51, 33, 53]],
[203, [5, 42, 2, 12, 3, 15, 17, 18, 39, 41, 8, 46, 47, 48, 9, 29, 54, 63]],
[203, [5, 42, 2, 12, 3, 15, 17, 18, 39, 41, 24, 25, 26, 61, 9, 29, 54, 63]],
[203, [5, 42, 2, 12, 3, 15, 17, 19, 40, 41, 8, 46, 47, 48, 49, 62, 13, 34]],
[203, [5, 42, 2, 12, 3, 15, 17, 19, 40, 41, 24, 25, 26, 61, 49, 62, 13, 34]],
[203, [5, 42, 2, 12, 3, 15, 18, 40, 41, 57, 8, 46, 47, 48, 9, 29, 33, 53]],
[203, [5, 42, 2, 12, 3, 15, 18, 40, 41, 57, 24, 25, 26, 61, 9, 29, 33, 53]],
[203, [5, 42, 2, 12, 3, 15, 19, 39, 41, 57, 8, 46, 47, 48, 27, 50, 13, 34]],
[203, [5, 42, 2, 12, 3, 15, 19, 39, 41, 57, 24, 25, 26, 61, 27, 50, 13, 34]],
[203, [5, 42, 2, 12, 14, 36, 4, 17, 18, 40, 8, 46, 47, 48, 49, 62, 54, 63]],
[203, [5, 42, 2, 12, 14, 36, 4, 17, 18, 40, 24, 25, 26, 61, 49, 62, 54, 63]],
[203, [5, 42, 2, 12, 14, 36, 4, 17, 19, 39, 8, 46, 47, 48, 28, 51, 35, 55]],
[203, [5, 42, 2, 12, 14, 36, 4, 17, 19, 39, 24, 25, 26, 61, 28, 51, 35, 55]],
[203, [5, 42, 2, 12, 14, 36, 4, 18, 39, 57, 8, 46, 47, 48, 27, 50, 54, 63]],
[203, [5, 42, 2, 12, 14, 36, 4, 18, 39, 57, 24, 25, 26, 61, 27, 50, 54, 63]],
[203, [5, 42, 2, 12, 14, 36, 4, 19, 40, 57, 8, 46, 47, 48, 28, 51, 13, 34]],
[203, [5, 42, 2, 12, 14, 36, 4, 19, 40, 57, 24, 25, 26, 61, 28, 51, 13, 34]],
[203, [5, 42, 2, 12, 14, 36, 17, 18, 39, 41, 8, 46, 47, 48, 9, 29, 35, 55]],
[203, [5, 42, 2, 12, 14, 36, 17, 18, 39, 41, 24, 25, 26, 61, 9, 29, 35, 55]],
[203, [5, 42, 2, 12, 14, 36, 17, 19, 40, 41, 8, 46, 47, 48, 49, 62, 33, 53]],
[203, [5, 42, 2, 12, 14, 36, 17, 19, 40, 41, 24, 25, 26, 61, 49, 62, 33, 53]],
[203, [5, 42, 2, 12, 14, 36, 18, 40, 41, 57, 8, 46, 47, 48, 9, 29, 13, 34]],
[203, [5, 42, 2, 12, 14, 36, 18, 40, 41, 57, 24, 25, 26, 61, 9, 29, 13, 34]],
[203, [5, 42, 2, 12, 14, 36, 19, 39, 41, 57, 8, 46, 47, 48, 27, 50, 33, 53]],
[203, [5, 42, 2, 12, 14, 36, 19, 39, 41, 57, 24, 25, 26, 61, 27, 50, 33, 53]],
[203, [5, 42, 2, 12, 16, 38, 4, 17, 18, 40, 8, 46, 47, 48, 49, 62, 13, 34]],
[203, [5, 42, 2, 12, 16, 38, 4, 17, 18, 40, 24, 25, 26, 61, 49, 62, 13, 34]],
[203, [5, 42, 2, 12, 16, 38, 4, 17, 19, 39, 8, 46, 47, 48, 28, 51, 33, 53]],
[203, [5, 42, 2, 12, 16, 38, 4, 17, 19, 39, 24, 25, 26, 61, 28, 51, 33, 53]],
[203, [5, 42, 2, 12, 16, 38, 4, 18, 39, 57, 8, 46, 47, 48, 27, 50, 13, 34]],
[203, [5, 42, 2, 12, 16, 38, 4, 18, 39, 57, 24, 25, 26, 61, 27, 50, 13, 34]],
[203, [5, 42, 2, 12, 16, 38, 4, 19, 40, 57, 8, 46, 47, 48, 28, 51, 54, 63]],
[203, [5, 42, 2, 12, 16, 38, 4, 19, 40, 57, 24, 25, 26, 61, 28, 51, 54, 63]],
[203, [5, 42, 2, 12, 16, 38, 17, 18, 39, 41, 8, 46, 47, 48, 9, 29, 33, 53]],
[203, [5, 42, 2, 12, 16, 38, 17, 18, 39, 41, 24, 25, 26, 61, 9, 29, 33, 53]],
[203, [5, 42, 2, 12, 16, 38, 17, 19, 40, 41, 8, 46, 47, 48, 49, 62, 35, 55]],
[203, [5, 42, 2, 12, 16, 38, 17, 19, 40, 41, 24, 25, 26, 61, 49, 62, 35, 55]],
[203, [5, 42, 2, 12, 16, 38, 18, 40, 41, 57, 8, 46, 47, 48, 9, 29, 54, 63]],
[203, [5, 42, 2, 12, 16, 38, 18, 40, 41, 57, 24, 25, 26, 61, 9, 29, 54, 63]],
[203, [5, 42, 2, 12, 16, 38, 19, 39, 41, 57, 8, 46, 47, 48, 27, 50, 35, 55]],
[203, [5, 42, 2, 12, 16, 38, 19, 39, 41, 57, 24, 25, 26, 61, 27, 50, 35, 55]],
[203, [5, 42, 2, 12, 37, 56, 4, 17, 18, 40, 8, 46, 47, 48, 49, 62, 33, 53]],
[203, [5, 42, 2, 12, 37, 56, 4, 17, 18, 40, 24, 25, 26, 61, 49, 62, 33, 53]],
[203, [5, 42, 2, 12, 37, 56, 4, 17, 19, 39, 8, 46, 47, 48, 28, 51, 13, 34]],
[203, [5, 42, 2, 12, 37, 56, 4, 17, 19, 39, 24, 25, 26, 61, 28, 51, 13, 34]],
[203, [5, 42, 2, 12, 37, 56, 4, 18, 39, 57, 8, 46, 47, 48, 27, 50, 33, 53]],
[203, [5, 42, 2, 12, 37, 56, 4, 18, 39, 57, 24, 25, 26, 61, 27, 50, 33, 53]],
[203, [5, 42, 2, 12, 37, 56, 4, 19, 40, 57, 8, 46, 47, 48, 28, 51, 35, 55]],
[203, [5, 42, 2, 12, 37, 56, 4, 19, 40, 57, 24, 25, 26, 61, 28, 51, 35, 55]],
[203, [5, 42, 2, 12, 37, 56, 17, 18, 39, 41, 8, 46, 47, 48, 9, 29, 13, 34]],
[203, [5, 42, 2, 12, 37, 56, 17, 18, 39, 41, 24, 25, 26, 61, 9, 29, 13, 34]],
[203, [5, 42, 2, 12, 37, 56, 17, 19, 40, 41, 8, 46, 47, 48, 49, 62, 54, 63]],
[203, [5, 42, 2, 12, 37, 56, 17, 19, 40, 41, 24, 25, 26, 61, 49, 62, 54, 63]],
[203, [5, 42, 2, 12, 37, 56, 18, 40, 41, 57, 8, 46, 47, 48, 9, 29, 35, 55]],
[203, [5, 42, 2, 12, 37, 56, 18, 40, 41, 57, 24, 25, 26, 61, 9, 29, 35, 55]],
[203, [5, 42, 2, 12, 37, 56, 19, 39, 41, 57, 8, 46, 47, 48, 27, 50, 54, 63]],
[203, [5, 42, 2, 12, 37, 56, 19, 39, 41, 57, 24, 25, 26, 61, 27, 50, 54, 63]],
[203, [5, 42, 10, 31, 3, 15, 4, 17, 18, 40, 8, 46, 47, 48, 28, 51, 35, 55]],
[203, [5, 42, 10, 31, 3, 15, 4, 17, 18, 40, 24, 25, 26, 61, 28, 51, 35, 55]],
[203, [5, 42, 10, 31, 3, 15, 4, 17, 19, 39, 8, 46, 47, 48, 49, 62, 54, 63]],
[203, [5, 42, 10, 31, 3, 15, 4, 17, 19, 39, 24, 25, 26, 61, 49, 62, 54, 63]],
[203, [5, 42, 10, 31, 3, 15, 4, 18, 39, 57, 8, 46, 47, 48, 9, 29, 35, 55]],
[203, [5, 42, 10, 31, 3, 15, 4, 18, 39, 57, 24, 25, 26, 61, 9, 29, 35, 55]],
[203, [5, 42, 10, 31, 3, 15, 4, 19, 40, 57, 8, 46, 47, 48, 49, 62, 33, 53]],
[203, [5, 42, 10, 31, 3, 15, 4, 19, 40, 57, 24, 25, 26, 61, 49, 62, 33, 53]],
[203, [5, 42, 10, 31, 3, 15, 17, 18, 39, 41, 8, 46, 47, 48, 27, 50, 54, 63]],
[203, [5, 42, 10, 31, 3, 15, 17, 18, 39, 41, 24, 25, 26, 61, 27, 50, 54, 63]],
[203, [5, 42, 10, 31, 3, 15, 17, 19, 40, 41, 8, 46, 47, 48, 28, 51, 13, 34]],
[203, [5, 42, 10, 31, 3, 15, 17, 19, 40, 41, 24, 25, 26, 61, 28, 51, 13, 34]],
[203, [5, 42, 10, 31, 3, 15, 18, 40, 41, 57, 8, 46, 47, 48, 27, 50, 33, 53]],
[203, [5, 42, 10, 31, 3, 15, 18, 40, 41, 57, 24, 25, 26, 61, 27, 50, 33, 53]],
[203, [5, 42, 10, 31, 3, 15, 19, 39, 41, 57, 8, 46, 47, 48, 9, 29, 13, 34]],
[203, [5, 42, 10, 31, 3, 15, 19, 39, 41, 57, 24, 25, 26, 61, 9, 29, 13, 34]],
[203, [5, 42, 10, 31, 14, 36, 4, 17, 18, 40, 8, 46, 47, 48, 28, 51, 54, 63]],
[203, [5, 42, 10, 31, 14, 36, 4, 17, 18, 40, 24, 25, 26, 61, 28, 51, 54, 63]],
[203, [5, 42, 10, 31, 14, 36, 4, 17, 19, 39, 8, 46, 47, 48, 49, 62, 35, 55]],
[203, [5, 42, 10, 31, 14, 36, 4, 17, 19, 39, 24, 25, 26, 61, 49, 62, 35, 55]],
[203, [5, 42, 10, 31, 14, 36, 4, 18, 39, 57, 8, 46, 47, 48, 9, 29, 54, 63]],
[203, [5, 42, 10, 31, 14, 36, 4, 18, 39, 57, 24, 25, 26, 61, 9, 29, 54, 63]],
[203, [5, 42, 10, 31, 14, 36, 4, 19, 40, 57, 8, 46, 47, 48, 49, 62, 13, 34]],
[203, [5, 42, 10, 31, 14, 36, 4, 19, 40, 57, 24, 25, 26, 61, 49, 62, 13, 34]],
[203, [5, 42, 10, 31, 14, 36, 17, 18, 39, 41, 8, 46, 47, 48, 27, 50, 35, 55]],
[203, [5, 42, 10, 31, 14, 36, 17, 18, 39, 41, 24, 25, 26, 61, 27, 50, 35, 55]],
[203, [5, 42, 10, 31, 14, 36, 17, 19, 40, 41, 8, 46, 47, 48, 28, 51, 33, 53]],
[203, [5, 42, 10, 31, 14, 36, 17, 19, 40, 41, 24, 25, 26, 61, 28, 51, 33, 53]],
[203, [5, 42, 10, 31, 14, 36, 18, 40, 41, 57, 8, 46, 47, 48, 27, 50, 13, 34]],
[203, [5, 42, 10, 31, 14, 36, 18, 40, 41, 57, 24, 25, 26, 61, 27, 50, 13, 34]],
[203, [5, 42, 10, 31, 14, 36, 19, 39, 41, 57, 8, 46, 47, 48, 9, 29, 33, 53]],
[203, [5, 42, 10, 31, 14, 36, 19, 39, 41, 57, 24, 25, 26, 61, 9, 29, 33, 53]],
[203, [5, 42, 10, 31, 16, 38, 4, 17, 18, 40, 8, 46, 47, 48, 28, 51, 13, 34]],
[203, [5, 42, 10, 31, 16, 38, 4, 17, 18, 40, 24, 25, 26, 61, 28, 51, 13, 34]],
[203, [5, 42, 10, 31, 16, 38, 4, 17, 19, 39, 8, 46, 47, 48, 49, 62, 33, 53]],
[203, [5, 42, 10, 31, 16, 38, 4, 17, 19, 39, 24, 25, 26, 61, 49, 62, 33, 53]],
[203, [5, 42, 10, 31, 16, 38, 4, 18, 39, 57, 8, 46, 47, 48, 9, 29, 13, 34]],
[203, [5, 42, 10, 31, 16, 38, 4, 18, 39, 57, 24, 25, 26, 61, 9, 29, 13, 34]],
[203, [5, 42, 10, 31, 16, 38, 4, 19, 40, 57, 8, 46, 47, 48, 49, 62, 54, 63]],
[203, [5, 42, 10, 31, 16, 38, 4, 19, 40, 57, 24, 25, 26, 61, 49, 62, 54, 63]],
[203, [5, 42, 10, 31, 16, 38, 17, 18, 39, 41, 8, 46, 47, 48, 27, 50, 33, 53]],
[203, [5, 42, 10, 31, 16, 38, 17, 18, 39, 41, 24, 25, 26, 61, 27, 50, 33, 53]],
[203, [5, 42, 10, 31, 16, 38, 17, 19, 40, 41, 8, 46, 47, 48, 28, 51, 35, 55]],
[203, [5, 42, 10, 31, 16, 38, 17, 19, 40, 41, 24, 25, 26, 61, 28, 51, 35, 55]],
[203, [5, 42, 10, 31, 16, 38, 18, 40, 41, 57, 8, 46, 47, 48, 27, 50, 54, 63]],
[203, [5, 42, 10, 31, 16, 38, 18, 40, 41, 57, 24, 25, 26, 61, 27, 50, 54, 63]],
[203, [5, 42, 10, 31, 16, 38, 19, 39, 41, 57, 8, 46, 47, 48, 9, 29, 35, 55]],
[203, [5, 42, 10, 31, 16, 38, 19, 39, 41, 57, 24, 25, 26, 61, 9, 29, 35, 55]],
[203, [5, 42, 10, 31, 37, 56, 4, 17, 18, 40, 8, 46, 47, 48, 28, 51, 33, 53]],
[203, [5, 42, 10, 31, 37, 56, 4, 17, 18, 40, 24, 25, 26, 61, 28, 51, 33, 53]],
[203, [5, 42, 10, 31, 37, 56, 4, 17, 19, 39, 8, 46, 47, 48, 49, 62, 13, 34]],
[203, [5, 42, 10, 31, 37, 56, 4, 17, 19, 39, 24, 25, 26, 61, 49, 62, 13, 34]],
[203, [5, 42, 10, 31, 37, 56, 4, 18, 39, 57, 8, 46, 47, 48, 9, 29, 33, 53]],
[203, [5, 42, 10, 31, 37, 56, 4, 18, 39, 57, 24, 25, 26, 61, 9, 29, 33, 53]],
[203, [5, 42, 10, 31, 37, 56, 4, 19, 40, 57, 8, 46, 47, 48, 49, 62, 35, 55]],
[203, [5, 42, 10, 31, 37, 56, 4, 19, 40, 57, 24, 25, 26, 61, 49, 62, 35, 55]],
[203, [5, 42, 10, 31, 37, 56, 17, 18, 39, 41, 8, 46, 47, 48, 27, 50, 13, 34]],
[203, [5, 42, 10, 31, 37, 56, 17, 18, 39, 41, 24, 25, 26, 61, 27, 50, 13, 34]],
[203, [5, 42, 10, 31, 37, 56, 17, 19, 40, 41, 8, 46, 47, 48, 28, 51, 54, 63]],
[203, [5, 42, 10, 31, 37, 56, 17, 19, 40, 41, 24, 25, 26, 61, 28, 51, 54, 63]],
[203, [5, 42, 10, 31, 37, 56, 18, 40, 41, 57, 8, 46, 47, 48, 27, 50, 35, 55]],
[203, [5, 42, 10, 31, 37, 56, 18, 40, 41, 57, 24, 25, 26, 61, 27, 50, 35, 55]],
[203, [5, 42, 10, 31, 37, 56, 19, 39, 41, 57, 8, 46, 47, 48, 9, 29, 54, 63]],
[203, [5, 42, 10, 31, 37, 56, 19, 39, 41, 57, 24, 25, 26, 61, 9, 29, 54, 63]],
[203, [5, 42, 11, 32, 3, 15, 4, 17, 18, 40, 8, 46, 47, 48, 27, 50, 35, 55]],
[203, [5, 42, 11, 32, 3, 15, 4, 17, 18, 40, 24, 25, 26, 61, 27, 50, 35, 55]],
[203, [5, 42, 11, 32, 3, 15, 4, 17, 19, 39, 8, 46, 47, 48, 9, 29, 54, 63]],
[203, [5, 42, 11, 32, 3, 15, 4, 17, 19, 39, 24, 25, 26, 61, 9, 29, 54, 63]],
[203, [5, 42, 11, 32, 3, 15, 4, 18, 39, 57, 8, 46, 47, 48, 49, 62, 35, 55]],
[203, [5, 42, 11, 32, 3, 15, 4, 18, 39, 57, 24, 25, 26, 61, 49, 62, 35, 55]],
[203, [5, 42, 11, 32, 3, 15, 4, 19, 40, 57, 8, 46, 47, 48, 9, 29, 33, 53]],
[203, [5, 42, 11, 32, 3, 15, 4, 19, 40, 57, 24, 25, 26, 61, 9, 29, 33, 53]],
[203, [5, 42, 11, 32, 3, 15, 17, 18, 39, 41, 8, 46, 47, 48, 28, 51, 54, 63]],
[203, [5, 42, 11, 32, 3, 15, 17, 18, 39, 41, 24, 25, 26, 61, 28, 51, 54, 63]],
[203, [5, 42, 11, 32, 3, 15, 17, 19, 40, 41, 8, 46, 47, 48, 27, 50, 13, 34]],
[203, [5, 42, 11, 32, 3, 15, 17, 19, 40, 41, 24, 25, 26, 61, 27, 50, 13, 34]],
[203, [5, 42, 11, 32, 3, 15, 18, 40, 41, 57, 8, 46, 47, 48, 28, 51, 33, 53]],
[203, [5, 42, 11, 32, 3, 15, 18, 40, 41, 57, 24, 25, 26, 61, 28, 51, 33, 53]],
[203, [5, 42, 11, 32, 3, 15, 19, 39, 41, 57, 8, 46, 47, 48, 49, 62, 13, 34]],
[203, [5, 42, 11, 32, 3, 15, 19, 39, 41, 57, 24, 25, 26, 61, 49, 62, 13, 34]],
[203, [5, 42, 11, 32, 14, 36, 4, 17, 18, 40, 8, 46, 47, 48, 27, 50, 54, 63]],
[203, [5, 42, 11, 32, 14, 36, 4, 17, 18, 40, 24, 25, 26, 61, 27, 50, 54, 63]],
[203, [5, 42, 11, 32, 14, 36, 4, 17, 19, 39, 8, 46, 47, 48, 9, 29, 35, 55]],
[203, [5, 42, 11, 32, 14, 36, 4, 17, 19, 39, 24, 25, 26, 61, 9, 29, 35, 55]],
[203, [5, 42, 11, 32, 14, 36, 4, 18, 39, 57, 8, 46, 47, 48, 49, 62, 54, 63]],
[203, [5, 42, 11, 32, 14, 36, 4, 18, 39, 57, 24, 25, 26, 61, 49, 62, 54, 63]],
[203, [5, 42, 11, 32, 14, 36, 4, 19, 40, 57, 8, 46, 47, 48, 9, 29, 13, 34]],
[203, [5, 42, 11, 32, 14, 36, 4, 19, 40, 57, 24, 25, 26, 61, 9, 29, 13, 34]],
[203, [5, 42, 11, 32, 14, 36, 17, 18, 39, 41, 8, 46, 47, 48, 28, 51, 35, 55]],
[203, [5, 42, 11, 32, 14, 36, 17, 18, 39, 41, 24, 25, 26, 61, 28, 51, 35, 55]],
[203, [5, 42, 11, 32, 14, 36, 17, 19, 40, 41, 8, 46, 47, 48, 27, 50, 33, 53]],
[203, [5, 42, 11, 32, 14, 36, 17, 19, 40, 41, 24, 25, 26, 61, 27, 50, 33, 53]],
[203, [5, 42, 11, 32, 14, 36, 18, 40, 41, 57, 8, 46, 47, 48, 28, 51, 13, 34]],
[203, [5, 42, 11, 32, 14, 36, 18, 40, 41, 57, 24, 25, 26, 61, 28, 51, 13, 34]],
[203, [5, 42, 11, 32, 14, 36, 19, 39, 41, 57, 8, 46, 47, 48, 49, 62, 33, 53]],
[203, [5, 42, 11, 32, 14, 36, 19, 39, 41, 57, 24, 25, 26, 61, 49, 62, 33, 53]],
[203, [5, 42, 11, 32, 16, 38, 4, 17, 18, 40, 8, 46, 47, 48, 27, 50, 13, 34]],
[203, [5, 42, 11, 32, 16, 38, 4, 17, 18, 40, 24, 25, 26, 61, 27, 50, 13, 34]],
[203, [5, 42, 11, 32, 16, 38, 4, 17, 19, 39, 8, 46, 47, 48, 9, 29, 33, 53]],
[203, [5, 42, 11, 32, 16, 38, 4, 17, 19, 39, 24, 25, 26, 61, 9, 29, 33, 53]],
[203, [5, 42, 11, 32, 16, 38, 4, 18, 39, 57, 8, 46, 47, 48, 49, 62, 13, 34]],
[203, [5, 42, 11, 32, 16, 38, 4, 18, 39, 57, 24, 25, 26, 61, 49, 62, 13, 34]],
[203, [5, 42, 11, 32, 16, 38, 4, 19, 40, 57, 8, 46, 47, 48, 9, 29, 54, 63]],
[203, [5, 42, 11, 32, 16, 38, 4, 19, 40, 57, 24, 25, 26, 61, 9, 29, 54, 63]],
[203, [5, 42, 11, 32, 16, 38, 17, 18, 39, 41, 8, 46, 47, 48, 28, 51, 33, 53]],
[203, [5, 42, 11, 32, 16, 38, 17, 18, 39, 41, 24, 25, 26, 61, 28, 51, 33, 53]],
[203, [5, 42, 11, 32, 16, 38, 17, 19, 40, 41, 8, 46, 47, 48, 27, 50, 35, 55]],
[203, [5, 42, 11, 32, 16, 38, 17, 19, 40, 41, 24, 25, 26, 61, 27, 50, 35, 55]],
[203, [5, 42, 11, 32, 16, 38, 18, 40, 41, 57, 8, 46, 47, 48, 28, 51, 54, 63]],
[203, [5, 42, 11, 32, 16, 38, 18, 40, 41, 57, 24, 25, 26, 61, 28, 51, 54, 63]],
[203, [5, 42, 11, 32, 16, 38, 19, 39, 41, 57, 8, 46, 47, 48, 49, 62, 35, 55]],
[203, [5, 42, 11, 32, 16, 38, 19, 39, 41, 57, 24, 25, 26, 61, 49, 62, 35, 55]],
[203, [5, 42, 11, 32, 37, 56, 4, 17, 18, 40, 8, 46, 47, 48, 27, 50, 33, 53]],
[203, [5, 42, 11, 32, 37, 56, 4, 17, 18, 40, 24, 25, 26, 61, 27, 50, 33, 53]],
[203, [5, 42, 11, 32, 37, 56, 4, 17, 19, 39, 8, 46, 47, 48, 9, 29, 13, 34]],
[203, [5, 42, 11, 32, 37, 56, 4, 17, 19, 39, 24, 25, 26, 61, 9, 29, 13, 34]],
[203, [5, 42, 11, 32, 37, 56, 4, 18, 39, 57, 8, 46, 47, 48, 49, 62, 33, 53]],
[203, [5, 42, 11, 32, 37, 56, 4, 18, 39, 57, 24, 25, 26, 61, 49, 62, 33, 53]],
[203, [5, 42, 11, 32, 37, 56, 4, 19, 40, 57, 8, 46, 47, 48, 9, 29, 35, 55]],
[203, [5, 42, 11, 32, 37, 56, 4, 19, 40, 57, 24, 25, 26, 61, 9, 29, 35, 55]],
[203, [5, 42, 11, 32, 37, 56, 17, 18, 39, 41, 8, 46, 47, 48, 28, 51, 13, 34]],
[203, [5, 42, 11, 32, 37, 56, 17, 18, 39, 41, 24, 25, 26, 61, 28, 51, 13, 34]],
[203, [5, 42, 11, 32, 37, 56, 17, 19, 40, 41, 8, 46, 47, 48, 27, 50, 54, 63]],
[203, [5, 42, 11, 32, 37, 56, 17, 19, 40, 41, 24, 25, 26, 61, 27, 50, 54, 63]],
[203, [5, 42, 11, 32, 37, 56, 18, 40, 41, 57, 8, 46, 47, 48, 28, 51, 35, 55]],
[203, [5, 42, 11, 32, 37, 56, 18, 40, 41, 57, 24, 25, 26, 61, 28, 51, 35, 55]],
[203, [5, 42, 11, 32, 37, 56, 19, 39, 41, 57, 8, 46, 47, 48, 49, 62, 54, 63]],
[203, [5, 42, 11, 32, 37, 56, 19, 39, 41, 57, 24, 25, 26, 61, 49, 62, 54, 63]],
[203, [5, 42, 30, 52, 3, 15, 4, 17, 18, 40, 8, 46, 47, 48, 9, 29, 35, 55]],
[203, [5, 42, 30, 52, 3, 15, 4, 17, 18, 40, 24, 25, 26, 61, 9, 29, 35, 55]],
[203, [5, 42, 30, 52, 3, 15, 4, 17, 19, 39, 8, 46, 47, 48, 27, 50, 54, 63]],
[203, [5, 42, 30, 52, 3, 15, 4, 17, 19, 39, 24, 25, 26, 61, 27, 50, 54, 63]],
[203, [5, 42, 30, 52, 3, 15, 4, 18, 39, 57, 8, 46, 47, 48, 28, 51, 35, 55]],
[203, [5, 42, 30, 52, 3, 15, 4, 18, 39, 57, 24, 25, 26, 61, 28, 51, 35, 55]],
[203, [5, 42, 30, 52, 3, 15, 4, 19, 40, 57, 8, 46, 47, 48, 27, 50, 33, 53]],
[203, [5, 42, 30, 52, 3, 15, 4, 19, 40, 57, 24, 25, 26, 61, 27, 50, 33, 53]],
[203, [5, 42, 30, 52, 3, 15, 17, 18, 39, 41, 8, 46, 47, 48, 49, 62, 54, 63]],
[203, [5, 42, 30, 52, 3, 15, 17, 18, 39, 41, 24, 25, 26, 61, 49, 62, 54, 63]],
[203, [5, 42, 30, 52, 3, 15, 17, 19, 40, 41, 8, 46, 47, 48, 9, 29, 13, 34]],
[203, [5, 42, 30, 52, 3, 15, 17, 19, 40, 41, 24, 25, 26, 61, 9, 29, 13, 34]],
[203, [5, 42, 30, 52, 3, 15, 18, 40, 41, 57, 8, 46, 47, 48, 49, 62, 33, 53]],
[203, [5, 42, 30, 52, 3, 15, 18, 40, 41, 57, 24, 25, 26, 61, 49, 62, 33, 53]],
[203, [5, 42, 30, 52, 3, 15, 19, 39, 41, 57, 8, 46, 47, 48, 28, 51, 13, 34]],
[203, [5, 42, 30, 52, 3, 15, 19, 39, 41, 57, 24, 25, 26, 61, 28, 51, 13, 34]],
[203, [5, 42, 30, 52, 14, 36, 4, 17, 18, 40, 8, 46, 47, 48, 9, 29, 54, 63]],
[203, [5, 42, 30, 52, 14, 36, 4, 17, 18, 40, 24, 25, 26, 61, 9, 29, 54, 63]],
[203, [5, 42, 30, 52, 14, 36, 4, 17, 19, 39, 8, 46, 47, 48, 27, 50, 35, 55]],
[203, [5, 42, 30, 52, 14, 36, 4, 17, 19, 39, 24, 25, 26, 61, 27, 50, 35, 55]],
[203, [5, 42, 30, 52, 14, 36, 4, 18, 39, 57, 8, 46, 47, 48, 28, 51, 54, 63]],
[203, [5, 42, 30, 52, 14, 36, 4, 18, 39, 57, 24, 25, 26, 61, 28, 51, 54, 63]],
[203, [5, 42, 30, 52, 14, 36, 4, 19, 40, 57, 8, 46, 47, 48, 27, 50, 13, 34]],
[203, [5, 42, 30, 52, 14, 36, 4, 19, 40, 57, 24, 25, 26, 61, 27, 50, 13, 34]],
[203, [5, 42, 30, 52, 14, 36, 17, 18, 39, 41, 8, 46, 47, 48, 49, 62, 35, 55]],
[203, [5, 42, 30, 52, 14, 36, 17, 18, 39, 41, 24, 25, 26, 61, 49, 62, 35, 55]],
[203, [5, 42, 30, 52, 14, 36, 17, 19, 40, 41, 8, 46, 47, 48, 9, 29, 33, 53]],
[203, [5, 42, 30, 52, 14, 36, 17, 19, 40, 41, 24, 25, 26, 61, 9, 29, 33, 53]],
[203, [5, 42, 30, 52, 14, 36, 18, 40, 41, 57, 8, 46, 47, 48, 49, 62, 13, 34]],
[203, [5, 42, 30, 52, 14, 36, 18, 40, 41, 57, 24, 25, 26, 61, 49, 62, 13, 34]],
[203, [5, 42, 30, 52, 14, 36, 19, 39, 41, 57, 8, 46, 47, 48, 28, 51, 33, 53]],
[203, [5, 42, 30, 52, 14, 36, 19, 39, 41, 57, 24, 25, 26, 61, 28, 51, 33, 53]],
[203, [5, 42, 30, 52, 16, 38, 4, 17, 18, 40, 8, 46, 47, 48, 9, 29, 13, 34]],
[203, [5, 42, 30, 52, 16, 38, 4, 17, 18, 40, 24, 25, 26, 61, 9, 29, 13, 34]],
[203, [5, 42, 30, 52, 16, 38, 4, 17, 19, 39, 8, 46, 47, 48, 27, 50, 33, 53]],
[203, [5, 42, 30, 52, 16, 38, 4, 17, 19, 39, 24, 25, 26, 61, 27, 50, 33, 53]],
[203, [5, 42, 30, 52, 16, 38, 4, 18, 39, 57, 8, 46, 47, 48, 28, 51, 13, 34]],
[203, [5, 42, 30, 52, 16, 38, 4, 18, 39, 57, 24, 25, 26, 61, 28, 51, 13, 34]],
[203, [5, 42, 30, 52, 16, 38, 4, 19, 40, 57, 8, 46, 47, 48, 27, 50, 54, 63]],
[203, [5, 42, 30, 52, 16, 38, 4, 19, 40, 57, 24, 25, 26, 61, 27, 50, 54, 63]],
[203, [5, 42, 30, 52, 16, 38, 17, 18, 39, 41, 8, 46, 47, 48, 49, 62, 33, 53]],
[203, [5, 42, 30, 52, 16, 38, 17, 18, 39, 41, 24, 25, 26, 61, 49, 62, 33, 53]],
[203, [5, 42, 30, 52, 16, 38, 17, 19, 40, 41, 8, 46, 47, 48, 9, 29, 35, 55]],
[203, [5, 42, 30, 52, 16, 38, 17, 19, 40, 41, 24, 25, 26, 61, 9, 29, 35, 55]],
[203, [5, 42, 30, 52, 16, 38, 18, 40, 41, 57, 8, 46, 47, 48, 49, 62, 54, 63]],
[203, [5, 42, 30, 52, 16, 38, 18, 40, 41, 57, 24, 25, 26, 61, 49, 62, 54, 63]],
[203, [5, 42, 30, 52, 16, 38, 19, 39, 41, 57, 8, 46, 47, 48, 28, 51, 35, 55]],
[203, [5, 42, 30, 52, 16, 38, 19, 39, 41, 57, 24, 25, 26, 61, 28, 51, 35, 55]],
[203, [5, 42, 30, 52, 37, 56, 4, 17, 18, 40, 8, 46, 47, 48, 9, 29, 33, 53]],
[203, [5, 42, 30, 52, 37, 56, 4, 17, 18, 40, 24, 25, 26, 61, 9, 29, 33, 53]],
[203, [5, 42, 30, 52, 37, 56, 4, 17, 19, 39, 8, 46, 47, 48, 27, 50, 13, 34]],
[203, [5, 42, 30, 52, 37, 56, 4, 17, 19, 39, 24, 25, 26, 61, 27, 50, 13, 34]],
[203, [5, 42, 30, 52, 37, 56, 4, 18, 39, 57, 8, 46, 47, 48, 28, 51, 33, 53]],
[203, [5, 42, 30, 52, 37, 56, 4, 18, 39, 57, 24, 25, 26, 61, 28, 51, 33, 53]],
[203, [5, 42, 30, 52, 37, 56, 4, 19, 40, 57, 8, 46, 47, 48, 27, 50, 35, 55]],
[203, [5, 42, 30, 52, 37, 56, 4, 19, 40, 57, 24, 25, 26, 61, 27, 50, 35, 55]],
[203, [5, 42, 30, 52, 37, 56, 17, 18, 39, 41, 8, 46, 47, 48, 49, 62, 13, 34]],
[203, [5, 42, 30, 52, 37, 56, 17, 18, 39, 41, 24, 25, 26, 61, 49, 62, 13, 34]],
[203, [5, 42, 30, 52, 37, 56, 17, 19, 40, 41, 8, 46, 47, 48, 9, 29, 54, 63]],
[203, [5, 42, 30, 52, 37, 56, 17, 19, 40, 41, 24, 25, 26, 61, 9, 29, 54, 63]],
[203, [5, 42, 30, 52, 37, 56, 18, 40, 41, 57, 8, 46, 47, 48, 49, 62, 35, 55]],
[203, [5, 42, 30, 52, 37, 56, 18, 40, 41, 57, 24, 25, 26, 61, 49, 62, 35, 55]],
[203, [5, 42, 30, 52, 37, 56, 19, 39, 41, 57, 8, 46, 47, 48, 28, 51, 54, 63]],
[203, [5, 42, 30, 52, 37, 56, 19, 39, 41, 57, 24, 25, 26, 61, 28, 51, 54, 63]],
[203, [20, 21, 2, 12, 3, 15, 4, 17, 18, 40, 8, 24, 48, 61, 49, 62, 35, 55]],
[203, [20, 21, 2, 12, 3, 15, 4, 17, 18, 40, 25, 26, 46, 47, 49, 62, 35, 55]],
[203, [20, 21, 2, 12, 3, 15, 4, 17, 19, 39, 8, 24, 48, 61, 28, 51, 54, 63]],
[203, [20, 21, 2, 12, 3, 15, 4, 17, 19, 39, 25, 26, 46, 47, 28, 51, 54, 63]],
[203, [20, 21, 2, 12, 3, 15, 4, 18, 39, 57, 8, 24, 48, 61, 27, 50, 35, 55]],
[203, [20, 21, 2, 12, 3, 15, 4, 18, 39, 57, 25, 26, 46, 47, 27, 50, 35, 55]],
[203, [20, 21, 2, 12, 3, 15, 4, 19, 40, 57, 8, 24, 48, 61, 28, 51, 33, 53]],
[203, [20, 21, 2, 12, 3, 15, 4, 19, 40, 57, 25, 26, 46, 47, 28, 51, 33, 53]],
[203, [20, 21, 2, 12, 3, 15, 17, 18, 39, 41, 8, 24, 48, 61, 9, 29, 54, 63]],
[203, [20, 21, 2, 12, 3, 15, 17, 18, 39, 41, 25, 26, 46, 47, 9, 29, 54, 63]],
[203, [20, 21, 2, 12, 3, 15, 17, 19, 40, 41, 8, 24, 48, 61, 49, 62, 13, 34]],
[203, [20, 21, 2, 12, 3, 15, 17, 19, 40, 41, 25, 26, 46, 47, 49, 62, 13, 34]],
[203, [20, 21, 2, 12, 3, 15, 18, 40, 41, 57, 8, 24, 48, 61, 9, 29, 33, 53]],
[203, [20, 21, 2, 12, 3, 15, 18, 40, 41, 57, 25, 26, 46, 47, 9, 29, 33, 53]],
[203, [20, 21, 2, 12, 3, 15, 19, 39, 41, 57, 8, 24, 48, 61, 27, 50, 13, 34]],
[203, [20, 21, 2, 12, 3, 15, 19, 39, 41, 57, 25, 26, 46, 47, 27, 50, 13, 34]],
[203, [20, 21, 2, 12, 14, 36, 4, 17, 18, 40, 8, 24, 48, 61, 49, 62, 54, 63]],
[203, [20, 21, 2, 12, 14, 36, 4, 17, 18, 40, 25, 26, 46, 47, 49, 62, 54, 63]],
[203, [20, 21, 2, 12, 14, 36, 4, 17, 19, 39, 8, 24, 48, 61, 28, 51, 35, 55]],
[203, [20, 21, 2, 12, 14, 36, 4, 17, 19, 39, 25, 26, 46, 47, 28, 51, 35, 55]],
[203, [20, 21, 2, 12, 14, 36, 4, 18, 39, 57, 8, 24, 48, 61, 27, 50, 54, 63]],
[203, [20, 21, 2, 12, 14, 36, 4, 18, 39, 57, 25, 26, 46, 47, 27, 50, 54, 63]],
[203, [20, 21, 2, 12, 14, 36, 4, 19, 40, 57, 8, 24, 48, 61, 28, 51, 13, 34]],
[203, [20, 21, 2, 12, 14, 36, 4, 19, 40, 57, 25, 26, 46, 47, 28, 51, 13, 34]],
[203, [20, 21, 2, 12, 14, 36, 17, 18, 39, 41, 8, 24, 48, 61, 9, 29, 35, 55]],
[203, [20, 21, 2, 12, 14, 36, 17, 18, 39, 41, 25, 26, 46, 47, 9, 29, 35, 55]],
[203, [20, 21, 2, 12, 14, 36, 17, 19, 40, 41, 8, 24, 48, 61, 49, 62, 33, 53]],
[203, [20, 21, 2, 12, 14, 36, 17, 19, 40, 41, 25, 26, 46, 47, 49, 62, 33, 53]],
[203, [20, 21, 2, 12, 14, 36, 18, 40, 41, 57, 8, 24, 48, 61, 9, 29, 13, 34]],
[203, [20, 21, 2, 12, 14, 36, 18, 40, 41, 57, 25, 26, 46, 47, 9, 29, 13, 34]],
[203, [20, 21, 2, 12, 14, 36, 19, 39, 41, 57, 8, 24, 48, 61, 27, 50, 33, 53]],
[203, [20, 21, 2, 12, 14, 36, 19, 39, 41, 57, 25, 26, 46, 47, 27, 50, 33, 53]],
[203, [20, 21, 2, 12, 16, 38, 4, 17, 18, 40, 8, 24, 48, 61, 49, 62, 13, 34]],
[203, [20, 21, 2, 12, 16, 38, 4, 17, 18, 40, 25, 26, 46, 47, 49, 62, 13, 34]],
[203, [20, 21, 2, 12, 16, 38, 4, 17, 19, 39, 8, 24, 48, 61, 28, 51, 33, 53]],
[203, [20, 21, 2, 12, 16, 38, 4, 17, 19, 39, 25, 26, 46, 47, 28, 51, 33, 53]],
[203, [20, 21, 2, 12, 16, 38, 4, 18, 39, 57, 8, 24, 48, 61, 27, 50, 13, 34]],
[203, [20, 21, 2, 12, 16, 38, 4, 18, 39, 57, 25, 26, 46, 47, 27, 50, 13, 34]],
[203, [20, 21, 2, 12, 16, 38, 4, 19, 40, 57, 8, 24, 48, 61, 28, 51, 54, 63]],
[203, [20, 21, 2, 12, 16, 38, 4, 19, 40, 57, 25, 26, 46, 47, 28, 51, 54, 63]],
[203, [20, 21, 2, 12, 16, 38, 17, 18, 39, 41, 8, 24, 48, 61, 9, 29, 33, 53]],
[203, [20, 21, 2, 12, 16, 38, 17, 18, 39, 41, 25, 26, 46, 47, 9, 29, 33, 53]],
[203, [20, 21, 2, 12, 16, 38, 17, 19, 40, 41, 8, 24, 48, 61, 49, 62, 35, 55]],
[203, [20, 21, 2, 12, 16, 38, 17, 19, 40, 41, 25, 26, 46, 47, 49, 62, 35, 55]],
[203, [20, 21, 2, 12, 16, 38, 18, 40, 41, 57, 8, 24, 48, 61, 9, 29, 54, 63]],
[203, [20, 21, 2, 12, 16, 38, 18, 40, 41, 57, 25, 26, 46, 47, 9, 29, 54, 63]],
[203, [20, 21, 2, 12, 16, 38, 19, 39, 41, 57, 8, 24, 48, 61, 27, 50, 35, 55]],
[203, [20, 21, 2, 12, 16, 38, 19, 39, 41, 57, 25, 26, 46, 47, 27, 50, 35, 55]],
[203, [20, 21, 2, 12, 37, 56, 4, 17, 18, 40, 8, 24, 48, 61, 49, 62, 33, 53]],
[203, [20, 21, 2, 12, 37, 56, 4, 17, 18, 40, 25, 26, 46, 47, 49, 62, 33, 53]],
[203, [20, 21, 2, 12, 37, 56, 4, 17, 19, 39, 8, 24, 48, 61, 28, 51, 13, 34]],
[203, [20, 21, 2, 12, 37, 56, 4, 17, 19, 39, 25, 26, 46, 47, 28, 51, 13, 34]],
[203, [20, 21, 2, 12, 37, 56, 4, 18, 39, 57, 8, 24, 48, 61, 27, 50, 33, 53]],
[203, [20, 21, 2, 12, 37, 56, 4, 18, 39, 57, 25, 26, 46, 47, 27, 50, 33, 53]],
[203, [20, 21, 2, 12, 37, 56, 4, 19, 40, 57, 8, 24, 48, 61, 28, 51, 35, 55]],
[203, [20, 21, 2, 12, 37, 56, 4, 19, 40, 57, 25, 26, 46, 47, 28, 51, 35, 55]],
[203, [20, 21, 2, 12, 37, 56, 17, 18, 39, 41, 8, 24, 48, 61, 9, 29, 13, 34]],
[203, [20, 21, 2, 12, 37, 56, 17, 18, 39, 41, 25, 26, 46, 47, 9, 29, 13, 34]],
[203, [20, 21, 2, 12, 37, 56, 17, 19, 40, 41, 8, 24, 48, 61, 49, 62, 54, 63]],
[203, [20, 21, 2, 12, 37, 56, 17, 19, 40, 41, 25, 26, 46, 47, 49, 62, 54, 63]],
[203, [20, 21, 2, 12, 37, 56, 18, 40, 41, 57, 8, 24, 48, 61, 9, 29, 35, 55]],
[203, [20, 21, 2, 12, 37, 56, 18, 40, 41, 57, 25, 26, 46, 47, 9, 29, 35, 55]],
[203, [20, 21, 2, 12, 37, 56, 19, 39, 41, 57, 8, 24, 48, 61, 27, 50, 54, 63]],
[203, [20, 21, 2, 12, 37, 56, 19, 39, 41, 57, 25, 26, 46, 47, 27, 50, 54, 63]],
[203, [20, 21, 10, 31, 3, 15, 4, 17, 18, 40, 8, 24, 48, 61, 28, 51, 35, 55]],
[203, [20, 21, 10, 31, 3, 15, 4, 17, 18, 40, 25, 26, 46, 47, 28, 51, 35, 55]],
[203, [20, 21, 10, 31, 3, 15, 4, 17, 19, 39, 8, 24, 48, 61, 49, 62, 54, 63]],
[203, [20, 21, 10, 31, 3, 15, 4, 17, 19, 39, 25, 26, 46, 47, 49, 62, 54, 63]],
[203, [20, 21, 10, 31, 3, 15, 4, 18, 39, 57, 8, 24, 48, 61, 9, 29, 35, 55]],
[203, [20, 21, 10, 31, 3, 15, 4, 18, 39, 57, 25, 26, 46, 47, 9, 29, 35, 55]],
[203, [20, 21, 10, 31, 3, 15, 4, 19, 40, 57, 8, 24, 48, 61, 49, 62, 33, 53]],
[203, [20, 21, 10, 31, 3, 15, 4, 19, 40, 57, 25, 26, 46, 47, 49, 62, 33, 53]],
[203, [20, 21, 10, 31, 3, 15, 17, 18, 39, 41, 8, 24, 48, 61, 27, 50, 54, 63]],
[203, [20, 21, 10, 31, 3, 15, 17, 18, 39, 41, 25, 26, 46, 47, 27, 50, 54, 63]],
[203, [20, 21, 10, 31, 3, 15, 17, 19, 40, 41, 8, 24, 48, 61, 28, 51, 13, 34]],
[203, [20, 21, 10, 31, 3, 15, 17, 19, 40, 41, 25, 26, 46, 47, 28, 51, 13, 34]],
[203, [20, 21, 10, 31, 3, 15, 18, 40, 41, 57, 8, 24, 48, 61, 27, 50, 33, 53]],
[203, [20, 21, 10, 31, 3, 15, 18, 40, 41, 57, 25, 26, 46, 47, 27, 50, 33, 53]],
[203, [20, 21, 10, 31, 3, 15, 19, 39, 41, 57, 8, 24, 48, 61, 9, 29, 13, 34]],
[203, [20, 21, 10, 31, 3, 15, 19, 39, 41, 57, 25, 26, 46, 47, 9, 29, 13, 34]],
[203, [20, 21, 10, 31, 14, 36, 4, 17, 18, 40, 8, 24, 48, 61, 28, 51, 54, 63]],
[203, [20, 21, 10, 31, 14, 36, 4, 17, 18, 40, 25, 26, 46, 47, 28, 51, 54, 63]],
[203, [20, 21, 10, 31, 14, 36, 4, 17, 19, 39, 8, 24, 48, 61, 49, 62, 35, 55]],
[203, [20, 21, 10, 31, 14, 36, 4, 17, 19, 39, 25, 26, 46, 47, 49, 62, 35, 55]],
[203, [20, 21, 10, 31, 14, 36, 4, 18, 39, 57, 8, 24, 48, 61, 9, 29, 54, 63]],
[203, [20, 21, 10, 31, 14, 36, 4, 18, 39, 57, 25, 26, 46, 47, 9, 29, 54, 63]],
[203, [20, 21, 10, 31, 14, 36, 4, 19, 40, 57, 8, 24, 48, 61, 49, 62, 13, 34]],
[203, [20, 21, 10, 31, 14, 36, 4, 19, 40, 57, 25, 26, 46, 47, 49, 62, 13, 34]],
[203, [20, 21, 10, 31, 14, 36, 17, 18, 39, 41, 8, 24, 48, 61, 27, 50, 35, 55]],
[203, [20, 21, 10, 31, 14, 36, 17, 18, 39, 41, 25, 26, 46, 47, 27, 50, 35, 55]],
[203, [20, 21, 10, 31, 14, 36, 17, 19, 40, 41, 8, 24, 48, 61, 28, 51, 33, 53]],
[203, [20, 21, 10, 31, 14, 36, 17, 19, 40, 41, 25, 26, 46, 47, 28, 51, 33, 53]],
[203, [20, 21, 10, 31, 14, 36, 18, 40, 41, 57, 8, 24, 48, 61, 27, 50, 13, 34]],
[203, [20, 21, 10, 31, 14, 36, 18, 40, 41, 57, 25, 26, 46, 47, 27, 50, 13, 34]],
[203, [20, 21, 10, 31, 14, 36, 19, 39, 41, 57, 8, 24, 48, 61, 9, 29, 33, 53]],
[203, [20, 21, 10, 31, 14, 36, 19, 39, 41, 57, 25, 26, 46, 47, 9, 29, 33, 53]],
[203, [20, 21, 10, 31, 16, 38, 4, 17, 18, 40, 8, 24, 48, 61, 28, 51, 13, 34]],
[203, [20, 21, 10, 31, 16, 38, 4, 17, 18, 40, 25, 26, 46, 47, 28, 51, 13, 34]],
[203, [20, 21, 10, 31, 16, 38, 4, 17, 19, 39, 8, 24, 48, 61, 49, 62, 33, 53]],
[203, [20, 21, 10, 31, 16, 38, 4, 17, 19, 39, 25, 26, 46, 47, 49, 62, 33, 53]],
[203, [20, 21, 10, 31, 16, 38, 4, 18, 39, 57, 8, 24, 48, 61, 9, 29, 13, 34]],
[203, [20, 21, 10, 31, 16, 38, 4, 18, 39, 57, 25, 26, 46, 47, 9, 29, 13, 34]],
[203, [20, 21, 10, 31, 16, 38, 4, 19, 40, 57, 8, 24, 48, 61, 49, 62, 54, 63]],
[203, [20, 21, 10, 31, 16, 38, 4, 19, 40, 57, 25, 26, 46, 47, 49, 62, 54, 63]],
[203, [20, 21, 10, 31, 16, 38, 17, 18, 39, 41, 8, 24, 48, 61, 27, 50, 33, 53]],
[203, [20, 21, 10, 31, 16, 38, 17, 18, 39, 41, 25, 26, 46, 47, 27, 50, 33, 53]],
[203, [20, 21, 10, 31, 16, 38, 17, 19, 40, 41, 8, 24, 48, 61, 28, 51, 35, 55]],
[203, [20, 21, 10, 31, 16, 38, 17, 19, 40, 41, 25, 26, 46, 47, 28, 51, 35, 55]],
[203, [20, 21, 10, 31, 16, 38, 18, 40, 41, 57, 8, 24, 48, 61, 27, 50, 54, 63]],
[203, [20, 21, 10, 31, 16, 38, 18, 40, 41, 57, 25, 26, 46, 47, 27, 50, 54, 63]],
[203, [20, 21, 10, 31, 16, 38, 19, 39, 41, 57, 8, 24, 48, 61, 9, 29, 35, 55]],
[203, [20, 21, 10, 31, 16, 38, 19, 39, 41, 57, 25, 26, 46, 47, 9, 29, 35, 55]],
[203, [20, 21, 10, 31, 37, 56, 4, 17, 18, 40, 8, 24, 48, 61, 28, 51, 33, 53]],
[203, [20, 21, 10, 31, 37, 56, 4, 17, 18, 40, 25, 26, 46, 47, 28, 51, 33, 53]],
[203, [20, 21, 10, 31, 37, 56, 4, 17, 19, 39, 8, 24, 48, 61, 49, 62, 13, 34]],
[203, [20, 21, 10, 31, 37, 56, 4, 17, 19, 39, 25, 26, 46, 47, 49, 62, 13, 34]],
[203, [20, 21, 10, 31, 37, 56, 4, 18, 39, 57, 8, 24, 48, 61, 9, 29, 33, 53]],
[203, [20, 21, 10, 31, 37, 56, 4, 18, 39, 57, 25, 26, 46, 47, 9, 29, 33, 53]],
[203, [20, 21, 10, 31, 37, 56, 4, 19, 40, 57, 8, 24, 48, 61, 49, 62, 35, 55]],
[203, [20, 21, 10, 31, 37, 56, 4, 19, 40, 57, 25, 26, 46, 47, 49, 62, 35, 55]],
[203, [20, 21, 10, 31, 37, 56, 17, 18, 39, 41, 8, 24, 48, 61, 27, 50, 13, 34]],
[203, [20, 21, 10, 31, 37, 56, 17, 18, 39, 41, 25, 26, 46, 47, 27, 50, 13, 34]],
[203, [20, 21, 10, 31, 37, 56, 17, 19, 40, 41, 8, 24, 48, 61, 28, 51, 54, 63]],
[203, [20, 21, 10, 31, 37, 56, 17, 19, 40, 41, 25, 26, 46, 47, 28, 51, 54, 63]],
[203, [20, 21, 10, 31, 37, 56, 18, 40, 41, 57, 8, 24, 48, 61, 27, 50, 35, 55]],
[203, [20, 21, 10, 31, 37, 56, 18, 40, 41, 57, 25, 26, 46, 47, 27, 50, 35, 55]],
[203, [20, 21, 10, 31, 37, 56, 19, 39, 41, 57, 8, 24, 48, 61, 9, 29, 54, 63]],
[203, [20, 21, 10, 31, 37, 56, 19, 39, 41, 57, 25, 26, 46, 47, 9, 29, 54, 63]],
[203, [20, 21, 11, 32, 3, 15, 4, 17, 18, 40, 8, 24, 48, 61, 27, 50, 35, 55]],
[203, [20, 21, 11, 32, 3, 15, 4, 17, 18, 40, 25, 26, 46, 47, 27, 50, 35, 55]],
[203, [20, 21, 11, 32, 3, 15, 4, 17, 19, 39, 8, 24, 48, 61, 9, 29, 54, 63]],
[203, [20, 21, 11, 32, 3, 15, 4, 17, 19, 39, 25, 26, 46, 47, 9, 29, 54, 63]],
[203, [20, 21, 11, 32, 3, 15, 4, 18, 39, 57, 8, 24, 48, 61, 49, 62, 35, 55]],
[203, [20, 21, 11, 32, 3, 15, 4, 18, 39, 57, 25, 26, 46, 47, 49, 62, 35, 55]],
[203, [20, 21, 11, 32, 3, 15, 4, 19, 40, 57, 8, 24, 48, 61, 9, 29, 33, 53]],
[203, [20, 21, 11, 32, 3, 15, 4, 19, 40, 57, 25, 26, 46, 47, 9, 29, 33, 53]],
[203, [20, 21, 11, 32, 3, 15, 17, 18, 39, 41, 8, 24, 48, 61, 28, 51, 54, 63]],
[203, [20, 21, 11, 32, 3, 15, 17, 18, 39, 41, 25, 26, 46, 47, 28, 51, 54, 63]],
[203, [20, 21, 11, 32, 3, 15, 17, 19, 40, 41, 8, 24, 48, 61, 27, 50, 13, 34]],
[203, [20, 21, 11, 32, 3, 15, 17, 19, 40, 41, 25, 26, 46, 47, 27, 50, 13, 34]],
[203, [20, 21, 11, 32, 3, 15, 18, 40, 41, 57, 8, 24, 48, 61, 28, 51, 33, 53]],
[203, [20, 21, 11, 32, 3, 15, 18, 40, 41, 57, 25, 26, 46, 47, 28, 51, 33, 53]],
[203, [20, 21, 11, 32, 3, 15, 19, 39, 41, 57, 8, 24, 48, 61, 49, 62, 13, 34]],
[203, [20, 21, 11, 32, 3, 15, 19, 39, 41, 57, 25, 26, 46, 47, 49, 62, 13, 34]],
[203, [20, 21, 11, 32, 14, 36, 4, 17, 18, 40, 8, 24, 48, 61, 27, 50, 54, 63]],
[203, [20, 21, 11, 32, 14, 36, 4, 17, 18, 40, 25, 26, 46, 47, 27, 50, 54, 63]],
[203, [20, 21, 11, 32, 14, 36, 4, 17, 19, 39, 8, 24, 48, 61, 9, 29, 35, 55]],
[203, [20, 21, 11, 32, 14, 36, 4, 17, 19, 39, 25, 26, 46, 47, 9, 29, 35, 55]],
[203, [20, 21, 11, 32, 14, 36, 4, 18, 39, 57, 8, 24, 48, 61, 49, 62, 54, 63]],
[203, [20, 21, 11, 32, 14, 36, 4, 18, 39, 57, 25, 26, 46, 47, 49, 62, 54, 63]],
[203, [20, 21, 11, 32, 14, 36, 4, 19, 40, 57, 8, 24, 48, 61, 9, 29, 13, 34]],
[203, [20, 21, 11, 32, 14, 36, 4, 19, 40, 57, 25, 26, 46, 47, 9, 29, 13, 34]],
[203, [20, 21, 11, 32, 14, 36, 17, 18, 39, 41, 8, 24, 48, 61, 28, 51, 35, 55]],
[203, [20, 21, 11, 32, 14, 36, 17, 18, 39, 41, 25, 26, 46, 47, 28, 51, 35, 55]],
[203, [20, 21, 11, 32, 14, 36, 17, 19, 40, 41, 8, 24, 48, 61, 27, 50, 33, 53]],
[203, [20, 21, 11, 32, 14, 36, 17, 19, 40, 41, 25, 26, 46, 47, 27, 50, 33, 53]],
[203, [20, 21, 11, 32, 14, 36, 18, 40, 41, 57, 8, 24, 48, 61, 28, 51, 13, 34]],
[203, [20, 21, 11, 32, 14, 36, 18, 40, 41, 57, 25, 26, 46, 47, 28, 51, 13, 34]],
[203, [20, 21, 11, 32, 14, 36, 19, 39, 41, 57, 8, 24, 48, 61, 49, 62, 33, 53]],
[203, [20, 21, 11, 32, 14, 36, 19, 39, 41, 57, 25, 26, 46, 47, 49, 62, 33, 53]],
[203, [20, 21, 11, 32, 16, 38, 4, 17, 18, 40, 8, 24, 48, 61, 27, 50, 13, 34]],
[203, [20, 21, 11, 32, 16, 38, 4, 17, 18, 40, 25, 26, 46, 47, 27, 50, 13, 34]],
[203, [20, 21, 11, 32, 16, 38, 4, 17, 19, 39, 8, 24, 48, 61, 9, 29, 33, 53]],
[203, [20, 21, 11, 32, 16, 38, 4, 17, 19, 39, 25, 26, 46, 47, 9, 29, 33, 53]],
[203, [20, 21, 11, 32, 16, 38, 4, 18, 39, 57, 8, 24, 48, 61, 49, 62, 13, 34]],
[203, [20, 21, 11, 32, 16, 38, 4, 18, 39, 57, 25, 26, 46, 47, 49, 62, 13, 34]],
[203, [20, 21, 11, 32, 16, 38, 4, 19, 40, 57, 8, 24, 48, 61, 9, 29, 54, 63]],
[203, [20, 21, 11, 32, 16, 38, 4, 19, 40, 57, 25, 26, 46, 47, 9, 29, 54, 63]],
[203, [20, 21, 11, 32, 16, 38, 17, 18, 39, 41, 8, 24, 48, 61, 28, 51, 33, 53]],
[203, [20, 21, 11, 32, 16, 38, 17, 18, 39, 41, 25, 26, 46, 47, 28, 51, 33, 53]],
[203, [20, 21, 11, 32, 16, 38, 17, 19, 40, 41, 8, 24, 48, 61, 27, 50, 35, 55]],
[203, [20, 21, 11, 32, 16, 38, 17, 19, 40, 41, 25, 26, 46, 47, 27, 50, 35, 55]],
[203, [20, 21, 11, 32, 16, 38, 18, 40, 41, 57, 8, 24, 48, 61, 28, 51, 54, 63]],
[203, [20, 21, 11, 32, 16, 38, 18, 40, 41, 57, 25, 26, 46, 47, 28, 51, 54, 63]],
[203, [20, 21, 11, 32, 16, 38, 19, 39, 41, 57, 8, 24, 48, 61, 49, 62, 35, 55]],
[203, [20, 21, 11, 32, 16, 38, 19, 39, 41, 57, 25, 26, 46, 47, 49, 62, 35, 55]],
[203, [20, 21, 11, 32, 37, 56, 4, 17, 18, 40, 8, 24, 48, 61, 27, 50, 33, 53]],
[203, [20, 21, 11, 32, 37, 56, 4, 17, 18, 40, 25, 26, 46, 47, 27, 50, 33, 53]],
[203, [20, 21, 11, 32, 37, 56, 4, 17, 19, 39, 8, 24, 48, 61, 9, 29, 13, 34]],
[203, [20, 21, 11, 32, 37, 56, 4, 17, 19, 39, 25, 26, 46, 47, 9, 29, 13, 34]],
[203, [20, 21, 11, 32, 37, 56, 4, 18, 39, 57, 8, 24, 48, 61, 49, 62, 33, 53]],
[203, [20, 21, 11, 32, 37, 56, 4, 18, 39, 57, 25, 26, 46, 47, 49, 62, 33, 53]],
[203, [20, 21, 11, 32, 37, 56, 4, 19, 40, 57, 8, 24, 48, 61, 9, 29, 35, 55]],
[203, [20, 21, 11, 32, 37, 56, 4, 19, 40, 57, 25, 26, 46, 47, 9, 29, 35, 55]],
[203, [20, 21, 11, 32, 37, 56, 17, 18, 39, 41, 8, 24, 48, 61, 28, 51, 13, 34]],
[203, [20, 21, 11, 32, 37, 56, 17, 18, 39, 41, 25, 26, 46, 47, 28, 51, 13, 34]],
[203, [20, 21, 11, 32, 37, 56, 17, 19, 40, 41, 8, 24, 48, 61, 27, 50, 54, 63]],
[203, [20, 21, 11, 32, 37, 56, 17, 19, 40, 41, 25, 26, 46, 47, 27, 50, 54, 63]],
[203, [20, 21, 11, 32, 37, 56, 18, 40, 41, 57, 8, 24, 48, 61, 28, 51, 35, 55]],
[203, [20, 21, 11, 32, 37, 56, 18, 40, 41, 57, 25, 26, 46, 47, 28, 51, 35, 55]],
[203, [20, 21, 11, 32, 37, 56, 19, 39, 41, 57, 8, 24, 48, 61, 49, 62, 54, 63]],
[203, [20, 21, 11, 32, 37, 56, 19, 39, 41, 57, 25, 26, 46, 47, 49, 62, 54, 63]],
[203, [20, 21, 30, 52, 3, 15, 4, 17, 18, 40, 8, 24, 48, 61, 9, 29, 35, 55]],
[203, [20, 21, 30, 52, 3, 15, 4, 17, 18, 40, 25, 26, 46, 47, 9, 29, 35, 55]],
[203, [20, 21, 30, 52, 3, 15, 4, 17, 19, 39, 8, 24, 48, 61, 27, 50, 54, 63]],
[203, [20, 21, 30, 52, 3, 15, 4, 17, 19, 39, 25, 26, 46, 47, 27, 50, 54, 63]],
[203, [20, 21, 30, 52, 3, 15, 4, 18, 39, 57, 8, 24, 48, 61, 28, 51, 35, 55]],
[203, [20, 21, 30, 52, 3, 15, 4, 18, 39, 57, 25, 26, 46, 47, 28, 51, 35, 55]],
[203, [20, 21, 30, 52, 3, 15, 4, 19, 40, 57, 8, 24, 48, 61, 27, 50, 33, 53]],
[203, [20, 21, 30, 52, 3, 15, 4, 19, 40, 57, 25, 26, 46, 47, 27, 50, 33, 53]],
[203, [20, 21, 30, 52, 3, 15, 17, 18, 39, 41, 8, 24, 48, 61, 49, 62, 54, 63]],
[203, [20, 21, 30, 52, 3, 15, 17, 18, 39, 41, 25, 26, 46, 47, 49, 62, 54, 63]],
[203, [20, 21, 30, 52, 3, 15, 17, 19, 40, 41, 8, 24, 48, 61, 9, 29, 13, 34]],
[203, [20, 21, 30, 52, 3, 15, 17, 19, 40, 41, 25, 26, 46, 47, 9, 29, 13, 34]],
[203, [20, 21, 30, 52, 3, 15, 18, 40, 41, 57, 8, 24, 48, 61, 49, 62, 33, 53]],
[203, [20, 21, 30, 52, 3, 15, 18, 40, 41, 57, 25, 26, 46, 47, 49, 62, 33, 53]],
[203, [20, 21, 30, 52, 3, 15, 19, 39, 41, 57, 8, 24, 48, 61, 28, 51, 13, 34]],
[203, [20, 21, 30, 52, 3, 15, 19, 39, 41, 57, 25, 26, 46, 47, 28, 51, 13, 34]],
[203, [20, 21, 30, 52, 14, 36, 4, 17, 18, 40, 8, 24, 48, 61, 9, 29, 54, 63]],
[203, [20, 21, 30, 52, 14, 36, 4, 17, 18, 40, 25, 26, 46, 47, 9, 29, 54, 63]],
[203, [20, 21, 30, 52, 14, 36, 4, 17, 19, 39, 8, 24, 48, 61, 27, 50, 35, 55]],
[203, [20, 21, 30, 52, 14, 36, 4, 17, 19, 39, 25, 26, 46, 47, 27, 50, 35, 55]],
[203, [20, 21, 30, 52, 14, 36, 4, 18, 39, 57, 8, 24, 48, 61, 28, 51, 54, 63]],
[203, [20, 21, 30, 52, 14, 36, 4, 18, 39, 57, 25, 26, 46, 47, 28, 51, 54, 63]],
[203, [20, 21, 30, 52, 14, 36, 4, 19, 40, 57, 8, 24, 48, 61, 27, 50, 13, 34]],
[203, [20, 21, 30, 52, 14, 36, 4, 19, 40, 57, 25, 26, 46, 47, 27, 50, 13, 34]],
[203, [20, 21, 30, 52, 14, 36, 17, 18, 39, 41, 8, 24, 48, 61, 49, 62, 35, 55]],
[203, [20, 21, 30, 52, 14, 36, 17, 18, 39, 41, 25, 26, 46, 47, 49, 62, 35, 55]],
[203, [20, 21, 30, 52, 14, 36, 17, 19, 40, 41, 8, 24, 48, 61, 9, 29, 33, 53]],
[203, [20, 21, 30, 52, 14, 36, 17, 19, 40, 41, 25, 26, 46, 47, 9, 29, 33, 53]],
[203, [20, 21, 30, 52, 14, 36, 18, 40, 41, 57, 8, 24, 48, 61, 49, 62, 13, 34]],
[203, [20, 21, 30, 52, 14, 36, 18, 40, 41, 57, 25, 26, 46, 47, 49, 62, 13, 34]],
[203, [20, 21, 30, 52, 14, 36, 19, 39, 41, 57, 8, 24, 48, 61, 28, 51, 33, 53]],
[203, [20, 21, 30, 52, 14, 36, 19, 39, 41, 57, 25, 26, 46, 47, 28, 51, 33, 53]],
[203, [20, 21, 30, 52, 16, 38, 4, 17, 18, 40, 8, 24, 48, 61, 9, 29, 13, 34]],
[203, [20, 21, 30, 52, 16, 38, 4, 17, 18, 40, 25, 26, 46, 47, 9, 29, 13, 34]],
[203, [20, 21, 30, 52, 16, 38, 4, 17, 19, 39, 8, 24, 48, 61, 27, 50, 33, 53]],
[203, [20, 21, 30, 52, 16, 38, 4, 17, 19, 39, 25, 26, 46, 47, 27, 50, 33, 53]],
[203, [20, 21, 30, 52, 16, 38, 4, 18, 39, 57, 8, 24, 48, 61, 28, 51, 13, 34]],
[203, [20, 21, 30, 52, 16, 38, 4, 18, 39, 57, 25, 26, 46, 47, 28, 51, 13, 34]],
[203, [20, 21, 30, 52, 16, 38, 4, 19, 40, 57, 8, 24, 48, 61, 27, 50, 54, 63]],
[203, [20, 21, 30, 52, 16, 38, 4, 19, 40, 57, 25, 26, 46, 47, 27, 50, 54, 63]],
[203, [20, 21, 30, 52, 16, 38, 17, 18, 39, 41, 8, 24, 48, 61, 49, 62, 33, 53]],
[203, [20, 21, 30, 52, 16, 38, 17, 18, 39, 41, 25, 26, 46, 47, 49, 62, 33, 53]],
[203, [20, 21, 30, 52, 16, 38, 17, 19, 40, 41, 8, 24, 48, 61, 9, 29, 35, 55]],
[203, [20, 21, 30, 52, 16, 38, 17, 19, 40, 41, 25, 26, 46, 47, 9, 29, 35, 55]],
[203, [20, 21, 30, 52, 16, 38, 18, 40, 41, 57, 8, 24, 48, 61, 49, 62, 54, 63]],
[203, [20, 21, 30, 52, 16, 38, 18, 40, 41, 57, 25, 26, 46, 47, 49, 62, 54, 63]],
[203, [20, 21, 30, 52, 16, 38, 19, 39, 41, 57, 8, 24, 48, 61, 28, 51, 35, 55]],
[203, [20, 21, 30, 52, 16, 38, 19, 39, 41, 57, 25, 26, 46, 47, 28, 51, 35, 55]],
[203, [20, 21, 30, 52, 37, 56, 4, 17, 18, 40, 8, 24, 48, 61, 9, 29, 33, 53]],
[203, [20, 21, 30, 52, 37, 56, 4, 17, 18, 40, 25, 26, 46, 47, 9, 29, 33, 53]],
[203, [20, 21, 30, 52, 37, 56, 4, 17, 19, 39, 8, 24, 48, 61, 27, 50, 13, 34]],
[203, [20, 21, 30, 52, 37, 56, 4, 17, 19, 39, 25, 26, 46, 47, 27, 50, 13, 34]],
[203, [20, 21, 30, 52, 37, 56, 4, 18, 39, 57, 8, 24, 48, 61, 28, 51, 33, 53]],
[203, [20, 21, 30, 52, 37, 56, 4, 18, 39, 57, 25, 26, 46, 47, 28, 51, 33, 53]],
[203, [20, 21, 30, 52, 37, 56, 4, 19, 40, 57, 8, 24, 48, 61, 27, 50, 35, 55]],
[203, [20, 21, 30, 52, 37, 56, 4, 19, 40, 57, 25, 26, 46, 47, 27, 50, 35, 55]],
[203, [20, 21, 30, 52, 37, 56, 17, 18, 39, 41, 8, 24, 48, 61, 49, 62, 13, 34]],
[203, [20, 21, 30, 52, 37, 56, 17, 18, 39, 41, 25, 26, 46, 47, 49, 62, 13, 34]],
[203, [20, 21, 30, 52, 37, 56, 17, 19, 40, 41, 8, 24, 48, 61, 9, 29, 54, 63]],
[203, [20, 21, 30, 52, 37, 56, 17, 19, 40, 41, 25, 26, 46, 47, 9, 29, 54, 63]],
[203, [20, 21, 30, 52, 37, 56, 18, 40, 41, 57, 8, 24, 48, 61, 49, 62, 35, 55]],
[203, [20, 21, 30, 52, 37, 56, 18, 40, 41, 57, 25, 26, 46, 47, 49, 62, 35, 55]],
[203, [20, 21, 30, 52, 37, 56, 19, 39, 41, 57, 8, 24, 48, 61, 28, 51, 54, 63]],
[203, [20, 21, 30, 52, 37, 56, 19, 39, 41, 57, 25, 26, 46, 47, 28, 51, 54, 63]],
[203, [5, 42, 2, 30, 31, 32, 3, 15, 4, 17, 18, 40, 8, 26, 35, 55, 58, 64]],
[203, [5, 42, 2, 30, 31, 32, 3, 15, 4, 17, 18, 40, 24, 47, 35, 55, 44, 60]],
[203, [5, 42, 2, 30, 31, 32, 3, 15, 4, 17, 18, 40, 25, 48, 35, 55, 43, 59]],
[203, [5, 42, 2, 30, 31, 32, 3, 15, 4, 17, 18, 40, 46, 61, 35, 55, 23, 45]],
[203, [5, 42, 2, 30, 31, 32, 3, 15, 4, 17, 19, 39, 8, 26, 54, 63, 44, 60]],
[203, [5, 42, 2, 30, 31, 32, 3, 15, 4, 17, 19, 39, 24, 47, 54, 63, 58, 64]],
[203, [5, 42, 2, 30, 31, 32, 3, 15, 4, 17, 19, 39, 25, 48, 54, 63, 23, 45]],
[203, [5, 42, 2, 30, 31, 32, 3, 15, 4, 17, 19, 39, 46, 61, 54, 63, 43, 59]],
[203, [5, 42, 2, 30, 31, 32, 3, 15, 4, 18, 39, 57, 8, 26, 35, 55, 43, 59]],
[203, [5, 42, 2, 30, 31, 32, 3, 15, 4, 18, 39, 57, 24, 47, 35, 55, 23, 45]],
[203, [5, 42, 2, 30, 31, 32, 3, 15, 4, 18, 39, 57, 25, 48, 35, 55, 58, 64]],
[203, [5, 42, 2, 30, 31, 32, 3, 15, 4, 18, 39, 57, 46, 61, 35, 55, 44, 60]],
[203, [5, 42, 2, 30, 31, 32, 3, 15, 4, 19, 40, 57, 8, 26, 33, 53, 44, 60]],
[203, [5, 42, 2, 30, 31, 32, 3, 15, 4, 19, 40, 57, 24, 47, 33, 53, 58, 64]],
[203, [5, 42, 2, 30, 31, 32, 3, 15, 4, 19, 40, 57, 25, 48, 33, 53, 23, 45]],
[203, [5, 42, 2, 30, 31, 32, 3, 15, 4, 19, 40, 57, 46, 61, 33, 53, 43, 59]],
[203, [5, 42, 2, 30, 31, 32, 3, 15, 17, 18, 39, 41, 8, 26, 54, 63, 23, 45]],
[203, [5, 42, 2, 30, 31, 32, 3, 15, 17, 18, 39, 41, 24, 47, 54, 63, 43, 59]],
[203, [5, 42, 2, 30, 31, 32, 3, 15, 17, 18, 39, 41, 25, 48, 54, 63, 44, 60]],
[203, [5, 42, 2, 30, 31, 32, 3, 15, 17, 18, 39, 41, 46, 61, 54, 63, 58, 64]],
[203, [5, 42, 2, 30, 31, 32, 3, 15, 17, 19, 40, 41, 8, 26, 13, 34, 58, 64]],
[203, [5, 42, 2, 30, 31, 32, 3, 15, 17, 19, 40, 41, 24, 47, 13, 34, 44, 60]],
[203, [5, 42, 2, 30, 31, 32, 3, 15, 17, 19, 40, 41, 25, 48, 13, 34, 43, 59]],
[203, [5, 42, 2, 30, 31, 32, 3, 15, 17, 19, 40, 41, 46, 61, 13, 34, 23, 45]],
[203, [5, 42, 2, 30, 31, 32, 3, 15, 18, 40, 41, 57, 8, 26, 33, 53, 23, 45]],
[203, [5, 42, 2, 30, 31, 32, 3, 15, 18, 40, 41, 57, 24, 47, 33, 53, 43, 59]],
[203, [5, 42, 2, 30, 31, 32, 3, 15, 18, 40, 41, 57, 25, 48, 33, 53, 44, 60]],
[203, [5, 42, 2, 30, 31, 32, 3, 15, 18, 40, 41, 57, 46, 61, 33, 53, 58, 64]],
[203, [5, 42, 2, 30, 31, 32, 3, 15, 19, 39, 41, 57, 8, 26, 13, 34, 43, 59]],
[203, [5, 42, 2, 30, 31, 32, 3, 15, 19, 39, 41, 57, 24, 47, 13, 34, 23, 45]],
[203, [5, 42, 2, 30, 31, 32, 3, 15, 19, 39, 41, 57, 25, 48, 13, 34, 58, 64]],
[203, [5, 42, 2, 30, 31, 32, 3, 15, 19, 39, 41, 57, 46, 61, 13, 34, 44, 60]],
[203, [5, 42, 2, 30, 31, 32, 14, 36, 4, 17, 18, 40, 8, 26, 54, 63, 58, 64]],
[203, [5, 42, 2, 30, 31, 32, 14, 36, 4, 17, 18, 40, 24, 47, 54, 63, 44, 60]],
[203, [5, 42, 2, 30, 31, 32, 14, 36, 4, 17, 18, 40, 25, 48, 54, 63, 43, 59]],
[203, [5, 42, 2, 30, 31, 32, 14, 36, 4, 17, 18, 40, 46, 61, 54, 63, 23, 45]],
[203, [5, 42, 2, 30, 31, 32, 14, 36, 4, 17, 19, 39, 8, 26, 35, 55, 44, 60]],
[203, [5, 42, 2, 30, 31, 32, 14, 36, 4, 17, 19, 39, 24, 47, 35, 55, 58, 64]],
[203, [5, 42, 2, 30, 31, 32, 14, 36, 4, 17, 19, 39, 25, 48, 35, 55, 23, 45]],
[203, [5, 42, 2, 30, 31, 32, 14, 36, 4, 17, 19, 39, 46, 61, 35, 55, 43, 59]],
[203, [5, 42, 2, 30, 31, 32, 14, 36, 4, 18, 39, 57, 8, 26, 54, 63, 43, 59]],
[203, [5, 42, 2, 30, 31, 32, 14, 36, 4, 18, 39, 57, 24, 47, 54, 63, 23, 45]],
[203, [5, 42, 2, 30, 31, 32, 14, 36, 4, 18, 39, 57, 25, 48, 54, 63, 58, 64]],
[203, [5, 42, 2, 30, 31, 32, 14, 36, 4, 18, 39, 57, 46, 61, 54, 63, 44, 60]],
[203, [5, 42, 2, 30, 31, 32, 14, 36, 4, 19, 40, 57, 8, 26, 13, 34, 44, 60]],
[203, [5, 42, 2, 30, 31, 32, 14, 36, 4, 19, 40, 57, 24, 47, 13, 34, 58, 64]],
[203, [5, 42, 2, 30, 31, 32, 14, 36, 4, 19, 40, 57, 25, 48, 13, 34, 23, 45]],
[203, [5, 42, 2, 30, 31, 32, 14, 36, 4, 19, 40, 57, 46, 61, 13, 34, 43, 59]],
[203, [5, 42, 2, 30, 31, 32, 14, 36, 17, 18, 39, 41, 8, 26, 35, 55, 23, 45]],
[203, [5, 42, 2, 30, 31, 32, 14, 36, 17, 18, 39, 41, 24, 47, 35, 55, 43, 59]],
[203, [5, 42, 2, 30, 31, 32, 14, 36, 17, 18, 39, 41, 25, 48, 35, 55, 44, 60]],
[203, [5, 42, 2, 30, 31, 32, 14, 36, 17, 18, 39, 41, 46, 61, 35, 55, 58, 64]],
[203, [5, 42, 2, 30, 31, 32, 14, 36, 17, 19, 40, 41, 8, 26, 33, 53, 58, 64]],
[203, [5, 42, 2, 30, 31, 32, 14, 36, 17, 19, 40, 41, 24, 47, 33, 53, 44, 60]],
[203, [5, 42, 2, 30, 31, 32, 14, 36, 17, 19, 40, 41, 25, 48, 33, 53, 43, 59]],
[203, [5, 42, 2, 30, 31, 32, 14, 36, 17, 19, 40, 41, 46, 61, 33, 53, 23, 45]],
[203, [5, 42, 2, 30, 31, 32, 14, 36, 18, 40, 41, 57, 8, 26, 13, 34, 23, 45]],
[203, [5, 42, 2, 30, 31, 32, 14, 36, 18, 40, 41, 57, 24, 47, 13, 34, 43, 59]],
[203, [5, 42, 2, 30, 31, 32, 14, 36, 18, 40, 41, 57, 25, 48, 13, 34, 44, 60]],
[203, [5, 42, 2, 30, 31, 32, 14, 36, 18, 40, 41, 57, 46, 61, 13, 34, 58, 64]],
[203, [5, 42, 2, 30, 31, 32, 14, 36, 19, 39, 41, 57, 8, 26, 33, 53, 43, 59]],
[203, [5, 42, 2, 30, 31, 32, 14, 36, 19, 39, 41, 57, 24, 47, 33, 53, 23, 45]],
[203, [5, 42, 2, 30, 31, 32, 14, 36, 19, 39, 41, 57, 25, 48, 33, 53, 58, 64]],
[203, [5, 42, 2, 30, 31, 32, 14, 36, 19, 39, 41, 57, 46, 61, 33, 53, 44, 60]],
[203, [5, 42, 2, 30, 31, 32, 16, 38, 4, 17, 18, 40, 8, 26, 13, 34, 58, 64]],
[203, [5, 42, 2, 30, 31, 32, 16, 38, 4, 17, 18, 40, 24, 47, 13, 34, 44, 60]],
[203, [5, 42, 2, 30, 31, 32, 16, 38, 4, 17, 18, 40, 25, 48, 13, 34, 43, 59]],
[203, [5, 42, 2, 30, 31, 32, 16, 38, 4, 17, 18, 40, 46, 61, 13, 34, 23, 45]],
[203, [5, 42, 2, 30, 31, 32, 16, 38, 4, 17, 19, 39, 8, 26, 33, 53, 44, 60]],
[203, [5, 42, 2, 30, 31, 32, 16, 38, 4, 17, 19, 39, 24, 47, 33, 53, 58, 64]],
[203, [5, 42, 2, 30, 31, 32, 16, 38, 4, 17, 19, 39, 25, 48, 33, 53, 23, 45]],
[203, [5, 42, 2, 30, 31, 32, 16, 38, 4, 17, 19, 39, 46, 61, 33, 53, 43, 59]],
[203, [5, 42, 2, 30, 31, 32, 16, 38, 4, 18, 39, 57, 8, 26, 13, 34, 43, 59]],
[203, [5, 42, 2, 30, 31, 32, 16, 38, 4, 18, 39, 57, 24, 47, 13, 34, 23, 45]],
[203, [5, 42, 2, 30, 31, 32, 16, 38, 4, 18, 39, 57, 25, 48, 13, 34, 58, 64]],
[203, [5, 42, 2, 30, 31, 32, 16, 38, 4, 18, 39, 57, 46, 61, 13, 34, 44, 60]],
[203, [5, 42, 2, 30, 31, 32, 16, 38, 4, 19, 40, 57, 8, 26, 54, 63, 44, 60]],
[203, [5, 42, 2, 30, 31, 32, 16, 38, 4, 19, 40, 57, 24, 47, 54, 63, 58, 64]],
[203, [5, 42, 2, 30, 31, 32, 16, 38, 4, 19, 40, 57, 25, 48, 54, 63, 23, 45]],
[203, [5, 42, 2, 30, 31, 32, 16, 38, 4, 19, 40, 57, 46, 61, 54, 63, 43, 59]],
[203, [5, 42, 2, 30, 31, 32, 16, 38, 17, 18, 39, 41, 8, 26, 33, 53, 23, 45]],
[203, [5, 42, 2, 30, 31, 32, 16, 38, 17, 18, 39, 41, 24, 47, 33, 53, 43, 59]],
[203, [5, 42, 2, 30, 31, 32, 16, 38, 17, 18, 39, 41, 25, 48, 33, 53, 44, 60]],
[203, [5, 42, 2, 30, 31, 32, 16, 38, 17, 18, 39, 41, 46, 61, 33, 53, 58, 64]],
[203, [5, 42, 2, 30, 31, 32, 16, 38, 17, 19, 40, 41, 8, 26, 35, 55, 58, 64]],
[203, [5, 42, 2, 30, 31, 32, 16, 38, 17, 19, 40, 41, 24, 47, 35, 55, 44, 60]],
[203, [5, 42, 2, 30, 31, 32, 16, 38, 17, 19, 40, 41, 25, 48, 35, 55, 43, 59]],
[203, [5, 42, 2, 30, 31, 32, 16, 38, 17, 19, 40, 41, 46, 61, 35, 55, 23, 45]],
[203, [5, 42, 2, 30, 31, 32, 16, 38, 18, 40, 41, 57, 8, 26, 54, 63, 23, 45]],
[203, [5, 42, 2, 30, 31, 32, 16, 38, 18, 40, 41, 57, 24, 47, 54, 63, 43, 59]],
[203, [5, 42, 2, 30, 31, 32, 16, 38, 18, 40, 41, 57, 25, 48, 54, 63, 44, 60]],
[203, [5, 42, 2, 30, 31, 32, 16, 38, 18, 40, 41, 57, 46, 61, 54, 63, 58, 64]],
[203, [5, 42, 2, 30, 31, 32, 16, 38, 19, 39, 41, 57, 8, 26, 35, 55, 43, 59]],
[203, [5, 42, 2, 30, 31, 32, 16, 38, 19, 39, 41, 57, 24, 47, 35, 55, 23, 45]],
[203, [5, 42, 2, 30, 31, 32, 16, 38, 19, 39, 41, 57, 25, 48, 35, 55, 58, 64]],
[203, [5, 42, 2, 30, 31, 32, 16, 38, 19, 39, 41, 57, 46, 61, 35, 55, 44, 60]],
[203, [5, 42, 2, 30, 31, 32, 37, 56, 4, 17, 18, 40, 8, 26, 33, 53, 58, 64]],
[203, [5, 42, 2, 30, 31, 32, 37, 56, 4, 17, 18, 40, 24, 47, 33, 53, 44, 60]],
[203, [5, 42, 2, 30, 31, 32, 37, 56, 4, 17, 18, 40, 25, 48, 33, 53, 43, 59]],
[203, [5, 42, 2, 30, 31, 32, 37, 56, 4, 17, 18, 40, 46, 61, 33, 53, 23, 45]],
[203, [5, 42, 2, 30, 31, 32, 37, 56, 4, 17, 19, 39, 8, 26, 13, 34, 44, 60]],
[203, [5, 42, 2, 30, 31, 32, 37, 56, 4, 17, 19, 39, 24, 47, 13, 34, 58, 64]],
[203, [5, 42, 2, 30, 31, 32, 37, 56, 4, 17, 19, 39, 25, 48, 13, 34, 23, 45]],
[203, [5, 42, 2, 30, 31, 32, 37, 56, 4, 17, 19, 39, 46, 61, 13, 34, 43, 59]],
[203, [5, 42, 2, 30, 31, 32, 37, 56, 4, 18, 39, 57, 8, 26, 33, 53, 43, 59]],
[203, [5, 42, 2, 30, 31, 32, 37, 56, 4, 18, 39, 57, 24, 47, 33, 53, 23, 45]],
[203, [5, 42, 2, 30, 31, 32, 37, 56, 4, 18, 39, 57, 25, 48, 33, 53, 58, 64]],
[203, [5, 42, 2, 30, 31, 32, 37, 56, 4, 18, 39, 57, 46, 61, 33, 53, 44, 60]],
[203, [5, 42, 2, 30, 31, 32, 37, 56, 4, 19, 40, 57, 8, 26, 35, 55, 44, 60]],
[203, [5, 42, 2, 30, 31, 32, 37, 56, 4, 19, 40, 57, 24, 47, 35, 55, 58, 64]],
[203, [5, 42, 2, 30, 31, 32, 37, 56, 4, 19, 40, 57, 25, 48, 35, 55, 23, 45]],
[203, [5, 42, 2, 30, 31, 32, 37, 56, 4, 19, 40, 57, 46, 61, 35, 55, 43, 59]],
[203, [5, 42, 2, 30, 31, 32, 37, 56, 17, 18, 39, 41, 8, 26, 13, 34, 23, 45]],
[203, [5, 42, 2, 30, 31, 32, 37, 56, 17, 18, 39, 41, 24, 47, 13, 34, 43, 59]],
[203, [5, 42, 2, 30, 31, 32, 37, 56, 17, 18, 39, 41, 25, 48, 13, 34, 44, 60]],
[203, [5, 42, 2, 30, 31, 32, 37, 56, 17, 18, 39, 41, 46, 61, 13, 34, 58, 64]],
[203, [5, 42, 2, 30, 31, 32, 37, 56, 17, 19, 40, 41, 8, 26, 54, 63, 58, 64]],
[203, [5, 42, 2, 30, 31, 32, 37, 56, 17, 19, 40, 41, 24, 47, 54, 63, 44, 60]],
[203, [5, 42, 2, 30, 31, 32, 37, 56, 17, 19, 40, 41, 25, 48, 54, 63, 43, 59]],
[203, [5, 42, 2, 30, 31, 32, 37, 56, 17, 19, 40, 41, 46, 61, 54, 63, 23, 45]],
[203, [5, 42, 2, 30, 31, 32, 37, 56, 18, 40, 41, 57, 8, 26, 35, 55, 23, 45]],
[203, [5, 42, 2, 30, 31, 32, 37, 56, 18, 40, 41, 57, 24, 47, 35, 55, 43, 59]],
[203, [5, 42, 2, 30, 31, 32, 37, 56, 18, 40, 41, 57, 25, 48, 35, 55, 44, 60]],
[203, [5, 42, 2, 30, 31, 32, 37, 56, 18, 40, 41, 57, 46, 61, 35, 55, 58, 64]],
[203, [5, 42, 2, 30, 31, 32, 37, 56, 19, 39, 41, 57, 8, 26, 54, 63, 43, 59]],
[203, [5, 42, 2, 30, 31, 32, 37, 56, 19, 39, 41, 57, 24, 47, 54, 63, 23, 45]],
[203, [5, 42, 2, 30, 31, 32, 37, 56, 19, 39, 41, 57, 25, 48, 54, 63, 58, 64]],
[203, [5, 42, 2, 30, 31, 32, 37, 56, 19, 39, 41, 57, 46, 61, 54, 63, 44, 60]],
[203, [5, 42, 10, 11, 12, 52, 3, 15, 4, 17, 18, 40, 8, 26, 35, 55, 58, 64]],
[203, [5, 42, 10, 11, 12, 52, 3, 15, 4, 17, 18, 40, 24, 47, 35, 55, 44, 60]],
[203, [5, 42, 10, 11, 12, 52, 3, 15, 4, 17, 18, 40, 25, 48, 35, 55, 43, 59]],
[203, [5, 42, 10, 11, 12, 52, 3, 15, 4, 17, 18, 40, 46, 61, 35, 55, 23, 45]],
[203, [5, 42, 10, 11, 12, 52, 3, 15, 4, 17, 19, 39, 8, 26, 54, 63, 44, 60]],
[203, [5, 42, 10, 11, 12, 52, 3, 15, 4, 17, 19, 39, 24, 47, 54, 63, 58, 64]],
[203, [5, 42, 10, 11, 12, 52, 3, 15, 4, 17, 19, 39, 25, 48, 54, 63, 23, 45]],
[203, [5, 42, 10, 11, 12, 52, 3, 15, 4, 17, 19, 39, 46, 61, 54, 63, 43, 59]],
[203, [5, 42, 10, 11, 12, 52, 3, 15, 4, 18, 39, 57, 8, 26, 35, 55, 43, 59]],
[203, [5, 42, 10, 11, 12, 52, 3, 15, 4, 18, 39, 57, 24, 47, 35, 55, 23, 45]],
[203, [5, 42, 10, 11, 12, 52, 3, 15, 4, 18, 39, 57, 25, 48, 35, 55, 58, 64]],
[203, [5, 42, 10, 11, 12, 52, 3, 15, 4, 18, 39, 57, 46, 61, 35, 55, 44, 60]],
[203, [5, 42, 10, 11, 12, 52, 3, 15, 4, 19, 40, 57, 8, 26, 33, 53, 44, 60]],
[203, [5, 42, 10, 11, 12, 52, 3, 15, 4, 19, 40, 57, 24, 47, 33, 53, 58, 64]],
[203, [5, 42, 10, 11, 12, 52, 3, 15, 4, 19, 40, 57, 25, 48, 33, 53, 23, 45]],
[203, [5, 42, 10, 11, 12, 52, 3, 15, 4, 19, 40, 57, 46, 61, 33, 53, 43, 59]],
[203, [5, 42, 10, 11, 12, 52, 3, 15, 17, 18, 39, 41, 8, 26, 54, 63, 23, 45]],
[203, [5, 42, 10, 11, 12, 52, 3, 15, 17, 18, 39, 41, 24, 47, 54, 63, 43, 59]],
[203, [5, 42, 10, 11, 12, 52, 3, 15, 17, 18, 39, 41, 25, 48, 54, 63, 44, 60]],
[203, [5, 42, 10, 11, 12, 52, 3, 15, 17, 18, 39, 41, 46, 61, 54, 63, 58, 64]],
[203, [5, 42, 10, 11, 12, 52, 3, 15, 17, 19, 40, 41, 8, 26, 13, 34, 58, 64]],
[203, [5, 42, 10, 11, 12, 52, 3, 15, 17, 19, 40, 41, 24, 47, 13, 34, 44, 60]],
[203, [5, 42, 10, 11, 12, 52, 3, 15, 17, 19, 40, 41, 25, 48, 13, 34, 43, 59]],
[203, [5, 42, 10, 11, 12, 52, 3, 15, 17, 19, 40, 41, 46, 61, 13, 34, 23, 45]],
[203, [5, 42, 10, 11, 12, 52, 3, 15, 18, 40, 41, 57, 8, 26, 33, 53, 23, 45]],
[203, [5, 42, 10, 11, 12, 52, 3, 15, 18, 40, 41, 57, 24, 47, 33, 53, 43, 59]],
[203, [5, 42, 10, 11, 12, 52, 3, 15, 18, 40, 41, 57, 25, 48, 33, 53, 44, 60]],
[203, [5, 42, 10, 11, 12, 52, 3, 15, 18, 40, 41, 57, 46, 61, 33, 53, 58, 64]],
[203, [5, 42, 10, 11, 12, 52, 3, 15, 19, 39, 41, 57, 8, 26, 13, 34, 43, 59]],
[203, [5, 42, 10, 11, 12, 52, 3, 15, 19, 39, 41, 57, 24, 47, 13, 34, 23, 45]],
[203, [5, 42, 10, 11, 12, 52, 3, 15, 19, 39, 41, 57, 25, 48, 13, 34, 58, 64]],
[203, [5, 42, 10, 11, 12, 52, 3, 15, 19, 39, 41, 57, 46, 61, 13, 34, 44, 60]],
[203, [5, 42, 10, 11, 12, 52, 14, 36, 4, 17, 18, 40, 8, 26, 54, 63, 58, 64]],
[203, [5, 42, 10, 11, 12, 52, 14, 36, 4, 17, 18, 40, 24, 47, 54, 63, 44, 60]],
[203, [5, 42, 10, 11, 12, 52, 14, 36, 4, 17, 18, 40, 25, 48, 54, 63, 43, 59]],
[203, [5, 42, 10, 11, 12, 52, 14, 36, 4, 17, 18, 40, 46, 61, 54, 63, 23, 45]],
[203, [5, 42, 10, 11, 12, 52, 14, 36, 4, 17, 19, 39, 8, 26, 35, 55, 44, 60]],
[203, [5, 42, 10, 11, 12, 52, 14, 36, 4, 17, 19, 39, 24, 47, 35, 55, 58, 64]],
[203, [5, 42, 10, 11, 12, 52, 14, 36, 4, 17, 19, 39, 25, 48, 35, 55, 23, 45]],
[203, [5, 42, 10, 11, 12, 52, 14, 36, 4, 17, 19, 39, 46, 61, 35, 55, 43, 59]],
[203, [5, 42, 10, 11, 12, 52, 14, 36, 4, 18, 39, 57, 8, 26, 54, 63, 43, 59]],
[203, [5, 42, 10, 11, 12, 52, 14, 36, 4, 18, 39, 57, 24, 47, 54, 63, 23, 45]],
[203, [5, 42, 10, 11, 12, 52, 14, 36, 4, 18, 39, 57, 25, 48, 54, 63, 58, 64]],
[203, [5, 42, 10, 11, 12, 52, 14, 36, 4, 18, 39, 57, 46, 61, 54, 63, 44, 60]],
[203, [5, 42, 10, 11, 12, 52, 14, 36, 4, 19, 40, 57, 8, 26, 13, 34, 44, 60]],
[203, [5, 42, 10, 11, 12, 52, 14, 36, 4, 19, 40, 57, 24, 47, 13, 34, 58, 64]],
[203, [5, 42, 10, 11, 12, 52, 14, 36, 4, 19, 40, 57, 25, 48, 13, 34, 23, 45]],
[203, [5, 42, 10, 11, 12, 52, 14, 36, 4, 19, 40, 57, 46, 61, 13, 34, 43, 59]],
[203, [5, 42, 10, 11, 12, 52, 14, 36, 17, 18, 39, 41, 8, 26, 35, 55, 23, 45]],
[203, [5, 42, 10, 11, 12, 52, 14, 36, 17, 18, 39, 41, 24, 47, 35, 55, 43, 59]],
[203, [5, 42, 10, 11, 12, 52, 14, 36, 17, 18, 39, 41, 25, 48, 35, 55, 44, 60]],
[203, [5, 42, 10, 11, 12, 52, 14, 36, 17, 18, 39, 41, 46, 61, 35, 55, 58, 64]],
[203, [5, 42, 10, 11, 12, 52, 14, 36, 17, 19, 40, 41, 8, 26, 33, 53, 58, 64]],
[203, [5, 42, 10, 11, 12, 52, 14, 36, 17, 19, 40, 41, 24, 47, 33, 53, 44, 60]],
[203, [5, 42, 10, 11, 12, 52, 14, 36, 17, 19, 40, 41, 25, 48, 33, 53, 43, 59]],
[203, [5, 42, 10, 11, 12, 52, 14, 36, 17, 19, 40, 41, 46, 61, 33, 53, 23, 45]],
[203, [5, 42, 10, 11, 12, 52, 14, 36, 18, 40, 41, 57, 8, 26, 13, 34, 23, 45]],
[203, [5, 42, 10, 11, 12, 52, 14, 36, 18, 40, 41, 57, 24, 47, 13, 34, 43, 59]],
[203, [5, 42, 10, 11, 12, 52, 14, 36, 18, 40, 41, 57, 25, 48, 13, 34, 44, 60]],
[203, [5, 42, 10, 11, 12, 52, 14, 36, 18, 40, 41, 57, 46, 61, 13, 34, 58, 64]],
[203, [5, 42, 10, 11, 12, 52, 14, 36, 19, 39, 41, 57, 8, 26, 33, 53, 43, 59]],
[203, [5, 42, 10, 11, 12, 52, 14, 36, 19, 39, 41, 57, 24, 47, 33, 53, 23, 45]],
[203, [5, 42, 10, 11, 12, 52, 14, 36, 19, 39, 41, 57, 25, 48, 33, 53, 58, 64]],
[203, [5, 42, 10, 11, 12, 52, 14, 36, 19, 39, 41, 57, 46, 61, 33, 53, 44, 60]],
[203, [5, 42, 10, 11, 12, 52, 16, 38, 4, 17, 18, 40, 8, 26, 13, 34, 58, 64]],
[203, [5, 42, 10, 11, 12, 52, 16, 38, 4, 17, 18, 40, 24, 47, 13, 34, 44, 60]],
[203, [5, 42, 10, 11, 12, 52, 16, 38, 4, 17, 18, 40, 25, 48, 13, 34, 43, 59]],
[203, [5, 42, 10, 11, 12, 52, 16, 38, 4, 17, 18, 40, 46, 61, 13, 34, 23, 45]],
[203, [5, 42, 10, 11, 12, 52, 16, 38, 4, 17, 19, 39, 8, 26, 33, 53, 44, 60]],
[203, [5, 42, 10, 11, 12, 52, 16, 38, 4, 17, 19, 39, 24, 47, 33, 53, 58, 64]],
[203, [5, 42, 10, 11, 12, 52, 16, 38, 4, 17, 19, 39, 25, 48, 33, 53, 23, 45]],
[203, [5, 42, 10, 11, 12, 52, 16, 38, 4, 17, 19, 39, 46, 61, 33, 53, 43, 59]],
[203, [5, 42, 10, 11, 12, 52, 16, 38, 4, 18, 39, 57, 8, 26, 13, 34, 43, 59]],
[203, [5, 42, 10, 11, 12, 52, 16, 38, 4, 18, 39, 57, 24, 47, 13, 34, 23, 45]],
[203, [5, 42, 10, 11, 12, 52, 16, 38, 4, 18, 39, 57, 25, 48, 13, 34, 58, 64]],
[203, [5, 42, 10, 11, 12, 52, 16, 38, 4, 18, 39, 57, 46, 61, 13, 34, 44, 60]],
[203, [5, 42, 10, 11, 12, 52, 16, 38, 4, 19, 40, 57, 8, 26, 54, 63, 44, 60]],
[203, [5, 42, 10, 11, 12, 52, 16, 38, 4, 19, 40, 57, 24, 47, 54, 63, 58, 64]],
[203, [5, 42, 10, 11, 12, 52, 16, 38, 4, 19, 40, 57, 25, 48, 54, 63, 23, 45]],
[203, [5, 42, 10, 11, 12, 52, 16, 38, 4, 19, 40, 57, 46, 61, 54, 63, 43, 59]],
[203, [5, 42, 10, 11, 12, 52, 16, 38, 17, 18, 39, 41, 8, 26, 33, 53, 23, 45]],
[203, [5, 42, 10, 11, 12, 52, 16, 38, 17, 18, 39, 41, 24, 47, 33, 53, 43, 59]],
[203, [5, 42, 10, 11, 12, 52, 16, 38, 17, 18, 39, 41, 25, 48, 33, 53, 44, 60]],
[203, [5, 42, 10, 11, 12, 52, 16, 38, 17, 18, 39, 41, 46, 61, 33, 53, 58, 64]],
[203, [5, 42, 10, 11, 12, 52, 16, 38, 17, 19, 40, 41, 8, 26, 35, 55, 58, 64]],
[203, [5, 42, 10, 11, 12, 52, 16, 38, 17, 19, 40, 41, 24, 47, 35, 55, 44, 60]],
[203, [5, 42, 10, 11, 12, 52, 16, 38, 17, 19, 40, 41, 25, 48, 35, 55, 43, 59]],
[203, [5, 42, 10, 11, 12, 52, 16, 38, 17, 19, 40, 41, 46, 61, 35, 55, 23, 45]],
[203, [5, 42, 10, 11, 12, 52, 16, 38, 18, 40, 41, 57, 8, 26, 54, 63, 23, 45]],
[203, [5, 42, 10, 11, 12, 52, 16, 38, 18, 40, 41, 57, 24, 47, 54, 63, 43, 59]],
[203, [5, 42, 10, 11, 12, 52, 16, 38, 18, 40, 41, 57, 25, 48, 54, 63, 44, 60]],
[203, [5, 42, 10, 11, 12, 52, 16, 38, 18, 40, 41, 57, 46, 61, 54, 63, 58, 64]],
[203, [5, 42, 10, 11, 12, 52, 16, 38, 19, 39, 41, 57, 8, 26, 35, 55, 43, 59]],
[203, [5, 42, 10, 11, 12, 52, 16, 38, 19, 39, 41, 57, 24, 47, 35, 55, 23, 45]],
[203, [5, 42, 10, 11, 12, 52, 16, 38, 19, 39, 41, 57, 25, 48, 35, 55, 58, 64]],
[203, [5, 42, 10, 11, 12, 52, 16, 38, 19, 39, 41, 57, 46, 61, 35, 55, 44, 60]],
[203, [5, 42, 10, 11, 12, 52, 37, 56, 4, 17, 18, 40, 8, 26, 33, 53, 58, 64]],
[203, [5, 42, 10, 11, 12, 52, 37, 56, 4, 17, 18, 40, 24, 47, 33, 53, 44, 60]],
[203, [5, 42, 10, 11, 12, 52, 37, 56, 4, 17, 18, 40, 25, 48, 33, 53, 43, 59]],
[203, [5, 42, 10, 11, 12, 52, 37, 56, 4, 17, 18, 40, 46, 61, 33, 53, 23, 45]],
[203, [5, 42, 10, 11, 12, 52, 37, 56, 4, 17, 19, 39, 8, 26, 13, 34, 44, 60]],
[203, [5, 42, 10, 11, 12, 52, 37, 56, 4, 17, 19, 39, 24, 47, 13, 34, 58, 64]],
[203, [5, 42, 10, 11, 12, 52, 37, 56, 4, 17, 19, 39, 25, 48, 13, 34, 23, 45]],
[203, [5, 42, 10, 11, 12, 52, 37, 56, 4, 17, 19, 39, 46, 61, 13, 34, 43, 59]],
[203, [5, 42, 10, 11, 12, 52, 37, 56, 4, 18, 39, 57, 8, 26, 33, 53, 43, 59]],
[203, [5, 42, 10, 11, 12, 52, 37, 56, 4, 18, 39, 57, 24, 47, 33, 53, 23, 45]],
[203, [5, 42, 10, 11, 12, 52, 37, 56, 4, 18, 39, 57, 25, 48, 33, 53, 58, 64]],
[203, [5, 42, 10, 11, 12, 52, 37, 56, 4, 18, 39, 57, 46, 61, 33, 53, 44, 60]],
[203, [5, 42, 10, 11, 12, 52, 37, 56, 4, 19, 40, 57, 8, 26, 35, 55, 44, 60]],
[203, [5, 42, 10, 11, 12, 52, 37, 56, 4, 19, 40, 57, 24, 47, 35, 55, 58, 64]],
[203, [5, 42, 10, 11, 12, 52, 37, 56, 4, 19, 40, 57, 25, 48, 35, 55, 23, 45]],
[203, [5, 42, 10, 11, 12, 52, 37, 56, 4, 19, 40, 57, 46, 61, 35, 55, 43, 59]],
[203, [5, 42, 10, 11, 12, 52, 37, 56, 17, 18, 39, 41, 8, 26, 13, 34, 23, 45]],
[203, [5, 42, 10, 11, 12, 52, 37, 56, 17, 18, 39, 41, 24, 47, 13, 34, 43, 59]],
[203, [5, 42, 10, 11, 12, 52, 37, 56, 17, 18, 39, 41, 25, 48, 13, 34, 44, 60]],
[203, [5, 42, 10, 11, 12, 52, 37, 56, 17, 18, 39, 41, 46, 61, 13, 34, 58, 64]],
[203, [5, 42, 10, 11, 12, 52, 37, 56, 17, 19, 40, 41, 8, 26, 54, 63, 58, 64]],
[203, [5, 42, 10, 11, 12, 52, 37, 56, 17, 19, 40, 41, 24, 47, 54, 63, 44, 60]],
[203, [5, 42, 10, 11, 12, 52, 37, 56, 17, 19, 40, 41, 25, 48, 54, 63, 43, 59]],
[203, [5, 42, 10, 11, 12, 52, 37, 56, 17, 19, 40, 41, 46, 61, 54, 63, 23, 45]],
[203, [5, 42, 10, 11, 12, 52, 37, 56, 18, 40, 41, 57, 8, 26, 35, 55, 23, 45]],
[203, [5, 42, 10, 11, 12, 52, 37, 56, 18, 40, 41, 57, 24, 47, 35, 55, 43, 59]],
[203, [5, 42, 10, 11, 12, 52, 37, 56, 18, 40, 41, 57, 25, 48, 35, 55, 44, 60]],
[203, [5, 42, 10, 11, 12, 52, 37, 56, 18, 40, 41, 57, 46, 61, 35, 55, 58, 64]],
[203, [5, 42, 10, 11, 12, 52, 37, 56, 19, 39, 41, 57, 8, 26, 54, 63, 43, 59]],
[203, [5, 42, 10, 11, 12, 52, 37, 56, 19, 39, 41, 57, 24, 47, 54, 63, 23, 45]],
[203, [5, 42, 10, 11, 12, 52, 37, 56, 19, 39, 41, 57, 25, 48, 54, 63, 58, 64]],
[203, [5, 42, 10, 11, 12, 52, 37, 56, 19, 39, 41, 57, 46, 61, 54, 63, 44, 60]],
[203, [20, 21, 2, 10, 32, 52, 3, 15, 4, 17, 18, 40, 8, 26, 35, 55, 58, 64]],
[203, [20, 21, 2, 10, 32, 52, 3, 15, 4, 17, 18, 40, 24, 47, 35, 55, 44, 60]],
[203, [20, 21, 2, 10, 32, 52, 3, 15, 4, 17, 18, 40, 25, 48, 35, 55, 43, 59]],
[203, [20, 21, 2, 10, 32, 52, 3, 15, 4, 17, 18, 40, 46, 61, 35, 55, 23, 45]],
[203, [20, 21, 2, 10, 32, 52, 3, 15, 4, 17, 19, 39, 8, 26, 54, 63, 44, 60]],
[203, [20, 21, 2, 10, 32, 52, 3, 15, 4, 17, 19, 39, 24, 47, 54, 63, 58, 64]],
[203, [20, 21, 2, 10, 32, 52, 3, 15, 4, 17, 19, 39, 25, 48, 54, 63, 23, 45]],
[203, [20, 21, 2, 10, 32, 52, 3, 15, 4, 17, 19, 39, 46, 61, 54, 63, 43, 59]],
[203, [20, 21, 2, 10, 32, 52, 3, 15, 4, 18, 39, 57, 8, 26, 35, 55, 43, 59]],
[203, [20, 21, 2, 10, 32, 52, 3, 15, 4, 18, 39, 57, 24, 47, 35, 55, 23, 45]],
[203, [20, 21, 2, 10, 32, 52, 3, 15, 4, 18, 39, 57, 25, 48, 35, 55, 58, 64]],
[203, [20, 21, 2, 10, 32, 52, 3, 15, 4, 18, 39, 57, 46, 61, 35, 55, 44, 60]],
[203, [20, 21, 2, 10, 32, 52, 3, 15, 4, 19, 40, 57, 8, 26, 33, 53, 44, 60]],
[203, [20, 21, 2, 10, 32, 52, 3, 15, 4, 19, 40, 57, 24, 47, 33, 53, 58, 64]],
[203, [20, 21, 2, 10, 32, 52, 3, 15, 4, 19, 40, 57, 25, 48, 33, 53, 23, 45]],
[203, [20, 21, 2, 10, 32, 52, 3, 15, 4, 19, 40, 57, 46, 61, 33, 53, 43, 59]],
[203, [20, 21, 2, 10, 32, 52, 3, 15, 17, 18, 39, 41, 8, 26, 54, 63, 23, 45]],
[203, [20, 21, 2, 10, 32, 52, 3, 15, 17, 18, 39, 41, 24, 47, 54, 63, 43, 59]],
[203, [20, 21, 2, 10, 32, 52, 3, 15, 17, 18, 39, 41, 25, 48, 54, 63, 44, 60]],
[203, [20, 21, 2, 10, 32, 52, 3, 15, 17, 18, 39, 41, 46, 61, 54, 63, 58, 64]],
[203, [20, 21, 2, 10, 32, 52, 3, 15, 17, 19, 40, 41, 8, 26, 13, 34, 58, 64]],
[203, [20, 21, 2, 10, 32, 52, 3, 15, 17, 19, 40, 41, 24, 47, 13, 34, 44, 60]],
[203, [20, 21, 2, 10, 32, 52, 3, 15, 17, 19, 40, 41, 25, 48, 13, 34, 43, 59]],
[203, [20, 21, 2, 10, 32, 52, 3, 15, 17, 19, 40, 41, 46, 61, 13, 34, 23, 45]],
[203, [20, 21, 2, 10, 32, 52, 3, 15, 18, 40, 41, 57, 8, 26, 33, 53, 23, 45]],
[203, [20, 21, 2, 10, 32, 52, 3, 15, 18, 40, 41, 57, 24, 47, 33, 53, 43, 59]],
[203, [20, 21, 2, 10, 32, 52, 3, 15, 18, 40, 41, 57, 25, 48, 33, 53, 44, 60]],
[203, [20, 21, 2, 10, 32, 52, 3, 15, 18, 40, 41, 57, 46, 61, 33, 53, 58, 64]],
[203, [20, 21, 2, 10, 32, 52, 3, 15, 19, 39, 41, 57, 8, 26, 13, 34, 43, 59]],
[203, [20, 21, 2, 10, 32, 52, 3, 15, 19, 39, 41, 57, 24, 47, 13, 34, 23, 45]],
[203, [20, 21, 2, 10, 32, 52, 3, 15, 19, 39, 41, 57, 25, 48, 13, 34, 58, 64]],
[203, [20, 21, 2, 10, 32, 52, 3, 15, 19, 39, 41, 57, 46, 61, 13, 34, 44, 60]],
[203, [20, 21, 2, 10, 32, 52, 14, 36, 4, 17, 18, 40, 8, 26, 54, 63, 58, 64]],
[203, [20, 21, 2, 10, 32, 52, 14, 36, 4, 17, 18, 40, 24, 47, 54, 63, 44, 60]],
[203, [20, 21, 2, 10, 32, 52, 14, 36, 4, 17, 18, 40, 25, 48, 54, 63, 43, 59]],
[203, [20, 21, 2, 10, 32, 52, 14, 36, 4, 17, 18, 40, 46, 61, 54, 63, 23, 45]],
[203, [20, 21, 2, 10, 32, 52, 14, 36, 4, 17, 19, 39, 8, 26, 35, 55, 44, 60]],
[203, [20, 21, 2, 10, 32, 52, 14, 36, 4, 17, 19, 39, 24, 47, 35, 55, 58, 64]],
[203, [20, 21, 2, 10, 32, 52, 14, 36, 4, 17, 19, 39, 25, 48, 35, 55, 23, 45]],
[203, [20, 21, 2, 10, 32, 52, 14, 36, 4, 17, 19, 39, 46, 61, 35, 55, 43, 59]],
[203, [20, 21, 2, 10, 32, 52, 14, 36, 4, 18, 39, 57, 8, 26, 54, 63, 43, 59]],
[203, [20, 21, 2, 10, 32, 52, 14, 36, 4, 18, 39, 57, 24, 47, 54, 63, 23, 45]],
[203, [20, 21, 2, 10, 32, 52, 14, 36, 4, 18, 39, 57, 25, 48, 54, 63, 58, 64]],
[203, [20, 21, 2, 10, 32, 52, 14, 36, 4, 18, 39, 57, 46, 61, 54, 63, 44, 60]],
[203, [20, 21, 2, 10, 32, 52, 14, 36, 4, 19, 40, 57, 8, 26, 13, 34, 44, 60]],
[203, [20, 21, 2, 10, 32, 52, 14, 36, 4, 19, 40, 57, 24, 47, 13, 34, 58, 64]],
[203, [20, 21, 2, 10, 32, 52, 14, 36, 4, 19, 40, 57, 25, 48, 13, 34, 23, 45]],
[203, [20, 21, 2, 10, 32, 52, 14, 36, 4, 19, 40, 57, 46, 61, 13, 34, 43, 59]],
[203, [20, 21, 2, 10, 32, 52, 14, 36, 17, 18, 39, 41, 8, 26, 35, 55, 23, 45]],
[203, [20, 21, 2, 10, 32, 52, 14, 36, 17, 18, 39, 41, 24, 47, 35, 55, 43, 59]],
[203, [20, 21, 2, 10, 32, 52, 14, 36, 17, 18, 39, 41, 25, 48, 35, 55, 44, 60]],
[203, [20, 21, 2, 10, 32, 52, 14, 36, 17, 18, 39, 41, 46, 61, 35, 55, 58, 64]],
[203, [20, 21, 2, 10, 32, 52, 14, 36, 17, 19, 40, 41, 8, 26, 33, 53, 58, 64]],
[203, [20, 21, 2, 10, 32, 52, 14, 36, 17, 19, 40, 41, 24, 47, 33, 53, 44, 60]],
[203, [20, 21, 2, 10, 32, 52, 14, 36, 17, 19, 40, 41, 25, 48, 33, 53, 43, 59]],
[203, [20, 21, 2, 10, 32, 52, 14, 36, 17, 19, 40, 41, 46, 61, 33, 53, 23, 45]],
[203, [20, 21, 2, 10, 32, 52, 14, 36, 18, 40, 41, 57, 8, 26, 13, 34, 23, 45]],
[203, [20, 21, 2, 10, 32, 52, 14, 36, 18, 40, 41, 57, 24, 47, 13, 34, 43, 59]],
[203, [20, 21, 2, 10, 32, 52, 14, 36, 18, 40, 41, 57, 25, 48, 13, 34, 44, 60]],
[203, [20, 21, 2, 10, 32, 52, 14, 36, 18, 40, 41, 57, 46, 61, 13, 34, 58, 64]],
[203, [20, 21, 2, 10, 32, 52, 14, 36, 19, 39, 41, 57, 8, 26, 33, 53, 43, 59]],
[203, [20, 21, 2, 10, 32, 52, 14, 36, 19, 39, 41, 57, 24, 47, 33, 53, 23, 45]],
[203, [20, 21, 2, 10, 32, 52, 14, 36, 19, 39, 41, 57, 25, 48, 33, 53, 58, 64]],
[203, [20, 21, 2, 10, 32, 52, 14, 36, 19, 39, 41, 57, 46, 61, 33, 53, 44, 60]],
[203, [20, 21, 2, 10, 32, 52, 16, 38, 4, 17, 18, 40, 8, 26, 13, 34, 58, 64]],
[203, [20, 21, 2, 10, 32, 52, 16, 38, 4, 17, 18, 40, 24, 47, 13, 34, 44, 60]],
[203, [20, 21, 2, 10, 32, 52, 16, 38, 4, 17, 18, 40, 25, 48, 13, 34, 43, 59]],
[203, [20, 21, 2, 10, 32, 52, 16, 38, 4, 17, 18, 40, 46, 61, 13, 34, 23, 45]],
[203, [20, 21, 2, 10, 32, 52, 16, 38, 4, 17, 19, 39, 8, 26, 33, 53, 44, 60]],
[203, [20, 21, 2, 10, 32, 52, 16, 38, 4, 17, 19, 39, 24, 47, 33, 53, 58, 64]],
[203, [20, 21, 2, 10, 32, 52, 16, 38, 4, 17, 19, 39, 25, 48, 33, 53, 23, 45]],
[203, [20, 21, 2, 10, 32, 52, 16, 38, 4, 17, 19, 39, 46, 61, 33, 53, 43, 59]],
[203, [20, 21, 2, 10, 32, 52, 16, 38, 4, 18, 39, 57, 8, 26, 13, 34, 43, 59]],
[203, [20, 21, 2, 10, 32, 52, 16, 38, 4, 18, 39, 57, 24, 47, 13, 34, 23, 45]],
[203, [20, 21, 2, 10, 32, 52, 16, 38, 4, 18, 39, 57, 25, 48, 13, 34, 58, 64]],
[203, [20, 21, 2, 10, 32, 52, 16, 38, 4, 18, 39, 57, 46, 61, 13, 34, 44, 60]],
[203, [20, 21, 2, 10, 32, 52, 16, 38, 4, 19, 40, 57, 8, 26, 54, 63, 44, 60]],
[203, [20, 21, 2, 10, 32, 52, 16, 38, 4, 19, 40, 57, 24, 47, 54, 63, 58, 64]],
[203, [20, 21, 2, 10, 32, 52, 16, 38, 4, 19, 40, 57, 25, 48, 54, 63, 23, 45]],
[203, [20, 21, 2, 10, 32, 52, 16, 38, 4, 19, 40, 57, 46, 61, 54, 63, 43, 59]],
[203, [20, 21, 2, 10, 32, 52, 16, 38, 17, 18, 39, 41, 8, 26, 33, 53, 23, 45]],
[203, [20, 21, 2, 10, 32, 52, 16, 38, 17, 18, 39, 41, 24, 47, 33, 53, 43, 59]],
[203, [20, 21, 2, 10, 32, 52, 16, 38, 17, 18, 39, 41, 25, 48, 33, 53, 44, 60]],
[203, [20, 21, 2, 10, 32, 52, 16, 38, 17, 18, 39, 41, 46, 61, 33, 53, 58, 64]],
[203, [20, 21, 2, 10, 32, 52, 16, 38, 17, 19, 40, 41, 8, 26, 35, 55, 58, 64]],
[203, [20, 21, 2, 10, 32, 52, 16, 38, 17, 19, 40, 41, 24, 47, 35, 55, 44, 60]],
[203, [20, 21, 2, 10, 32, 52, 16, 38, 17, 19, 40, 41, 25, 48, 35, 55, 43, 59]],
[203, [20, 21, 2, 10, 32, 52, 16, 38, 17, 19, 40, 41, 46, 61, 35, 55, 23, 45]],
[203, [20, 21, 2, 10, 32, 52, 16, 38, 18, 40, 41, 57, 8, 26, 54, 63, 23, 45]],
[203, [20, 21, 2, 10, 32, 52, 16, 38, 18, 40, 41, 57, 24, 47, 54, 63, 43, 59]],
[203, [20, 21, 2, 10, 32, 52, 16, 38, 18, 40, 41, 57, 25, 48, 54, 63, 44, 60]],
[203, [20, 21, 2, 10, 32, 52, 16, 38, 18, 40, 41, 57, 46, 61, 54, 63, 58, 64]],
[203, [20, 21, 2, 10, 32, 52, 16, 38, 19, 39, 41, 57, 8, 26, 35, 55, 43, 59]],
[203, [20, 21, 2, 10, 32, 52, 16, 38, 19, 39, 41, 57, 24, 47, 35, 55, 23, 45]],
[203, [20, 21, 2, 10, 32, 52, 16, 38, 19, 39, 41, 57, 25, 48, 35, 55, 58, 64]],
[203, [20, 21, 2, 10, 32, 52, 16, 38, 19, 39, 41, 57, 46, 61, 35, 55, 44, 60]],
[203, [20, 21, 2, 10, 32, 52, 37, 56, 4, 17, 18, 40, 8, 26, 33, 53, 58, 64]],
[203, [20, 21, 2, 10, 32, 52, 37, 56, 4, 17, 18, 40, 24, 47, 33, 53, 44, 60]],
[203, [20, 21, 2, 10, 32, 52, 37, 56, 4, 17, 18, 40, 25, 48, 33, 53, 43, 59]],
[203, [20, 21, 2, 10, 32, 52, 37, 56, 4, 17, 18, 40, 46, 61, 33, 53, 23, 45]],
[203, [20, 21, 2, 10, 32, 52, 37, 56, 4, 17, 19, 39, 8, 26, 13, 34, 44, 60]],
[203, [20, 21, 2, 10, 32, 52, 37, 56, 4, 17, 19, 39, 24, 47, 13, 34, 58, 64]],
[203, [20, 21, 2, 10, 32, 52, 37, 56, 4, 17, 19, 39, 25, 48, 13, 34, 23, 45]],
[203, [20, 21, 2, 10, 32, 52, 37, 56, 4, 17, 19, 39, 46, 61, 13, 34, 43, 59]],
[203, [20, 21, 2, 10, 32, 52, 37, 56, 4, 18, 39, 57, 8, 26, 33, 53, 43, 59]],
[203, [20, 21, 2, 10, 32, 52, 37, 56, 4, 18, 39, 57, 24, 47, 33, 53, 23, 45]],
[203, [20, 21, 2, 10, 32, 52, 37, 56, 4, 18, 39, 57, 25, 48, 33, 53, 58, 64]],
[203, [20, 21, 2, 10, 32, 52, 37, 56, 4, 18, 39, 57, 46, 61, 33, 53, 44, 60]],
[203, [20, 21, 2, 10, 32, 52, 37, 56, 4, 19, 40, 57, 8, 26, 35, 55, 44, 60]],
[203, [20, 21, 2, 10, 32, 52, 37, 56, 4, 19, 40, 57, 24, 47, 35, 55, 58, 64]],
[203, [20, 21, 2, 10, 32, 52, 37, 56, 4, 19, 40, 57, 25, 48, 35, 55, 23, 45]],
[203, [20, 21, 2, 10, 32, 52, 37, 56, 4, 19, 40, 57, 46, 61, 35, 55, 43, 59]],
[203, [20, 21, 2, 10, 32, 52, 37, 56, 17, 18, 39, 41, 8, 26, 13, 34, 23, 45]],
[203, [20, 21, 2, 10, 32, 52, 37, 56, 17, 18, 39, 41, 24, 47, 13, 34, 43, 59]],
[203, [20, 21, 2, 10, 32, 52, 37, 56, 17, 18, 39, 41, 25, 48, 13, 34, 44, 60]],
[203, [20, 21, 2, 10, 32, 52, 37, 56, 17, 18, 39, 41, 46, 61, 13, 34, 58, 64]],
[203, [20, 21, 2, 10, 32, 52, 37, 56, 17, 19, 40, 41, 8, 26, 54, 63, 58, 64]],
[203, [20, 21, 2, 10, 32, 52, 37, 56, 17, 19, 40, 41, 24, 47, 54, 63, 44, 60]],
[203, [20, 21, 2, 10, 32, 52, 37, 56, 17, 19, 40, 41, 25, 48, 54, 63, 43, 59]],
[203, [20, 21, 2, 10, 32, 52, 37, 56, 17, 19, 40, 41, 46, 61, 54, 63, 23, 45]],
[203, [20, 21, 2, 10, 32, 52, 37, 56, 18, 40, 41, 57, 8, 26, 35, 55, 23, 45]],
[203, [20, 21, 2, 10, 32, 52, 37, 56, 18, 40, 41, 57, 24, 47, 35, 55, 43, 59]],
[203, [20, 21, 2, 10, 32, 52, 37, 56, 18, 40, 41, 57, 25, 48, 35, 55, 44, 60]],
[203, [20, 21, 2, 10, 32, 52, 37, 56, 18, 40, 41, 57, 46, 61, 35, 55, 58, 64]],
[203, [20, 21, 2, 10, 32, 52, 37, 56, 19, 39, 41, 57, 8, 26, 54, 63, 43, 59]],
[203, [20, 21, 2, 10, 32, 52, 37, 56, 19, 39, 41, 57, 24, 47, 54, 63, 23, 45]],
[203, [20, 21, 2, 10, 32, 52, 37, 56, 19, 39, 41, 57, 25, 48, 54, 63, 58, 64]],
[203, [20, 21, 2, 10, 32, 52, 37, 56, 19, 39, 41, 57, 46, 61, 54, 63, 44, 60]],
[203, [20, 21, 11, 12, 30, 31, 3, 15, 4, 17, 18, 40, 8, 26, 35, 55, 58, 64]],
[203, [20, 21, 11, 12, 30, 31, 3, 15, 4, 17, 18, 40, 24, 47, 35, 55, 44, 60]],
[203, [20, 21, 11, 12, 30, 31, 3, 15, 4, 17, 18, 40, 25, 48, 35, 55, 43, 59]],
[203, [20, 21, 11, 12, 30, 31, 3, 15, 4, 17, 18, 40, 46, 61, 35, 55, 23, 45]],
[203, [20, 21, 11, 12, 30, 31, 3, 15, 4, 17, 19, 39, 8, 26, 54, 63, 44, 60]],
[203, [20, 21, 11, 12, 30, 31, 3, 15, 4, 17, 19, 39, 24, 47, 54, 63, 58, 64]],
[203, [20, 21, 11, 12, 30, 31, 3, 15, 4, 17, 19, 39, 25, 48, 54, 63, 23, 45]],
[203, [20, 21, 11, 12, 30, 31, 3, 15, 4, 17, 19, 39, 46, 61, 54, 63, 43, 59]],
[203, [20, 21, 11, 12, 30, 31, 3, 15, 4, 18, 39, 57, 8, 26, 35, 55, 43, 59]],
[203, [20, 21, 11, 12, 30, 31, 3, 15, 4, 18, 39, 57, 24, 47, 35, 55, 23, 45]],
[203, [20, 21, 11, 12, 30, 31, 3, 15, 4, 18, 39, 57, 25, 48, 35, 55, 58, 64]],
[203, [20, 21, 11, 12, 30, 31, 3, 15, 4, 18, 39, 57, 46, 61, 35, 55, 44, 60]],
[203, [20, 21, 11, 12, 30, 31, 3, 15, 4, 19, 40, 57, 8, 26, 33, 53, 44, 60]],
[203, [20, 21, 11, 12, 30, 31, 3, 15, 4, 19, 40, 57, 24, 47, 33, 53, 58, 64]],
[203, [20, 21, 11, 12, 30, 31, 3, 15, 4, 19, 40, 57, 25, 48, 33, 53, 23, 45]],
[203, [20, 21, 11, 12, 30, 31, 3, 15, 4, 19, 40, 57, 46, 61, 33, 53, 43, 59]],
[203, [20, 21, 11, 12, 30, 31, 3, 15, 17, 18, 39, 41, 8, 26, 54, 63, 23, 45]],
[203, [20, 21, 11, 12, 30, 31, 3, 15, 17, 18, 39, 41, 24, 47, 54, 63, 43, 59]],
[203, [20, 21, 11, 12, 30, 31, 3, 15, 17, 18, 39, 41, 25, 48, 54, 63, 44, 60]],
[203, [20, 21, 11, 12, 30, 31, 3, 15, 17, 18, 39, 41, 46, 61, 54, 63, 58, 64]],
[203, [20, 21, 11, 12, 30, 31, 3, 15, 17, 19, 40, 41, 8, 26, 13, 34, 58, 64]],
[203, [20, 21, 11, 12, 30, 31, 3, 15, 17, 19, 40, 41, 24, 47, 13, 34, 44, 60]],
[203, [20, 21, 11, 12, 30, 31, 3, 15, 17, 19, 40, 41, 25, 48, 13, 34, 43, 59]],
[203, [20, 21, 11, 12, 30, 31, 3, 15, 17, 19, 40, 41, 46, 61, 13, 34, 23, 45]],
[203, [20, 21, 11, 12, 30, 31, 3, 15, 18, 40, 41, 57, 8, 26, 33, 53, 23, 45]],
[203, [20, 21, 11, 12, 30, 31, 3, 15, 18, 40, 41, 57, 24, 47, 33, 53, 43, 59]],
[203, [20, 21, 11, 12, 30, 31, 3, 15, 18, 40, 41, 57, 25, 48, 33, 53, 44, 60]],
[203, [20, 21, 11, 12, 30, 31, 3, 15, 18, 40, 41, 57, 46, 61, 33, 53, 58, 64]],
[203, [20, 21, 11, 12, 30, 31, 3, 15, 19, 39, 41, 57, 8, 26, 13, 34, 43, 59]],
[203, [20, 21, 11, 12, 30, 31, 3, 15, 19, 39, 41, 57, 24, 47, 13, 34, 23, 45]],
[203, [20, 21, 11, 12, 30, 31, 3, 15, 19, 39, 41, 57, 25, 48, 13, 34, 58, 64]],
[203, [20, 21, 11, 12, 30, 31, 3, 15, 19, 39, 41, 57, 46, 61, 13, 34, 44, 60]],
[203, [20, 21, 11, 12, 30, 31, 14, 36, 4, 17, 18, 40, 8, 26, 54, 63, 58, 64]],
[203, [20, 21, 11, 12, 30, 31, 14, 36, 4, 17, 18, 40, 24, 47, 54, 63, 44, 60]],
[203, [20, 21, 11, 12, 30, 31, 14, 36, 4, 17, 18, 40, 25, 48, 54, 63, 43, 59]],
[203, [20, 21, 11, 12, 30, 31, 14, 36, 4, 17, 18, 40, 46, 61, 54, 63, 23, 45]],
[203, [20, 21, 11, 12, 30, 31, 14, 36, 4, 17, 19, 39, 8, 26, 35, 55, 44, 60]],
[203, [20, 21, 11, 12, 30, 31, 14, 36, 4, 17, 19, 39, 24, 47, 35, 55, 58, 64]],
[203, [20, 21, 11, 12, 30, 31, 14, 36, 4, 17, 19, 39, 25, 48, 35, 55, 23, 45]],
[203, [20, 21, 11, 12, 30, 31, 14, 36, 4, 17, 19, 39, 46, 61, 35, 55, 43, 59]],
[203, [20, 21, 11, 12, 30, 31, 14, 36, 4, 18, 39, 57, 8, 26, 54, 63, 43, 59]],
[203, [20, 21, 11, 12, 30, 31, 14, 36, 4, 18, 39, 57, 24, 47, 54, 63, 23, 45]],
[203, [20, 21, 11, 12, 30, 31, 14, 36, 4, 18, 39, 57, 25, 48, 54, 63, 58, 64]],
[203, [20, 21, 11, 12, 30, 31, 14, 36, 4, 18, 39, 57, 46, 61, 54, 63, 44, 60]],
[203, [20, 21, 11, 12, 30, 31, 14, 36, 4, 19, 40, 57, 8, 26, 13, 34, 44, 60]],
[203, [20, 21, 11, 12, 30, 31, 14, 36, 4, 19, 40, 57, 24, 47, 13, 34, 58, 64]],
[203, [20, 21, 11, 12, 30, 31, 14, 36, 4, 19, 40, 57, 25, 48, 13, 34, 23, 45]],
[203, [20, 21, 11, 12, 30, 31, 14, 36, 4, 19, 40, 57, 46, 61, 13, 34, 43, 59]],
[203, [20, 21, 11, 12, 30, 31, 14, 36, 17, 18, 39, 41, 8, 26, 35, 55, 23, 45]],
[203, [20, 21, 11, 12, 30, 31, 14, 36, 17, 18, 39, 41, 24, 47, 35, 55, 43, 59]],
[203, [20, 21, 11, 12, 30, 31, 14, 36, 17, 18, 39, 41, 25, 48, 35, 55, 44, 60]],
[203, [20, 21, 11, 12, 30, 31, 14, 36, 17, 18, 39, 41, 46, 61, 35, 55, 58, 64]],
[203, [20, 21, 11, 12, 30, 31, 14, 36, 17, 19, 40, 41, 8, 26, 33, 53, 58, 64]],
[203, [20, 21, 11, 12, 30, 31, 14, 36, 17, 19, 40, 41, 24, 47, 33, 53, 44, 60]],
[203, [20, 21, 11, 12, 30, 31, 14, 36, 17, 19, 40, 41, 25, 48, 33, 53, 43, 59]],
[203, [20, 21, 11, 12, 30, 31, 14, 36, 17, 19, 40, 41, 46, 61, 33, 53, 23, 45]],
[203, [20, 21, 11, 12, 30, 31, 14, 36, 18, 40, 41, 57, 8, 26, 13, 34, 23, 45]],
[203, [20, 21, 11, 12, 30, 31, 14, 36, 18, 40, 41, 57, 24, 47, 13, 34, 43, 59]],
[203, [20, 21, 11, 12, 30, 31, 14, 36, 18, 40, 41, 57, 25, 48, 13, 34, 44, 60]],
[203, [20, 21, 11, 12, 30, 31, 14, 36, 18, 40, 41, 57, 46, 61, 13, 34, 58, 64]],
[203, [20, 21, 11, 12, 30, 31, 14, 36, 19, 39, 41, 57, 8, 26, 33, 53, 43, 59]],
[203, [20, 21, 11, 12, 30, 31, 14, 36, 19, 39, 41, 57, 24, 47, 33, 53, 23, 45]],
[203, [20, 21, 11, 12, 30, 31, 14, 36, 19, 39, 41, 57, 25, 48, 33, 53, 58, 64]],
[203, [20, 21, 11, 12, 30, 31, 14, 36, 19, 39, 41, 57, 46, 61, 33, 53, 44, 60]],
[203, [20, 21, 11, 12, 30, 31, 16, 38, 4, 17, 18, 40, 8, 26, 13, 34, 58, 64]],
[203, [20, 21, 11, 12, 30, 31, 16, 38, 4, 17, 18, 40, 24, 47, 13, 34, 44, 60]],
[203, [20, 21, 11, 12, 30, 31, 16, 38, 4, 17, 18, 40, 25, 48, 13, 34, 43, 59]],
[203, [20, 21, 11, 12, 30, 31, 16, 38, 4, 17, 18, 40, 46, 61, 13, 34, 23, 45]],
[203, [20, 21, 11, 12, 30, 31, 16, 38, 4, 17, 19, 39, 8, 26, 33, 53, 44, 60]],
[203, [20, 21, 11, 12, 30, 31, 16, 38, 4, 17, 19, 39, 24, 47, 33, 53, 58, 64]],
[203, [20, 21, 11, 12, 30, 31, 16, 38, 4, 17, 19, 39, 25, 48, 33, 53, 23, 45]],
[203, [20, 21, 11, 12, 30, 31, 16, 38, 4, 17, 19, 39, 46, 61, 33, 53, 43, 59]],
[203, [20, 21, 11, 12, 30, 31, 16, 38, 4, 18, 39, 57, 8, 26, 13, 34, 43, 59]],
[203, [20, 21, 11, 12, 30, 31, 16, 38, 4, 18, 39, 57, 24, 47, 13, 34, 23, 45]],
[203, [20, 21, 11, 12, 30, 31, 16, 38, 4, 18, 39, 57, 25, 48, 13, 34, 58, 64]],
[203, [20, 21, 11, 12, 30, 31, 16, 38, 4, 18, 39, 57, 46, 61, 13, 34, 44, 60]],
[203, [20, 21, 11, 12, 30, 31, 16, 38, 4, 19, 40, 57, 8, 26, 54, 63, 44, 60]],
[203, [20, 21, 11, 12, 30, 31, 16, 38, 4, 19, 40, 57, 24, 47, 54, 63, 58, 64]],
[203, [20, 21, 11, 12, 30, 31, 16, 38, 4, 19, 40, 57, 25, 48, 54, 63, 23, 45]],
[203, [20, 21, 11, 12, 30, 31, 16, 38, 4, 19, 40, 57, 46, 61, 54, 63, 43, 59]],
[203, [20, 21, 11, 12, 30, 31, 16, 38, 17, 18, 39, 41, 8, 26, 33, 53, 23, 45]],
[203, [20, 21, 11, 12, 30, 31, 16, 38, 17, 18, 39, 41, 24, 47, 33, 53, 43, 59]],
[203, [20, 21, 11, 12, 30, 31, 16, 38, 17, 18, 39, 41, 25, 48, 33, 53, 44, 60]],
[203, [20, 21, 11, 12, 30, 31, 16, 38, 17, 18, 39, 41, 46, 61, 33, 53, 58, 64]],
[203, [20, 21, 11, 12, 30, 31, 16, 38, 17, 19, 40, 41, 8, 26, 35, 55, 58, 64]],
[203, [20, 21, 11, 12, 30, 31, 16, 38, 17, 19, 40, 41, 24, 47, 35, 55, 44, 60]],
[203, [20, 21, 11, 12, 30, 31, 16, 38, 17, 19, 40, 41, 25, 48, 35, 55, 43, 59]],
[203, [20, 21, 11, 12, 30, 31, 16, 38, 17, 19, 40, 41, 46, 61, 35, 55, 23, 45]],
[203, [20, 21, 11, 12, 30, 31, 16, 38, 18, 40, 41, 57, 8, 26, 54, 63, 23, 45]],
[203, [20, 21, 11, 12, 30, 31, 16, 38, 18, 40, 41, 57, 24, 47, 54, 63, 43, 59]],
[203, [20, 21, 11, 12, 30, 31, 16, 38, 18, 40, 41, 57, 25, 48, 54, 63, 44, 60]],
[203, [20, 21, 11, 12, 30, 31, 16, 38, 18, 40, 41, 57, 46, 61, 54, 63, 58, 64]],
[203, [20, 21, 11, 12, 30, 31, 16, 38, 19, 39, 41, 57, 8, 26, 35, 55, 43, 59]],
[203, [20, 21, 11, 12, 30, 31, 16, 38, 19, 39, 41, 57, 24, 47, 35, 55, 23, 45]],
[203, [20, 21, 11, 12, 30, 31, 16, 38, 19, 39, 41, 57, 25, 48, 35, 55, 58, 64]],
[203, [20, 21, 11, 12, 30, 31, 16, 38, 19, 39, 41, 57, 46, 61, 35, 55, 44, 60]],
[203, [20, 21, 11, 12, 30, 31, 37, 56, 4, 17, 18, 40, 8, 26, 33, 53, 58, 64]],
[203, [20, 21, 11, 12, 30, 31, 37, 56, 4, 17, 18, 40, 24, 47, 33, 53, 44, 60]],
[203, [20, 21, 11, 12, 30, 31, 37, 56, 4, 17, 18, 40, 25, 48, 33, 53, 43, 59]],
[203, [20, 21, 11, 12, 30, 31, 37, 56, 4, 17, 18, 40, 46, 61, 33, 53, 23, 45]],
[203, [20, 21, 11, 12, 30, 31, 37, 56, 4, 17, 19, 39, 8, 26, 13, 34, 44, 60]],
[203, [20, 21, 11, 12, 30, 31, 37, 56, 4, 17, 19, 39, 24, 47, 13, 34, 58, 64]],
[203, [20, 21, 11, 12, 30, 31, 37, 56, 4, 17, 19, 39, 25, 48, 13, 34, 23, 45]],
[203, [20, 21, 11, 12, 30, 31, 37, 56, 4, 17, 19, 39, 46, 61, 13, 34, 43, 59]],
[203, [20, 21, 11, 12, 30, 31, 37, 56, 4, 18, 39, 57, 8, 26, 33, 53, 43, 59]],
[203, [20, 21, 11, 12, 30, 31, 37, 56, 4, 18, 39, 57, 24, 47, 33, 53, 23, 45]],
[203, [20, 21, 11, 12, 30, 31, 37, 56, 4, 18, 39, 57, 25, 48, 33, 53, 58, 64]],
[203, [20, 21, 11, 12, 30, 31, 37, 56, 4, 18, 39, 57, 46, 61, 33, 53, 44, 60]],
[203, [20, 21, 11, 12, 30, 31, 37, 56, 4, 19, 40, 57, 8, 26, 35, 55, 44, 60]],
[203, [20, 21, 11, 12, 30, 31, 37, 56, 4, 19, 40, 57, 24, 47, 35, 55, 58, 64]],
[203, [20, 21, 11, 12, 30, 31, 37, 56, 4, 19, 40, 57, 25, 48, 35, 55, 23, 45]],
[203, [20, 21, 11, 12, 30, 31, 37, 56, 4, 19, 40, 57, 46, 61, 35, 55, 43, 59]],
[203, [20, 21, 11, 12, 30, 31, 37, 56, 17, 18, 39, 41, 8, 26, 13, 34, 23, 45]],
[203, [20, 21, 11, 12, 30, 31, 37, 56, 17, 18, 39, 41, 24, 47, 13, 34, 43, 59]],
[203, [20, 21, 11, 12, 30, 31, 37, 56, 17, 18, 39, 41, 25, 48, 13, 34, 44, 60]],
[203, [20, 21, 11, 12, 30, 31, 37, 56, 17, 18, 39, 41, 46, 61, 13, 34, 58, 64]],
[203, [20, 21, 11, 12, 30, 31, 37, 56, 17, 19, 40, 41, 8, 26, 54, 63, 58, 64]],
[203, [20, 21, 11, 12, 30, 31, 37, 56, 17, 19, 40, 41, 24, 47, 54, 63, 44, 60]],
[203, [20, 21, 11, 12, 30, 31, 37, 56, 17, 19, 40, 41, 25, 48, 54, 63, 43, 59]],
[203, [20, 21, 11, 12, 30, 31, 37, 56, 17, 19, 40, 41, 46, 61, 54, 63, 23, 45]],
[203, [20, 21, 11, 12, 30, 31, 37, 56, 18, 40, 41, 57, 8, 26, 35, 55, 23, 45]],
[203, [20, 21, 11, 12, 30, 31, 37, 56, 18, 40, 41, 57, 24, 47, 35, 55, 43, 59]],
[203, [20, 21, 11, 12, 30, 31, 37, 56, 18, 40, 41, 57, 25, 48, 35, 55, 44, 60]],
[203, [20, 21, 11, 12, 30, 31, 37, 56, 18, 40, 41, 57, 46, 61, 35, 55, 58, 64]],
[203, [20, 21, 11, 12, 30, 31, 37, 56, 19, 39, 41, 57, 8, 26, 54, 63, 43, 59]],
[203, [20, 21, 11, 12, 30, 31, 37, 56, 19, 39, 41, 57, 24, 47, 54, 63, 23, 45]],
[203, [20, 21, 11, 12, 30, 31, 37, 56, 19, 39, 41, 57, 25, 48, 54, 63, 58, 64]],
[203, [20, 21, 11, 12, 30, 31, 37, 56, 19, 39, 41, 57, 46, 61, 54, 63, 44, 60]]];
