pds_list := [[241, [2, 12, 3, 14, 36, 38, 4, 41, 27, 49, 33, 34, 35, 54, 23, 44, 58, 64]],
[241, [2, 12, 3, 14, 36, 38, 4, 41, 27, 49, 34, 35, 53, 63, 23, 43, 44, 59]],
[241, [2, 12, 3, 14, 36, 38, 4, 41, 50, 62, 33, 34, 35, 54, 45, 58, 60, 64]],
[241, [2, 12, 3, 14, 36, 38, 4, 41, 50, 62, 34, 35, 53, 63, 43, 45, 59, 60]],
[241, [2, 12, 3, 14, 36, 38, 18, 19, 27, 49, 13, 33, 54, 55, 23, 44, 58, 64]],
[241, [2, 12, 3, 14, 36, 38, 18, 19, 27, 49, 13, 53, 55, 63, 23, 43, 44, 59]],
[241, [2, 12, 3, 14, 36, 38, 18, 19, 50, 62, 13, 33, 54, 55, 45, 58, 60, 64]],
[241, [2, 12, 3, 14, 36, 38, 18, 19, 50, 62, 13, 53, 55, 63, 43, 45, 59, 60]],
[241, [2, 12, 3, 37, 38, 56, 4, 41, 27, 49, 33, 34, 35, 54, 45, 58, 60, 64]],
[241, [2, 12, 3, 37, 38, 56, 4, 41, 27, 49, 34, 35, 53, 63, 43, 45, 59, 60]],
[241, [2, 12, 3, 37, 38, 56, 4, 41, 50, 62, 33, 34, 35, 54, 23, 44, 58, 64]],
[241, [2, 12, 3, 37, 38, 56, 4, 41, 50, 62, 34, 35, 53, 63, 23, 43, 44, 59]],
[241, [2, 12, 3, 37, 38, 56, 18, 19, 27, 49, 13, 33, 54, 55, 45, 58, 60, 64]],
[241, [2, 12, 3, 37, 38, 56, 18, 19, 27, 49, 13, 53, 55, 63, 43, 45, 59, 60]],
[241, [2, 12, 3, 37, 38, 56, 18, 19, 50, 62, 13, 33, 54, 55, 23, 44, 58, 64]],
[241, [2, 12, 3, 37, 38, 56, 18, 19, 50, 62, 13, 53, 55, 63, 23, 43, 44, 59]],
[241, [2, 12, 14, 15, 16, 36, 4, 41, 27, 49, 13, 33, 54, 55, 23, 44, 58, 64]],
[241, [2, 12, 14, 15, 16, 36, 4, 41, 27, 49, 13, 53, 55, 63, 23, 43, 44, 59]],
[241, [2, 12, 14, 15, 16, 36, 4, 41, 50, 62, 13, 33, 54, 55, 45, 58, 60, 64]],
[241, [2, 12, 14, 15, 16, 36, 4, 41, 50, 62, 13, 53, 55, 63, 43, 45, 59, 60]],
[241, [2, 12, 14, 15, 16, 36, 18, 19, 27, 49, 33, 34, 35, 54, 23, 44, 58, 64]],
[241, [2, 12, 14, 15, 16, 36, 18, 19, 27, 49, 34, 35, 53, 63, 23, 43, 44, 59]],
[241, [2, 12, 14, 15, 16, 36, 18, 19, 50, 62, 33, 34, 35, 54, 45, 58, 60, 64]],
[241, [2, 12, 14, 15, 16, 36, 18, 19, 50, 62, 34, 35, 53, 63, 43, 45, 59, 60]],
[241, [2, 12, 15, 16, 37, 56, 4, 41, 27, 49, 13, 33, 54, 55, 45, 58, 60, 64]],
[241, [2, 12, 15, 16, 37, 56, 4, 41, 27, 49, 13, 53, 55, 63, 43, 45, 59, 60]],
[241, [2, 12, 15, 16, 37, 56, 4, 41, 50, 62, 13, 33, 54, 55, 23, 44, 58, 64]],
[241, [2, 12, 15, 16, 37, 56, 4, 41, 50, 62, 13, 53, 55, 63, 23, 43, 44, 59]],
[241, [2, 12, 15, 16, 37, 56, 18, 19, 27, 49, 33, 34, 35, 54, 45, 58, 60, 64]],
[241, [2, 12, 15, 16, 37, 56, 18, 19, 27, 49, 34, 35, 53, 63, 43, 45, 59, 60]],
[241, [2, 12, 15, 16, 37, 56, 18, 19, 50, 62, 33, 34, 35, 54, 23, 44, 58, 64]],
[241, [2, 12, 15, 16, 37, 56, 18, 19, 50, 62, 34, 35, 53, 63, 23, 43, 44, 59]],
[241, [11, 32, 3, 14, 36, 38, 4, 41, 27, 49, 33, 34, 35, 54, 23, 43, 44, 59]],
[241, [11, 32, 3, 14, 36, 38, 4, 41, 27, 49, 34, 35, 53, 63, 23, 44, 58, 64]],
[241, [11, 32, 3, 14, 36, 38, 4, 41, 50, 62, 33, 34, 35, 54, 43, 45, 59, 60]],
[241, [11, 32, 3, 14, 36, 38, 4, 41, 50, 62, 34, 35, 53, 63, 45, 58, 60, 64]],
[241, [11, 32, 3, 14, 36, 38, 18, 19, 27, 49, 13, 33, 54, 55, 23, 43, 44, 59]],
[241, [11, 32, 3, 14, 36, 38, 18, 19, 27, 49, 13, 53, 55, 63, 23, 44, 58, 64]],
[241, [11, 32, 3, 14, 36, 38, 18, 19, 50, 62, 13, 33, 54, 55, 43, 45, 59, 60]],
[241, [11, 32, 3, 14, 36, 38, 18, 19, 50, 62, 13, 53, 55, 63, 45, 58, 60, 64]],
[241, [11, 32, 3, 37, 38, 56, 4, 41, 27, 49, 33, 34, 35, 54, 43, 45, 59, 60]],
[241, [11, 32, 3, 37, 38, 56, 4, 41, 27, 49, 34, 35, 53, 63, 45, 58, 60, 64]],
[241, [11, 32, 3, 37, 38, 56, 4, 41, 50, 62, 33, 34, 35, 54, 23, 43, 44, 59]],
[241, [11, 32, 3, 37, 38, 56, 4, 41, 50, 62, 34, 35, 53, 63, 23, 44, 58, 64]],
[241, [11, 32, 3, 37, 38, 56, 18, 19, 27, 49, 13, 33, 54, 55, 43, 45, 59, 60]],
[241, [11, 32, 3, 37, 38, 56, 18, 19, 27, 49, 13, 53, 55, 63, 45, 58, 60, 64]],
[241, [11, 32, 3, 37, 38, 56, 18, 19, 50, 62, 13, 33, 54, 55, 23, 43, 44, 59]],
[241, [11, 32, 3, 37, 38, 56, 18, 19, 50, 62, 13, 53, 55, 63, 23, 44, 58, 64]],
[241, [11, 32, 14, 15, 16, 36, 4, 41, 27, 49, 13, 33, 54, 55, 23, 43, 44, 59]],
[241, [11, 32, 14, 15, 16, 36, 4, 41, 27, 49, 13, 53, 55, 63, 23, 44, 58, 64]],
[241, [11, 32, 14, 15, 16, 36, 4, 41, 50, 62, 13, 33, 54, 55, 43, 45, 59, 60]],
[241, [11, 32, 14, 15, 16, 36, 4, 41, 50, 62, 13, 53, 55, 63, 45, 58, 60, 64]],
[241, [11, 32, 14, 15, 16, 36, 18, 19, 27, 49, 33, 34, 35, 54, 23, 43, 44, 59]],
[241, [11, 32, 14, 15, 16, 36, 18, 19, 27, 49, 34, 35, 53, 63, 23, 44, 58, 64]],
[241, [11, 32, 14, 15, 16, 36, 18, 19, 50, 62, 33, 34, 35, 54, 43, 45, 59, 60]],
[241, [11, 32, 14, 15, 16, 36, 18, 19, 50, 62, 34, 35, 53, 63, 45, 58, 60, 64]],
[241, [11, 32, 15, 16, 37, 56, 4, 41, 27, 49, 13, 33, 54, 55, 43, 45, 59, 60]],
[241, [11, 32, 15, 16, 37, 56, 4, 41, 27, 49, 13, 53, 55, 63, 45, 58, 60, 64]],
[241, [11, 32, 15, 16, 37, 56, 4, 41, 50, 62, 13, 33, 54, 55, 23, 43, 44, 59]],
[241, [11, 32, 15, 16, 37, 56, 4, 41, 50, 62, 13, 53, 55, 63, 23, 44, 58, 64]],
[241, [11, 32, 15, 16, 37, 56, 18, 19, 27, 49, 33, 34, 35, 54, 43, 45, 59, 60]],
[241, [11, 32, 15, 16, 37, 56, 18, 19, 27, 49, 34, 35, 53, 63, 45, 58, 60, 64]],
[241, [11, 32, 15, 16, 37, 56, 18, 19, 50, 62, 33, 34, 35, 54, 23, 43, 44, 59]],
[241, [11, 32, 15, 16, 37, 56, 18, 19, 50, 62, 34, 35, 53, 63, 23, 44, 58, 64]],
[241, [2, 10, 12, 52, 3, 38, 4, 18, 8, 24, 25, 61, 33, 54, 45, 58, 60, 64]],
[241, [2, 10, 12, 52, 3, 38, 4, 18, 8, 24, 25, 61, 53, 63, 43, 45, 59, 60]],
[241, [2, 10, 12, 52, 3, 38, 4, 18, 24, 26, 48, 61, 33, 54, 23, 44, 58, 64]],
[241, [2, 10, 12, 52, 3, 38, 4, 18, 24, 26, 48, 61, 53, 63, 23, 43, 44, 59]],
[241, [2, 10, 12, 52, 3, 38, 19, 41, 8, 24, 25, 61, 33, 54, 23, 44, 58, 64]],
[241, [2, 10, 12, 52, 3, 38, 19, 41, 8, 24, 25, 61, 53, 63, 23, 43, 44, 59]],
[241, [2, 10, 12, 52, 3, 38, 19, 41, 24, 26, 48, 61, 33, 54, 45, 58, 60, 64]],
[241, [2, 10, 12, 52, 3, 38, 19, 41, 24, 26, 48, 61, 53, 63, 43, 45, 59, 60]],
[241, [2, 10, 12, 52, 15, 16, 4, 18, 8, 25, 46, 47, 33, 54, 45, 58, 60, 64]],
[241, [2, 10, 12, 52, 15, 16, 4, 18, 8, 25, 46, 47, 53, 63, 43, 45, 59, 60]],
[241, [2, 10, 12, 52, 15, 16, 4, 18, 26, 46, 47, 48, 33, 54, 23, 44, 58, 64]],
[241, [2, 10, 12, 52, 15, 16, 4, 18, 26, 46, 47, 48, 53, 63, 23, 43, 44, 59]],
[241, [2, 10, 12, 52, 15, 16, 19, 41, 8, 25, 46, 47, 33, 54, 23, 44, 58, 64]],
[241, [2, 10, 12, 52, 15, 16, 19, 41, 8, 25, 46, 47, 53, 63, 23, 43, 44, 59]],
[241, [2, 10, 12, 52, 15, 16, 19, 41, 26, 46, 47, 48, 33, 54, 45, 58, 60, 64]],
[241, [2, 10, 12, 52, 15, 16, 19, 41, 26, 46, 47, 48, 53, 63, 43, 45, 59, 60]],
[241, [2, 12, 30, 31, 3, 38, 4, 18, 8, 25, 46, 47, 33, 54, 45, 58, 60, 64]],
[241, [2, 12, 30, 31, 3, 38, 4, 18, 8, 25, 46, 47, 53, 63, 43, 45, 59, 60]],
[241, [2, 12, 30, 31, 3, 38, 4, 18, 26, 46, 47, 48, 33, 54, 23, 44, 58, 64]],
[241, [2, 12, 30, 31, 3, 38, 4, 18, 26, 46, 47, 48, 53, 63, 23, 43, 44, 59]],
[241, [2, 12, 30, 31, 3, 38, 19, 41, 8, 25, 46, 47, 33, 54, 23, 44, 58, 64]],
[241, [2, 12, 30, 31, 3, 38, 19, 41, 8, 25, 46, 47, 53, 63, 23, 43, 44, 59]],
[241, [2, 12, 30, 31, 3, 38, 19, 41, 26, 46, 47, 48, 33, 54, 45, 58, 60, 64]],
[241, [2, 12, 30, 31, 3, 38, 19, 41, 26, 46, 47, 48, 53, 63, 43, 45, 59, 60]],
[241, [2, 12, 30, 31, 15, 16, 4, 18, 8, 24, 25, 61, 33, 54, 45, 58, 60, 64]],
[241, [2, 12, 30, 31, 15, 16, 4, 18, 8, 24, 25, 61, 53, 63, 43, 45, 59, 60]],
[241, [2, 12, 30, 31, 15, 16, 4, 18, 24, 26, 48, 61, 33, 54, 23, 44, 58, 64]],
[241, [2, 12, 30, 31, 15, 16, 4, 18, 24, 26, 48, 61, 53, 63, 23, 43, 44, 59]],
[241, [2, 12, 30, 31, 15, 16, 19, 41, 8, 24, 25, 61, 33, 54, 23, 44, 58, 64]],
[241, [2, 12, 30, 31, 15, 16, 19, 41, 8, 24, 25, 61, 53, 63, 23, 43, 44, 59]],
[241, [2, 12, 30, 31, 15, 16, 19, 41, 24, 26, 48, 61, 33, 54, 45, 58, 60, 64]],
[241, [2, 12, 30, 31, 15, 16, 19, 41, 24, 26, 48, 61, 53, 63, 43, 45, 59, 60]],
[241, [10, 11, 32, 52, 3, 38, 4, 18, 8, 24, 25, 61, 33, 54, 43, 45, 59, 60]],
[241, [10, 11, 32, 52, 3, 38, 4, 18, 8, 24, 25, 61, 53, 63, 45, 58, 60, 64]],
[241, [10, 11, 32, 52, 3, 38, 4, 18, 24, 26, 48, 61, 33, 54, 23, 43, 44, 59]],
[241, [10, 11, 32, 52, 3, 38, 4, 18, 24, 26, 48, 61, 53, 63, 23, 44, 58, 64]],
[241, [10, 11, 32, 52, 3, 38, 19, 41, 8, 24, 25, 61, 33, 54, 23, 43, 44, 59]],
[241, [10, 11, 32, 52, 3, 38, 19, 41, 8, 24, 25, 61, 53, 63, 23, 44, 58, 64]],
[241, [10, 11, 32, 52, 3, 38, 19, 41, 24, 26, 48, 61, 33, 54, 43, 45, 59, 60]],
[241, [10, 11, 32, 52, 3, 38, 19, 41, 24, 26, 48, 61, 53, 63, 45, 58, 60, 64]],
[241, [10, 11, 32, 52, 15, 16, 4, 18, 8, 25, 46, 47, 33, 54, 43, 45, 59, 60]],
[241, [10, 11, 32, 52, 15, 16, 4, 18, 8, 25, 46, 47, 53, 63, 45, 58, 60, 64]],
[241, [10, 11, 32, 52, 15, 16, 4, 18, 26, 46, 47, 48, 33, 54, 23, 43, 44, 59]],
[241, [10, 11, 32, 52, 15, 16, 4, 18, 26, 46, 47, 48, 53, 63, 23, 44, 58, 64]],
[241, [10, 11, 32, 52, 15, 16, 19, 41, 8, 25, 46, 47, 33, 54, 23, 43, 44, 59]],
[241, [10, 11, 32, 52, 15, 16, 19, 41, 8, 25, 46, 47, 53, 63, 23, 44, 58, 64]],
[241, [10, 11, 32, 52, 15, 16, 19, 41, 26, 46, 47, 48, 33, 54, 43, 45, 59, 60]],
[241, [10, 11, 32, 52, 15, 16, 19, 41, 26, 46, 47, 48, 53, 63, 45, 58, 60, 64]],
[241, [11, 30, 31, 32, 3, 38, 4, 18, 8, 25, 46, 47, 33, 54, 43, 45, 59, 60]],
[241, [11, 30, 31, 32, 3, 38, 4, 18, 8, 25, 46, 47, 53, 63, 45, 58, 60, 64]],
[241, [11, 30, 31, 32, 3, 38, 4, 18, 26, 46, 47, 48, 33, 54, 23, 43, 44, 59]],
[241, [11, 30, 31, 32, 3, 38, 4, 18, 26, 46, 47, 48, 53, 63, 23, 44, 58, 64]],
[241, [11, 30, 31, 32, 3, 38, 19, 41, 8, 25, 46, 47, 33, 54, 23, 43, 44, 59]],
[241, [11, 30, 31, 32, 3, 38, 19, 41, 8, 25, 46, 47, 53, 63, 23, 44, 58, 64]],
[241, [11, 30, 31, 32, 3, 38, 19, 41, 26, 46, 47, 48, 33, 54, 43, 45, 59, 60]],
[241, [11, 30, 31, 32, 3, 38, 19, 41, 26, 46, 47, 48, 53, 63, 45, 58, 60, 64]],
[241, [11, 30, 31, 32, 15, 16, 4, 18, 8, 24, 25, 61, 33, 54, 43, 45, 59, 60]],
[241, [11, 30, 31, 32, 15, 16, 4, 18, 8, 24, 25, 61, 53, 63, 45, 58, 60, 64]],
[241, [11, 30, 31, 32, 15, 16, 4, 18, 24, 26, 48, 61, 33, 54, 23, 43, 44, 59]],
[241, [11, 30, 31, 32, 15, 16, 4, 18, 24, 26, 48, 61, 53, 63, 23, 44, 58, 64]],
[241, [11, 30, 31, 32, 15, 16, 19, 41, 8, 24, 25, 61, 33, 54, 23, 43, 44, 59]],
[241, [11, 30, 31, 32, 15, 16, 19, 41, 8, 24, 25, 61, 53, 63, 23, 44, 58, 64]],
[241, [11, 30, 31, 32, 15, 16, 19, 41, 24, 26, 48, 61, 33, 54, 43, 45, 59, 60]],
[241, [11, 30, 31, 32, 15, 16, 19, 41, 24, 26, 48, 61, 53, 63, 45, 58, 60, 64]],
[241, [2, 10, 12, 52, 3, 14, 36, 38, 24, 61, 27, 49, 33, 54, 23, 44, 58, 64]],
[241, [2, 10, 12, 52, 3, 14, 36, 38, 24, 61, 27, 49, 53, 63, 23, 43, 44, 59]],
[241, [2, 10, 12, 52, 3, 14, 36, 38, 24, 61, 50, 62, 33, 54, 45, 58, 60, 64]],
[241, [2, 10, 12, 52, 3, 14, 36, 38, 24, 61, 50, 62, 53, 63, 43, 45, 59, 60]],
[241, [2, 10, 12, 52, 3, 37, 38, 56, 24, 61, 27, 49, 33, 54, 45, 58, 60, 64]],
[241, [2, 10, 12, 52, 3, 37, 38, 56, 24, 61, 27, 49, 53, 63, 43, 45, 59, 60]],
[241, [2, 10, 12, 52, 3, 37, 38, 56, 24, 61, 50, 62, 33, 54, 23, 44, 58, 64]],
[241, [2, 10, 12, 52, 3, 37, 38, 56, 24, 61, 50, 62, 53, 63, 23, 43, 44, 59]],
[241, [2, 10, 12, 52, 14, 15, 16, 36, 46, 47, 27, 49, 33, 54, 23, 44, 58, 64]],
[241, [2, 10, 12, 52, 14, 15, 16, 36, 46, 47, 27, 49, 53, 63, 23, 43, 44, 59]],
[241, [2, 10, 12, 52, 14, 15, 16, 36, 46, 47, 50, 62, 33, 54, 45, 58, 60, 64]],
[241, [2, 10, 12, 52, 14, 15, 16, 36, 46, 47, 50, 62, 53, 63, 43, 45, 59, 60]],
[241, [2, 10, 12, 52, 15, 16, 37, 56, 46, 47, 27, 49, 33, 54, 45, 58, 60, 64]],
[241, [2, 10, 12, 52, 15, 16, 37, 56, 46, 47, 27, 49, 53, 63, 43, 45, 59, 60]],
[241, [2, 10, 12, 52, 15, 16, 37, 56, 46, 47, 50, 62, 33, 54, 23, 44, 58, 64]],
[241, [2, 10, 12, 52, 15, 16, 37, 56, 46, 47, 50, 62, 53, 63, 23, 43, 44, 59]],
[241, [2, 12, 30, 31, 3, 14, 36, 38, 46, 47, 27, 49, 33, 54, 23, 44, 58, 64]],
[241, [2, 12, 30, 31, 3, 14, 36, 38, 46, 47, 27, 49, 53, 63, 23, 43, 44, 59]],
[241, [2, 12, 30, 31, 3, 14, 36, 38, 46, 47, 50, 62, 33, 54, 45, 58, 60, 64]],
[241, [2, 12, 30, 31, 3, 14, 36, 38, 46, 47, 50, 62, 53, 63, 43, 45, 59, 60]],
[241, [2, 12, 30, 31, 3, 37, 38, 56, 46, 47, 27, 49, 33, 54, 45, 58, 60, 64]],
[241, [2, 12, 30, 31, 3, 37, 38, 56, 46, 47, 27, 49, 53, 63, 43, 45, 59, 60]],
[241, [2, 12, 30, 31, 3, 37, 38, 56, 46, 47, 50, 62, 33, 54, 23, 44, 58, 64]],
[241, [2, 12, 30, 31, 3, 37, 38, 56, 46, 47, 50, 62, 53, 63, 23, 43, 44, 59]],
[241, [2, 12, 30, 31, 14, 15, 16, 36, 24, 61, 27, 49, 33, 54, 23, 44, 58, 64]],
[241, [2, 12, 30, 31, 14, 15, 16, 36, 24, 61, 27, 49, 53, 63, 23, 43, 44, 59]],
[241, [2, 12, 30, 31, 14, 15, 16, 36, 24, 61, 50, 62, 33, 54, 45, 58, 60, 64]],
[241, [2, 12, 30, 31, 14, 15, 16, 36, 24, 61, 50, 62, 53, 63, 43, 45, 59, 60]],
[241, [2, 12, 30, 31, 15, 16, 37, 56, 24, 61, 27, 49, 33, 54, 45, 58, 60, 64]],
[241, [2, 12, 30, 31, 15, 16, 37, 56, 24, 61, 27, 49, 53, 63, 43, 45, 59, 60]],
[241, [2, 12, 30, 31, 15, 16, 37, 56, 24, 61, 50, 62, 33, 54, 23, 44, 58, 64]],
[241, [2, 12, 30, 31, 15, 16, 37, 56, 24, 61, 50, 62, 53, 63, 23, 43, 44, 59]],
[241, [10, 11, 32, 52, 3, 14, 36, 38, 24, 61, 27, 49, 33, 54, 23, 43, 44, 59]],
[241, [10, 11, 32, 52, 3, 14, 36, 38, 24, 61, 27, 49, 53, 63, 23, 44, 58, 64]],
[241, [10, 11, 32, 52, 3, 14, 36, 38, 24, 61, 50, 62, 33, 54, 43, 45, 59, 60]],
[241, [10, 11, 32, 52, 3, 14, 36, 38, 24, 61, 50, 62, 53, 63, 45, 58, 60, 64]],
[241, [10, 11, 32, 52, 3, 37, 38, 56, 24, 61, 27, 49, 33, 54, 43, 45, 59, 60]],
[241, [10, 11, 32, 52, 3, 37, 38, 56, 24, 61, 27, 49, 53, 63, 45, 58, 60, 64]],
[241, [10, 11, 32, 52, 3, 37, 38, 56, 24, 61, 50, 62, 33, 54, 23, 43, 44, 59]],
[241, [10, 11, 32, 52, 3, 37, 38, 56, 24, 61, 50, 62, 53, 63, 23, 44, 58, 64]],
[241, [10, 11, 32, 52, 14, 15, 16, 36, 46, 47, 27, 49, 33, 54, 23, 43, 44, 59]],
[241, [10, 11, 32, 52, 14, 15, 16, 36, 46, 47, 27, 49, 53, 63, 23, 44, 58, 64]],
[241, [10, 11, 32, 52, 14, 15, 16, 36, 46, 47, 50, 62, 33, 54, 43, 45, 59, 60]],
[241, [10, 11, 32, 52, 14, 15, 16, 36, 46, 47, 50, 62, 53, 63, 45, 58, 60, 64]],
[241, [10, 11, 32, 52, 15, 16, 37, 56, 46, 47, 27, 49, 33, 54, 43, 45, 59, 60]],
[241, [10, 11, 32, 52, 15, 16, 37, 56, 46, 47, 27, 49, 53, 63, 45, 58, 60, 64]],
[241, [10, 11, 32, 52, 15, 16, 37, 56, 46, 47, 50, 62, 33, 54, 23, 43, 44, 59]],
[241, [10, 11, 32, 52, 15, 16, 37, 56, 46, 47, 50, 62, 53, 63, 23, 44, 58, 64]],
[241, [11, 30, 31, 32, 3, 14, 36, 38, 46, 47, 27, 49, 33, 54, 23, 43, 44, 59]],
[241, [11, 30, 31, 32, 3, 14, 36, 38, 46, 47, 27, 49, 53, 63, 23, 44, 58, 64]],
[241, [11, 30, 31, 32, 3, 14, 36, 38, 46, 47, 50, 62, 33, 54, 43, 45, 59, 60]],
[241, [11, 30, 31, 32, 3, 14, 36, 38, 46, 47, 50, 62, 53, 63, 45, 58, 60, 64]],
[241, [11, 30, 31, 32, 3, 37, 38, 56, 46, 47, 27, 49, 33, 54, 43, 45, 59, 60]],
[241, [11, 30, 31, 32, 3, 37, 38, 56, 46, 47, 27, 49, 53, 63, 45, 58, 60, 64]],
[241, [11, 30, 31, 32, 3, 37, 38, 56, 46, 47, 50, 62, 33, 54, 23, 43, 44, 59]],
[241, [11, 30, 31, 32, 3, 37, 38, 56, 46, 47, 50, 62, 53, 63, 23, 44, 58, 64]],
[241, [11, 30, 31, 32, 14, 15, 16, 36, 24, 61, 27, 49, 33, 54, 23, 43, 44, 59]],
[241, [11, 30, 31, 32, 14, 15, 16, 36, 24, 61, 27, 49, 53, 63, 23, 44, 58, 64]],
[241, [11, 30, 31, 32, 14, 15, 16, 36, 24, 61, 50, 62, 33, 54, 43, 45, 59, 60]],
[241, [11, 30, 31, 32, 14, 15, 16, 36, 24, 61, 50, 62, 53, 63, 45, 58, 60, 64]],
[241, [11, 30, 31, 32, 15, 16, 37, 56, 24, 61, 27, 49, 33, 54, 43, 45, 59, 60]],
[241, [11, 30, 31, 32, 15, 16, 37, 56, 24, 61, 27, 49, 53, 63, 45, 58, 60, 64]],
[241, [11, 30, 31, 32, 15, 16, 37, 56, 24, 61, 50, 62, 33, 54, 23, 43, 44, 59]],
[241, [11, 30, 31, 32, 15, 16, 37, 56, 24, 61, 50, 62, 53, 63, 23, 44, 58, 64]],
[241, [2, 10, 12, 52, 3, 14, 36, 38, 4, 19, 24, 61, 27, 28, 49, 51, 23, 44]],
[241, [2, 10, 12, 52, 3, 14, 36, 38, 4, 19, 24, 61, 28, 50, 51, 62, 45, 60]],
[241, [2, 10, 12, 52, 3, 14, 36, 38, 18, 41, 24, 61, 9, 27, 29, 49, 23, 44]],
[241, [2, 10, 12, 52, 3, 14, 36, 38, 18, 41, 24, 61, 9, 29, 50, 62, 45, 60]],
[241, [2, 10, 12, 52, 3, 37, 38, 56, 4, 19, 24, 61, 27, 28, 49, 51, 45, 60]],
[241, [2, 10, 12, 52, 3, 37, 38, 56, 4, 19, 24, 61, 28, 50, 51, 62, 23, 44]],
[241, [2, 10, 12, 52, 3, 37, 38, 56, 18, 41, 24, 61, 9, 27, 29, 49, 45, 60]],
[241, [2, 10, 12, 52, 3, 37, 38, 56, 18, 41, 24, 61, 9, 29, 50, 62, 23, 44]],
[241, [2, 10, 12, 52, 14, 15, 16, 36, 4, 19, 46, 47, 27, 28, 49, 51, 23, 44]],
[241, [2, 10, 12, 52, 14, 15, 16, 36, 4, 19, 46, 47, 28, 50, 51, 62, 45, 60]],
[241, [2, 10, 12, 52, 14, 15, 16, 36, 18, 41, 46, 47, 9, 27, 29, 49, 23, 44]],
[241, [2, 10, 12, 52, 14, 15, 16, 36, 18, 41, 46, 47, 9, 29, 50, 62, 45, 60]],
[241, [2, 10, 12, 52, 15, 16, 37, 56, 4, 19, 46, 47, 27, 28, 49, 51, 45, 60]],
[241, [2, 10, 12, 52, 15, 16, 37, 56, 4, 19, 46, 47, 28, 50, 51, 62, 23, 44]],
[241, [2, 10, 12, 52, 15, 16, 37, 56, 18, 41, 46, 47, 9, 27, 29, 49, 45, 60]],
[241, [2, 10, 12, 52, 15, 16, 37, 56, 18, 41, 46, 47, 9, 29, 50, 62, 23, 44]],
[241, [2, 12, 30, 31, 3, 14, 36, 38, 4, 19, 46, 47, 27, 28, 49, 51, 23, 44]],
[241, [2, 12, 30, 31, 3, 14, 36, 38, 4, 19, 46, 47, 28, 50, 51, 62, 45, 60]],
[241, [2, 12, 30, 31, 3, 14, 36, 38, 18, 41, 46, 47, 9, 27, 29, 49, 23, 44]],
[241, [2, 12, 30, 31, 3, 14, 36, 38, 18, 41, 46, 47, 9, 29, 50, 62, 45, 60]],
[241, [2, 12, 30, 31, 3, 37, 38, 56, 4, 19, 46, 47, 27, 28, 49, 51, 45, 60]],
[241, [2, 12, 30, 31, 3, 37, 38, 56, 4, 19, 46, 47, 28, 50, 51, 62, 23, 44]],
[241, [2, 12, 30, 31, 3, 37, 38, 56, 18, 41, 46, 47, 9, 27, 29, 49, 45, 60]],
[241, [2, 12, 30, 31, 3, 37, 38, 56, 18, 41, 46, 47, 9, 29, 50, 62, 23, 44]],
[241, [2, 12, 30, 31, 14, 15, 16, 36, 4, 19, 24, 61, 27, 28, 49, 51, 23, 44]],
[241, [2, 12, 30, 31, 14, 15, 16, 36, 4, 19, 24, 61, 28, 50, 51, 62, 45, 60]],
[241, [2, 12, 30, 31, 14, 15, 16, 36, 18, 41, 24, 61, 9, 27, 29, 49, 23, 44]],
[241, [2, 12, 30, 31, 14, 15, 16, 36, 18, 41, 24, 61, 9, 29, 50, 62, 45, 60]],
[241, [2, 12, 30, 31, 15, 16, 37, 56, 4, 19, 24, 61, 27, 28, 49, 51, 45, 60]],
[241, [2, 12, 30, 31, 15, 16, 37, 56, 4, 19, 24, 61, 28, 50, 51, 62, 23, 44]],
[241, [2, 12, 30, 31, 15, 16, 37, 56, 18, 41, 24, 61, 9, 27, 29, 49, 45, 60]],
[241, [2, 12, 30, 31, 15, 16, 37, 56, 18, 41, 24, 61, 9, 29, 50, 62, 23, 44]],
[241, [10, 11, 32, 52, 3, 14, 36, 38, 4, 19, 24, 61, 9, 27, 29, 49, 23, 44]],
[241, [10, 11, 32, 52, 3, 14, 36, 38, 4, 19, 24, 61, 9, 29, 50, 62, 45, 60]],
[241, [10, 11, 32, 52, 3, 14, 36, 38, 18, 41, 24, 61, 27, 28, 49, 51, 23, 44]],
[241, [10, 11, 32, 52, 3, 14, 36, 38, 18, 41, 24, 61, 28, 50, 51, 62, 45, 60]],
[241, [10, 11, 32, 52, 3, 37, 38, 56, 4, 19, 24, 61, 9, 27, 29, 49, 45, 60]],
[241, [10, 11, 32, 52, 3, 37, 38, 56, 4, 19, 24, 61, 9, 29, 50, 62, 23, 44]],
[241, [10, 11, 32, 52, 3, 37, 38, 56, 18, 41, 24, 61, 27, 28, 49, 51, 45, 60]],
[241, [10, 11, 32, 52, 3, 37, 38, 56, 18, 41, 24, 61, 28, 50, 51, 62, 23, 44]],
[241, [10, 11, 32, 52, 14, 15, 16, 36, 4, 19, 46, 47, 9, 27, 29, 49, 23, 44]],
[241, [10, 11, 32, 52, 14, 15, 16, 36, 4, 19, 46, 47, 9, 29, 50, 62, 45, 60]],
[241, [10, 11, 32, 52, 14, 15, 16, 36, 18, 41, 46, 47, 27, 28, 49, 51, 23, 44]],
[241, [10, 11, 32, 52, 14, 15, 16, 36, 18, 41, 46, 47, 28, 50, 51, 62, 45, 60]],
[241, [10, 11, 32, 52, 15, 16, 37, 56, 4, 19, 46, 47, 9, 27, 29, 49, 45, 60]],
[241, [10, 11, 32, 52, 15, 16, 37, 56, 4, 19, 46, 47, 9, 29, 50, 62, 23, 44]],
[241, [10, 11, 32, 52, 15, 16, 37, 56, 18, 41, 46, 47, 27, 28, 49, 51, 45, 60]],
[241, [10, 11, 32, 52, 15, 16, 37, 56, 18, 41, 46, 47, 28, 50, 51, 62, 23, 44]],
[241, [11, 30, 31, 32, 3, 14, 36, 38, 4, 19, 46, 47, 9, 27, 29, 49, 23, 44]],
[241, [11, 30, 31, 32, 3, 14, 36, 38, 4, 19, 46, 47, 9, 29, 50, 62, 45, 60]],
[241, [11, 30, 31, 32, 3, 14, 36, 38, 18, 41, 46, 47, 27, 28, 49, 51, 23, 44]],
[241, [11, 30, 31, 32, 3, 14, 36, 38, 18, 41, 46, 47, 28, 50, 51, 62, 45, 60]],
[241, [11, 30, 31, 32, 3, 37, 38, 56, 4, 19, 46, 47, 9, 27, 29, 49, 45, 60]],
[241, [11, 30, 31, 32, 3, 37, 38, 56, 4, 19, 46, 47, 9, 29, 50, 62, 23, 44]],
[241, [11, 30, 31, 32, 3, 37, 38, 56, 18, 41, 46, 47, 27, 28, 49, 51, 45, 60]],
[241, [11, 30, 31, 32, 3, 37, 38, 56, 18, 41, 46, 47, 28, 50, 51, 62, 23, 44]],
[241, [11, 30, 31, 32, 14, 15, 16, 36, 4, 19, 24, 61, 9, 27, 29, 49, 23, 44]],
[241, [11, 30, 31, 32, 14, 15, 16, 36, 4, 19, 24, 61, 9, 29, 50, 62, 45, 60]],
[241, [11, 30, 31, 32, 14, 15, 16, 36, 18, 41, 24, 61, 27, 28, 49, 51, 23, 44]],
[241, [11, 30, 31, 32, 14, 15, 16, 36, 18, 41, 24, 61, 28, 50, 51, 62, 45, 60]],
[241, [11, 30, 31, 32, 15, 16, 37, 56, 4, 19, 24, 61, 9, 27, 29, 49, 45, 60]],
[241, [11, 30, 31, 32, 15, 16, 37, 56, 4, 19, 24, 61, 9, 29, 50, 62, 23, 44]],
[241, [11, 30, 31, 32, 15, 16, 37, 56, 18, 41, 24, 61, 27, 28, 49, 51, 45, 60]],
[241, [11, 30, 31, 32, 15, 16, 37, 56, 18, 41, 24, 61, 28, 50, 51, 62, 23, 44]],
[241, [5, 21, 2, 11, 3, 38, 4, 17, 39, 41, 50, 62, 34, 35, 23, 45, 58, 64]],
[241, [5, 21, 2, 11, 3, 38, 4, 17, 39, 41, 50, 62, 34, 35, 43, 44, 59, 60]],
[241, [5, 21, 2, 11, 3, 38, 4, 40, 41, 57, 27, 49, 34, 35, 23, 45, 58, 64]],
[241, [5, 21, 2, 11, 3, 38, 4, 40, 41, 57, 27, 49, 34, 35, 43, 44, 59, 60]],
[241, [5, 21, 2, 11, 3, 38, 17, 18, 19, 39, 50, 62, 13, 55, 23, 45, 58, 64]],
[241, [5, 21, 2, 11, 3, 38, 17, 18, 19, 39, 50, 62, 13, 55, 43, 44, 59, 60]],
[241, [5, 21, 2, 11, 3, 38, 18, 19, 40, 57, 27, 49, 13, 55, 23, 45, 58, 64]],
[241, [5, 21, 2, 11, 3, 38, 18, 19, 40, 57, 27, 49, 13, 55, 43, 44, 59, 60]],
[241, [5, 21, 2, 11, 15, 16, 4, 17, 39, 41, 50, 62, 13, 55, 23, 45, 58, 64]],
[241, [5, 21, 2, 11, 15, 16, 4, 17, 39, 41, 50, 62, 13, 55, 43, 44, 59, 60]],
[241, [5, 21, 2, 11, 15, 16, 4, 40, 41, 57, 27, 49, 13, 55, 23, 45, 58, 64]],
[241, [5, 21, 2, 11, 15, 16, 4, 40, 41, 57, 27, 49, 13, 55, 43, 44, 59, 60]],
[241, [5, 21, 2, 11, 15, 16, 17, 18, 19, 39, 50, 62, 34, 35, 23, 45, 58, 64]],
[241, [5, 21, 2, 11, 15, 16, 17, 18, 19, 39, 50, 62, 34, 35, 43, 44, 59, 60]],
[241, [5, 21, 2, 11, 15, 16, 18, 19, 40, 57, 27, 49, 34, 35, 23, 45, 58, 64]],
[241, [5, 21, 2, 11, 15, 16, 18, 19, 40, 57, 27, 49, 34, 35, 43, 44, 59, 60]],
[241, [5, 21, 12, 32, 3, 38, 4, 17, 39, 41, 27, 49, 34, 35, 23, 45, 58, 64]],
[241, [5, 21, 12, 32, 3, 38, 4, 17, 39, 41, 27, 49, 34, 35, 43, 44, 59, 60]],
[241, [5, 21, 12, 32, 3, 38, 4, 40, 41, 57, 50, 62, 34, 35, 23, 45, 58, 64]],
[241, [5, 21, 12, 32, 3, 38, 4, 40, 41, 57, 50, 62, 34, 35, 43, 44, 59, 60]],
[241, [5, 21, 12, 32, 3, 38, 17, 18, 19, 39, 27, 49, 13, 55, 23, 45, 58, 64]],
[241, [5, 21, 12, 32, 3, 38, 17, 18, 19, 39, 27, 49, 13, 55, 43, 44, 59, 60]],
[241, [5, 21, 12, 32, 3, 38, 18, 19, 40, 57, 50, 62, 13, 55, 23, 45, 58, 64]],
[241, [5, 21, 12, 32, 3, 38, 18, 19, 40, 57, 50, 62, 13, 55, 43, 44, 59, 60]],
[241, [5, 21, 12, 32, 15, 16, 4, 17, 39, 41, 27, 49, 13, 55, 23, 45, 58, 64]],
[241, [5, 21, 12, 32, 15, 16, 4, 17, 39, 41, 27, 49, 13, 55, 43, 44, 59, 60]],
[241, [5, 21, 12, 32, 15, 16, 4, 40, 41, 57, 50, 62, 13, 55, 23, 45, 58, 64]],
[241, [5, 21, 12, 32, 15, 16, 4, 40, 41, 57, 50, 62, 13, 55, 43, 44, 59, 60]],
[241, [5, 21, 12, 32, 15, 16, 17, 18, 19, 39, 27, 49, 34, 35, 23, 45, 58, 64]],
[241, [5, 21, 12, 32, 15, 16, 17, 18, 19, 39, 27, 49, 34, 35, 43, 44, 59, 60]],
[241, [5, 21, 12, 32, 15, 16, 18, 19, 40, 57, 50, 62, 34, 35, 23, 45, 58, 64]],
[241, [5, 21, 12, 32, 15, 16, 18, 19, 40, 57, 50, 62, 34, 35, 43, 44, 59, 60]],
[241, [5, 42, 2, 12, 14, 36, 4, 39, 40, 41, 27, 49, 33, 54, 23, 44, 58, 64]],
[241, [5, 42, 2, 12, 14, 36, 4, 39, 40, 41, 27, 49, 53, 63, 23, 43, 44, 59]],
[241, [5, 42, 2, 12, 14, 36, 4, 39, 40, 41, 50, 62, 33, 54, 45, 58, 60, 64]],
[241, [5, 42, 2, 12, 14, 36, 4, 39, 40, 41, 50, 62, 53, 63, 43, 45, 59, 60]],
[241, [5, 42, 2, 12, 14, 36, 17, 18, 19, 57, 27, 49, 33, 54, 23, 44, 58, 64]],
[241, [5, 42, 2, 12, 14, 36, 17, 18, 19, 57, 27, 49, 53, 63, 23, 43, 44, 59]],
[241, [5, 42, 2, 12, 14, 36, 17, 18, 19, 57, 50, 62, 33, 54, 45, 58, 60, 64]],
[241, [5, 42, 2, 12, 14, 36, 17, 18, 19, 57, 50, 62, 53, 63, 43, 45, 59, 60]],
[241, [5, 42, 2, 12, 37, 56, 4, 39, 40, 41, 27, 49, 33, 54, 45, 58, 60, 64]],
[241, [5, 42, 2, 12, 37, 56, 4, 39, 40, 41, 27, 49, 53, 63, 43, 45, 59, 60]],
[241, [5, 42, 2, 12, 37, 56, 4, 39, 40, 41, 50, 62, 33, 54, 23, 44, 58, 64]],
[241, [5, 42, 2, 12, 37, 56, 4, 39, 40, 41, 50, 62, 53, 63, 23, 43, 44, 59]],
[241, [5, 42, 2, 12, 37, 56, 17, 18, 19, 57, 27, 49, 33, 54, 45, 58, 60, 64]],
[241, [5, 42, 2, 12, 37, 56, 17, 18, 19, 57, 27, 49, 53, 63, 43, 45, 59, 60]],
[241, [5, 42, 2, 12, 37, 56, 17, 18, 19, 57, 50, 62, 33, 54, 23, 44, 58, 64]],
[241, [5, 42, 2, 12, 37, 56, 17, 18, 19, 57, 50, 62, 53, 63, 23, 43, 44, 59]],
[241, [5, 42, 11, 32, 14, 36, 4, 39, 40, 41, 27, 49, 33, 54, 23, 43, 44, 59]],
[241, [5, 42, 11, 32, 14, 36, 4, 39, 40, 41, 27, 49, 53, 63, 23, 44, 58, 64]],
[241, [5, 42, 11, 32, 14, 36, 4, 39, 40, 41, 50, 62, 33, 54, 43, 45, 59, 60]],
[241, [5, 42, 11, 32, 14, 36, 4, 39, 40, 41, 50, 62, 53, 63, 45, 58, 60, 64]],
[241, [5, 42, 11, 32, 14, 36, 17, 18, 19, 57, 27, 49, 33, 54, 23, 43, 44, 59]],
[241, [5, 42, 11, 32, 14, 36, 17, 18, 19, 57, 27, 49, 53, 63, 23, 44, 58, 64]],
[241, [5, 42, 11, 32, 14, 36, 17, 18, 19, 57, 50, 62, 33, 54, 43, 45, 59, 60]],
[241, [5, 42, 11, 32, 14, 36, 17, 18, 19, 57, 50, 62, 53, 63, 45, 58, 60, 64]],
[241, [5, 42, 11, 32, 37, 56, 4, 39, 40, 41, 27, 49, 33, 54, 43, 45, 59, 60]],
[241, [5, 42, 11, 32, 37, 56, 4, 39, 40, 41, 27, 49, 53, 63, 45, 58, 60, 64]],
[241, [5, 42, 11, 32, 37, 56, 4, 39, 40, 41, 50, 62, 33, 54, 23, 43, 44, 59]],
[241, [5, 42, 11, 32, 37, 56, 4, 39, 40, 41, 50, 62, 53, 63, 23, 44, 58, 64]],
[241, [5, 42, 11, 32, 37, 56, 17, 18, 19, 57, 27, 49, 33, 54, 43, 45, 59, 60]],
[241, [5, 42, 11, 32, 37, 56, 17, 18, 19, 57, 27, 49, 53, 63, 45, 58, 60, 64]],
[241, [5, 42, 11, 32, 37, 56, 17, 18, 19, 57, 50, 62, 33, 54, 23, 43, 44, 59]],
[241, [5, 42, 11, 32, 37, 56, 17, 18, 19, 57, 50, 62, 53, 63, 23, 44, 58, 64]],
[241, [20, 21, 2, 12, 14, 36, 4, 17, 41, 57, 27, 49, 33, 54, 23, 44, 58, 64]],
[241, [20, 21, 2, 12, 14, 36, 4, 17, 41, 57, 27, 49, 53, 63, 23, 43, 44, 59]],
[241, [20, 21, 2, 12, 14, 36, 4, 17, 41, 57, 50, 62, 33, 54, 45, 58, 60, 64]],
[241, [20, 21, 2, 12, 14, 36, 4, 17, 41, 57, 50, 62, 53, 63, 43, 45, 59, 60]],
[241, [20, 21, 2, 12, 14, 36, 18, 19, 39, 40, 27, 49, 33, 54, 23, 44, 58, 64]],
[241, [20, 21, 2, 12, 14, 36, 18, 19, 39, 40, 27, 49, 53, 63, 23, 43, 44, 59]],
[241, [20, 21, 2, 12, 14, 36, 18, 19, 39, 40, 50, 62, 33, 54, 45, 58, 60, 64]],
[241, [20, 21, 2, 12, 14, 36, 18, 19, 39, 40, 50, 62, 53, 63, 43, 45, 59, 60]],
[241, [20, 21, 2, 12, 37, 56, 4, 17, 41, 57, 27, 49, 33, 54, 45, 58, 60, 64]],
[241, [20, 21, 2, 12, 37, 56, 4, 17, 41, 57, 27, 49, 53, 63, 43, 45, 59, 60]],
[241, [20, 21, 2, 12, 37, 56, 4, 17, 41, 57, 50, 62, 33, 54, 23, 44, 58, 64]],
[241, [20, 21, 2, 12, 37, 56, 4, 17, 41, 57, 50, 62, 53, 63, 23, 43, 44, 59]],
[241, [20, 21, 2, 12, 37, 56, 18, 19, 39, 40, 27, 49, 33, 54, 45, 58, 60, 64]],
[241, [20, 21, 2, 12, 37, 56, 18, 19, 39, 40, 27, 49, 53, 63, 43, 45, 59, 60]],
[241, [20, 21, 2, 12, 37, 56, 18, 19, 39, 40, 50, 62, 33, 54, 23, 44, 58, 64]],
[241, [20, 21, 2, 12, 37, 56, 18, 19, 39, 40, 50, 62, 53, 63, 23, 43, 44, 59]],
[241, [20, 21, 11, 32, 14, 36, 4, 17, 41, 57, 27, 49, 33, 54, 23, 43, 44, 59]],
[241, [20, 21, 11, 32, 14, 36, 4, 17, 41, 57, 27, 49, 53, 63, 23, 44, 58, 64]],
[241, [20, 21, 11, 32, 14, 36, 4, 17, 41, 57, 50, 62, 33, 54, 43, 45, 59, 60]],
[241, [20, 21, 11, 32, 14, 36, 4, 17, 41, 57, 50, 62, 53, 63, 45, 58, 60, 64]],
[241, [20, 21, 11, 32, 14, 36, 18, 19, 39, 40, 27, 49, 33, 54, 23, 43, 44, 59]],
[241, [20, 21, 11, 32, 14, 36, 18, 19, 39, 40, 27, 49, 53, 63, 23, 44, 58, 64]],
[241, [20, 21, 11, 32, 14, 36, 18, 19, 39, 40, 50, 62, 33, 54, 43, 45, 59, 60]],
[241, [20, 21, 11, 32, 14, 36, 18, 19, 39, 40, 50, 62, 53, 63, 45, 58, 60, 64]],
[241, [20, 21, 11, 32, 37, 56, 4, 17, 41, 57, 27, 49, 33, 54, 43, 45, 59, 60]],
[241, [20, 21, 11, 32, 37, 56, 4, 17, 41, 57, 27, 49, 53, 63, 45, 58, 60, 64]],
[241, [20, 21, 11, 32, 37, 56, 4, 17, 41, 57, 50, 62, 33, 54, 23, 43, 44, 59]],
[241, [20, 21, 11, 32, 37, 56, 4, 17, 41, 57, 50, 62, 53, 63, 23, 44, 58, 64]],
[241, [20, 21, 11, 32, 37, 56, 18, 19, 39, 40, 27, 49, 33, 54, 43, 45, 59, 60]],
[241, [20, 21, 11, 32, 37, 56, 18, 19, 39, 40, 27, 49, 53, 63, 45, 58, 60, 64]],
[241, [20, 21, 11, 32, 37, 56, 18, 19, 39, 40, 50, 62, 33, 54, 23, 43, 44, 59]],
[241, [20, 21, 11, 32, 37, 56, 18, 19, 39, 40, 50, 62, 53, 63, 23, 44, 58, 64]],
[241, [20, 42, 2, 11, 3, 38, 4, 17, 39, 41, 50, 62, 34, 35, 23, 43, 45, 59]],
[241, [20, 42, 2, 11, 3, 38, 4, 17, 39, 41, 50, 62, 34, 35, 44, 58, 60, 64]],
[241, [20, 42, 2, 11, 3, 38, 4, 40, 41, 57, 27, 49, 34, 35, 23, 43, 45, 59]],
[241, [20, 42, 2, 11, 3, 38, 4, 40, 41, 57, 27, 49, 34, 35, 44, 58, 60, 64]],
[241, [20, 42, 2, 11, 3, 38, 17, 18, 19, 39, 50, 62, 13, 55, 23, 43, 45, 59]],
[241, [20, 42, 2, 11, 3, 38, 17, 18, 19, 39, 50, 62, 13, 55, 44, 58, 60, 64]],
[241, [20, 42, 2, 11, 3, 38, 18, 19, 40, 57, 27, 49, 13, 55, 23, 43, 45, 59]],
[241, [20, 42, 2, 11, 3, 38, 18, 19, 40, 57, 27, 49, 13, 55, 44, 58, 60, 64]],
[241, [20, 42, 2, 11, 15, 16, 4, 17, 39, 41, 50, 62, 13, 55, 23, 43, 45, 59]],
[241, [20, 42, 2, 11, 15, 16, 4, 17, 39, 41, 50, 62, 13, 55, 44, 58, 60, 64]],
[241, [20, 42, 2, 11, 15, 16, 4, 40, 41, 57, 27, 49, 13, 55, 23, 43, 45, 59]],
[241, [20, 42, 2, 11, 15, 16, 4, 40, 41, 57, 27, 49, 13, 55, 44, 58, 60, 64]],
[241, [20, 42, 2, 11, 15, 16, 17, 18, 19, 39, 50, 62, 34, 35, 23, 43, 45, 59]],
[241, [20, 42, 2, 11, 15, 16, 17, 18, 19, 39, 50, 62, 34, 35, 44, 58, 60, 64]],
[241, [20, 42, 2, 11, 15, 16, 18, 19, 40, 57, 27, 49, 34, 35, 23, 43, 45, 59]],
[241, [20, 42, 2, 11, 15, 16, 18, 19, 40, 57, 27, 49, 34, 35, 44, 58, 60, 64]],
[241, [20, 42, 12, 32, 3, 38, 4, 17, 39, 41, 27, 49, 34, 35, 23, 43, 45, 59]],
[241, [20, 42, 12, 32, 3, 38, 4, 17, 39, 41, 27, 49, 34, 35, 44, 58, 60, 64]],
[241, [20, 42, 12, 32, 3, 38, 4, 40, 41, 57, 50, 62, 34, 35, 23, 43, 45, 59]],
[241, [20, 42, 12, 32, 3, 38, 4, 40, 41, 57, 50, 62, 34, 35, 44, 58, 60, 64]],
[241, [20, 42, 12, 32, 3, 38, 17, 18, 19, 39, 27, 49, 13, 55, 23, 43, 45, 59]],
[241, [20, 42, 12, 32, 3, 38, 17, 18, 19, 39, 27, 49, 13, 55, 44, 58, 60, 64]],
[241, [20, 42, 12, 32, 3, 38, 18, 19, 40, 57, 50, 62, 13, 55, 23, 43, 45, 59]],
[241, [20, 42, 12, 32, 3, 38, 18, 19, 40, 57, 50, 62, 13, 55, 44, 58, 60, 64]],
[241, [20, 42, 12, 32, 15, 16, 4, 17, 39, 41, 27, 49, 13, 55, 23, 43, 45, 59]],
[241, [20, 42, 12, 32, 15, 16, 4, 17, 39, 41, 27, 49, 13, 55, 44, 58, 60, 64]],
[241, [20, 42, 12, 32, 15, 16, 4, 40, 41, 57, 50, 62, 13, 55, 23, 43, 45, 59]],
[241, [20, 42, 12, 32, 15, 16, 4, 40, 41, 57, 50, 62, 13, 55, 44, 58, 60, 64]],
[241, [20, 42, 12, 32, 15, 16, 17, 18, 19, 39, 27, 49, 34, 35, 23, 43, 45, 59]],
[241, [20, 42, 12, 32, 15, 16, 17, 18, 19, 39, 27, 49, 34, 35, 44, 58, 60, 64]],
[241, [20, 42, 12, 32, 15, 16, 18, 19, 40, 57, 50, 62, 34, 35, 23, 43, 45, 59]],
[241, [20, 42, 12, 32, 15, 16, 18, 19, 40, 57, 50, 62, 34, 35, 44, 58, 60, 64]],
[241, [5, 20, 2, 12, 3, 15, 37, 56, 17, 57, 24, 61, 33, 54, 44, 45, 58, 64]],
[241, [5, 20, 2, 12, 3, 15, 37, 56, 17, 57, 24, 61, 53, 63, 43, 44, 45, 59]],
[241, [5, 20, 2, 12, 3, 15, 37, 56, 17, 57, 46, 47, 33, 54, 23, 58, 60, 64]],
[241, [5, 20, 2, 12, 3, 15, 37, 56, 17, 57, 46, 47, 53, 63, 23, 43, 59, 60]],
[241, [5, 20, 2, 12, 3, 15, 37, 56, 39, 40, 24, 61, 33, 54, 23, 58, 60, 64]],
[241, [5, 20, 2, 12, 3, 15, 37, 56, 39, 40, 24, 61, 53, 63, 23, 43, 59, 60]],
[241, [5, 20, 2, 12, 3, 15, 37, 56, 39, 40, 46, 47, 33, 54, 44, 45, 58, 64]],
[241, [5, 20, 2, 12, 3, 15, 37, 56, 39, 40, 46, 47, 53, 63, 43, 44, 45, 59]],
[241, [5, 20, 2, 12, 14, 16, 36, 38, 17, 57, 24, 61, 33, 54, 44, 45, 58, 64]],
[241, [5, 20, 2, 12, 14, 16, 36, 38, 17, 57, 24, 61, 53, 63, 43, 44, 45, 59]],
[241, [5, 20, 2, 12, 14, 16, 36, 38, 17, 57, 46, 47, 33, 54, 23, 58, 60, 64]],
[241, [5, 20, 2, 12, 14, 16, 36, 38, 17, 57, 46, 47, 53, 63, 23, 43, 59, 60]],
[241, [5, 20, 2, 12, 14, 16, 36, 38, 39, 40, 24, 61, 33, 54, 23, 58, 60, 64]],
[241, [5, 20, 2, 12, 14, 16, 36, 38, 39, 40, 24, 61, 53, 63, 23, 43, 59, 60]],
[241, [5, 20, 2, 12, 14, 16, 36, 38, 39, 40, 46, 47, 33, 54, 44, 45, 58, 64]],
[241, [5, 20, 2, 12, 14, 16, 36, 38, 39, 40, 46, 47, 53, 63, 43, 44, 45, 59]],
[241, [5, 20, 11, 32, 3, 15, 37, 56, 17, 57, 24, 61, 33, 54, 43, 44, 45, 59]],
[241, [5, 20, 11, 32, 3, 15, 37, 56, 17, 57, 24, 61, 53, 63, 44, 45, 58, 64]],
[241, [5, 20, 11, 32, 3, 15, 37, 56, 17, 57, 46, 47, 33, 54, 23, 43, 59, 60]],
[241, [5, 20, 11, 32, 3, 15, 37, 56, 17, 57, 46, 47, 53, 63, 23, 58, 60, 64]],
[241, [5, 20, 11, 32, 3, 15, 37, 56, 39, 40, 24, 61, 33, 54, 23, 43, 59, 60]],
[241, [5, 20, 11, 32, 3, 15, 37, 56, 39, 40, 24, 61, 53, 63, 23, 58, 60, 64]],
[241, [5, 20, 11, 32, 3, 15, 37, 56, 39, 40, 46, 47, 33, 54, 43, 44, 45, 59]],
[241, [5, 20, 11, 32, 3, 15, 37, 56, 39, 40, 46, 47, 53, 63, 44, 45, 58, 64]],
[241, [5, 20, 11, 32, 14, 16, 36, 38, 17, 57, 24, 61, 33, 54, 43, 44, 45, 59]],
[241, [5, 20, 11, 32, 14, 16, 36, 38, 17, 57, 24, 61, 53, 63, 44, 45, 58, 64]],
[241, [5, 20, 11, 32, 14, 16, 36, 38, 17, 57, 46, 47, 33, 54, 23, 43, 59, 60]],
[241, [5, 20, 11, 32, 14, 16, 36, 38, 17, 57, 46, 47, 53, 63, 23, 58, 60, 64]],
[241, [5, 20, 11, 32, 14, 16, 36, 38, 39, 40, 24, 61, 33, 54, 23, 43, 59, 60]],
[241, [5, 20, 11, 32, 14, 16, 36, 38, 39, 40, 24, 61, 53, 63, 23, 58, 60, 64]],
[241, [5, 20, 11, 32, 14, 16, 36, 38, 39, 40, 46, 47, 33, 54, 43, 44, 45, 59]],
[241, [5, 20, 11, 32, 14, 16, 36, 38, 39, 40, 46, 47, 53, 63, 44, 45, 58, 64]],
[241, [21, 42, 2, 12, 3, 14, 15, 36, 17, 57, 24, 61, 33, 54, 44, 45, 58, 64]],
[241, [21, 42, 2, 12, 3, 14, 15, 36, 17, 57, 24, 61, 53, 63, 43, 44, 45, 59]],
[241, [21, 42, 2, 12, 3, 14, 15, 36, 17, 57, 46, 47, 33, 54, 23, 58, 60, 64]],
[241, [21, 42, 2, 12, 3, 14, 15, 36, 17, 57, 46, 47, 53, 63, 23, 43, 59, 60]],
[241, [21, 42, 2, 12, 3, 14, 15, 36, 39, 40, 24, 61, 33, 54, 23, 58, 60, 64]],
[241, [21, 42, 2, 12, 3, 14, 15, 36, 39, 40, 24, 61, 53, 63, 23, 43, 59, 60]],
[241, [21, 42, 2, 12, 3, 14, 15, 36, 39, 40, 46, 47, 33, 54, 44, 45, 58, 64]],
[241, [21, 42, 2, 12, 3, 14, 15, 36, 39, 40, 46, 47, 53, 63, 43, 44, 45, 59]],
[241, [21, 42, 2, 12, 16, 37, 38, 56, 17, 57, 24, 61, 33, 54, 44, 45, 58, 64]],
[241, [21, 42, 2, 12, 16, 37, 38, 56, 17, 57, 24, 61, 53, 63, 43, 44, 45, 59]],
[241, [21, 42, 2, 12, 16, 37, 38, 56, 17, 57, 46, 47, 33, 54, 23, 58, 60, 64]],
[241, [21, 42, 2, 12, 16, 37, 38, 56, 17, 57, 46, 47, 53, 63, 23, 43, 59, 60]],
[241, [21, 42, 2, 12, 16, 37, 38, 56, 39, 40, 24, 61, 33, 54, 23, 58, 60, 64]],
[241, [21, 42, 2, 12, 16, 37, 38, 56, 39, 40, 24, 61, 53, 63, 23, 43, 59, 60]],
[241, [21, 42, 2, 12, 16, 37, 38, 56, 39, 40, 46, 47, 33, 54, 44, 45, 58, 64]],
[241, [21, 42, 2, 12, 16, 37, 38, 56, 39, 40, 46, 47, 53, 63, 43, 44, 45, 59]],
[241, [21, 42, 11, 32, 3, 14, 15, 36, 17, 57, 24, 61, 33, 54, 43, 44, 45, 59]],
[241, [21, 42, 11, 32, 3, 14, 15, 36, 17, 57, 24, 61, 53, 63, 44, 45, 58, 64]],
[241, [21, 42, 11, 32, 3, 14, 15, 36, 17, 57, 46, 47, 33, 54, 23, 43, 59, 60]],
[241, [21, 42, 11, 32, 3, 14, 15, 36, 17, 57, 46, 47, 53, 63, 23, 58, 60, 64]],
[241, [21, 42, 11, 32, 3, 14, 15, 36, 39, 40, 24, 61, 33, 54, 23, 43, 59, 60]],
[241, [21, 42, 11, 32, 3, 14, 15, 36, 39, 40, 24, 61, 53, 63, 23, 58, 60, 64]],
[241, [21, 42, 11, 32, 3, 14, 15, 36, 39, 40, 46, 47, 33, 54, 43, 44, 45, 59]],
[241, [21, 42, 11, 32, 3, 14, 15, 36, 39, 40, 46, 47, 53, 63, 44, 45, 58, 64]],
[241, [21, 42, 11, 32, 16, 37, 38, 56, 17, 57, 24, 61, 33, 54, 43, 44, 45, 59]],
[241, [21, 42, 11, 32, 16, 37, 38, 56, 17, 57, 24, 61, 53, 63, 44, 45, 58, 64]],
[241, [21, 42, 11, 32, 16, 37, 38, 56, 17, 57, 46, 47, 33, 54, 23, 43, 59, 60]],
[241, [21, 42, 11, 32, 16, 37, 38, 56, 17, 57, 46, 47, 53, 63, 23, 58, 60, 64]],
[241, [21, 42, 11, 32, 16, 37, 38, 56, 39, 40, 24, 61, 33, 54, 23, 43, 59, 60]],
[241, [21, 42, 11, 32, 16, 37, 38, 56, 39, 40, 24, 61, 53, 63, 23, 58, 60, 64]],
[241, [21, 42, 11, 32, 16, 37, 38, 56, 39, 40, 46, 47, 33, 54, 43, 44, 45, 59]],
[241, [21, 42, 11, 32, 16, 37, 38, 56, 39, 40, 46, 47, 53, 63, 44, 45, 58, 64]],
[241, [5, 20, 2, 12, 3, 15, 37, 56, 4, 17, 19, 57, 24, 61, 28, 51, 44, 45]],
[241, [5, 20, 2, 12, 3, 15, 37, 56, 4, 17, 19, 57, 46, 47, 28, 51, 23, 60]],
[241, [5, 20, 2, 12, 3, 15, 37, 56, 4, 19, 39, 40, 24, 61, 28, 51, 23, 60]],
[241, [5, 20, 2, 12, 3, 15, 37, 56, 4, 19, 39, 40, 46, 47, 28, 51, 44, 45]],
[241, [5, 20, 2, 12, 3, 15, 37, 56, 17, 18, 41, 57, 24, 61, 9, 29, 44, 45]],
[241, [5, 20, 2, 12, 3, 15, 37, 56, 17, 18, 41, 57, 46, 47, 9, 29, 23, 60]],
[241, [5, 20, 2, 12, 3, 15, 37, 56, 18, 39, 40, 41, 24, 61, 9, 29, 23, 60]],
[241, [5, 20, 2, 12, 3, 15, 37, 56, 18, 39, 40, 41, 46, 47, 9, 29, 44, 45]],
[241, [5, 20, 2, 12, 14, 16, 36, 38, 4, 17, 19, 57, 24, 61, 28, 51, 44, 45]],
[241, [5, 20, 2, 12, 14, 16, 36, 38, 4, 17, 19, 57, 46, 47, 28, 51, 23, 60]],
[241, [5, 20, 2, 12, 14, 16, 36, 38, 4, 19, 39, 40, 24, 61, 28, 51, 23, 60]],
[241, [5, 20, 2, 12, 14, 16, 36, 38, 4, 19, 39, 40, 46, 47, 28, 51, 44, 45]],
[241, [5, 20, 2, 12, 14, 16, 36, 38, 17, 18, 41, 57, 24, 61, 9, 29, 44, 45]],
[241, [5, 20, 2, 12, 14, 16, 36, 38, 17, 18, 41, 57, 46, 47, 9, 29, 23, 60]],
[241, [5, 20, 2, 12, 14, 16, 36, 38, 18, 39, 40, 41, 24, 61, 9, 29, 23, 60]],
[241, [5, 20, 2, 12, 14, 16, 36, 38, 18, 39, 40, 41, 46, 47, 9, 29, 44, 45]],
[241, [5, 20, 11, 32, 3, 15, 37, 56, 4, 17, 19, 57, 24, 61, 9, 29, 44, 45]],
[241, [5, 20, 11, 32, 3, 15, 37, 56, 4, 17, 19, 57, 46, 47, 9, 29, 23, 60]],
[241, [5, 20, 11, 32, 3, 15, 37, 56, 4, 19, 39, 40, 24, 61, 9, 29, 23, 60]],
[241, [5, 20, 11, 32, 3, 15, 37, 56, 4, 19, 39, 40, 46, 47, 9, 29, 44, 45]],
[241, [5, 20, 11, 32, 3, 15, 37, 56, 17, 18, 41, 57, 24, 61, 28, 51, 44, 45]],
[241, [5, 20, 11, 32, 3, 15, 37, 56, 17, 18, 41, 57, 46, 47, 28, 51, 23, 60]],
[241, [5, 20, 11, 32, 3, 15, 37, 56, 18, 39, 40, 41, 24, 61, 28, 51, 23, 60]],
[241, [5, 20, 11, 32, 3, 15, 37, 56, 18, 39, 40, 41, 46, 47, 28, 51, 44, 45]],
[241, [5, 20, 11, 32, 14, 16, 36, 38, 4, 17, 19, 57, 24, 61, 9, 29, 44, 45]],
[241, [5, 20, 11, 32, 14, 16, 36, 38, 4, 17, 19, 57, 46, 47, 9, 29, 23, 60]],
[241, [5, 20, 11, 32, 14, 16, 36, 38, 4, 19, 39, 40, 24, 61, 9, 29, 23, 60]],
[241, [5, 20, 11, 32, 14, 16, 36, 38, 4, 19, 39, 40, 46, 47, 9, 29, 44, 45]],
[241, [5, 20, 11, 32, 14, 16, 36, 38, 17, 18, 41, 57, 24, 61, 28, 51, 44, 45]],
[241, [5, 20, 11, 32, 14, 16, 36, 38, 17, 18, 41, 57, 46, 47, 28, 51, 23, 60]],
[241, [5, 20, 11, 32, 14, 16, 36, 38, 18, 39, 40, 41, 24, 61, 28, 51, 23, 60]],
[241, [5, 20, 11, 32, 14, 16, 36, 38, 18, 39, 40, 41, 46, 47, 28, 51, 44, 45]],
[241, [5, 21, 10, 52, 3, 14, 36, 38, 4, 19, 39, 57, 24, 61, 27, 49, 23, 44]],
[241, [5, 21, 10, 52, 3, 14, 36, 38, 4, 19, 39, 57, 24, 61, 50, 62, 45, 60]],
[241, [5, 21, 10, 52, 3, 14, 36, 38, 17, 18, 40, 41, 24, 61, 27, 49, 23, 44]],
[241, [5, 21, 10, 52, 3, 14, 36, 38, 17, 18, 40, 41, 24, 61, 50, 62, 45, 60]],
[241, [5, 21, 10, 52, 3, 37, 38, 56, 4, 19, 39, 57, 24, 61, 27, 49, 45, 60]],
[241, [5, 21, 10, 52, 3, 37, 38, 56, 4, 19, 39, 57, 24, 61, 50, 62, 23, 44]],
[241, [5, 21, 10, 52, 3, 37, 38, 56, 17, 18, 40, 41, 24, 61, 27, 49, 45, 60]],
[241, [5, 21, 10, 52, 3, 37, 38, 56, 17, 18, 40, 41, 24, 61, 50, 62, 23, 44]],
[241, [5, 21, 10, 52, 14, 15, 16, 36, 4, 19, 39, 57, 46, 47, 27, 49, 23, 44]],
[241, [5, 21, 10, 52, 14, 15, 16, 36, 4, 19, 39, 57, 46, 47, 50, 62, 45, 60]],
[241, [5, 21, 10, 52, 14, 15, 16, 36, 17, 18, 40, 41, 46, 47, 27, 49, 23, 44]],
[241, [5, 21, 10, 52, 14, 15, 16, 36, 17, 18, 40, 41, 46, 47, 50, 62, 45, 60]],
[241, [5, 21, 10, 52, 15, 16, 37, 56, 4, 19, 39, 57, 46, 47, 27, 49, 45, 60]],
[241, [5, 21, 10, 52, 15, 16, 37, 56, 4, 19, 39, 57, 46, 47, 50, 62, 23, 44]],
[241, [5, 21, 10, 52, 15, 16, 37, 56, 17, 18, 40, 41, 46, 47, 27, 49, 45, 60]],
[241, [5, 21, 10, 52, 15, 16, 37, 56, 17, 18, 40, 41, 46, 47, 50, 62, 23, 44]],
[241, [5, 21, 30, 31, 3, 14, 36, 38, 4, 19, 39, 57, 46, 47, 27, 49, 23, 44]],
[241, [5, 21, 30, 31, 3, 14, 36, 38, 4, 19, 39, 57, 46, 47, 50, 62, 45, 60]],
[241, [5, 21, 30, 31, 3, 14, 36, 38, 17, 18, 40, 41, 46, 47, 27, 49, 23, 44]],
[241, [5, 21, 30, 31, 3, 14, 36, 38, 17, 18, 40, 41, 46, 47, 50, 62, 45, 60]],
[241, [5, 21, 30, 31, 3, 37, 38, 56, 4, 19, 39, 57, 46, 47, 27, 49, 45, 60]],
[241, [5, 21, 30, 31, 3, 37, 38, 56, 4, 19, 39, 57, 46, 47, 50, 62, 23, 44]],
[241, [5, 21, 30, 31, 3, 37, 38, 56, 17, 18, 40, 41, 46, 47, 27, 49, 45, 60]],
[241, [5, 21, 30, 31, 3, 37, 38, 56, 17, 18, 40, 41, 46, 47, 50, 62, 23, 44]],
[241, [5, 21, 30, 31, 14, 15, 16, 36, 4, 19, 39, 57, 24, 61, 27, 49, 23, 44]],
[241, [5, 21, 30, 31, 14, 15, 16, 36, 4, 19, 39, 57, 24, 61, 50, 62, 45, 60]],
[241, [5, 21, 30, 31, 14, 15, 16, 36, 17, 18, 40, 41, 24, 61, 27, 49, 23, 44]],
[241, [5, 21, 30, 31, 14, 15, 16, 36, 17, 18, 40, 41, 24, 61, 50, 62, 45, 60]],
[241, [5, 21, 30, 31, 15, 16, 37, 56, 4, 19, 39, 57, 24, 61, 27, 49, 45, 60]],
[241, [5, 21, 30, 31, 15, 16, 37, 56, 4, 19, 39, 57, 24, 61, 50, 62, 23, 44]],
[241, [5, 21, 30, 31, 15, 16, 37, 56, 17, 18, 40, 41, 24, 61, 27, 49, 45, 60]],
[241, [5, 21, 30, 31, 15, 16, 37, 56, 17, 18, 40, 41, 24, 61, 50, 62, 23, 44]],
[241, [20, 42, 10, 52, 3, 14, 36, 38, 4, 17, 19, 40, 24, 61, 27, 49, 23, 44]],
[241, [20, 42, 10, 52, 3, 14, 36, 38, 4, 17, 19, 40, 24, 61, 50, 62, 45, 60]],
[241, [20, 42, 10, 52, 3, 14, 36, 38, 18, 39, 41, 57, 24, 61, 27, 49, 23, 44]],
[241, [20, 42, 10, 52, 3, 14, 36, 38, 18, 39, 41, 57, 24, 61, 50, 62, 45, 60]],
[241, [20, 42, 10, 52, 3, 37, 38, 56, 4, 17, 19, 40, 24, 61, 27, 49, 45, 60]],
[241, [20, 42, 10, 52, 3, 37, 38, 56, 4, 17, 19, 40, 24, 61, 50, 62, 23, 44]],
[241, [20, 42, 10, 52, 3, 37, 38, 56, 18, 39, 41, 57, 24, 61, 27, 49, 45, 60]],
[241, [20, 42, 10, 52, 3, 37, 38, 56, 18, 39, 41, 57, 24, 61, 50, 62, 23, 44]],
[241, [20, 42, 10, 52, 14, 15, 16, 36, 4, 17, 19, 40, 46, 47, 27, 49, 23, 44]],
[241, [20, 42, 10, 52, 14, 15, 16, 36, 4, 17, 19, 40, 46, 47, 50, 62, 45, 60]],
[241, [20, 42, 10, 52, 14, 15, 16, 36, 18, 39, 41, 57, 46, 47, 27, 49, 23, 44]],
[241, [20, 42, 10, 52, 14, 15, 16, 36, 18, 39, 41, 57, 46, 47, 50, 62, 45, 60]],
[241, [20, 42, 10, 52, 15, 16, 37, 56, 4, 17, 19, 40, 46, 47, 27, 49, 45, 60]],
[241, [20, 42, 10, 52, 15, 16, 37, 56, 4, 17, 19, 40, 46, 47, 50, 62, 23, 44]],
[241, [20, 42, 10, 52, 15, 16, 37, 56, 18, 39, 41, 57, 46, 47, 27, 49, 45, 60]],
[241, [20, 42, 10, 52, 15, 16, 37, 56, 18, 39, 41, 57, 46, 47, 50, 62, 23, 44]],
[241, [20, 42, 30, 31, 3, 14, 36, 38, 4, 17, 19, 40, 46, 47, 27, 49, 23, 44]],
[241, [20, 42, 30, 31, 3, 14, 36, 38, 4, 17, 19, 40, 46, 47, 50, 62, 45, 60]],
[241, [20, 42, 30, 31, 3, 14, 36, 38, 18, 39, 41, 57, 46, 47, 27, 49, 23, 44]],
[241, [20, 42, 30, 31, 3, 14, 36, 38, 18, 39, 41, 57, 46, 47, 50, 62, 45, 60]],
[241, [20, 42, 30, 31, 3, 37, 38, 56, 4, 17, 19, 40, 46, 47, 27, 49, 45, 60]],
[241, [20, 42, 30, 31, 3, 37, 38, 56, 4, 17, 19, 40, 46, 47, 50, 62, 23, 44]],
[241, [20, 42, 30, 31, 3, 37, 38, 56, 18, 39, 41, 57, 46, 47, 27, 49, 45, 60]],
[241, [20, 42, 30, 31, 3, 37, 38, 56, 18, 39, 41, 57, 46, 47, 50, 62, 23, 44]],
[241, [20, 42, 30, 31, 14, 15, 16, 36, 4, 17, 19, 40, 24, 61, 27, 49, 23, 44]],
[241, [20, 42, 30, 31, 14, 15, 16, 36, 4, 17, 19, 40, 24, 61, 50, 62, 45, 60]],
[241, [20, 42, 30, 31, 14, 15, 16, 36, 18, 39, 41, 57, 24, 61, 27, 49, 23, 44]],
[241, [20, 42, 30, 31, 14, 15, 16, 36, 18, 39, 41, 57, 24, 61, 50, 62, 45, 60]],
[241, [20, 42, 30, 31, 15, 16, 37, 56, 4, 17, 19, 40, 24, 61, 27, 49, 45, 60]],
[241, [20, 42, 30, 31, 15, 16, 37, 56, 4, 17, 19, 40, 24, 61, 50, 62, 23, 44]],
[241, [20, 42, 30, 31, 15, 16, 37, 56, 18, 39, 41, 57, 24, 61, 27, 49, 45, 60]],
[241, [20, 42, 30, 31, 15, 16, 37, 56, 18, 39, 41, 57, 24, 61, 50, 62, 23, 44]],
[241, [21, 42, 2, 12, 3, 14, 15, 36, 4, 17, 19, 57, 24, 61, 28, 51, 44, 45]],
[241, [21, 42, 2, 12, 3, 14, 15, 36, 4, 17, 19, 57, 46, 47, 28, 51, 23, 60]],
[241, [21, 42, 2, 12, 3, 14, 15, 36, 4, 19, 39, 40, 24, 61, 28, 51, 23, 60]],
[241, [21, 42, 2, 12, 3, 14, 15, 36, 4, 19, 39, 40, 46, 47, 28, 51, 44, 45]],
[241, [21, 42, 2, 12, 3, 14, 15, 36, 17, 18, 41, 57, 24, 61, 9, 29, 44, 45]],
[241, [21, 42, 2, 12, 3, 14, 15, 36, 17, 18, 41, 57, 46, 47, 9, 29, 23, 60]],
[241, [21, 42, 2, 12, 3, 14, 15, 36, 18, 39, 40, 41, 24, 61, 9, 29, 23, 60]],
[241, [21, 42, 2, 12, 3, 14, 15, 36, 18, 39, 40, 41, 46, 47, 9, 29, 44, 45]],
[241, [21, 42, 2, 12, 16, 37, 38, 56, 4, 17, 19, 57, 24, 61, 28, 51, 44, 45]],
[241, [21, 42, 2, 12, 16, 37, 38, 56, 4, 17, 19, 57, 46, 47, 28, 51, 23, 60]],
[241, [21, 42, 2, 12, 16, 37, 38, 56, 4, 19, 39, 40, 24, 61, 28, 51, 23, 60]],
[241, [21, 42, 2, 12, 16, 37, 38, 56, 4, 19, 39, 40, 46, 47, 28, 51, 44, 45]],
[241, [21, 42, 2, 12, 16, 37, 38, 56, 17, 18, 41, 57, 24, 61, 9, 29, 44, 45]],
[241, [21, 42, 2, 12, 16, 37, 38, 56, 17, 18, 41, 57, 46, 47, 9, 29, 23, 60]],
[241, [21, 42, 2, 12, 16, 37, 38, 56, 18, 39, 40, 41, 24, 61, 9, 29, 23, 60]],
[241, [21, 42, 2, 12, 16, 37, 38, 56, 18, 39, 40, 41, 46, 47, 9, 29, 44, 45]],
[241, [21, 42, 11, 32, 3, 14, 15, 36, 4, 17, 19, 57, 24, 61, 9, 29, 44, 45]],
[241, [21, 42, 11, 32, 3, 14, 15, 36, 4, 17, 19, 57, 46, 47, 9, 29, 23, 60]],
[241, [21, 42, 11, 32, 3, 14, 15, 36, 4, 19, 39, 40, 24, 61, 9, 29, 23, 60]],
[241, [21, 42, 11, 32, 3, 14, 15, 36, 4, 19, 39, 40, 46, 47, 9, 29, 44, 45]],
[241, [21, 42, 11, 32, 3, 14, 15, 36, 17, 18, 41, 57, 24, 61, 28, 51, 44, 45]],
[241, [21, 42, 11, 32, 3, 14, 15, 36, 17, 18, 41, 57, 46, 47, 28, 51, 23, 60]],
[241, [21, 42, 11, 32, 3, 14, 15, 36, 18, 39, 40, 41, 24, 61, 28, 51, 23, 60]],
[241, [21, 42, 11, 32, 3, 14, 15, 36, 18, 39, 40, 41, 46, 47, 28, 51, 44, 45]],
[241, [21, 42, 11, 32, 16, 37, 38, 56, 4, 17, 19, 57, 24, 61, 9, 29, 44, 45]],
[241, [21, 42, 11, 32, 16, 37, 38, 56, 4, 17, 19, 57, 46, 47, 9, 29, 23, 60]],
[241, [21, 42, 11, 32, 16, 37, 38, 56, 4, 19, 39, 40, 24, 61, 9, 29, 23, 60]],
[241, [21, 42, 11, 32, 16, 37, 38, 56, 4, 19, 39, 40, 46, 47, 9, 29, 44, 45]],
[241, [21, 42, 11, 32, 16, 37, 38, 56, 17, 18, 41, 57, 24, 61, 28, 51, 44, 45]],
[241, [21, 42, 11, 32, 16, 37, 38, 56, 17, 18, 41, 57, 46, 47, 28, 51, 23, 60]],
[241, [21, 42, 11, 32, 16, 37, 38, 56, 18, 39, 40, 41, 24, 61, 28, 51, 23, 60]],
[241, [21, 42, 11, 32, 16, 37, 38, 56, 18, 39, 40, 41, 46, 47, 28, 51, 44, 45]],
[241, [5, 21, 2, 10, 11, 52, 3, 38, 17, 39, 24, 61, 50, 62, 23, 45, 58, 64]],
[241, [5, 21, 2, 10, 11, 52, 3, 38, 17, 39, 24, 61, 50, 62, 43, 44, 59, 60]],
[241, [5, 21, 2, 10, 11, 52, 3, 38, 40, 57, 24, 61, 27, 49, 23, 45, 58, 64]],
[241, [5, 21, 2, 10, 11, 52, 3, 38, 40, 57, 24, 61, 27, 49, 43, 44, 59, 60]],
[241, [5, 21, 2, 10, 11, 52, 15, 16, 17, 39, 46, 47, 50, 62, 23, 45, 58, 64]],
[241, [5, 21, 2, 10, 11, 52, 15, 16, 17, 39, 46, 47, 50, 62, 43, 44, 59, 60]],
[241, [5, 21, 2, 10, 11, 52, 15, 16, 40, 57, 46, 47, 27, 49, 23, 45, 58, 64]],
[241, [5, 21, 2, 10, 11, 52, 15, 16, 40, 57, 46, 47, 27, 49, 43, 44, 59, 60]],
[241, [5, 21, 2, 11, 30, 31, 3, 38, 17, 39, 46, 47, 50, 62, 23, 45, 58, 64]],
[241, [5, 21, 2, 11, 30, 31, 3, 38, 17, 39, 46, 47, 50, 62, 43, 44, 59, 60]],
[241, [5, 21, 2, 11, 30, 31, 3, 38, 40, 57, 46, 47, 27, 49, 23, 45, 58, 64]],
[241, [5, 21, 2, 11, 30, 31, 3, 38, 40, 57, 46, 47, 27, 49, 43, 44, 59, 60]],
[241, [5, 21, 2, 11, 30, 31, 15, 16, 17, 39, 24, 61, 50, 62, 23, 45, 58, 64]],
[241, [5, 21, 2, 11, 30, 31, 15, 16, 17, 39, 24, 61, 50, 62, 43, 44, 59, 60]],
[241, [5, 21, 2, 11, 30, 31, 15, 16, 40, 57, 24, 61, 27, 49, 23, 45, 58, 64]],
[241, [5, 21, 2, 11, 30, 31, 15, 16, 40, 57, 24, 61, 27, 49, 43, 44, 59, 60]],
[241, [5, 21, 10, 12, 32, 52, 3, 38, 17, 39, 24, 61, 27, 49, 23, 45, 58, 64]],
[241, [5, 21, 10, 12, 32, 52, 3, 38, 17, 39, 24, 61, 27, 49, 43, 44, 59, 60]],
[241, [5, 21, 10, 12, 32, 52, 3, 38, 40, 57, 24, 61, 50, 62, 23, 45, 58, 64]],
[241, [5, 21, 10, 12, 32, 52, 3, 38, 40, 57, 24, 61, 50, 62, 43, 44, 59, 60]],
[241, [5, 21, 10, 12, 32, 52, 15, 16, 17, 39, 46, 47, 27, 49, 23, 45, 58, 64]],
[241, [5, 21, 10, 12, 32, 52, 15, 16, 17, 39, 46, 47, 27, 49, 43, 44, 59, 60]],
[241, [5, 21, 10, 12, 32, 52, 15, 16, 40, 57, 46, 47, 50, 62, 23, 45, 58, 64]],
[241, [5, 21, 10, 12, 32, 52, 15, 16, 40, 57, 46, 47, 50, 62, 43, 44, 59, 60]],
[241, [5, 21, 12, 30, 31, 32, 3, 38, 17, 39, 46, 47, 27, 49, 23, 45, 58, 64]],
[241, [5, 21, 12, 30, 31, 32, 3, 38, 17, 39, 46, 47, 27, 49, 43, 44, 59, 60]],
[241, [5, 21, 12, 30, 31, 32, 3, 38, 40, 57, 46, 47, 50, 62, 23, 45, 58, 64]],
[241, [5, 21, 12, 30, 31, 32, 3, 38, 40, 57, 46, 47, 50, 62, 43, 44, 59, 60]],
[241, [5, 21, 12, 30, 31, 32, 15, 16, 17, 39, 24, 61, 27, 49, 23, 45, 58, 64]],
[241, [5, 21, 12, 30, 31, 32, 15, 16, 17, 39, 24, 61, 27, 49, 43, 44, 59, 60]],
[241, [5, 21, 12, 30, 31, 32, 15, 16, 40, 57, 24, 61, 50, 62, 23, 45, 58, 64]],
[241, [5, 21, 12, 30, 31, 32, 15, 16, 40, 57, 24, 61, 50, 62, 43, 44, 59, 60]],
[241, [20, 42, 2, 10, 11, 52, 3, 38, 17, 39, 24, 61, 50, 62, 23, 43, 45, 59]],
[241, [20, 42, 2, 10, 11, 52, 3, 38, 17, 39, 24, 61, 50, 62, 44, 58, 60, 64]],
[241, [20, 42, 2, 10, 11, 52, 3, 38, 40, 57, 24, 61, 27, 49, 23, 43, 45, 59]],
[241, [20, 42, 2, 10, 11, 52, 3, 38, 40, 57, 24, 61, 27, 49, 44, 58, 60, 64]],
[241, [20, 42, 2, 10, 11, 52, 15, 16, 17, 39, 46, 47, 50, 62, 23, 43, 45, 59]],
[241, [20, 42, 2, 10, 11, 52, 15, 16, 17, 39, 46, 47, 50, 62, 44, 58, 60, 64]],
[241, [20, 42, 2, 10, 11, 52, 15, 16, 40, 57, 46, 47, 27, 49, 23, 43, 45, 59]],
[241, [20, 42, 2, 10, 11, 52, 15, 16, 40, 57, 46, 47, 27, 49, 44, 58, 60, 64]],
[241, [20, 42, 2, 11, 30, 31, 3, 38, 17, 39, 46, 47, 50, 62, 23, 43, 45, 59]],
[241, [20, 42, 2, 11, 30, 31, 3, 38, 17, 39, 46, 47, 50, 62, 44, 58, 60, 64]],
[241, [20, 42, 2, 11, 30, 31, 3, 38, 40, 57, 46, 47, 27, 49, 23, 43, 45, 59]],
[241, [20, 42, 2, 11, 30, 31, 3, 38, 40, 57, 46, 47, 27, 49, 44, 58, 60, 64]],
[241, [20, 42, 2, 11, 30, 31, 15, 16, 17, 39, 24, 61, 50, 62, 23, 43, 45, 59]],
[241, [20, 42, 2, 11, 30, 31, 15, 16, 17, 39, 24, 61, 50, 62, 44, 58, 60, 64]],
[241, [20, 42, 2, 11, 30, 31, 15, 16, 40, 57, 24, 61, 27, 49, 23, 43, 45, 59]],
[241, [20, 42, 2, 11, 30, 31, 15, 16, 40, 57, 24, 61, 27, 49, 44, 58, 60, 64]],
[241, [20, 42, 10, 12, 32, 52, 3, 38, 17, 39, 24, 61, 27, 49, 23, 43, 45, 59]],
[241, [20, 42, 10, 12, 32, 52, 3, 38, 17, 39, 24, 61, 27, 49, 44, 58, 60, 64]],
[241, [20, 42, 10, 12, 32, 52, 3, 38, 40, 57, 24, 61, 50, 62, 23, 43, 45, 59]],
[241, [20, 42, 10, 12, 32, 52, 3, 38, 40, 57, 24, 61, 50, 62, 44, 58, 60, 64]],
[241, [20, 42, 10, 12, 32, 52, 15, 16, 17, 39, 46, 47, 27, 49, 23, 43, 45, 59]],
[241, [20, 42, 10, 12, 32, 52, 15, 16, 17, 39, 46, 47, 27, 49, 44, 58, 60, 64]],
[241, [20, 42, 10, 12, 32, 52, 15, 16, 40, 57, 46, 47, 50, 62, 23, 43, 45, 59]],
[241, [20, 42, 10, 12, 32, 52, 15, 16, 40, 57, 46, 47, 50, 62, 44, 58, 60, 64]],
[241, [20, 42, 12, 30, 31, 32, 3, 38, 17, 39, 46, 47, 27, 49, 23, 43, 45, 59]],
[241, [20, 42, 12, 30, 31, 32, 3, 38, 17, 39, 46, 47, 27, 49, 44, 58, 60, 64]],
[241, [20, 42, 12, 30, 31, 32, 3, 38, 40, 57, 46, 47, 50, 62, 23, 43, 45, 59]],
[241, [20, 42, 12, 30, 31, 32, 3, 38, 40, 57, 46, 47, 50, 62, 44, 58, 60, 64]],
[241, [20, 42, 12, 30, 31, 32, 15, 16, 17, 39, 24, 61, 27, 49, 23, 43, 45, 59]],
[241, [20, 42, 12, 30, 31, 32, 15, 16, 17, 39, 24, 61, 27, 49, 44, 58, 60, 64]],
[241, [20, 42, 12, 30, 31, 32, 15, 16, 40, 57, 24, 61, 50, 62, 23, 43, 45, 59]],
[241, [20, 42, 12, 30, 31, 32, 15, 16, 40, 57, 24, 61, 50, 62, 44, 58, 60, 64]],
[241, [5, 20, 2, 10, 12, 52, 3, 38, 4, 18, 40, 57, 24, 61, 33, 54, 58, 64]],
[241, [5, 20, 2, 10, 12, 52, 3, 38, 4, 18, 40, 57, 24, 61, 53, 63, 43, 59]],
[241, [5, 20, 2, 10, 12, 52, 3, 38, 17, 19, 39, 41, 24, 61, 33, 54, 58, 64]],
[241, [5, 20, 2, 10, 12, 52, 3, 38, 17, 19, 39, 41, 24, 61, 53, 63, 43, 59]],
[241, [5, 20, 2, 10, 12, 52, 15, 16, 4, 18, 40, 57, 46, 47, 33, 54, 58, 64]],
[241, [5, 20, 2, 10, 12, 52, 15, 16, 4, 18, 40, 57, 46, 47, 53, 63, 43, 59]],
[241, [5, 20, 2, 10, 12, 52, 15, 16, 17, 19, 39, 41, 46, 47, 33, 54, 58, 64]],
[241, [5, 20, 2, 10, 12, 52, 15, 16, 17, 19, 39, 41, 46, 47, 53, 63, 43, 59]],
[241, [5, 20, 2, 12, 30, 31, 3, 38, 4, 18, 40, 57, 46, 47, 33, 54, 58, 64]],
[241, [5, 20, 2, 12, 30, 31, 3, 38, 4, 18, 40, 57, 46, 47, 53, 63, 43, 59]],
[241, [5, 20, 2, 12, 30, 31, 3, 38, 17, 19, 39, 41, 46, 47, 33, 54, 58, 64]],
[241, [5, 20, 2, 12, 30, 31, 3, 38, 17, 19, 39, 41, 46, 47, 53, 63, 43, 59]],
[241, [5, 20, 2, 12, 30, 31, 15, 16, 4, 18, 40, 57, 24, 61, 33, 54, 58, 64]],
[241, [5, 20, 2, 12, 30, 31, 15, 16, 4, 18, 40, 57, 24, 61, 53, 63, 43, 59]],
[241, [5, 20, 2, 12, 30, 31, 15, 16, 17, 19, 39, 41, 24, 61, 33, 54, 58, 64]],
[241, [5, 20, 2, 12, 30, 31, 15, 16, 17, 19, 39, 41, 24, 61, 53, 63, 43, 59]],
[241, [5, 20, 10, 11, 32, 52, 3, 38, 4, 18, 40, 57, 24, 61, 33, 54, 43, 59]],
[241, [5, 20, 10, 11, 32, 52, 3, 38, 4, 18, 40, 57, 24, 61, 53, 63, 58, 64]],
[241, [5, 20, 10, 11, 32, 52, 3, 38, 17, 19, 39, 41, 24, 61, 33, 54, 43, 59]],
[241, [5, 20, 10, 11, 32, 52, 3, 38, 17, 19, 39, 41, 24, 61, 53, 63, 58, 64]],
[241, [5, 20, 10, 11, 32, 52, 15, 16, 4, 18, 40, 57, 46, 47, 33, 54, 43, 59]],
[241, [5, 20, 10, 11, 32, 52, 15, 16, 4, 18, 40, 57, 46, 47, 53, 63, 58, 64]],
[241, [5, 20, 10, 11, 32, 52, 15, 16, 17, 19, 39, 41, 46, 47, 33, 54, 43, 59]],
[241, [5, 20, 10, 11, 32, 52, 15, 16, 17, 19, 39, 41, 46, 47, 53, 63, 58, 64]],
[241, [5, 20, 11, 30, 31, 32, 3, 38, 4, 18, 40, 57, 46, 47, 33, 54, 43, 59]],
[241, [5, 20, 11, 30, 31, 32, 3, 38, 4, 18, 40, 57, 46, 47, 53, 63, 58, 64]],
[241, [5, 20, 11, 30, 31, 32, 3, 38, 17, 19, 39, 41, 46, 47, 33, 54, 43, 59]],
[241, [5, 20, 11, 30, 31, 32, 3, 38, 17, 19, 39, 41, 46, 47, 53, 63, 58, 64]],
[241, [5, 20, 11, 30, 31, 32, 15, 16, 4, 18, 40, 57, 24, 61, 33, 54, 43, 59]],
[241, [5, 20, 11, 30, 31, 32, 15, 16, 4, 18, 40, 57, 24, 61, 53, 63, 58, 64]],
[241, [5, 20, 11, 30, 31, 32, 15, 16, 17, 19, 39, 41, 24, 61, 33, 54, 43, 59]],
[241, [5, 20, 11, 30, 31, 32, 15, 16, 17, 19, 39, 41, 24, 61, 53, 63, 58, 64]],
[241, [5, 42, 2, 30, 31, 32, 3, 16, 4, 17, 18, 40, 8, 25, 53, 63, 45, 60]],
[241, [5, 42, 2, 30, 31, 32, 3, 16, 4, 17, 18, 40, 26, 48, 53, 63, 23, 44]],
[241, [5, 42, 2, 30, 31, 32, 3, 16, 4, 18, 39, 57, 8, 25, 33, 54, 45, 60]],
[241, [5, 42, 2, 30, 31, 32, 3, 16, 4, 18, 39, 57, 26, 48, 33, 54, 23, 44]],
[241, [5, 42, 2, 30, 31, 32, 3, 16, 17, 19, 40, 41, 8, 25, 53, 63, 23, 44]],
[241, [5, 42, 2, 30, 31, 32, 3, 16, 17, 19, 40, 41, 26, 48, 53, 63, 45, 60]],
[241, [5, 42, 2, 30, 31, 32, 3, 16, 19, 39, 41, 57, 8, 25, 33, 54, 23, 44]],
[241, [5, 42, 2, 30, 31, 32, 3, 16, 19, 39, 41, 57, 26, 48, 33, 54, 45, 60]],
[241, [5, 42, 2, 30, 31, 32, 15, 38, 4, 17, 18, 40, 8, 25, 33, 54, 45, 60]],
[241, [5, 42, 2, 30, 31, 32, 15, 38, 4, 17, 18, 40, 26, 48, 33, 54, 23, 44]],
[241, [5, 42, 2, 30, 31, 32, 15, 38, 4, 18, 39, 57, 8, 25, 53, 63, 45, 60]],
[241, [5, 42, 2, 30, 31, 32, 15, 38, 4, 18, 39, 57, 26, 48, 53, 63, 23, 44]],
[241, [5, 42, 2, 30, 31, 32, 15, 38, 17, 19, 40, 41, 8, 25, 33, 54, 23, 44]],
[241, [5, 42, 2, 30, 31, 32, 15, 38, 17, 19, 40, 41, 26, 48, 33, 54, 45, 60]],
[241, [5, 42, 2, 30, 31, 32, 15, 38, 19, 39, 41, 57, 8, 25, 53, 63, 23, 44]],
[241, [5, 42, 2, 30, 31, 32, 15, 38, 19, 39, 41, 57, 26, 48, 53, 63, 45, 60]],
[241, [5, 42, 10, 11, 12, 52, 3, 16, 4, 17, 18, 40, 8, 25, 53, 63, 45, 60]],
[241, [5, 42, 10, 11, 12, 52, 3, 16, 4, 17, 18, 40, 26, 48, 53, 63, 23, 44]],
[241, [5, 42, 10, 11, 12, 52, 3, 16, 4, 18, 39, 57, 8, 25, 33, 54, 45, 60]],
[241, [5, 42, 10, 11, 12, 52, 3, 16, 4, 18, 39, 57, 26, 48, 33, 54, 23, 44]],
[241, [5, 42, 10, 11, 12, 52, 3, 16, 17, 19, 40, 41, 8, 25, 53, 63, 23, 44]],
[241, [5, 42, 10, 11, 12, 52, 3, 16, 17, 19, 40, 41, 26, 48, 53, 63, 45, 60]],
[241, [5, 42, 10, 11, 12, 52, 3, 16, 19, 39, 41, 57, 8, 25, 33, 54, 23, 44]],
[241, [5, 42, 10, 11, 12, 52, 3, 16, 19, 39, 41, 57, 26, 48, 33, 54, 45, 60]],
[241, [5, 42, 10, 11, 12, 52, 15, 38, 4, 17, 18, 40, 8, 25, 33, 54, 45, 60]],
[241, [5, 42, 10, 11, 12, 52, 15, 38, 4, 17, 18, 40, 26, 48, 33, 54, 23, 44]],
[241, [5, 42, 10, 11, 12, 52, 15, 38, 4, 18, 39, 57, 8, 25, 53, 63, 45, 60]],
[241, [5, 42, 10, 11, 12, 52, 15, 38, 4, 18, 39, 57, 26, 48, 53, 63, 23, 44]],
[241, [5, 42, 10, 11, 12, 52, 15, 38, 17, 19, 40, 41, 8, 25, 33, 54, 23, 44]],
[241, [5, 42, 10, 11, 12, 52, 15, 38, 17, 19, 40, 41, 26, 48, 33, 54, 45, 60]],
[241, [5, 42, 10, 11, 12, 52, 15, 38, 19, 39, 41, 57, 8, 25, 53, 63, 23, 44]],
[241, [5, 42, 10, 11, 12, 52, 15, 38, 19, 39, 41, 57, 26, 48, 53, 63, 45, 60]],
[241, [20, 21, 2, 10, 32, 52, 3, 16, 4, 17, 18, 40, 8, 25, 53, 63, 45, 60]],
[241, [20, 21, 2, 10, 32, 52, 3, 16, 4, 17, 18, 40, 26, 48, 53, 63, 23, 44]],
[241, [20, 21, 2, 10, 32, 52, 3, 16, 4, 18, 39, 57, 8, 25, 33, 54, 45, 60]],
[241, [20, 21, 2, 10, 32, 52, 3, 16, 4, 18, 39, 57, 26, 48, 33, 54, 23, 44]],
[241, [20, 21, 2, 10, 32, 52, 3, 16, 17, 19, 40, 41, 8, 25, 53, 63, 23, 44]],
[241, [20, 21, 2, 10, 32, 52, 3, 16, 17, 19, 40, 41, 26, 48, 53, 63, 45, 60]],
[241, [20, 21, 2, 10, 32, 52, 3, 16, 19, 39, 41, 57, 8, 25, 33, 54, 23, 44]],
[241, [20, 21, 2, 10, 32, 52, 3, 16, 19, 39, 41, 57, 26, 48, 33, 54, 45, 60]],
[241, [20, 21, 2, 10, 32, 52, 15, 38, 4, 17, 18, 40, 8, 25, 33, 54, 45, 60]],
[241, [20, 21, 2, 10, 32, 52, 15, 38, 4, 17, 18, 40, 26, 48, 33, 54, 23, 44]],
[241, [20, 21, 2, 10, 32, 52, 15, 38, 4, 18, 39, 57, 8, 25, 53, 63, 45, 60]],
[241, [20, 21, 2, 10, 32, 52, 15, 38, 4, 18, 39, 57, 26, 48, 53, 63, 23, 44]],
[241, [20, 21, 2, 10, 32, 52, 15, 38, 17, 19, 40, 41, 8, 25, 33, 54, 23, 44]],
[241, [20, 21, 2, 10, 32, 52, 15, 38, 17, 19, 40, 41, 26, 48, 33, 54, 45, 60]],
[241, [20, 21, 2, 10, 32, 52, 15, 38, 19, 39, 41, 57, 8, 25, 53, 63, 23, 44]],
[241, [20, 21, 2, 10, 32, 52, 15, 38, 19, 39, 41, 57, 26, 48, 53, 63, 45, 60]],
[241, [20, 21, 11, 12, 30, 31, 3, 16, 4, 17, 18, 40, 8, 25, 53, 63, 45, 60]],
[241, [20, 21, 11, 12, 30, 31, 3, 16, 4, 17, 18, 40, 26, 48, 53, 63, 23, 44]],
[241, [20, 21, 11, 12, 30, 31, 3, 16, 4, 18, 39, 57, 8, 25, 33, 54, 45, 60]],
[241, [20, 21, 11, 12, 30, 31, 3, 16, 4, 18, 39, 57, 26, 48, 33, 54, 23, 44]],
[241, [20, 21, 11, 12, 30, 31, 3, 16, 17, 19, 40, 41, 8, 25, 53, 63, 23, 44]],
[241, [20, 21, 11, 12, 30, 31, 3, 16, 17, 19, 40, 41, 26, 48, 53, 63, 45, 60]],
[241, [20, 21, 11, 12, 30, 31, 3, 16, 19, 39, 41, 57, 8, 25, 33, 54, 23, 44]],
[241, [20, 21, 11, 12, 30, 31, 3, 16, 19, 39, 41, 57, 26, 48, 33, 54, 45, 60]],
[241, [20, 21, 11, 12, 30, 31, 15, 38, 4, 17, 18, 40, 8, 25, 33, 54, 45, 60]],
[241, [20, 21, 11, 12, 30, 31, 15, 38, 4, 17, 18, 40, 26, 48, 33, 54, 23, 44]],
[241, [20, 21, 11, 12, 30, 31, 15, 38, 4, 18, 39, 57, 8, 25, 53, 63, 45, 60]],
[241, [20, 21, 11, 12, 30, 31, 15, 38, 4, 18, 39, 57, 26, 48, 53, 63, 23, 44]],
[241, [20, 21, 11, 12, 30, 31, 15, 38, 17, 19, 40, 41, 8, 25, 33, 54, 23, 44]],
[241, [20, 21, 11, 12, 30, 31, 15, 38, 17, 19, 40, 41, 26, 48, 33, 54, 45, 60]],
[241, [20, 21, 11, 12, 30, 31, 15, 38, 19, 39, 41, 57, 8, 25, 53, 63, 23, 44]],
[241, [20, 21, 11, 12, 30, 31, 15, 38, 19, 39, 41, 57, 26, 48, 53, 63, 45, 60]],
[241, [21, 42, 2, 10, 12, 52, 3, 38, 4, 17, 18, 39, 24, 61, 33, 54, 58, 64]],
[241, [21, 42, 2, 10, 12, 52, 3, 38, 4, 17, 18, 39, 24, 61, 53, 63, 43, 59]],
[241, [21, 42, 2, 10, 12, 52, 3, 38, 19, 40, 41, 57, 24, 61, 33, 54, 58, 64]],
[241, [21, 42, 2, 10, 12, 52, 3, 38, 19, 40, 41, 57, 24, 61, 53, 63, 43, 59]],
[241, [21, 42, 2, 10, 12, 52, 15, 16, 4, 17, 18, 39, 46, 47, 33, 54, 58, 64]],
[241, [21, 42, 2, 10, 12, 52, 15, 16, 4, 17, 18, 39, 46, 47, 53, 63, 43, 59]],
[241, [21, 42, 2, 10, 12, 52, 15, 16, 19, 40, 41, 57, 46, 47, 33, 54, 58, 64]],
[241, [21, 42, 2, 10, 12, 52, 15, 16, 19, 40, 41, 57, 46, 47, 53, 63, 43, 59]],
[241, [21, 42, 2, 12, 30, 31, 3, 38, 4, 17, 18, 39, 46, 47, 33, 54, 58, 64]],
[241, [21, 42, 2, 12, 30, 31, 3, 38, 4, 17, 18, 39, 46, 47, 53, 63, 43, 59]],
[241, [21, 42, 2, 12, 30, 31, 3, 38, 19, 40, 41, 57, 46, 47, 33, 54, 58, 64]],
[241, [21, 42, 2, 12, 30, 31, 3, 38, 19, 40, 41, 57, 46, 47, 53, 63, 43, 59]],
[241, [21, 42, 2, 12, 30, 31, 15, 16, 4, 17, 18, 39, 24, 61, 33, 54, 58, 64]],
[241, [21, 42, 2, 12, 30, 31, 15, 16, 4, 17, 18, 39, 24, 61, 53, 63, 43, 59]],
[241, [21, 42, 2, 12, 30, 31, 15, 16, 19, 40, 41, 57, 24, 61, 33, 54, 58, 64]],
[241, [21, 42, 2, 12, 30, 31, 15, 16, 19, 40, 41, 57, 24, 61, 53, 63, 43, 59]],
[241, [21, 42, 10, 11, 32, 52, 3, 38, 4, 17, 18, 39, 24, 61, 33, 54, 43, 59]],
[241, [21, 42, 10, 11, 32, 52, 3, 38, 4, 17, 18, 39, 24, 61, 53, 63, 58, 64]],
[241, [21, 42, 10, 11, 32, 52, 3, 38, 19, 40, 41, 57, 24, 61, 33, 54, 43, 59]],
[241, [21, 42, 10, 11, 32, 52, 3, 38, 19, 40, 41, 57, 24, 61, 53, 63, 58, 64]],
[241, [21, 42, 10, 11, 32, 52, 15, 16, 4, 17, 18, 39, 46, 47, 33, 54, 43, 59]],
[241, [21, 42, 10, 11, 32, 52, 15, 16, 4, 17, 18, 39, 46, 47, 53, 63, 58, 64]],
[241, [21, 42, 10, 11, 32, 52, 15, 16, 19, 40, 41, 57, 46, 47, 33, 54, 43, 59]],
[241, [21, 42, 10, 11, 32, 52, 15, 16, 19, 40, 41, 57, 46, 47, 53, 63, 58, 64]],
[241, [21, 42, 11, 30, 31, 32, 3, 38, 4, 17, 18, 39, 46, 47, 33, 54, 43, 59]],
[241, [21, 42, 11, 30, 31, 32, 3, 38, 4, 17, 18, 39, 46, 47, 53, 63, 58, 64]],
[241, [21, 42, 11, 30, 31, 32, 3, 38, 19, 40, 41, 57, 46, 47, 33, 54, 43, 59]],
[241, [21, 42, 11, 30, 31, 32, 3, 38, 19, 40, 41, 57, 46, 47, 53, 63, 58, 64]],
[241, [21, 42, 11, 30, 31, 32, 15, 16, 4, 17, 18, 39, 24, 61, 33, 54, 43, 59]],
[241, [21, 42, 11, 30, 31, 32, 15, 16, 4, 17, 18, 39, 24, 61, 53, 63, 58, 64]],
[241, [21, 42, 11, 30, 31, 32, 15, 16, 19, 40, 41, 57, 24, 61, 33, 54, 43, 59]],
[241, [21, 42, 11, 30, 31, 32, 15, 16, 19, 40, 41, 57, 24, 61, 53, 63, 58, 64]],
[241, [5, 42, 2, 30, 31, 32, 3, 14, 16, 36, 17, 40, 27, 49, 53, 63, 23, 44]],
[241, [5, 42, 2, 30, 31, 32, 3, 14, 16, 36, 17, 40, 50, 62, 53, 63, 45, 60]],
[241, [5, 42, 2, 30, 31, 32, 3, 14, 16, 36, 39, 57, 27, 49, 33, 54, 23, 44]],
[241, [5, 42, 2, 30, 31, 32, 3, 14, 16, 36, 39, 57, 50, 62, 33, 54, 45, 60]],
[241, [5, 42, 2, 30, 31, 32, 3, 16, 37, 56, 17, 40, 27, 49, 53, 63, 45, 60]],
[241, [5, 42, 2, 30, 31, 32, 3, 16, 37, 56, 17, 40, 50, 62, 53, 63, 23, 44]],
[241, [5, 42, 2, 30, 31, 32, 3, 16, 37, 56, 39, 57, 27, 49, 33, 54, 45, 60]],
[241, [5, 42, 2, 30, 31, 32, 3, 16, 37, 56, 39, 57, 50, 62, 33, 54, 23, 44]],
[241, [5, 42, 2, 30, 31, 32, 14, 15, 36, 38, 17, 40, 27, 49, 33, 54, 23, 44]],
[241, [5, 42, 2, 30, 31, 32, 14, 15, 36, 38, 17, 40, 50, 62, 33, 54, 45, 60]],
[241, [5, 42, 2, 30, 31, 32, 14, 15, 36, 38, 39, 57, 27, 49, 53, 63, 23, 44]],
[241, [5, 42, 2, 30, 31, 32, 14, 15, 36, 38, 39, 57, 50, 62, 53, 63, 45, 60]],
[241, [5, 42, 2, 30, 31, 32, 15, 37, 38, 56, 17, 40, 27, 49, 33, 54, 45, 60]],
[241, [5, 42, 2, 30, 31, 32, 15, 37, 38, 56, 17, 40, 50, 62, 33, 54, 23, 44]],
[241, [5, 42, 2, 30, 31, 32, 15, 37, 38, 56, 39, 57, 27, 49, 53, 63, 45, 60]],
[241, [5, 42, 2, 30, 31, 32, 15, 37, 38, 56, 39, 57, 50, 62, 53, 63, 23, 44]],
[241, [5, 42, 10, 11, 12, 52, 3, 14, 16, 36, 17, 40, 27, 49, 53, 63, 23, 44]],
[241, [5, 42, 10, 11, 12, 52, 3, 14, 16, 36, 17, 40, 50, 62, 53, 63, 45, 60]],
[241, [5, 42, 10, 11, 12, 52, 3, 14, 16, 36, 39, 57, 27, 49, 33, 54, 23, 44]],
[241, [5, 42, 10, 11, 12, 52, 3, 14, 16, 36, 39, 57, 50, 62, 33, 54, 45, 60]],
[241, [5, 42, 10, 11, 12, 52, 3, 16, 37, 56, 17, 40, 27, 49, 53, 63, 45, 60]],
[241, [5, 42, 10, 11, 12, 52, 3, 16, 37, 56, 17, 40, 50, 62, 53, 63, 23, 44]],
[241, [5, 42, 10, 11, 12, 52, 3, 16, 37, 56, 39, 57, 27, 49, 33, 54, 45, 60]],
[241, [5, 42, 10, 11, 12, 52, 3, 16, 37, 56, 39, 57, 50, 62, 33, 54, 23, 44]],
[241, [5, 42, 10, 11, 12, 52, 14, 15, 36, 38, 17, 40, 27, 49, 33, 54, 23, 44]],
[241, [5, 42, 10, 11, 12, 52, 14, 15, 36, 38, 17, 40, 50, 62, 33, 54, 45, 60]],
[241, [5, 42, 10, 11, 12, 52, 14, 15, 36, 38, 39, 57, 27, 49, 53, 63, 23, 44]],
[241, [5, 42, 10, 11, 12, 52, 14, 15, 36, 38, 39, 57, 50, 62, 53, 63, 45, 60]],
[241, [5, 42, 10, 11, 12, 52, 15, 37, 38, 56, 17, 40, 27, 49, 33, 54, 45, 60]],
[241, [5, 42, 10, 11, 12, 52, 15, 37, 38, 56, 17, 40, 50, 62, 33, 54, 23, 44]],
[241, [5, 42, 10, 11, 12, 52, 15, 37, 38, 56, 39, 57, 27, 49, 53, 63, 45, 60]],
[241, [5, 42, 10, 11, 12, 52, 15, 37, 38, 56, 39, 57, 50, 62, 53, 63, 23, 44]],
[241, [20, 21, 2, 10, 32, 52, 3, 14, 16, 36, 17, 40, 27, 49, 53, 63, 23, 44]],
[241, [20, 21, 2, 10, 32, 52, 3, 14, 16, 36, 17, 40, 50, 62, 53, 63, 45, 60]],
[241, [20, 21, 2, 10, 32, 52, 3, 14, 16, 36, 39, 57, 27, 49, 33, 54, 23, 44]],
[241, [20, 21, 2, 10, 32, 52, 3, 14, 16, 36, 39, 57, 50, 62, 33, 54, 45, 60]],
[241, [20, 21, 2, 10, 32, 52, 3, 16, 37, 56, 17, 40, 27, 49, 53, 63, 45, 60]],
[241, [20, 21, 2, 10, 32, 52, 3, 16, 37, 56, 17, 40, 50, 62, 53, 63, 23, 44]],
[241, [20, 21, 2, 10, 32, 52, 3, 16, 37, 56, 39, 57, 27, 49, 33, 54, 45, 60]],
[241, [20, 21, 2, 10, 32, 52, 3, 16, 37, 56, 39, 57, 50, 62, 33, 54, 23, 44]],
[241, [20, 21, 2, 10, 32, 52, 14, 15, 36, 38, 17, 40, 27, 49, 33, 54, 23, 44]],
[241, [20, 21, 2, 10, 32, 52, 14, 15, 36, 38, 17, 40, 50, 62, 33, 54, 45, 60]],
[241, [20, 21, 2, 10, 32, 52, 14, 15, 36, 38, 39, 57, 27, 49, 53, 63, 23, 44]],
[241, [20, 21, 2, 10, 32, 52, 14, 15, 36, 38, 39, 57, 50, 62, 53, 63, 45, 60]],
[241, [20, 21, 2, 10, 32, 52, 15, 37, 38, 56, 17, 40, 27, 49, 33, 54, 45, 60]],
[241, [20, 21, 2, 10, 32, 52, 15, 37, 38, 56, 17, 40, 50, 62, 33, 54, 23, 44]],
[241, [20, 21, 2, 10, 32, 52, 15, 37, 38, 56, 39, 57, 27, 49, 53, 63, 45, 60]],
[241, [20, 21, 2, 10, 32, 52, 15, 37, 38, 56, 39, 57, 50, 62, 53, 63, 23, 44]],
[241, [20, 21, 11, 12, 30, 31, 3, 14, 16, 36, 17, 40, 27, 49, 53, 63, 23, 44]],
[241, [20, 21, 11, 12, 30, 31, 3, 14, 16, 36, 17, 40, 50, 62, 53, 63, 45, 60]],
[241, [20, 21, 11, 12, 30, 31, 3, 14, 16, 36, 39, 57, 27, 49, 33, 54, 23, 44]],
[241, [20, 21, 11, 12, 30, 31, 3, 14, 16, 36, 39, 57, 50, 62, 33, 54, 45, 60]],
[241, [20, 21, 11, 12, 30, 31, 3, 16, 37, 56, 17, 40, 27, 49, 53, 63, 45, 60]],
[241, [20, 21, 11, 12, 30, 31, 3, 16, 37, 56, 17, 40, 50, 62, 53, 63, 23, 44]],
[241, [20, 21, 11, 12, 30, 31, 3, 16, 37, 56, 39, 57, 27, 49, 33, 54, 45, 60]],
[241, [20, 21, 11, 12, 30, 31, 3, 16, 37, 56, 39, 57, 50, 62, 33, 54, 23, 44]],
[241, [20, 21, 11, 12, 30, 31, 14, 15, 36, 38, 17, 40, 27, 49, 33, 54, 23, 44]],
[241, [20, 21, 11, 12, 30, 31, 14, 15, 36, 38, 17, 40, 50, 62, 33, 54, 45, 60]],
[241, [20, 21, 11, 12, 30, 31, 14, 15, 36, 38, 39, 57, 27, 49, 53, 63, 23, 44]],
[241, [20, 21, 11, 12, 30, 31, 14, 15, 36, 38, 39, 57, 50, 62, 53, 63, 45, 60]],
[241, [20, 21, 11, 12, 30, 31, 15, 37, 38, 56, 17, 40, 27, 49, 33, 54, 45, 60]],
[241, [20, 21, 11, 12, 30, 31, 15, 37, 38, 56, 17, 40, 50, 62, 33, 54, 23, 44]],
[241, [20, 21, 11, 12, 30, 31, 15, 37, 38, 56, 39, 57, 27, 49, 53, 63, 45, 60]],
[241, [20, 21, 11, 12, 30, 31, 15, 37, 38, 56, 39, 57, 50, 62, 53, 63, 23, 44]]];
