pds_list := [[90, [2, 11, 3, 14, 18, 41, 25, 47, 27, 62, 13, 54, 43, 44, 45, 59, 60, 64]],
[90, [2, 11, 3, 14, 18, 41, 25, 47, 49, 50, 33, 35, 23, 43, 44, 58, 59, 60]],
[90, [2, 11, 3, 37, 18, 41, 26, 61, 27, 62, 13, 33, 23, 44, 45, 58, 59, 64]],
[90, [2, 11, 3, 37, 18, 41, 26, 61, 49, 50, 35, 54, 23, 43, 45, 58, 60, 64]],
[90, [2, 11, 14, 16, 18, 41, 8, 46, 27, 62, 35, 54, 23, 43, 45, 58, 60, 64]],
[90, [2, 11, 14, 16, 18, 41, 8, 46, 49, 50, 13, 33, 23, 44, 45, 58, 59, 64]],
[90, [2, 11, 16, 37, 18, 41, 24, 48, 27, 62, 33, 35, 23, 43, 44, 58, 59, 60]],
[90, [2, 11, 16, 37, 18, 41, 24, 48, 49, 50, 13, 54, 43, 44, 45, 59, 60, 64]],
[90, [10, 52, 3, 14, 18, 41, 26, 61, 9, 28, 13, 54, 23, 44, 45, 58, 59, 64]],
[90, [10, 52, 3, 14, 18, 41, 26, 61, 29, 51, 33, 35, 23, 43, 45, 58, 60, 64]],
[90, [10, 52, 3, 37, 18, 41, 25, 47, 9, 28, 13, 33, 43, 44, 45, 59, 60, 64]],
[90, [10, 52, 3, 37, 18, 41, 25, 47, 29, 51, 35, 54, 23, 43, 44, 58, 59, 60]],
[90, [10, 52, 14, 16, 18, 41, 24, 48, 9, 28, 35, 54, 23, 43, 44, 58, 59, 60]],
[90, [10, 52, 14, 16, 18, 41, 24, 48, 29, 51, 13, 33, 43, 44, 45, 59, 60, 64]],
[90, [10, 52, 16, 37, 18, 41, 8, 46, 9, 28, 33, 35, 23, 43, 45, 58, 60, 64]],
[90, [10, 52, 16, 37, 18, 41, 8, 46, 29, 51, 13, 54, 23, 44, 45, 58, 59, 64]],
[90, [12, 32, 3, 14, 18, 41, 24, 48, 27, 62, 33, 35, 43, 44, 45, 59, 60, 64]],
[90, [12, 32, 3, 14, 18, 41, 24, 48, 49, 50, 13, 54, 23, 43, 44, 58, 59, 60]],
[90, [12, 32, 3, 37, 18, 41, 8, 46, 27, 62, 35, 54, 23, 44, 45, 58, 59, 64]],
[90, [12, 32, 3, 37, 18, 41, 8, 46, 49, 50, 13, 33, 23, 43, 45, 58, 60, 64]],
[90, [12, 32, 14, 16, 18, 41, 26, 61, 27, 62, 13, 33, 23, 43, 45, 58, 60, 64]],
[90, [12, 32, 14, 16, 18, 41, 26, 61, 49, 50, 35, 54, 23, 44, 45, 58, 59, 64]],
[90, [12, 32, 16, 37, 18, 41, 25, 47, 27, 62, 13, 54, 23, 43, 44, 58, 59, 60]],
[90, [12, 32, 16, 37, 18, 41, 25, 47, 49, 50, 33, 35, 43, 44, 45, 59, 60, 64]],
[90, [30, 31, 3, 14, 18, 41, 8, 46, 9, 28, 33, 35, 23, 44, 45, 58, 59, 64]],
[90, [30, 31, 3, 14, 18, 41, 8, 46, 29, 51, 13, 54, 23, 43, 45, 58, 60, 64]],
[90, [30, 31, 3, 37, 18, 41, 24, 48, 9, 28, 35, 54, 43, 44, 45, 59, 60, 64]],
[90, [30, 31, 3, 37, 18, 41, 24, 48, 29, 51, 13, 33, 23, 43, 44, 58, 59, 60]],
[90, [30, 31, 14, 16, 18, 41, 25, 47, 9, 28, 13, 33, 23, 43, 44, 58, 59, 60]],
[90, [30, 31, 14, 16, 18, 41, 25, 47, 29, 51, 35, 54, 43, 44, 45, 59, 60, 64]],
[90, [30, 31, 16, 37, 18, 41, 26, 61, 9, 28, 13, 54, 23, 43, 45, 58, 60, 64]],
[90, [30, 31, 16, 37, 18, 41, 26, 61, 29, 51, 33, 35, 23, 44, 45, 58, 59, 64]],
[90, [2, 11, 3, 14, 4, 19, 25, 47, 27, 62, 13, 34, 53, 54, 55, 63, 45, 64]],
[90, [2, 11, 3, 14, 4, 19, 25, 47, 49, 50, 33, 34, 35, 53, 55, 63, 23, 58]],
[90, [2, 11, 3, 37, 4, 19, 26, 61, 27, 62, 13, 33, 34, 53, 55, 63, 44, 59]],
[90, [2, 11, 3, 37, 4, 19, 26, 61, 49, 50, 34, 35, 53, 54, 55, 63, 43, 60]],
[90, [2, 11, 14, 16, 4, 19, 8, 46, 27, 62, 34, 35, 53, 54, 55, 63, 43, 60]],
[90, [2, 11, 14, 16, 4, 19, 8, 46, 49, 50, 13, 33, 34, 53, 55, 63, 44, 59]],
[90, [2, 11, 16, 37, 4, 19, 24, 48, 27, 62, 33, 34, 35, 53, 55, 63, 23, 58]],
[90, [2, 11, 16, 37, 4, 19, 24, 48, 49, 50, 13, 34, 53, 54, 55, 63, 45, 64]],
[90, [10, 52, 3, 14, 4, 19, 26, 61, 9, 28, 13, 34, 53, 54, 55, 63, 44, 59]],
[90, [10, 52, 3, 14, 4, 19, 26, 61, 29, 51, 33, 34, 35, 53, 55, 63, 43, 60]],
[90, [10, 52, 3, 37, 4, 19, 25, 47, 9, 28, 13, 33, 34, 53, 55, 63, 45, 64]],
[90, [10, 52, 3, 37, 4, 19, 25, 47, 29, 51, 34, 35, 53, 54, 55, 63, 23, 58]],
[90, [10, 52, 14, 16, 4, 19, 24, 48, 9, 28, 34, 35, 53, 54, 55, 63, 23, 58]],
[90, [10, 52, 14, 16, 4, 19, 24, 48, 29, 51, 13, 33, 34, 53, 55, 63, 45, 64]],
[90, [10, 52, 16, 37, 4, 19, 8, 46, 9, 28, 33, 34, 35, 53, 55, 63, 43, 60]],
[90, [10, 52, 16, 37, 4, 19, 8, 46, 29, 51, 13, 34, 53, 54, 55, 63, 44, 59]],
[90, [12, 32, 3, 14, 4, 19, 24, 48, 27, 62, 33, 34, 35, 53, 55, 63, 45, 64]],
[90, [12, 32, 3, 14, 4, 19, 24, 48, 49, 50, 13, 34, 53, 54, 55, 63, 23, 58]],
[90, [12, 32, 3, 37, 4, 19, 8, 46, 27, 62, 34, 35, 53, 54, 55, 63, 44, 59]],
[90, [12, 32, 3, 37, 4, 19, 8, 46, 49, 50, 13, 33, 34, 53, 55, 63, 43, 60]],
[90, [12, 32, 14, 16, 4, 19, 26, 61, 27, 62, 13, 33, 34, 53, 55, 63, 43, 60]],
[90, [12, 32, 14, 16, 4, 19, 26, 61, 49, 50, 34, 35, 53, 54, 55, 63, 44, 59]],
[90, [12, 32, 16, 37, 4, 19, 25, 47, 27, 62, 13, 34, 53, 54, 55, 63, 23, 58]],
[90, [12, 32, 16, 37, 4, 19, 25, 47, 49, 50, 33, 34, 35, 53, 55, 63, 45, 64]],
[90, [30, 31, 3, 14, 4, 19, 8, 46, 9, 28, 33, 34, 35, 53, 55, 63, 44, 59]],
[90, [30, 31, 3, 14, 4, 19, 8, 46, 29, 51, 13, 34, 53, 54, 55, 63, 43, 60]],
[90, [30, 31, 3, 37, 4, 19, 24, 48, 9, 28, 34, 35, 53, 54, 55, 63, 45, 64]],
[90, [30, 31, 3, 37, 4, 19, 24, 48, 29, 51, 13, 33, 34, 53, 55, 63, 23, 58]],
[90, [30, 31, 14, 16, 4, 19, 25, 47, 9, 28, 13, 33, 34, 53, 55, 63, 23, 58]],
[90, [30, 31, 14, 16, 4, 19, 25, 47, 29, 51, 34, 35, 53, 54, 55, 63, 45, 64]],
[90, [30, 31, 16, 37, 4, 19, 26, 61, 9, 28, 13, 34, 53, 54, 55, 63, 43, 60]],
[90, [30, 31, 16, 37, 4, 19, 26, 61, 29, 51, 33, 34, 35, 53, 55, 63, 44, 59]],
[90, [2, 11, 3, 14, 39, 57, 25, 47, 9, 27, 28, 29, 51, 62, 13, 54, 45, 64]],
[90, [2, 11, 3, 14, 39, 57, 25, 47, 9, 28, 29, 49, 50, 51, 33, 35, 23, 58]],
[90, [2, 11, 3, 37, 39, 57, 26, 61, 9, 27, 28, 29, 51, 62, 13, 33, 44, 59]],
[90, [2, 11, 3, 37, 39, 57, 26, 61, 9, 28, 29, 49, 50, 51, 35, 54, 43, 60]],
[90, [2, 11, 14, 16, 39, 57, 8, 46, 9, 27, 28, 29, 51, 62, 35, 54, 43, 60]],
[90, [2, 11, 14, 16, 39, 57, 8, 46, 9, 28, 29, 49, 50, 51, 13, 33, 44, 59]],
[90, [2, 11, 16, 37, 39, 57, 24, 48, 9, 27, 28, 29, 51, 62, 33, 35, 23, 58]],
[90, [2, 11, 16, 37, 39, 57, 24, 48, 9, 28, 29, 49, 50, 51, 13, 54, 45, 64]],
[90, [10, 52, 3, 14, 39, 57, 26, 61, 9, 27, 28, 49, 50, 62, 13, 54, 44, 59]],
[90, [10, 52, 3, 14, 39, 57, 26, 61, 27, 29, 49, 50, 51, 62, 33, 35, 43, 60]],
[90, [10, 52, 3, 37, 39, 57, 25, 47, 9, 27, 28, 49, 50, 62, 13, 33, 45, 64]],
[90, [10, 52, 3, 37, 39, 57, 25, 47, 27, 29, 49, 50, 51, 62, 35, 54, 23, 58]],
[90, [10, 52, 14, 16, 39, 57, 24, 48, 9, 27, 28, 49, 50, 62, 35, 54, 23, 58]],
[90, [10, 52, 14, 16, 39, 57, 24, 48, 27, 29, 49, 50, 51, 62, 13, 33, 45, 64]],
[90, [10, 52, 16, 37, 39, 57, 8, 46, 9, 27, 28, 49, 50, 62, 33, 35, 43, 60]],
[90, [10, 52, 16, 37, 39, 57, 8, 46, 27, 29, 49, 50, 51, 62, 13, 54, 44, 59]],
[90, [12, 32, 3, 14, 39, 57, 24, 48, 9, 27, 28, 29, 51, 62, 33, 35, 45, 64]],
[90, [12, 32, 3, 14, 39, 57, 24, 48, 9, 28, 29, 49, 50, 51, 13, 54, 23, 58]],
[90, [12, 32, 3, 37, 39, 57, 8, 46, 9, 27, 28, 29, 51, 62, 35, 54, 44, 59]],
[90, [12, 32, 3, 37, 39, 57, 8, 46, 9, 28, 29, 49, 50, 51, 13, 33, 43, 60]],
[90, [12, 32, 14, 16, 39, 57, 26, 61, 9, 27, 28, 29, 51, 62, 13, 33, 43, 60]],
[90, [12, 32, 14, 16, 39, 57, 26, 61, 9, 28, 29, 49, 50, 51, 35, 54, 44, 59]],
[90, [12, 32, 16, 37, 39, 57, 25, 47, 9, 27, 28, 29, 51, 62, 13, 54, 23, 58]],
[90, [12, 32, 16, 37, 39, 57, 25, 47, 9, 28, 29, 49, 50, 51, 33, 35, 45, 64]],
[90, [30, 31, 3, 14, 39, 57, 8, 46, 9, 27, 28, 49, 50, 62, 33, 35, 44, 59]],
[90, [30, 31, 3, 14, 39, 57, 8, 46, 27, 29, 49, 50, 51, 62, 13, 54, 43, 60]],
[90, [30, 31, 3, 37, 39, 57, 24, 48, 9, 27, 28, 49, 50, 62, 35, 54, 45, 64]],
[90, [30, 31, 3, 37, 39, 57, 24, 48, 27, 29, 49, 50, 51, 62, 13, 33, 23, 58]],
[90, [30, 31, 14, 16, 39, 57, 25, 47, 9, 27, 28, 49, 50, 62, 13, 33, 23, 58]],
[90, [30, 31, 14, 16, 39, 57, 25, 47, 27, 29, 49, 50, 51, 62, 35, 54, 45, 64]],
[90, [30, 31, 16, 37, 39, 57, 26, 61, 9, 27, 28, 49, 50, 62, 13, 54, 43, 60]],
[90, [30, 31, 16, 37, 39, 57, 26, 61, 27, 29, 49, 50, 51, 62, 33, 35, 44, 59]],
[90, [2, 11, 3, 14, 18, 41, 8, 25, 26, 46, 47, 61, 27, 62, 13, 54, 45, 64]],
[90, [2, 11, 3, 14, 18, 41, 8, 25, 26, 46, 47, 61, 49, 50, 33, 35, 23, 58]],
[90, [2, 11, 3, 37, 18, 41, 24, 25, 26, 47, 48, 61, 27, 62, 13, 33, 44, 59]],
[90, [2, 11, 3, 37, 18, 41, 24, 25, 26, 47, 48, 61, 49, 50, 35, 54, 43, 60]],
[90, [2, 11, 14, 16, 18, 41, 8, 24, 25, 46, 47, 48, 27, 62, 35, 54, 43, 60]],
[90, [2, 11, 14, 16, 18, 41, 8, 24, 25, 46, 47, 48, 49, 50, 13, 33, 44, 59]],
[90, [2, 11, 16, 37, 18, 41, 8, 24, 26, 46, 48, 61, 27, 62, 33, 35, 23, 58]],
[90, [2, 11, 16, 37, 18, 41, 8, 24, 26, 46, 48, 61, 49, 50, 13, 54, 45, 64]],
[90, [10, 52, 3, 14, 18, 41, 24, 25, 26, 47, 48, 61, 9, 28, 13, 54, 44, 59]],
[90, [10, 52, 3, 14, 18, 41, 24, 25, 26, 47, 48, 61, 29, 51, 33, 35, 43, 60]],
[90, [10, 52, 3, 37, 18, 41, 8, 25, 26, 46, 47, 61, 9, 28, 13, 33, 45, 64]],
[90, [10, 52, 3, 37, 18, 41, 8, 25, 26, 46, 47, 61, 29, 51, 35, 54, 23, 58]],
[90, [10, 52, 14, 16, 18, 41, 8, 24, 26, 46, 48, 61, 9, 28, 35, 54, 23, 58]],
[90, [10, 52, 14, 16, 18, 41, 8, 24, 26, 46, 48, 61, 29, 51, 13, 33, 45, 64]],
[90, [10, 52, 16, 37, 18, 41, 8, 24, 25, 46, 47, 48, 9, 28, 33, 35, 43, 60]],
[90, [10, 52, 16, 37, 18, 41, 8, 24, 25, 46, 47, 48, 29, 51, 13, 54, 44, 59]],
[90, [12, 32, 3, 14, 18, 41, 8, 24, 26, 46, 48, 61, 27, 62, 33, 35, 45, 64]],
[90, [12, 32, 3, 14, 18, 41, 8, 24, 26, 46, 48, 61, 49, 50, 13, 54, 23, 58]],
[90, [12, 32, 3, 37, 18, 41, 8, 24, 25, 46, 47, 48, 27, 62, 35, 54, 44, 59]],
[90, [12, 32, 3, 37, 18, 41, 8, 24, 25, 46, 47, 48, 49, 50, 13, 33, 43, 60]],
[90, [12, 32, 14, 16, 18, 41, 24, 25, 26, 47, 48, 61, 27, 62, 13, 33, 43, 60]],
[90, [12, 32, 14, 16, 18, 41, 24, 25, 26, 47, 48, 61, 49, 50, 35, 54, 44, 59]],
[90, [12, 32, 16, 37, 18, 41, 8, 25, 26, 46, 47, 61, 27, 62, 13, 54, 23, 58]],
[90, [12, 32, 16, 37, 18, 41, 8, 25, 26, 46, 47, 61, 49, 50, 33, 35, 45, 64]],
[90, [30, 31, 3, 14, 18, 41, 8, 24, 25, 46, 47, 48, 9, 28, 33, 35, 44, 59]],
[90, [30, 31, 3, 14, 18, 41, 8, 24, 25, 46, 47, 48, 29, 51, 13, 54, 43, 60]],
[90, [30, 31, 3, 37, 18, 41, 8, 24, 26, 46, 48, 61, 9, 28, 35, 54, 45, 64]],
[90, [30, 31, 3, 37, 18, 41, 8, 24, 26, 46, 48, 61, 29, 51, 13, 33, 23, 58]],
[90, [30, 31, 14, 16, 18, 41, 8, 25, 26, 46, 47, 61, 9, 28, 13, 33, 23, 58]],
[90, [30, 31, 14, 16, 18, 41, 8, 25, 26, 46, 47, 61, 29, 51, 35, 54, 45, 64]],
[90, [30, 31, 16, 37, 18, 41, 24, 25, 26, 47, 48, 61, 9, 28, 13, 54, 43, 60]],
[90, [30, 31, 16, 37, 18, 41, 24, 25, 26, 47, 48, 61, 29, 51, 33, 35, 44, 59]],
[90, [2, 11, 3, 14, 4, 18, 19, 39, 41, 57, 25, 47, 27, 62, 13, 54, 45, 64]],
[90, [2, 11, 3, 14, 4, 18, 19, 39, 41, 57, 25, 47, 49, 50, 33, 35, 23, 58]],
[90, [2, 11, 3, 37, 4, 18, 19, 39, 41, 57, 26, 61, 27, 62, 13, 33, 44, 59]],
[90, [2, 11, 3, 37, 4, 18, 19, 39, 41, 57, 26, 61, 49, 50, 35, 54, 43, 60]],
[90, [2, 11, 14, 16, 4, 18, 19, 39, 41, 57, 8, 46, 27, 62, 35, 54, 43, 60]],
[90, [2, 11, 14, 16, 4, 18, 19, 39, 41, 57, 8, 46, 49, 50, 13, 33, 44, 59]],
[90, [2, 11, 16, 37, 4, 18, 19, 39, 41, 57, 24, 48, 27, 62, 33, 35, 23, 58]],
[90, [2, 11, 16, 37, 4, 18, 19, 39, 41, 57, 24, 48, 49, 50, 13, 54, 45, 64]],
[90, [10, 52, 3, 14, 4, 18, 19, 39, 41, 57, 26, 61, 9, 28, 13, 54, 44, 59]],
[90, [10, 52, 3, 14, 4, 18, 19, 39, 41, 57, 26, 61, 29, 51, 33, 35, 43, 60]],
[90, [10, 52, 3, 37, 4, 18, 19, 39, 41, 57, 25, 47, 9, 28, 13, 33, 45, 64]],
[90, [10, 52, 3, 37, 4, 18, 19, 39, 41, 57, 25, 47, 29, 51, 35, 54, 23, 58]],
[90, [10, 52, 14, 16, 4, 18, 19, 39, 41, 57, 24, 48, 9, 28, 35, 54, 23, 58]],
[90, [10, 52, 14, 16, 4, 18, 19, 39, 41, 57, 24, 48, 29, 51, 13, 33, 45, 64]],
[90, [10, 52, 16, 37, 4, 18, 19, 39, 41, 57, 8, 46, 9, 28, 33, 35, 43, 60]],
[90, [10, 52, 16, 37, 4, 18, 19, 39, 41, 57, 8, 46, 29, 51, 13, 54, 44, 59]],
[90, [12, 32, 3, 14, 4, 18, 19, 39, 41, 57, 24, 48, 27, 62, 33, 35, 45, 64]],
[90, [12, 32, 3, 14, 4, 18, 19, 39, 41, 57, 24, 48, 49, 50, 13, 54, 23, 58]],
[90, [12, 32, 3, 37, 4, 18, 19, 39, 41, 57, 8, 46, 27, 62, 35, 54, 44, 59]],
[90, [12, 32, 3, 37, 4, 18, 19, 39, 41, 57, 8, 46, 49, 50, 13, 33, 43, 60]],
[90, [12, 32, 14, 16, 4, 18, 19, 39, 41, 57, 26, 61, 27, 62, 13, 33, 43, 60]],
[90, [12, 32, 14, 16, 4, 18, 19, 39, 41, 57, 26, 61, 49, 50, 35, 54, 44, 59]],
[90, [12, 32, 16, 37, 4, 18, 19, 39, 41, 57, 25, 47, 27, 62, 13, 54, 23, 58]],
[90, [12, 32, 16, 37, 4, 18, 19, 39, 41, 57, 25, 47, 49, 50, 33, 35, 45, 64]],
[90, [30, 31, 3, 14, 4, 18, 19, 39, 41, 57, 8, 46, 9, 28, 33, 35, 44, 59]],
[90, [30, 31, 3, 14, 4, 18, 19, 39, 41, 57, 8, 46, 29, 51, 13, 54, 43, 60]],
[90, [30, 31, 3, 37, 4, 18, 19, 39, 41, 57, 24, 48, 9, 28, 35, 54, 45, 64]],
[90, [30, 31, 3, 37, 4, 18, 19, 39, 41, 57, 24, 48, 29, 51, 13, 33, 23, 58]],
[90, [30, 31, 14, 16, 4, 18, 19, 39, 41, 57, 25, 47, 9, 28, 13, 33, 23, 58]],
[90, [30, 31, 14, 16, 4, 18, 19, 39, 41, 57, 25, 47, 29, 51, 35, 54, 45, 64]],
[90, [30, 31, 16, 37, 4, 18, 19, 39, 41, 57, 26, 61, 9, 28, 13, 54, 43, 60]],
[90, [30, 31, 16, 37, 4, 18, 19, 39, 41, 57, 26, 61, 29, 51, 33, 35, 44, 59]],
[90, [2, 11, 3, 14, 15, 36, 38, 56, 4, 19, 25, 47, 27, 62, 13, 54, 45, 64]],
[90, [2, 11, 3, 14, 15, 36, 38, 56, 4, 19, 25, 47, 49, 50, 33, 35, 23, 58]],
[90, [2, 11, 3, 15, 36, 37, 38, 56, 4, 19, 26, 61, 27, 62, 13, 33, 44, 59]],
[90, [2, 11, 3, 15, 36, 37, 38, 56, 4, 19, 26, 61, 49, 50, 35, 54, 43, 60]],
[90, [2, 11, 14, 15, 16, 36, 38, 56, 4, 19, 8, 46, 27, 62, 35, 54, 43, 60]],
[90, [2, 11, 14, 15, 16, 36, 38, 56, 4, 19, 8, 46, 49, 50, 13, 33, 44, 59]],
[90, [2, 11, 15, 16, 36, 37, 38, 56, 4, 19, 24, 48, 27, 62, 33, 35, 23, 58]],
[90, [2, 11, 15, 16, 36, 37, 38, 56, 4, 19, 24, 48, 49, 50, 13, 54, 45, 64]],
[90, [10, 52, 3, 14, 15, 36, 38, 56, 4, 19, 26, 61, 9, 28, 13, 54, 44, 59]],
[90, [10, 52, 3, 14, 15, 36, 38, 56, 4, 19, 26, 61, 29, 51, 33, 35, 43, 60]],
[90, [10, 52, 3, 15, 36, 37, 38, 56, 4, 19, 25, 47, 9, 28, 13, 33, 45, 64]],
[90, [10, 52, 3, 15, 36, 37, 38, 56, 4, 19, 25, 47, 29, 51, 35, 54, 23, 58]],
[90, [10, 52, 14, 15, 16, 36, 38, 56, 4, 19, 24, 48, 9, 28, 35, 54, 23, 58]],
[90, [10, 52, 14, 15, 16, 36, 38, 56, 4, 19, 24, 48, 29, 51, 13, 33, 45, 64]],
[90, [10, 52, 15, 16, 36, 37, 38, 56, 4, 19, 8, 46, 9, 28, 33, 35, 43, 60]],
[90, [10, 52, 15, 16, 36, 37, 38, 56, 4, 19, 8, 46, 29, 51, 13, 54, 44, 59]],
[90, [12, 32, 3, 14, 15, 36, 38, 56, 4, 19, 24, 48, 27, 62, 33, 35, 45, 64]],
[90, [12, 32, 3, 14, 15, 36, 38, 56, 4, 19, 24, 48, 49, 50, 13, 54, 23, 58]],
[90, [12, 32, 3, 15, 36, 37, 38, 56, 4, 19, 8, 46, 27, 62, 35, 54, 44, 59]],
[90, [12, 32, 3, 15, 36, 37, 38, 56, 4, 19, 8, 46, 49, 50, 13, 33, 43, 60]],
[90, [12, 32, 14, 15, 16, 36, 38, 56, 4, 19, 26, 61, 27, 62, 13, 33, 43, 60]],
[90, [12, 32, 14, 15, 16, 36, 38, 56, 4, 19, 26, 61, 49, 50, 35, 54, 44, 59]],
[90, [12, 32, 15, 16, 36, 37, 38, 56, 4, 19, 25, 47, 27, 62, 13, 54, 23, 58]],
[90, [12, 32, 15, 16, 36, 37, 38, 56, 4, 19, 25, 47, 49, 50, 33, 35, 45, 64]],
[90, [30, 31, 3, 14, 15, 36, 38, 56, 4, 19, 8, 46, 9, 28, 33, 35, 44, 59]],
[90, [30, 31, 3, 14, 15, 36, 38, 56, 4, 19, 8, 46, 29, 51, 13, 54, 43, 60]],
[90, [30, 31, 3, 15, 36, 37, 38, 56, 4, 19, 24, 48, 9, 28, 35, 54, 45, 64]],
[90, [30, 31, 3, 15, 36, 37, 38, 56, 4, 19, 24, 48, 29, 51, 13, 33, 23, 58]],
[90, [30, 31, 14, 15, 16, 36, 38, 56, 4, 19, 25, 47, 9, 28, 13, 33, 23, 58]],
[90, [30, 31, 14, 15, 16, 36, 38, 56, 4, 19, 25, 47, 29, 51, 35, 54, 45, 64]],
[90, [30, 31, 15, 16, 36, 37, 38, 56, 4, 19, 26, 61, 9, 28, 13, 54, 43, 60]],
[90, [30, 31, 15, 16, 36, 37, 38, 56, 4, 19, 26, 61, 29, 51, 33, 35, 44, 59]],
[90, [2, 10, 11, 12, 32, 52, 3, 14, 39, 57, 26, 61, 9, 28, 13, 54, 44, 59]],
[90, [2, 10, 11, 12, 32, 52, 3, 14, 39, 57, 26, 61, 29, 51, 33, 35, 43, 60]],
[90, [2, 10, 11, 12, 32, 52, 3, 37, 39, 57, 25, 47, 9, 28, 13, 33, 45, 64]],
[90, [2, 10, 11, 12, 32, 52, 3, 37, 39, 57, 25, 47, 29, 51, 35, 54, 23, 58]],
[90, [2, 10, 11, 12, 32, 52, 14, 16, 39, 57, 24, 48, 9, 28, 35, 54, 23, 58]],
[90, [2, 10, 11, 12, 32, 52, 14, 16, 39, 57, 24, 48, 29, 51, 13, 33, 45, 64]],
[90, [2, 10, 11, 12, 32, 52, 16, 37, 39, 57, 8, 46, 9, 28, 33, 35, 43, 60]],
[90, [2, 10, 11, 12, 32, 52, 16, 37, 39, 57, 8, 46, 29, 51, 13, 54, 44, 59]],
[90, [2, 10, 11, 30, 31, 52, 3, 14, 39, 57, 25, 47, 27, 62, 13, 54, 45, 64]],
[90, [2, 10, 11, 30, 31, 52, 3, 14, 39, 57, 25, 47, 49, 50, 33, 35, 23, 58]],
[90, [2, 10, 11, 30, 31, 52, 3, 37, 39, 57, 26, 61, 27, 62, 13, 33, 44, 59]],
[90, [2, 10, 11, 30, 31, 52, 3, 37, 39, 57, 26, 61, 49, 50, 35, 54, 43, 60]],
[90, [2, 10, 11, 30, 31, 52, 14, 16, 39, 57, 8, 46, 27, 62, 35, 54, 43, 60]],
[90, [2, 10, 11, 30, 31, 52, 14, 16, 39, 57, 8, 46, 49, 50, 13, 33, 44, 59]],
[90, [2, 10, 11, 30, 31, 52, 16, 37, 39, 57, 24, 48, 27, 62, 33, 35, 23, 58]],
[90, [2, 10, 11, 30, 31, 52, 16, 37, 39, 57, 24, 48, 49, 50, 13, 54, 45, 64]],
[90, [2, 11, 12, 30, 31, 32, 3, 14, 39, 57, 8, 46, 9, 28, 33, 35, 44, 59]],
[90, [2, 11, 12, 30, 31, 32, 3, 14, 39, 57, 8, 46, 29, 51, 13, 54, 43, 60]],
[90, [2, 11, 12, 30, 31, 32, 3, 37, 39, 57, 24, 48, 9, 28, 35, 54, 45, 64]],
[90, [2, 11, 12, 30, 31, 32, 3, 37, 39, 57, 24, 48, 29, 51, 13, 33, 23, 58]],
[90, [2, 11, 12, 30, 31, 32, 14, 16, 39, 57, 25, 47, 9, 28, 13, 33, 23, 58]],
[90, [2, 11, 12, 30, 31, 32, 14, 16, 39, 57, 25, 47, 29, 51, 35, 54, 45, 64]],
[90, [2, 11, 12, 30, 31, 32, 16, 37, 39, 57, 26, 61, 9, 28, 13, 54, 43, 60]],
[90, [2, 11, 12, 30, 31, 32, 16, 37, 39, 57, 26, 61, 29, 51, 33, 35, 44, 59]],
[90, [10, 12, 30, 31, 32, 52, 3, 14, 39, 57, 24, 48, 27, 62, 33, 35, 45, 64]],
[90, [10, 12, 30, 31, 32, 52, 3, 14, 39, 57, 24, 48, 49, 50, 13, 54, 23, 58]],
[90, [10, 12, 30, 31, 32, 52, 3, 37, 39, 57, 8, 46, 27, 62, 35, 54, 44, 59]],
[90, [10, 12, 30, 31, 32, 52, 3, 37, 39, 57, 8, 46, 49, 50, 13, 33, 43, 60]],
[90, [10, 12, 30, 31, 32, 52, 14, 16, 39, 57, 26, 61, 27, 62, 13, 33, 43, 60]],
[90, [10, 12, 30, 31, 32, 52, 14, 16, 39, 57, 26, 61, 49, 50, 35, 54, 44, 59]],
[90, [10, 12, 30, 31, 32, 52, 16, 37, 39, 57, 25, 47, 27, 62, 13, 54, 23, 58]],
[90, [10, 12, 30, 31, 32, 52, 16, 37, 39, 57, 25, 47, 49, 50, 33, 35, 45, 64]],
[90, [5, 20, 3, 37, 17, 18, 41, 57, 24, 48, 9, 28, 29, 51, 13, 54, 44, 59]],
[90, [5, 20, 3, 37, 17, 18, 41, 57, 24, 48, 27, 49, 50, 62, 13, 54, 44, 59]],
[90, [5, 20, 3, 37, 17, 18, 41, 57, 25, 47, 9, 28, 29, 51, 13, 54, 43, 60]],
[90, [5, 20, 3, 37, 17, 18, 41, 57, 25, 47, 27, 49, 50, 62, 13, 54, 43, 60]],
[90, [5, 20, 3, 37, 18, 39, 40, 41, 24, 48, 9, 28, 29, 51, 33, 35, 43, 60]],
[90, [5, 20, 3, 37, 18, 39, 40, 41, 24, 48, 27, 49, 50, 62, 33, 35, 43, 60]],
[90, [5, 20, 3, 37, 18, 39, 40, 41, 25, 47, 9, 28, 29, 51, 33, 35, 44, 59]],
[90, [5, 20, 3, 37, 18, 39, 40, 41, 25, 47, 27, 49, 50, 62, 33, 35, 44, 59]],
[90, [5, 20, 14, 16, 17, 18, 41, 57, 24, 48, 9, 28, 29, 51, 33, 35, 44, 59]],
[90, [5, 20, 14, 16, 17, 18, 41, 57, 24, 48, 27, 49, 50, 62, 33, 35, 44, 59]],
[90, [5, 20, 14, 16, 17, 18, 41, 57, 25, 47, 9, 28, 29, 51, 33, 35, 43, 60]],
[90, [5, 20, 14, 16, 17, 18, 41, 57, 25, 47, 27, 49, 50, 62, 33, 35, 43, 60]],
[90, [5, 20, 14, 16, 18, 39, 40, 41, 24, 48, 9, 28, 29, 51, 13, 54, 43, 60]],
[90, [5, 20, 14, 16, 18, 39, 40, 41, 24, 48, 27, 49, 50, 62, 13, 54, 43, 60]],
[90, [5, 20, 14, 16, 18, 39, 40, 41, 25, 47, 9, 28, 29, 51, 13, 54, 44, 59]],
[90, [5, 20, 14, 16, 18, 39, 40, 41, 25, 47, 27, 49, 50, 62, 13, 54, 44, 59]],
[90, [5, 42, 3, 37, 17, 18, 39, 41, 8, 46, 9, 28, 29, 51, 13, 54, 45, 64]],
[90, [5, 42, 3, 37, 17, 18, 39, 41, 8, 46, 27, 49, 50, 62, 13, 54, 45, 64]],
[90, [5, 42, 3, 37, 17, 18, 39, 41, 26, 61, 9, 28, 29, 51, 13, 54, 23, 58]],
[90, [5, 42, 3, 37, 17, 18, 39, 41, 26, 61, 27, 49, 50, 62, 13, 54, 23, 58]],
[90, [5, 42, 3, 37, 18, 40, 41, 57, 8, 46, 9, 28, 29, 51, 33, 35, 23, 58]],
[90, [5, 42, 3, 37, 18, 40, 41, 57, 8, 46, 27, 49, 50, 62, 33, 35, 23, 58]],
[90, [5, 42, 3, 37, 18, 40, 41, 57, 26, 61, 9, 28, 29, 51, 33, 35, 45, 64]],
[90, [5, 42, 3, 37, 18, 40, 41, 57, 26, 61, 27, 49, 50, 62, 33, 35, 45, 64]],
[90, [5, 42, 14, 16, 17, 18, 39, 41, 8, 46, 9, 28, 29, 51, 33, 35, 45, 64]],
[90, [5, 42, 14, 16, 17, 18, 39, 41, 8, 46, 27, 49, 50, 62, 33, 35, 45, 64]],
[90, [5, 42, 14, 16, 17, 18, 39, 41, 26, 61, 9, 28, 29, 51, 33, 35, 23, 58]],
[90, [5, 42, 14, 16, 17, 18, 39, 41, 26, 61, 27, 49, 50, 62, 33, 35, 23, 58]],
[90, [5, 42, 14, 16, 18, 40, 41, 57, 8, 46, 9, 28, 29, 51, 13, 54, 23, 58]],
[90, [5, 42, 14, 16, 18, 40, 41, 57, 8, 46, 27, 49, 50, 62, 13, 54, 23, 58]],
[90, [5, 42, 14, 16, 18, 40, 41, 57, 26, 61, 9, 28, 29, 51, 13, 54, 45, 64]],
[90, [5, 42, 14, 16, 18, 40, 41, 57, 26, 61, 27, 49, 50, 62, 13, 54, 45, 64]],
[90, [6, 7, 3, 14, 4, 39, 41, 57, 8, 46, 9, 28, 49, 50, 33, 35, 44, 59]],
[90, [6, 7, 3, 14, 4, 39, 41, 57, 8, 46, 29, 49, 50, 51, 13, 54, 43, 60]],
[90, [6, 7, 3, 14, 4, 39, 41, 57, 26, 61, 9, 27, 28, 62, 13, 54, 44, 59]],
[90, [6, 7, 3, 14, 4, 39, 41, 57, 26, 61, 27, 29, 51, 62, 33, 35, 43, 60]],
[90, [6, 7, 3, 14, 18, 19, 39, 57, 8, 46, 9, 27, 28, 62, 33, 35, 44, 59]],
[90, [6, 7, 3, 14, 18, 19, 39, 57, 8, 46, 27, 29, 51, 62, 13, 54, 43, 60]],
[90, [6, 7, 3, 14, 18, 19, 39, 57, 26, 61, 9, 28, 49, 50, 13, 54, 44, 59]],
[90, [6, 7, 3, 14, 18, 19, 39, 57, 26, 61, 29, 49, 50, 51, 33, 35, 43, 60]],
[90, [6, 7, 3, 37, 4, 39, 41, 57, 24, 48, 9, 28, 49, 50, 35, 54, 45, 64]],
[90, [6, 7, 3, 37, 4, 39, 41, 57, 24, 48, 29, 49, 50, 51, 13, 33, 23, 58]],
[90, [6, 7, 3, 37, 4, 39, 41, 57, 25, 47, 9, 27, 28, 62, 13, 33, 45, 64]],
[90, [6, 7, 3, 37, 4, 39, 41, 57, 25, 47, 27, 29, 51, 62, 35, 54, 23, 58]],
[90, [6, 7, 3, 37, 18, 19, 39, 57, 24, 48, 9, 27, 28, 62, 35, 54, 45, 64]],
[90, [6, 7, 3, 37, 18, 19, 39, 57, 24, 48, 27, 29, 51, 62, 13, 33, 23, 58]],
[90, [6, 7, 3, 37, 18, 19, 39, 57, 25, 47, 9, 28, 49, 50, 13, 33, 45, 64]],
[90, [6, 7, 3, 37, 18, 19, 39, 57, 25, 47, 29, 49, 50, 51, 35, 54, 23, 58]],
[90, [6, 7, 14, 16, 4, 39, 41, 57, 24, 48, 9, 27, 28, 62, 35, 54, 23, 58]],
[90, [6, 7, 14, 16, 4, 39, 41, 57, 24, 48, 27, 29, 51, 62, 13, 33, 45, 64]],
[90, [6, 7, 14, 16, 4, 39, 41, 57, 25, 47, 9, 28, 49, 50, 13, 33, 23, 58]],
[90, [6, 7, 14, 16, 4, 39, 41, 57, 25, 47, 29, 49, 50, 51, 35, 54, 45, 64]],
[90, [6, 7, 14, 16, 18, 19, 39, 57, 24, 48, 9, 28, 49, 50, 35, 54, 23, 58]],
[90, [6, 7, 14, 16, 18, 19, 39, 57, 24, 48, 29, 49, 50, 51, 13, 33, 45, 64]],
[90, [6, 7, 14, 16, 18, 19, 39, 57, 25, 47, 9, 27, 28, 62, 13, 33, 23, 58]],
[90, [6, 7, 14, 16, 18, 19, 39, 57, 25, 47, 27, 29, 51, 62, 35, 54, 45, 64]],
[90, [6, 7, 16, 37, 4, 39, 41, 57, 8, 46, 9, 27, 28, 62, 33, 35, 43, 60]],
[90, [6, 7, 16, 37, 4, 39, 41, 57, 8, 46, 27, 29, 51, 62, 13, 54, 44, 59]],
[90, [6, 7, 16, 37, 4, 39, 41, 57, 26, 61, 9, 28, 49, 50, 13, 54, 43, 60]],
[90, [6, 7, 16, 37, 4, 39, 41, 57, 26, 61, 29, 49, 50, 51, 33, 35, 44, 59]],
[90, [6, 7, 16, 37, 18, 19, 39, 57, 8, 46, 9, 28, 49, 50, 33, 35, 43, 60]],
[90, [6, 7, 16, 37, 18, 19, 39, 57, 8, 46, 29, 49, 50, 51, 13, 54, 44, 59]],
[90, [6, 7, 16, 37, 18, 19, 39, 57, 26, 61, 9, 27, 28, 62, 13, 54, 43, 60]],
[90, [6, 7, 16, 37, 18, 19, 39, 57, 26, 61, 27, 29, 51, 62, 33, 35, 44, 59]],
[90, [7, 22, 3, 14, 4, 18, 39, 57, 24, 48, 27, 29, 51, 62, 33, 35, 45, 64]],
[90, [7, 22, 3, 14, 4, 18, 39, 57, 24, 48, 29, 49, 50, 51, 13, 54, 23, 58]],
[90, [7, 22, 3, 14, 4, 18, 39, 57, 25, 47, 9, 27, 28, 62, 13, 54, 45, 64]],
[90, [7, 22, 3, 14, 4, 18, 39, 57, 25, 47, 9, 28, 49, 50, 33, 35, 23, 58]],
[90, [7, 22, 3, 14, 19, 39, 41, 57, 24, 48, 9, 27, 28, 62, 33, 35, 45, 64]],
[90, [7, 22, 3, 14, 19, 39, 41, 57, 24, 48, 9, 28, 49, 50, 13, 54, 23, 58]],
[90, [7, 22, 3, 14, 19, 39, 41, 57, 25, 47, 27, 29, 51, 62, 13, 54, 45, 64]],
[90, [7, 22, 3, 14, 19, 39, 41, 57, 25, 47, 29, 49, 50, 51, 33, 35, 23, 58]],
[90, [7, 22, 3, 37, 4, 18, 39, 57, 8, 46, 27, 29, 51, 62, 35, 54, 44, 59]],
[90, [7, 22, 3, 37, 4, 18, 39, 57, 8, 46, 29, 49, 50, 51, 13, 33, 43, 60]],
[90, [7, 22, 3, 37, 4, 18, 39, 57, 26, 61, 9, 27, 28, 62, 13, 33, 44, 59]],
[90, [7, 22, 3, 37, 4, 18, 39, 57, 26, 61, 9, 28, 49, 50, 35, 54, 43, 60]],
[90, [7, 22, 3, 37, 19, 39, 41, 57, 8, 46, 9, 27, 28, 62, 35, 54, 44, 59]],
[90, [7, 22, 3, 37, 19, 39, 41, 57, 8, 46, 9, 28, 49, 50, 13, 33, 43, 60]],
[90, [7, 22, 3, 37, 19, 39, 41, 57, 26, 61, 27, 29, 51, 62, 13, 33, 44, 59]],
[90, [7, 22, 3, 37, 19, 39, 41, 57, 26, 61, 29, 49, 50, 51, 35, 54, 43, 60]],
[90, [7, 22, 14, 16, 4, 18, 39, 57, 8, 46, 9, 27, 28, 62, 35, 54, 43, 60]],
[90, [7, 22, 14, 16, 4, 18, 39, 57, 8, 46, 9, 28, 49, 50, 13, 33, 44, 59]],
[90, [7, 22, 14, 16, 4, 18, 39, 57, 26, 61, 27, 29, 51, 62, 13, 33, 43, 60]],
[90, [7, 22, 14, 16, 4, 18, 39, 57, 26, 61, 29, 49, 50, 51, 35, 54, 44, 59]],
[90, [7, 22, 14, 16, 19, 39, 41, 57, 8, 46, 27, 29, 51, 62, 35, 54, 43, 60]],
[90, [7, 22, 14, 16, 19, 39, 41, 57, 8, 46, 29, 49, 50, 51, 13, 33, 44, 59]],
[90, [7, 22, 14, 16, 19, 39, 41, 57, 26, 61, 9, 27, 28, 62, 13, 33, 43, 60]],
[90, [7, 22, 14, 16, 19, 39, 41, 57, 26, 61, 9, 28, 49, 50, 35, 54, 44, 59]],
[90, [7, 22, 16, 37, 4, 18, 39, 57, 24, 48, 9, 27, 28, 62, 33, 35, 23, 58]],
[90, [7, 22, 16, 37, 4, 18, 39, 57, 24, 48, 9, 28, 49, 50, 13, 54, 45, 64]],
[90, [7, 22, 16, 37, 4, 18, 39, 57, 25, 47, 27, 29, 51, 62, 13, 54, 23, 58]],
[90, [7, 22, 16, 37, 4, 18, 39, 57, 25, 47, 29, 49, 50, 51, 33, 35, 45, 64]],
[90, [7, 22, 16, 37, 19, 39, 41, 57, 24, 48, 27, 29, 51, 62, 33, 35, 23, 58]],
[90, [7, 22, 16, 37, 19, 39, 41, 57, 24, 48, 29, 49, 50, 51, 13, 54, 45, 64]],
[90, [7, 22, 16, 37, 19, 39, 41, 57, 25, 47, 9, 27, 28, 62, 13, 54, 23, 58]],
[90, [7, 22, 16, 37, 19, 39, 41, 57, 25, 47, 9, 28, 49, 50, 33, 35, 45, 64]],
[90, [20, 21, 3, 14, 17, 18, 39, 41, 24, 48, 9, 28, 29, 51, 35, 54, 43, 60]],
[90, [20, 21, 3, 14, 17, 18, 39, 41, 24, 48, 27, 49, 50, 62, 35, 54, 43, 60]],
[90, [20, 21, 3, 14, 17, 18, 39, 41, 25, 47, 9, 28, 29, 51, 35, 54, 44, 59]],
[90, [20, 21, 3, 14, 17, 18, 39, 41, 25, 47, 27, 49, 50, 62, 35, 54, 44, 59]],
[90, [20, 21, 3, 14, 18, 40, 41, 57, 24, 48, 9, 28, 29, 51, 13, 33, 44, 59]],
[90, [20, 21, 3, 14, 18, 40, 41, 57, 24, 48, 27, 49, 50, 62, 13, 33, 44, 59]],
[90, [20, 21, 3, 14, 18, 40, 41, 57, 25, 47, 9, 28, 29, 51, 13, 33, 43, 60]],
[90, [20, 21, 3, 14, 18, 40, 41, 57, 25, 47, 27, 49, 50, 62, 13, 33, 43, 60]],
[90, [20, 21, 16, 37, 17, 18, 39, 41, 24, 48, 9, 28, 29, 51, 13, 33, 43, 60]],
[90, [20, 21, 16, 37, 17, 18, 39, 41, 24, 48, 27, 49, 50, 62, 13, 33, 43, 60]],
[90, [20, 21, 16, 37, 17, 18, 39, 41, 25, 47, 9, 28, 29, 51, 13, 33, 44, 59]],
[90, [20, 21, 16, 37, 17, 18, 39, 41, 25, 47, 27, 49, 50, 62, 13, 33, 44, 59]],
[90, [20, 21, 16, 37, 18, 40, 41, 57, 24, 48, 9, 28, 29, 51, 35, 54, 44, 59]],
[90, [20, 21, 16, 37, 18, 40, 41, 57, 24, 48, 27, 49, 50, 62, 35, 54, 44, 59]],
[90, [20, 21, 16, 37, 18, 40, 41, 57, 25, 47, 9, 28, 29, 51, 35, 54, 43, 60]],
[90, [20, 21, 16, 37, 18, 40, 41, 57, 25, 47, 27, 49, 50, 62, 35, 54, 43, 60]],
[90, [21, 42, 3, 14, 17, 18, 41, 57, 8, 46, 9, 28, 29, 51, 35, 54, 23, 58]],
[90, [21, 42, 3, 14, 17, 18, 41, 57, 8, 46, 27, 49, 50, 62, 35, 54, 23, 58]],
[90, [21, 42, 3, 14, 17, 18, 41, 57, 26, 61, 9, 28, 29, 51, 35, 54, 45, 64]],
[90, [21, 42, 3, 14, 17, 18, 41, 57, 26, 61, 27, 49, 50, 62, 35, 54, 45, 64]],
[90, [21, 42, 3, 14, 18, 39, 40, 41, 8, 46, 9, 28, 29, 51, 13, 33, 45, 64]],
[90, [21, 42, 3, 14, 18, 39, 40, 41, 8, 46, 27, 49, 50, 62, 13, 33, 45, 64]],
[90, [21, 42, 3, 14, 18, 39, 40, 41, 26, 61, 9, 28, 29, 51, 13, 33, 23, 58]],
[90, [21, 42, 3, 14, 18, 39, 40, 41, 26, 61, 27, 49, 50, 62, 13, 33, 23, 58]],
[90, [21, 42, 16, 37, 17, 18, 41, 57, 8, 46, 9, 28, 29, 51, 13, 33, 23, 58]],
[90, [21, 42, 16, 37, 17, 18, 41, 57, 8, 46, 27, 49, 50, 62, 13, 33, 23, 58]],
[90, [21, 42, 16, 37, 17, 18, 41, 57, 26, 61, 9, 28, 29, 51, 13, 33, 45, 64]],
[90, [21, 42, 16, 37, 17, 18, 41, 57, 26, 61, 27, 49, 50, 62, 13, 33, 45, 64]],
[90, [21, 42, 16, 37, 18, 39, 40, 41, 8, 46, 9, 28, 29, 51, 35, 54, 45, 64]],
[90, [21, 42, 16, 37, 18, 39, 40, 41, 8, 46, 27, 49, 50, 62, 35, 54, 45, 64]],
[90, [21, 42, 16, 37, 18, 39, 40, 41, 26, 61, 9, 28, 29, 51, 35, 54, 23, 58]],
[90, [21, 42, 16, 37, 18, 39, 40, 41, 26, 61, 27, 49, 50, 62, 35, 54, 23, 58]],
[90, [6, 20, 10, 52, 17, 18, 40, 57, 24, 48, 27, 62, 13, 33, 35, 54, 44, 59]],
[90, [6, 20, 10, 52, 17, 18, 40, 57, 24, 48, 27, 62, 34, 53, 55, 63, 44, 59]],
[90, [6, 20, 10, 52, 17, 18, 40, 57, 25, 47, 27, 62, 13, 33, 35, 54, 43, 60]],
[90, [6, 20, 10, 52, 17, 18, 40, 57, 25, 47, 27, 62, 34, 53, 55, 63, 43, 60]],
[90, [6, 20, 10, 52, 17, 39, 40, 41, 24, 48, 49, 50, 13, 33, 35, 54, 43, 60]],
[90, [6, 20, 10, 52, 17, 39, 40, 41, 24, 48, 49, 50, 34, 53, 55, 63, 43, 60]],
[90, [6, 20, 10, 52, 17, 39, 40, 41, 25, 47, 49, 50, 13, 33, 35, 54, 44, 59]],
[90, [6, 20, 10, 52, 17, 39, 40, 41, 25, 47, 49, 50, 34, 53, 55, 63, 44, 59]],
[90, [6, 20, 30, 31, 17, 18, 40, 57, 24, 48, 49, 50, 13, 33, 35, 54, 44, 59]],
[90, [6, 20, 30, 31, 17, 18, 40, 57, 24, 48, 49, 50, 34, 53, 55, 63, 44, 59]],
[90, [6, 20, 30, 31, 17, 18, 40, 57, 25, 47, 49, 50, 13, 33, 35, 54, 43, 60]],
[90, [6, 20, 30, 31, 17, 18, 40, 57, 25, 47, 49, 50, 34, 53, 55, 63, 43, 60]],
[90, [6, 20, 30, 31, 17, 39, 40, 41, 24, 48, 27, 62, 13, 33, 35, 54, 43, 60]],
[90, [6, 20, 30, 31, 17, 39, 40, 41, 24, 48, 27, 62, 34, 53, 55, 63, 43, 60]],
[90, [6, 20, 30, 31, 17, 39, 40, 41, 25, 47, 27, 62, 13, 33, 35, 54, 44, 59]],
[90, [6, 20, 30, 31, 17, 39, 40, 41, 25, 47, 27, 62, 34, 53, 55, 63, 44, 59]],
[90, [6, 42, 10, 52, 17, 18, 39, 40, 8, 46, 27, 62, 13, 33, 35, 54, 45, 64]],
[90, [6, 42, 10, 52, 17, 18, 39, 40, 8, 46, 27, 62, 34, 53, 55, 63, 45, 64]],
[90, [6, 42, 10, 52, 17, 18, 39, 40, 26, 61, 27, 62, 13, 33, 35, 54, 23, 58]],
[90, [6, 42, 10, 52, 17, 18, 39, 40, 26, 61, 27, 62, 34, 53, 55, 63, 23, 58]],
[90, [6, 42, 10, 52, 17, 40, 41, 57, 8, 46, 49, 50, 13, 33, 35, 54, 23, 58]],
[90, [6, 42, 10, 52, 17, 40, 41, 57, 8, 46, 49, 50, 34, 53, 55, 63, 23, 58]],
[90, [6, 42, 10, 52, 17, 40, 41, 57, 26, 61, 49, 50, 13, 33, 35, 54, 45, 64]],
[90, [6, 42, 10, 52, 17, 40, 41, 57, 26, 61, 49, 50, 34, 53, 55, 63, 45, 64]],
[90, [6, 42, 30, 31, 17, 18, 39, 40, 8, 46, 49, 50, 13, 33, 35, 54, 45, 64]],
[90, [6, 42, 30, 31, 17, 18, 39, 40, 8, 46, 49, 50, 34, 53, 55, 63, 45, 64]],
[90, [6, 42, 30, 31, 17, 18, 39, 40, 26, 61, 49, 50, 13, 33, 35, 54, 23, 58]],
[90, [6, 42, 30, 31, 17, 18, 39, 40, 26, 61, 49, 50, 34, 53, 55, 63, 23, 58]],
[90, [6, 42, 30, 31, 17, 40, 41, 57, 8, 46, 27, 62, 13, 33, 35, 54, 23, 58]],
[90, [6, 42, 30, 31, 17, 40, 41, 57, 8, 46, 27, 62, 34, 53, 55, 63, 23, 58]],
[90, [6, 42, 30, 31, 17, 40, 41, 57, 26, 61, 27, 62, 13, 33, 35, 54, 45, 64]],
[90, [6, 42, 30, 31, 17, 40, 41, 57, 26, 61, 27, 62, 34, 53, 55, 63, 45, 64]],
[90, [20, 22, 2, 11, 17, 18, 39, 40, 24, 48, 29, 51, 13, 33, 35, 54, 43, 60]],
[90, [20, 22, 2, 11, 17, 18, 39, 40, 24, 48, 29, 51, 34, 53, 55, 63, 43, 60]],
[90, [20, 22, 2, 11, 17, 18, 39, 40, 25, 47, 29, 51, 13, 33, 35, 54, 44, 59]],
[90, [20, 22, 2, 11, 17, 18, 39, 40, 25, 47, 29, 51, 34, 53, 55, 63, 44, 59]],
[90, [20, 22, 2, 11, 17, 40, 41, 57, 24, 48, 9, 28, 13, 33, 35, 54, 44, 59]],
[90, [20, 22, 2, 11, 17, 40, 41, 57, 24, 48, 9, 28, 34, 53, 55, 63, 44, 59]],
[90, [20, 22, 2, 11, 17, 40, 41, 57, 25, 47, 9, 28, 13, 33, 35, 54, 43, 60]],
[90, [20, 22, 2, 11, 17, 40, 41, 57, 25, 47, 9, 28, 34, 53, 55, 63, 43, 60]],
[90, [20, 22, 12, 32, 17, 18, 39, 40, 24, 48, 9, 28, 13, 33, 35, 54, 43, 60]],
[90, [20, 22, 12, 32, 17, 18, 39, 40, 24, 48, 9, 28, 34, 53, 55, 63, 43, 60]],
[90, [20, 22, 12, 32, 17, 18, 39, 40, 25, 47, 9, 28, 13, 33, 35, 54, 44, 59]],
[90, [20, 22, 12, 32, 17, 18, 39, 40, 25, 47, 9, 28, 34, 53, 55, 63, 44, 59]],
[90, [20, 22, 12, 32, 17, 40, 41, 57, 24, 48, 29, 51, 13, 33, 35, 54, 44, 59]],
[90, [20, 22, 12, 32, 17, 40, 41, 57, 24, 48, 29, 51, 34, 53, 55, 63, 44, 59]],
[90, [20, 22, 12, 32, 17, 40, 41, 57, 25, 47, 29, 51, 13, 33, 35, 54, 43, 60]],
[90, [20, 22, 12, 32, 17, 40, 41, 57, 25, 47, 29, 51, 34, 53, 55, 63, 43, 60]],
[90, [22, 42, 2, 11, 17, 18, 40, 57, 8, 46, 29, 51, 13, 33, 35, 54, 23, 58]],
[90, [22, 42, 2, 11, 17, 18, 40, 57, 8, 46, 29, 51, 34, 53, 55, 63, 23, 58]],
[90, [22, 42, 2, 11, 17, 18, 40, 57, 26, 61, 29, 51, 13, 33, 35, 54, 45, 64]],
[90, [22, 42, 2, 11, 17, 18, 40, 57, 26, 61, 29, 51, 34, 53, 55, 63, 45, 64]],
[90, [22, 42, 2, 11, 17, 39, 40, 41, 8, 46, 9, 28, 13, 33, 35, 54, 45, 64]],
[90, [22, 42, 2, 11, 17, 39, 40, 41, 8, 46, 9, 28, 34, 53, 55, 63, 45, 64]],
[90, [22, 42, 2, 11, 17, 39, 40, 41, 26, 61, 9, 28, 13, 33, 35, 54, 23, 58]],
[90, [22, 42, 2, 11, 17, 39, 40, 41, 26, 61, 9, 28, 34, 53, 55, 63, 23, 58]],
[90, [22, 42, 12, 32, 17, 18, 40, 57, 8, 46, 9, 28, 13, 33, 35, 54, 23, 58]],
[90, [22, 42, 12, 32, 17, 18, 40, 57, 8, 46, 9, 28, 34, 53, 55, 63, 23, 58]],
[90, [22, 42, 12, 32, 17, 18, 40, 57, 26, 61, 9, 28, 13, 33, 35, 54, 45, 64]],
[90, [22, 42, 12, 32, 17, 18, 40, 57, 26, 61, 9, 28, 34, 53, 55, 63, 45, 64]],
[90, [22, 42, 12, 32, 17, 39, 40, 41, 8, 46, 29, 51, 13, 33, 35, 54, 45, 64]],
[90, [22, 42, 12, 32, 17, 39, 40, 41, 8, 46, 29, 51, 34, 53, 55, 63, 45, 64]],
[90, [22, 42, 12, 32, 17, 39, 40, 41, 26, 61, 29, 51, 13, 33, 35, 54, 23, 58]],
[90, [22, 42, 12, 32, 17, 39, 40, 41, 26, 61, 29, 51, 34, 53, 55, 63, 23, 58]],
[90, [5, 6, 10, 52, 3, 37, 17, 39, 41, 57, 49, 50, 13, 54, 23, 45, 58, 64]],
[90, [5, 6, 10, 52, 3, 37, 17, 39, 41, 57, 49, 50, 13, 54, 43, 44, 59, 60]],
[90, [5, 6, 10, 52, 3, 37, 18, 39, 40, 57, 27, 62, 33, 35, 23, 45, 58, 64]],
[90, [5, 6, 10, 52, 3, 37, 18, 39, 40, 57, 27, 62, 33, 35, 43, 44, 59, 60]],
[90, [5, 6, 10, 52, 14, 16, 17, 39, 41, 57, 49, 50, 33, 35, 23, 45, 58, 64]],
[90, [5, 6, 10, 52, 14, 16, 17, 39, 41, 57, 49, 50, 33, 35, 43, 44, 59, 60]],
[90, [5, 6, 10, 52, 14, 16, 18, 39, 40, 57, 27, 62, 13, 54, 23, 45, 58, 64]],
[90, [5, 6, 10, 52, 14, 16, 18, 39, 40, 57, 27, 62, 13, 54, 43, 44, 59, 60]],
[90, [5, 6, 30, 31, 3, 37, 17, 39, 41, 57, 27, 62, 13, 54, 23, 45, 58, 64]],
[90, [5, 6, 30, 31, 3, 37, 17, 39, 41, 57, 27, 62, 13, 54, 43, 44, 59, 60]],
[90, [5, 6, 30, 31, 3, 37, 18, 39, 40, 57, 49, 50, 33, 35, 23, 45, 58, 64]],
[90, [5, 6, 30, 31, 3, 37, 18, 39, 40, 57, 49, 50, 33, 35, 43, 44, 59, 60]],
[90, [5, 6, 30, 31, 14, 16, 17, 39, 41, 57, 27, 62, 33, 35, 23, 45, 58, 64]],
[90, [5, 6, 30, 31, 14, 16, 17, 39, 41, 57, 27, 62, 33, 35, 43, 44, 59, 60]],
[90, [5, 6, 30, 31, 14, 16, 18, 39, 40, 57, 49, 50, 13, 54, 23, 45, 58, 64]],
[90, [5, 6, 30, 31, 14, 16, 18, 39, 40, 57, 49, 50, 13, 54, 43, 44, 59, 60]],
[90, [5, 22, 2, 11, 3, 37, 17, 18, 39, 57, 29, 51, 13, 54, 23, 45, 58, 64]],
[90, [5, 22, 2, 11, 3, 37, 17, 18, 39, 57, 29, 51, 13, 54, 43, 44, 59, 60]],
[90, [5, 22, 2, 11, 3, 37, 39, 40, 41, 57, 9, 28, 33, 35, 23, 45, 58, 64]],
[90, [5, 22, 2, 11, 3, 37, 39, 40, 41, 57, 9, 28, 33, 35, 43, 44, 59, 60]],
[90, [5, 22, 2, 11, 14, 16, 17, 18, 39, 57, 29, 51, 33, 35, 23, 45, 58, 64]],
[90, [5, 22, 2, 11, 14, 16, 17, 18, 39, 57, 29, 51, 33, 35, 43, 44, 59, 60]],
[90, [5, 22, 2, 11, 14, 16, 39, 40, 41, 57, 9, 28, 13, 54, 23, 45, 58, 64]],
[90, [5, 22, 2, 11, 14, 16, 39, 40, 41, 57, 9, 28, 13, 54, 43, 44, 59, 60]],
[90, [5, 22, 12, 32, 3, 37, 17, 18, 39, 57, 9, 28, 13, 54, 23, 45, 58, 64]],
[90, [5, 22, 12, 32, 3, 37, 17, 18, 39, 57, 9, 28, 13, 54, 43, 44, 59, 60]],
[90, [5, 22, 12, 32, 3, 37, 39, 40, 41, 57, 29, 51, 33, 35, 23, 45, 58, 64]],
[90, [5, 22, 12, 32, 3, 37, 39, 40, 41, 57, 29, 51, 33, 35, 43, 44, 59, 60]],
[90, [5, 22, 12, 32, 14, 16, 17, 18, 39, 57, 9, 28, 33, 35, 23, 45, 58, 64]],
[90, [5, 22, 12, 32, 14, 16, 17, 18, 39, 57, 9, 28, 33, 35, 43, 44, 59, 60]],
[90, [5, 22, 12, 32, 14, 16, 39, 40, 41, 57, 29, 51, 13, 54, 23, 45, 58, 64]],
[90, [5, 22, 12, 32, 14, 16, 39, 40, 41, 57, 29, 51, 13, 54, 43, 44, 59, 60]],
[90, [6, 21, 10, 52, 3, 14, 17, 18, 39, 57, 27, 62, 35, 54, 23, 45, 58, 64]],
[90, [6, 21, 10, 52, 3, 14, 17, 18, 39, 57, 27, 62, 35, 54, 43, 44, 59, 60]],
[90, [6, 21, 10, 52, 3, 14, 39, 40, 41, 57, 49, 50, 13, 33, 23, 45, 58, 64]],
[90, [6, 21, 10, 52, 3, 14, 39, 40, 41, 57, 49, 50, 13, 33, 43, 44, 59, 60]],
[90, [6, 21, 10, 52, 16, 37, 17, 18, 39, 57, 27, 62, 13, 33, 23, 45, 58, 64]],
[90, [6, 21, 10, 52, 16, 37, 17, 18, 39, 57, 27, 62, 13, 33, 43, 44, 59, 60]],
[90, [6, 21, 10, 52, 16, 37, 39, 40, 41, 57, 49, 50, 35, 54, 23, 45, 58, 64]],
[90, [6, 21, 10, 52, 16, 37, 39, 40, 41, 57, 49, 50, 35, 54, 43, 44, 59, 60]],
[90, [6, 21, 30, 31, 3, 14, 17, 18, 39, 57, 49, 50, 35, 54, 23, 45, 58, 64]],
[90, [6, 21, 30, 31, 3, 14, 17, 18, 39, 57, 49, 50, 35, 54, 43, 44, 59, 60]],
[90, [6, 21, 30, 31, 3, 14, 39, 40, 41, 57, 27, 62, 13, 33, 23, 45, 58, 64]],
[90, [6, 21, 30, 31, 3, 14, 39, 40, 41, 57, 27, 62, 13, 33, 43, 44, 59, 60]],
[90, [6, 21, 30, 31, 16, 37, 17, 18, 39, 57, 49, 50, 13, 33, 23, 45, 58, 64]],
[90, [6, 21, 30, 31, 16, 37, 17, 18, 39, 57, 49, 50, 13, 33, 43, 44, 59, 60]],
[90, [6, 21, 30, 31, 16, 37, 39, 40, 41, 57, 27, 62, 35, 54, 23, 45, 58, 64]],
[90, [6, 21, 30, 31, 16, 37, 39, 40, 41, 57, 27, 62, 35, 54, 43, 44, 59, 60]],
[90, [7, 20, 2, 11, 3, 14, 4, 18, 41, 57, 27, 62, 13, 54, 44, 45, 59, 64]],
[90, [7, 20, 2, 11, 3, 14, 4, 18, 41, 57, 49, 50, 33, 35, 23, 44, 58, 59]],
[90, [7, 20, 2, 11, 3, 14, 18, 19, 39, 41, 27, 62, 13, 54, 43, 45, 60, 64]],
[90, [7, 20, 2, 11, 3, 14, 18, 19, 39, 41, 49, 50, 33, 35, 23, 43, 58, 60]],
[90, [7, 20, 2, 11, 16, 37, 4, 18, 41, 57, 27, 62, 33, 35, 23, 43, 58, 60]],
[90, [7, 20, 2, 11, 16, 37, 4, 18, 41, 57, 49, 50, 13, 54, 43, 45, 60, 64]],
[90, [7, 20, 2, 11, 16, 37, 18, 19, 39, 41, 27, 62, 33, 35, 23, 44, 58, 59]],
[90, [7, 20, 2, 11, 16, 37, 18, 19, 39, 41, 49, 50, 13, 54, 44, 45, 59, 64]],
[90, [7, 20, 10, 52, 3, 37, 4, 18, 41, 57, 9, 28, 13, 33, 44, 45, 59, 64]],
[90, [7, 20, 10, 52, 3, 37, 4, 18, 41, 57, 29, 51, 35, 54, 23, 44, 58, 59]],
[90, [7, 20, 10, 52, 3, 37, 18, 19, 39, 41, 9, 28, 13, 33, 43, 45, 60, 64]],
[90, [7, 20, 10, 52, 3, 37, 18, 19, 39, 41, 29, 51, 35, 54, 23, 43, 58, 60]],
[90, [7, 20, 10, 52, 14, 16, 4, 18, 41, 57, 9, 28, 35, 54, 23, 43, 58, 60]],
[90, [7, 20, 10, 52, 14, 16, 4, 18, 41, 57, 29, 51, 13, 33, 43, 45, 60, 64]],
[90, [7, 20, 10, 52, 14, 16, 18, 19, 39, 41, 9, 28, 35, 54, 23, 44, 58, 59]],
[90, [7, 20, 10, 52, 14, 16, 18, 19, 39, 41, 29, 51, 13, 33, 44, 45, 59, 64]],
[90, [7, 20, 12, 32, 3, 14, 4, 18, 41, 57, 27, 62, 33, 35, 43, 45, 60, 64]],
[90, [7, 20, 12, 32, 3, 14, 4, 18, 41, 57, 49, 50, 13, 54, 23, 43, 58, 60]],
[90, [7, 20, 12, 32, 3, 14, 18, 19, 39, 41, 27, 62, 33, 35, 44, 45, 59, 64]],
[90, [7, 20, 12, 32, 3, 14, 18, 19, 39, 41, 49, 50, 13, 54, 23, 44, 58, 59]],
[90, [7, 20, 12, 32, 16, 37, 4, 18, 41, 57, 27, 62, 13, 54, 23, 44, 58, 59]],
[90, [7, 20, 12, 32, 16, 37, 4, 18, 41, 57, 49, 50, 33, 35, 44, 45, 59, 64]],
[90, [7, 20, 12, 32, 16, 37, 18, 19, 39, 41, 27, 62, 13, 54, 23, 43, 58, 60]],
[90, [7, 20, 12, 32, 16, 37, 18, 19, 39, 41, 49, 50, 33, 35, 43, 45, 60, 64]],
[90, [7, 20, 30, 31, 3, 37, 4, 18, 41, 57, 9, 28, 35, 54, 43, 45, 60, 64]],
[90, [7, 20, 30, 31, 3, 37, 4, 18, 41, 57, 29, 51, 13, 33, 23, 43, 58, 60]],
[90, [7, 20, 30, 31, 3, 37, 18, 19, 39, 41, 9, 28, 35, 54, 44, 45, 59, 64]],
[90, [7, 20, 30, 31, 3, 37, 18, 19, 39, 41, 29, 51, 13, 33, 23, 44, 58, 59]],
[90, [7, 20, 30, 31, 14, 16, 4, 18, 41, 57, 9, 28, 13, 33, 23, 44, 58, 59]],
[90, [7, 20, 30, 31, 14, 16, 4, 18, 41, 57, 29, 51, 35, 54, 44, 45, 59, 64]],
[90, [7, 20, 30, 31, 14, 16, 18, 19, 39, 41, 9, 28, 13, 33, 23, 43, 58, 60]],
[90, [7, 20, 30, 31, 14, 16, 18, 19, 39, 41, 29, 51, 35, 54, 43, 45, 60, 64]],
[90, [7, 42, 2, 11, 3, 37, 4, 18, 39, 41, 27, 62, 13, 33, 44, 45, 59, 64]],
[90, [7, 42, 2, 11, 3, 37, 4, 18, 39, 41, 49, 50, 35, 54, 43, 45, 60, 64]],
[90, [7, 42, 2, 11, 3, 37, 18, 19, 41, 57, 27, 62, 13, 33, 23, 44, 58, 59]],
[90, [7, 42, 2, 11, 3, 37, 18, 19, 41, 57, 49, 50, 35, 54, 23, 43, 58, 60]],
[90, [7, 42, 2, 11, 14, 16, 4, 18, 39, 41, 27, 62, 35, 54, 23, 43, 58, 60]],
[90, [7, 42, 2, 11, 14, 16, 4, 18, 39, 41, 49, 50, 13, 33, 23, 44, 58, 59]],
[90, [7, 42, 2, 11, 14, 16, 18, 19, 41, 57, 27, 62, 35, 54, 43, 45, 60, 64]],
[90, [7, 42, 2, 11, 14, 16, 18, 19, 41, 57, 49, 50, 13, 33, 44, 45, 59, 64]],
[90, [7, 42, 10, 52, 3, 14, 4, 18, 39, 41, 9, 28, 13, 54, 44, 45, 59, 64]],
[90, [7, 42, 10, 52, 3, 14, 4, 18, 39, 41, 29, 51, 33, 35, 43, 45, 60, 64]],
[90, [7, 42, 10, 52, 3, 14, 18, 19, 41, 57, 9, 28, 13, 54, 23, 44, 58, 59]],
[90, [7, 42, 10, 52, 3, 14, 18, 19, 41, 57, 29, 51, 33, 35, 23, 43, 58, 60]],
[90, [7, 42, 10, 52, 16, 37, 4, 18, 39, 41, 9, 28, 33, 35, 23, 43, 58, 60]],
[90, [7, 42, 10, 52, 16, 37, 4, 18, 39, 41, 29, 51, 13, 54, 23, 44, 58, 59]],
[90, [7, 42, 10, 52, 16, 37, 18, 19, 41, 57, 9, 28, 33, 35, 43, 45, 60, 64]],
[90, [7, 42, 10, 52, 16, 37, 18, 19, 41, 57, 29, 51, 13, 54, 44, 45, 59, 64]],
[90, [7, 42, 12, 32, 3, 37, 4, 18, 39, 41, 27, 62, 35, 54, 23, 44, 58, 59]],
[90, [7, 42, 12, 32, 3, 37, 4, 18, 39, 41, 49, 50, 13, 33, 23, 43, 58, 60]],
[90, [7, 42, 12, 32, 3, 37, 18, 19, 41, 57, 27, 62, 35, 54, 44, 45, 59, 64]],
[90, [7, 42, 12, 32, 3, 37, 18, 19, 41, 57, 49, 50, 13, 33, 43, 45, 60, 64]],
[90, [7, 42, 12, 32, 14, 16, 4, 18, 39, 41, 27, 62, 13, 33, 43, 45, 60, 64]],
[90, [7, 42, 12, 32, 14, 16, 4, 18, 39, 41, 49, 50, 35, 54, 44, 45, 59, 64]],
[90, [7, 42, 12, 32, 14, 16, 18, 19, 41, 57, 27, 62, 13, 33, 23, 43, 58, 60]],
[90, [7, 42, 12, 32, 14, 16, 18, 19, 41, 57, 49, 50, 35, 54, 23, 44, 58, 59]],
[90, [7, 42, 30, 31, 3, 14, 4, 18, 39, 41, 9, 28, 33, 35, 23, 44, 58, 59]],
[90, [7, 42, 30, 31, 3, 14, 4, 18, 39, 41, 29, 51, 13, 54, 23, 43, 58, 60]],
[90, [7, 42, 30, 31, 3, 14, 18, 19, 41, 57, 9, 28, 33, 35, 44, 45, 59, 64]],
[90, [7, 42, 30, 31, 3, 14, 18, 19, 41, 57, 29, 51, 13, 54, 43, 45, 60, 64]],
[90, [7, 42, 30, 31, 16, 37, 4, 18, 39, 41, 9, 28, 13, 54, 43, 45, 60, 64]],
[90, [7, 42, 30, 31, 16, 37, 4, 18, 39, 41, 29, 51, 33, 35, 44, 45, 59, 64]],
[90, [7, 42, 30, 31, 16, 37, 18, 19, 41, 57, 9, 28, 13, 54, 23, 43, 58, 60]],
[90, [7, 42, 30, 31, 16, 37, 18, 19, 41, 57, 29, 51, 33, 35, 23, 44, 58, 59]],
[90, [21, 22, 2, 11, 3, 14, 17, 39, 41, 57, 9, 28, 35, 54, 23, 45, 58, 64]],
[90, [21, 22, 2, 11, 3, 14, 17, 39, 41, 57, 9, 28, 35, 54, 43, 44, 59, 60]],
[90, [21, 22, 2, 11, 3, 14, 18, 39, 40, 57, 29, 51, 13, 33, 23, 45, 58, 64]],
[90, [21, 22, 2, 11, 3, 14, 18, 39, 40, 57, 29, 51, 13, 33, 43, 44, 59, 60]],
[90, [21, 22, 2, 11, 16, 37, 17, 39, 41, 57, 9, 28, 13, 33, 23, 45, 58, 64]],
[90, [21, 22, 2, 11, 16, 37, 17, 39, 41, 57, 9, 28, 13, 33, 43, 44, 59, 60]],
[90, [21, 22, 2, 11, 16, 37, 18, 39, 40, 57, 29, 51, 35, 54, 23, 45, 58, 64]],
[90, [21, 22, 2, 11, 16, 37, 18, 39, 40, 57, 29, 51, 35, 54, 43, 44, 59, 60]],
[90, [21, 22, 12, 32, 3, 14, 17, 39, 41, 57, 29, 51, 35, 54, 23, 45, 58, 64]],
[90, [21, 22, 12, 32, 3, 14, 17, 39, 41, 57, 29, 51, 35, 54, 43, 44, 59, 60]],
[90, [21, 22, 12, 32, 3, 14, 18, 39, 40, 57, 9, 28, 13, 33, 23, 45, 58, 64]],
[90, [21, 22, 12, 32, 3, 14, 18, 39, 40, 57, 9, 28, 13, 33, 43, 44, 59, 60]],
[90, [21, 22, 12, 32, 16, 37, 17, 39, 41, 57, 29, 51, 13, 33, 23, 45, 58, 64]],
[90, [21, 22, 12, 32, 16, 37, 17, 39, 41, 57, 29, 51, 13, 33, 43, 44, 59, 60]],
[90, [21, 22, 12, 32, 16, 37, 18, 39, 40, 57, 9, 28, 35, 54, 23, 45, 58, 64]],
[90, [21, 22, 12, 32, 16, 37, 18, 39, 40, 57, 9, 28, 35, 54, 43, 44, 59, 60]],
[90, [5, 6, 10, 52, 3, 37, 17, 39, 41, 57, 8, 26, 46, 61, 49, 50, 13, 54]],
[90, [5, 6, 10, 52, 3, 37, 17, 39, 41, 57, 24, 25, 47, 48, 49, 50, 13, 54]],
[90, [5, 6, 10, 52, 3, 37, 18, 39, 40, 57, 8, 26, 46, 61, 27, 62, 33, 35]],
[90, [5, 6, 10, 52, 3, 37, 18, 39, 40, 57, 24, 25, 47, 48, 27, 62, 33, 35]],
[90, [5, 6, 10, 52, 14, 16, 17, 39, 41, 57, 8, 26, 46, 61, 49, 50, 33, 35]],
[90, [5, 6, 10, 52, 14, 16, 17, 39, 41, 57, 24, 25, 47, 48, 49, 50, 33, 35]],
[90, [5, 6, 10, 52, 14, 16, 18, 39, 40, 57, 8, 26, 46, 61, 27, 62, 13, 54]],
[90, [5, 6, 10, 52, 14, 16, 18, 39, 40, 57, 24, 25, 47, 48, 27, 62, 13, 54]],
[90, [5, 6, 30, 31, 3, 37, 17, 39, 41, 57, 8, 26, 46, 61, 27, 62, 13, 54]],
[90, [5, 6, 30, 31, 3, 37, 17, 39, 41, 57, 24, 25, 47, 48, 27, 62, 13, 54]],
[90, [5, 6, 30, 31, 3, 37, 18, 39, 40, 57, 8, 26, 46, 61, 49, 50, 33, 35]],
[90, [5, 6, 30, 31, 3, 37, 18, 39, 40, 57, 24, 25, 47, 48, 49, 50, 33, 35]],
[90, [5, 6, 30, 31, 14, 16, 17, 39, 41, 57, 8, 26, 46, 61, 27, 62, 33, 35]],
[90, [5, 6, 30, 31, 14, 16, 17, 39, 41, 57, 24, 25, 47, 48, 27, 62, 33, 35]],
[90, [5, 6, 30, 31, 14, 16, 18, 39, 40, 57, 8, 26, 46, 61, 49, 50, 13, 54]],
[90, [5, 6, 30, 31, 14, 16, 18, 39, 40, 57, 24, 25, 47, 48, 49, 50, 13, 54]],
[90, [5, 22, 2, 11, 3, 37, 17, 18, 39, 57, 8, 26, 46, 61, 29, 51, 13, 54]],
[90, [5, 22, 2, 11, 3, 37, 17, 18, 39, 57, 24, 25, 47, 48, 29, 51, 13, 54]],
[90, [5, 22, 2, 11, 3, 37, 39, 40, 41, 57, 8, 26, 46, 61, 9, 28, 33, 35]],
[90, [5, 22, 2, 11, 3, 37, 39, 40, 41, 57, 24, 25, 47, 48, 9, 28, 33, 35]],
[90, [5, 22, 2, 11, 14, 16, 17, 18, 39, 57, 8, 26, 46, 61, 29, 51, 33, 35]],
[90, [5, 22, 2, 11, 14, 16, 17, 18, 39, 57, 24, 25, 47, 48, 29, 51, 33, 35]],
[90, [5, 22, 2, 11, 14, 16, 39, 40, 41, 57, 8, 26, 46, 61, 9, 28, 13, 54]],
[90, [5, 22, 2, 11, 14, 16, 39, 40, 41, 57, 24, 25, 47, 48, 9, 28, 13, 54]],
[90, [5, 22, 12, 32, 3, 37, 17, 18, 39, 57, 8, 26, 46, 61, 9, 28, 13, 54]],
[90, [5, 22, 12, 32, 3, 37, 17, 18, 39, 57, 24, 25, 47, 48, 9, 28, 13, 54]],
[90, [5, 22, 12, 32, 3, 37, 39, 40, 41, 57, 8, 26, 46, 61, 29, 51, 33, 35]],
[90, [5, 22, 12, 32, 3, 37, 39, 40, 41, 57, 24, 25, 47, 48, 29, 51, 33, 35]],
[90, [5, 22, 12, 32, 14, 16, 17, 18, 39, 57, 8, 26, 46, 61, 9, 28, 33, 35]],
[90, [5, 22, 12, 32, 14, 16, 17, 18, 39, 57, 24, 25, 47, 48, 9, 28, 33, 35]],
[90, [5, 22, 12, 32, 14, 16, 39, 40, 41, 57, 8, 26, 46, 61, 29, 51, 13, 54]],
[90, [5, 22, 12, 32, 14, 16, 39, 40, 41, 57, 24, 25, 47, 48, 29, 51, 13, 54]],
[90, [6, 21, 10, 52, 3, 14, 17, 18, 39, 57, 8, 26, 46, 61, 27, 62, 35, 54]],
[90, [6, 21, 10, 52, 3, 14, 17, 18, 39, 57, 24, 25, 47, 48, 27, 62, 35, 54]],
[90, [6, 21, 10, 52, 3, 14, 39, 40, 41, 57, 8, 26, 46, 61, 49, 50, 13, 33]],
[90, [6, 21, 10, 52, 3, 14, 39, 40, 41, 57, 24, 25, 47, 48, 49, 50, 13, 33]],
[90, [6, 21, 10, 52, 16, 37, 17, 18, 39, 57, 8, 26, 46, 61, 27, 62, 13, 33]],
[90, [6, 21, 10, 52, 16, 37, 17, 18, 39, 57, 24, 25, 47, 48, 27, 62, 13, 33]],
[90, [6, 21, 10, 52, 16, 37, 39, 40, 41, 57, 8, 26, 46, 61, 49, 50, 35, 54]],
[90, [6, 21, 10, 52, 16, 37, 39, 40, 41, 57, 24, 25, 47, 48, 49, 50, 35, 54]],
[90, [6, 21, 30, 31, 3, 14, 17, 18, 39, 57, 8, 26, 46, 61, 49, 50, 35, 54]],
[90, [6, 21, 30, 31, 3, 14, 17, 18, 39, 57, 24, 25, 47, 48, 49, 50, 35, 54]],
[90, [6, 21, 30, 31, 3, 14, 39, 40, 41, 57, 8, 26, 46, 61, 27, 62, 13, 33]],
[90, [6, 21, 30, 31, 3, 14, 39, 40, 41, 57, 24, 25, 47, 48, 27, 62, 13, 33]],
[90, [6, 21, 30, 31, 16, 37, 17, 18, 39, 57, 8, 26, 46, 61, 49, 50, 13, 33]],
[90, [6, 21, 30, 31, 16, 37, 17, 18, 39, 57, 24, 25, 47, 48, 49, 50, 13, 33]],
[90, [6, 21, 30, 31, 16, 37, 39, 40, 41, 57, 8, 26, 46, 61, 27, 62, 35, 54]],
[90, [6, 21, 30, 31, 16, 37, 39, 40, 41, 57, 24, 25, 47, 48, 27, 62, 35, 54]],
[90, [7, 20, 2, 11, 3, 37, 4, 18, 41, 57, 24, 26, 48, 61, 49, 50, 35, 54]],
[90, [7, 20, 2, 11, 3, 37, 4, 18, 41, 57, 25, 26, 47, 61, 27, 62, 13, 33]],
[90, [7, 20, 2, 11, 3, 37, 18, 19, 39, 41, 24, 26, 48, 61, 27, 62, 13, 33]],
[90, [7, 20, 2, 11, 3, 37, 18, 19, 39, 41, 25, 26, 47, 61, 49, 50, 35, 54]],
[90, [7, 20, 2, 11, 14, 16, 4, 18, 41, 57, 8, 24, 46, 48, 27, 62, 35, 54]],
[90, [7, 20, 2, 11, 14, 16, 4, 18, 41, 57, 8, 25, 46, 47, 49, 50, 13, 33]],
[90, [7, 20, 2, 11, 14, 16, 18, 19, 39, 41, 8, 24, 46, 48, 49, 50, 13, 33]],
[90, [7, 20, 2, 11, 14, 16, 18, 19, 39, 41, 8, 25, 46, 47, 27, 62, 35, 54]],
[90, [7, 20, 10, 52, 3, 14, 4, 18, 41, 57, 24, 26, 48, 61, 29, 51, 33, 35]],
[90, [7, 20, 10, 52, 3, 14, 4, 18, 41, 57, 25, 26, 47, 61, 9, 28, 13, 54]],
[90, [7, 20, 10, 52, 3, 14, 18, 19, 39, 41, 24, 26, 48, 61, 9, 28, 13, 54]],
[90, [7, 20, 10, 52, 3, 14, 18, 19, 39, 41, 25, 26, 47, 61, 29, 51, 33, 35]],
[90, [7, 20, 10, 52, 16, 37, 4, 18, 41, 57, 8, 24, 46, 48, 9, 28, 33, 35]],
[90, [7, 20, 10, 52, 16, 37, 4, 18, 41, 57, 8, 25, 46, 47, 29, 51, 13, 54]],
[90, [7, 20, 10, 52, 16, 37, 18, 19, 39, 41, 8, 24, 46, 48, 29, 51, 13, 54]],
[90, [7, 20, 10, 52, 16, 37, 18, 19, 39, 41, 8, 25, 46, 47, 9, 28, 33, 35]],
[90, [7, 20, 12, 32, 3, 37, 4, 18, 41, 57, 8, 24, 46, 48, 49, 50, 13, 33]],
[90, [7, 20, 12, 32, 3, 37, 4, 18, 41, 57, 8, 25, 46, 47, 27, 62, 35, 54]],
[90, [7, 20, 12, 32, 3, 37, 18, 19, 39, 41, 8, 24, 46, 48, 27, 62, 35, 54]],
[90, [7, 20, 12, 32, 3, 37, 18, 19, 39, 41, 8, 25, 46, 47, 49, 50, 13, 33]],
[90, [7, 20, 12, 32, 14, 16, 4, 18, 41, 57, 24, 26, 48, 61, 27, 62, 13, 33]],
[90, [7, 20, 12, 32, 14, 16, 4, 18, 41, 57, 25, 26, 47, 61, 49, 50, 35, 54]],
[90, [7, 20, 12, 32, 14, 16, 18, 19, 39, 41, 24, 26, 48, 61, 49, 50, 35, 54]],
[90, [7, 20, 12, 32, 14, 16, 18, 19, 39, 41, 25, 26, 47, 61, 27, 62, 13, 33]],
[90, [7, 20, 30, 31, 3, 14, 4, 18, 41, 57, 8, 24, 46, 48, 29, 51, 13, 54]],
[90, [7, 20, 30, 31, 3, 14, 4, 18, 41, 57, 8, 25, 46, 47, 9, 28, 33, 35]],
[90, [7, 20, 30, 31, 3, 14, 18, 19, 39, 41, 8, 24, 46, 48, 9, 28, 33, 35]],
[90, [7, 20, 30, 31, 3, 14, 18, 19, 39, 41, 8, 25, 46, 47, 29, 51, 13, 54]],
[90, [7, 20, 30, 31, 16, 37, 4, 18, 41, 57, 24, 26, 48, 61, 9, 28, 13, 54]],
[90, [7, 20, 30, 31, 16, 37, 4, 18, 41, 57, 25, 26, 47, 61, 29, 51, 33, 35]],
[90, [7, 20, 30, 31, 16, 37, 18, 19, 39, 41, 24, 26, 48, 61, 29, 51, 33, 35]],
[90, [7, 20, 30, 31, 16, 37, 18, 19, 39, 41, 25, 26, 47, 61, 9, 28, 13, 54]],
[90, [7, 42, 2, 11, 3, 14, 4, 18, 39, 41, 8, 25, 46, 47, 49, 50, 33, 35]],
[90, [7, 42, 2, 11, 3, 14, 4, 18, 39, 41, 25, 26, 47, 61, 27, 62, 13, 54]],
[90, [7, 42, 2, 11, 3, 14, 18, 19, 41, 57, 8, 25, 46, 47, 27, 62, 13, 54]],
[90, [7, 42, 2, 11, 3, 14, 18, 19, 41, 57, 25, 26, 47, 61, 49, 50, 33, 35]],
[90, [7, 42, 2, 11, 16, 37, 4, 18, 39, 41, 8, 24, 46, 48, 27, 62, 33, 35]],
[90, [7, 42, 2, 11, 16, 37, 4, 18, 39, 41, 24, 26, 48, 61, 49, 50, 13, 54]],
[90, [7, 42, 2, 11, 16, 37, 18, 19, 41, 57, 8, 24, 46, 48, 49, 50, 13, 54]],
[90, [7, 42, 2, 11, 16, 37, 18, 19, 41, 57, 24, 26, 48, 61, 27, 62, 33, 35]],
[90, [7, 42, 10, 52, 3, 37, 4, 18, 39, 41, 8, 25, 46, 47, 29, 51, 35, 54]],
[90, [7, 42, 10, 52, 3, 37, 4, 18, 39, 41, 25, 26, 47, 61, 9, 28, 13, 33]],
[90, [7, 42, 10, 52, 3, 37, 18, 19, 41, 57, 8, 25, 46, 47, 9, 28, 13, 33]],
[90, [7, 42, 10, 52, 3, 37, 18, 19, 41, 57, 25, 26, 47, 61, 29, 51, 35, 54]],
[90, [7, 42, 10, 52, 14, 16, 4, 18, 39, 41, 8, 24, 46, 48, 9, 28, 35, 54]],
[90, [7, 42, 10, 52, 14, 16, 4, 18, 39, 41, 24, 26, 48, 61, 29, 51, 13, 33]],
[90, [7, 42, 10, 52, 14, 16, 18, 19, 41, 57, 8, 24, 46, 48, 29, 51, 13, 33]],
[90, [7, 42, 10, 52, 14, 16, 18, 19, 41, 57, 24, 26, 48, 61, 9, 28, 35, 54]],
[90, [7, 42, 12, 32, 3, 14, 4, 18, 39, 41, 8, 24, 46, 48, 49, 50, 13, 54]],
[90, [7, 42, 12, 32, 3, 14, 4, 18, 39, 41, 24, 26, 48, 61, 27, 62, 33, 35]],
[90, [7, 42, 12, 32, 3, 14, 18, 19, 41, 57, 8, 24, 46, 48, 27, 62, 33, 35]],
[90, [7, 42, 12, 32, 3, 14, 18, 19, 41, 57, 24, 26, 48, 61, 49, 50, 13, 54]],
[90, [7, 42, 12, 32, 16, 37, 4, 18, 39, 41, 8, 25, 46, 47, 27, 62, 13, 54]],
[90, [7, 42, 12, 32, 16, 37, 4, 18, 39, 41, 25, 26, 47, 61, 49, 50, 33, 35]],
[90, [7, 42, 12, 32, 16, 37, 18, 19, 41, 57, 8, 25, 46, 47, 49, 50, 33, 35]],
[90, [7, 42, 12, 32, 16, 37, 18, 19, 41, 57, 25, 26, 47, 61, 27, 62, 13, 54]],
[90, [7, 42, 30, 31, 3, 37, 4, 18, 39, 41, 8, 24, 46, 48, 29, 51, 13, 33]],
[90, [7, 42, 30, 31, 3, 37, 4, 18, 39, 41, 24, 26, 48, 61, 9, 28, 35, 54]],
[90, [7, 42, 30, 31, 3, 37, 18, 19, 41, 57, 8, 24, 46, 48, 9, 28, 35, 54]],
[90, [7, 42, 30, 31, 3, 37, 18, 19, 41, 57, 24, 26, 48, 61, 29, 51, 13, 33]],
[90, [7, 42, 30, 31, 14, 16, 4, 18, 39, 41, 8, 25, 46, 47, 9, 28, 13, 33]],
[90, [7, 42, 30, 31, 14, 16, 4, 18, 39, 41, 25, 26, 47, 61, 29, 51, 35, 54]],
[90, [7, 42, 30, 31, 14, 16, 18, 19, 41, 57, 8, 25, 46, 47, 29, 51, 35, 54]],
[90, [7, 42, 30, 31, 14, 16, 18, 19, 41, 57, 25, 26, 47, 61, 9, 28, 13, 33]],
[90, [21, 22, 2, 11, 3, 14, 17, 39, 41, 57, 8, 26, 46, 61, 9, 28, 35, 54]],
[90, [21, 22, 2, 11, 3, 14, 17, 39, 41, 57, 24, 25, 47, 48, 9, 28, 35, 54]],
[90, [21, 22, 2, 11, 3, 14, 18, 39, 40, 57, 8, 26, 46, 61, 29, 51, 13, 33]],
[90, [21, 22, 2, 11, 3, 14, 18, 39, 40, 57, 24, 25, 47, 48, 29, 51, 13, 33]],
[90, [21, 22, 2, 11, 16, 37, 17, 39, 41, 57, 8, 26, 46, 61, 9, 28, 13, 33]],
[90, [21, 22, 2, 11, 16, 37, 17, 39, 41, 57, 24, 25, 47, 48, 9, 28, 13, 33]],
[90, [21, 22, 2, 11, 16, 37, 18, 39, 40, 57, 8, 26, 46, 61, 29, 51, 35, 54]],
[90, [21, 22, 2, 11, 16, 37, 18, 39, 40, 57, 24, 25, 47, 48, 29, 51, 35, 54]],
[90, [21, 22, 12, 32, 3, 14, 17, 39, 41, 57, 8, 26, 46, 61, 29, 51, 35, 54]],
[90, [21, 22, 12, 32, 3, 14, 17, 39, 41, 57, 24, 25, 47, 48, 29, 51, 35, 54]],
[90, [21, 22, 12, 32, 3, 14, 18, 39, 40, 57, 8, 26, 46, 61, 9, 28, 13, 33]],
[90, [21, 22, 12, 32, 3, 14, 18, 39, 40, 57, 24, 25, 47, 48, 9, 28, 13, 33]],
[90, [21, 22, 12, 32, 16, 37, 17, 39, 41, 57, 8, 26, 46, 61, 29, 51, 13, 33]],
[90, [21, 22, 12, 32, 16, 37, 17, 39, 41, 57, 24, 25, 47, 48, 29, 51, 13, 33]],
[90, [21, 22, 12, 32, 16, 37, 18, 39, 40, 57, 8, 26, 46, 61, 9, 28, 35, 54]],
[90, [21, 22, 12, 32, 16, 37, 18, 39, 40, 57, 24, 25, 47, 48, 9, 28, 35, 54]],
[90, [5, 21, 2, 11, 3, 14, 15, 38, 25, 47, 27, 62, 13, 34, 54, 55, 45, 64]],
[90, [5, 21, 2, 11, 3, 14, 15, 38, 25, 47, 49, 50, 33, 34, 35, 55, 23, 58]],
[90, [5, 21, 2, 11, 3, 14, 36, 56, 25, 47, 27, 62, 13, 53, 54, 63, 45, 64]],
[90, [5, 21, 2, 11, 3, 14, 36, 56, 25, 47, 49, 50, 33, 35, 53, 63, 23, 58]],
[90, [5, 21, 2, 11, 3, 15, 37, 38, 26, 61, 27, 62, 13, 33, 34, 55, 44, 59]],
[90, [5, 21, 2, 11, 3, 15, 37, 38, 26, 61, 49, 50, 34, 35, 54, 55, 43, 60]],
[90, [5, 21, 2, 11, 3, 36, 37, 56, 26, 61, 27, 62, 13, 33, 53, 63, 44, 59]],
[90, [5, 21, 2, 11, 3, 36, 37, 56, 26, 61, 49, 50, 35, 53, 54, 63, 43, 60]],
[90, [5, 21, 2, 11, 14, 15, 16, 38, 8, 46, 27, 62, 34, 35, 54, 55, 43, 60]],
[90, [5, 21, 2, 11, 14, 15, 16, 38, 8, 46, 49, 50, 13, 33, 34, 55, 44, 59]],
[90, [5, 21, 2, 11, 14, 16, 36, 56, 8, 46, 27, 62, 35, 53, 54, 63, 43, 60]],
[90, [5, 21, 2, 11, 14, 16, 36, 56, 8, 46, 49, 50, 13, 33, 53, 63, 44, 59]],
[90, [5, 21, 2, 11, 15, 16, 37, 38, 24, 48, 27, 62, 33, 34, 35, 55, 23, 58]],
[90, [5, 21, 2, 11, 15, 16, 37, 38, 24, 48, 49, 50, 13, 34, 54, 55, 45, 64]],
[90, [5, 21, 2, 11, 16, 36, 37, 56, 24, 48, 27, 62, 33, 35, 53, 63, 23, 58]],
[90, [5, 21, 2, 11, 16, 36, 37, 56, 24, 48, 49, 50, 13, 53, 54, 63, 45, 64]],
[90, [5, 21, 10, 52, 3, 14, 15, 38, 26, 61, 9, 28, 13, 34, 54, 55, 44, 59]],
[90, [5, 21, 10, 52, 3, 14, 15, 38, 26, 61, 29, 51, 33, 34, 35, 55, 43, 60]],
[90, [5, 21, 10, 52, 3, 14, 36, 56, 26, 61, 9, 28, 13, 53, 54, 63, 44, 59]],
[90, [5, 21, 10, 52, 3, 14, 36, 56, 26, 61, 29, 51, 33, 35, 53, 63, 43, 60]],
[90, [5, 21, 10, 52, 3, 15, 37, 38, 25, 47, 9, 28, 13, 33, 34, 55, 45, 64]],
[90, [5, 21, 10, 52, 3, 15, 37, 38, 25, 47, 29, 51, 34, 35, 54, 55, 23, 58]],
[90, [5, 21, 10, 52, 3, 36, 37, 56, 25, 47, 9, 28, 13, 33, 53, 63, 45, 64]],
[90, [5, 21, 10, 52, 3, 36, 37, 56, 25, 47, 29, 51, 35, 53, 54, 63, 23, 58]],
[90, [5, 21, 10, 52, 14, 15, 16, 38, 24, 48, 9, 28, 34, 35, 54, 55, 23, 58]],
[90, [5, 21, 10, 52, 14, 15, 16, 38, 24, 48, 29, 51, 13, 33, 34, 55, 45, 64]],
[90, [5, 21, 10, 52, 14, 16, 36, 56, 24, 48, 9, 28, 35, 53, 54, 63, 23, 58]],
[90, [5, 21, 10, 52, 14, 16, 36, 56, 24, 48, 29, 51, 13, 33, 53, 63, 45, 64]],
[90, [5, 21, 10, 52, 15, 16, 37, 38, 8, 46, 9, 28, 33, 34, 35, 55, 43, 60]],
[90, [5, 21, 10, 52, 15, 16, 37, 38, 8, 46, 29, 51, 13, 34, 54, 55, 44, 59]],
[90, [5, 21, 10, 52, 16, 36, 37, 56, 8, 46, 9, 28, 33, 35, 53, 63, 43, 60]],
[90, [5, 21, 10, 52, 16, 36, 37, 56, 8, 46, 29, 51, 13, 53, 54, 63, 44, 59]],
[90, [5, 21, 12, 32, 3, 14, 15, 38, 24, 48, 27, 62, 33, 34, 35, 55, 45, 64]],
[90, [5, 21, 12, 32, 3, 14, 15, 38, 24, 48, 49, 50, 13, 34, 54, 55, 23, 58]],
[90, [5, 21, 12, 32, 3, 14, 36, 56, 24, 48, 27, 62, 33, 35, 53, 63, 45, 64]],
[90, [5, 21, 12, 32, 3, 14, 36, 56, 24, 48, 49, 50, 13, 53, 54, 63, 23, 58]],
[90, [5, 21, 12, 32, 3, 15, 37, 38, 8, 46, 27, 62, 34, 35, 54, 55, 44, 59]],
[90, [5, 21, 12, 32, 3, 15, 37, 38, 8, 46, 49, 50, 13, 33, 34, 55, 43, 60]],
[90, [5, 21, 12, 32, 3, 36, 37, 56, 8, 46, 27, 62, 35, 53, 54, 63, 44, 59]],
[90, [5, 21, 12, 32, 3, 36, 37, 56, 8, 46, 49, 50, 13, 33, 53, 63, 43, 60]],
[90, [5, 21, 12, 32, 14, 15, 16, 38, 26, 61, 27, 62, 13, 33, 34, 55, 43, 60]],
[90, [5, 21, 12, 32, 14, 15, 16, 38, 26, 61, 49, 50, 34, 35, 54, 55, 44, 59]],
[90, [5, 21, 12, 32, 14, 16, 36, 56, 26, 61, 27, 62, 13, 33, 53, 63, 43, 60]],
[90, [5, 21, 12, 32, 14, 16, 36, 56, 26, 61, 49, 50, 35, 53, 54, 63, 44, 59]],
[90, [5, 21, 12, 32, 15, 16, 37, 38, 25, 47, 27, 62, 13, 34, 54, 55, 23, 58]],
[90, [5, 21, 12, 32, 15, 16, 37, 38, 25, 47, 49, 50, 33, 34, 35, 55, 45, 64]],
[90, [5, 21, 12, 32, 16, 36, 37, 56, 25, 47, 27, 62, 13, 53, 54, 63, 23, 58]],
[90, [5, 21, 12, 32, 16, 36, 37, 56, 25, 47, 49, 50, 33, 35, 53, 63, 45, 64]],
[90, [5, 21, 30, 31, 3, 14, 15, 38, 8, 46, 9, 28, 33, 34, 35, 55, 44, 59]],
[90, [5, 21, 30, 31, 3, 14, 15, 38, 8, 46, 29, 51, 13, 34, 54, 55, 43, 60]],
[90, [5, 21, 30, 31, 3, 14, 36, 56, 8, 46, 9, 28, 33, 35, 53, 63, 44, 59]],
[90, [5, 21, 30, 31, 3, 14, 36, 56, 8, 46, 29, 51, 13, 53, 54, 63, 43, 60]],
[90, [5, 21, 30, 31, 3, 15, 37, 38, 24, 48, 9, 28, 34, 35, 54, 55, 45, 64]],
[90, [5, 21, 30, 31, 3, 15, 37, 38, 24, 48, 29, 51, 13, 33, 34, 55, 23, 58]],
[90, [5, 21, 30, 31, 3, 36, 37, 56, 24, 48, 9, 28, 35, 53, 54, 63, 45, 64]],
[90, [5, 21, 30, 31, 3, 36, 37, 56, 24, 48, 29, 51, 13, 33, 53, 63, 23, 58]],
[90, [5, 21, 30, 31, 14, 15, 16, 38, 25, 47, 9, 28, 13, 33, 34, 55, 23, 58]],
[90, [5, 21, 30, 31, 14, 15, 16, 38, 25, 47, 29, 51, 34, 35, 54, 55, 45, 64]],
[90, [5, 21, 30, 31, 14, 16, 36, 56, 25, 47, 9, 28, 13, 33, 53, 63, 23, 58]],
[90, [5, 21, 30, 31, 14, 16, 36, 56, 25, 47, 29, 51, 35, 53, 54, 63, 45, 64]],
[90, [5, 21, 30, 31, 15, 16, 37, 38, 26, 61, 9, 28, 13, 34, 54, 55, 43, 60]],
[90, [5, 21, 30, 31, 15, 16, 37, 38, 26, 61, 29, 51, 33, 34, 35, 55, 44, 59]],
[90, [5, 21, 30, 31, 16, 36, 37, 56, 26, 61, 9, 28, 13, 53, 54, 63, 43, 60]],
[90, [5, 21, 30, 31, 16, 36, 37, 56, 26, 61, 29, 51, 33, 35, 53, 63, 44, 59]],
[90, [6, 20, 10, 52, 3, 14, 16, 37, 17, 18, 40, 57, 24, 48, 27, 62, 44, 59]],
[90, [6, 20, 10, 52, 3, 14, 16, 37, 17, 18, 40, 57, 25, 47, 27, 62, 43, 60]],
[90, [6, 20, 10, 52, 3, 14, 16, 37, 17, 39, 40, 41, 24, 48, 49, 50, 43, 60]],
[90, [6, 20, 10, 52, 3, 14, 16, 37, 17, 39, 40, 41, 25, 47, 49, 50, 44, 59]],
[90, [6, 20, 10, 52, 15, 36, 38, 56, 17, 18, 40, 57, 24, 48, 27, 62, 44, 59]],
[90, [6, 20, 10, 52, 15, 36, 38, 56, 17, 18, 40, 57, 25, 47, 27, 62, 43, 60]],
[90, [6, 20, 10, 52, 15, 36, 38, 56, 17, 39, 40, 41, 24, 48, 49, 50, 43, 60]],
[90, [6, 20, 10, 52, 15, 36, 38, 56, 17, 39, 40, 41, 25, 47, 49, 50, 44, 59]],
[90, [6, 20, 30, 31, 3, 14, 16, 37, 17, 18, 40, 57, 24, 48, 49, 50, 44, 59]],
[90, [6, 20, 30, 31, 3, 14, 16, 37, 17, 18, 40, 57, 25, 47, 49, 50, 43, 60]],
[90, [6, 20, 30, 31, 3, 14, 16, 37, 17, 39, 40, 41, 24, 48, 27, 62, 43, 60]],
[90, [6, 20, 30, 31, 3, 14, 16, 37, 17, 39, 40, 41, 25, 47, 27, 62, 44, 59]],
[90, [6, 20, 30, 31, 15, 36, 38, 56, 17, 18, 40, 57, 24, 48, 49, 50, 44, 59]],
[90, [6, 20, 30, 31, 15, 36, 38, 56, 17, 18, 40, 57, 25, 47, 49, 50, 43, 60]],
[90, [6, 20, 30, 31, 15, 36, 38, 56, 17, 39, 40, 41, 24, 48, 27, 62, 43, 60]],
[90, [6, 20, 30, 31, 15, 36, 38, 56, 17, 39, 40, 41, 25, 47, 27, 62, 44, 59]],
[90, [6, 42, 10, 52, 3, 14, 16, 37, 17, 18, 39, 40, 8, 46, 27, 62, 45, 64]],
[90, [6, 42, 10, 52, 3, 14, 16, 37, 17, 18, 39, 40, 26, 61, 27, 62, 23, 58]],
[90, [6, 42, 10, 52, 3, 14, 16, 37, 17, 40, 41, 57, 8, 46, 49, 50, 23, 58]],
[90, [6, 42, 10, 52, 3, 14, 16, 37, 17, 40, 41, 57, 26, 61, 49, 50, 45, 64]],
[90, [6, 42, 10, 52, 15, 36, 38, 56, 17, 18, 39, 40, 8, 46, 27, 62, 45, 64]],
[90, [6, 42, 10, 52, 15, 36, 38, 56, 17, 18, 39, 40, 26, 61, 27, 62, 23, 58]],
[90, [6, 42, 10, 52, 15, 36, 38, 56, 17, 40, 41, 57, 8, 46, 49, 50, 23, 58]],
[90, [6, 42, 10, 52, 15, 36, 38, 56, 17, 40, 41, 57, 26, 61, 49, 50, 45, 64]],
[90, [6, 42, 30, 31, 3, 14, 16, 37, 17, 18, 39, 40, 8, 46, 49, 50, 45, 64]],
[90, [6, 42, 30, 31, 3, 14, 16, 37, 17, 18, 39, 40, 26, 61, 49, 50, 23, 58]],
[90, [6, 42, 30, 31, 3, 14, 16, 37, 17, 40, 41, 57, 8, 46, 27, 62, 23, 58]],
[90, [6, 42, 30, 31, 3, 14, 16, 37, 17, 40, 41, 57, 26, 61, 27, 62, 45, 64]],
[90, [6, 42, 30, 31, 15, 36, 38, 56, 17, 18, 39, 40, 8, 46, 49, 50, 45, 64]],
[90, [6, 42, 30, 31, 15, 36, 38, 56, 17, 18, 39, 40, 26, 61, 49, 50, 23, 58]],
[90, [6, 42, 30, 31, 15, 36, 38, 56, 17, 40, 41, 57, 8, 46, 27, 62, 23, 58]],
[90, [6, 42, 30, 31, 15, 36, 38, 56, 17, 40, 41, 57, 26, 61, 27, 62, 45, 64]],
[90, [20, 22, 2, 11, 3, 14, 16, 37, 17, 18, 39, 40, 24, 48, 29, 51, 43, 60]],
[90, [20, 22, 2, 11, 3, 14, 16, 37, 17, 18, 39, 40, 25, 47, 29, 51, 44, 59]],
[90, [20, 22, 2, 11, 3, 14, 16, 37, 17, 40, 41, 57, 24, 48, 9, 28, 44, 59]],
[90, [20, 22, 2, 11, 3, 14, 16, 37, 17, 40, 41, 57, 25, 47, 9, 28, 43, 60]],
[90, [20, 22, 2, 11, 15, 36, 38, 56, 17, 18, 39, 40, 24, 48, 29, 51, 43, 60]],
[90, [20, 22, 2, 11, 15, 36, 38, 56, 17, 18, 39, 40, 25, 47, 29, 51, 44, 59]],
[90, [20, 22, 2, 11, 15, 36, 38, 56, 17, 40, 41, 57, 24, 48, 9, 28, 44, 59]],
[90, [20, 22, 2, 11, 15, 36, 38, 56, 17, 40, 41, 57, 25, 47, 9, 28, 43, 60]],
[90, [20, 22, 12, 32, 3, 14, 16, 37, 17, 18, 39, 40, 24, 48, 9, 28, 43, 60]],
[90, [20, 22, 12, 32, 3, 14, 16, 37, 17, 18, 39, 40, 25, 47, 9, 28, 44, 59]],
[90, [20, 22, 12, 32, 3, 14, 16, 37, 17, 40, 41, 57, 24, 48, 29, 51, 44, 59]],
[90, [20, 22, 12, 32, 3, 14, 16, 37, 17, 40, 41, 57, 25, 47, 29, 51, 43, 60]],
[90, [20, 22, 12, 32, 15, 36, 38, 56, 17, 18, 39, 40, 24, 48, 9, 28, 43, 60]],
[90, [20, 22, 12, 32, 15, 36, 38, 56, 17, 18, 39, 40, 25, 47, 9, 28, 44, 59]],
[90, [20, 22, 12, 32, 15, 36, 38, 56, 17, 40, 41, 57, 24, 48, 29, 51, 44, 59]],
[90, [20, 22, 12, 32, 15, 36, 38, 56, 17, 40, 41, 57, 25, 47, 29, 51, 43, 60]],
[90, [22, 42, 2, 11, 3, 14, 16, 37, 17, 18, 40, 57, 8, 46, 29, 51, 23, 58]],
[90, [22, 42, 2, 11, 3, 14, 16, 37, 17, 18, 40, 57, 26, 61, 29, 51, 45, 64]],
[90, [22, 42, 2, 11, 3, 14, 16, 37, 17, 39, 40, 41, 8, 46, 9, 28, 45, 64]],
[90, [22, 42, 2, 11, 3, 14, 16, 37, 17, 39, 40, 41, 26, 61, 9, 28, 23, 58]],
[90, [22, 42, 2, 11, 15, 36, 38, 56, 17, 18, 40, 57, 8, 46, 29, 51, 23, 58]],
[90, [22, 42, 2, 11, 15, 36, 38, 56, 17, 18, 40, 57, 26, 61, 29, 51, 45, 64]],
[90, [22, 42, 2, 11, 15, 36, 38, 56, 17, 39, 40, 41, 8, 46, 9, 28, 45, 64]],
[90, [22, 42, 2, 11, 15, 36, 38, 56, 17, 39, 40, 41, 26, 61, 9, 28, 23, 58]],
[90, [22, 42, 12, 32, 3, 14, 16, 37, 17, 18, 40, 57, 8, 46, 9, 28, 23, 58]],
[90, [22, 42, 12, 32, 3, 14, 16, 37, 17, 18, 40, 57, 26, 61, 9, 28, 45, 64]],
[90, [22, 42, 12, 32, 3, 14, 16, 37, 17, 39, 40, 41, 8, 46, 29, 51, 45, 64]],
[90, [22, 42, 12, 32, 3, 14, 16, 37, 17, 39, 40, 41, 26, 61, 29, 51, 23, 58]],
[90, [22, 42, 12, 32, 15, 36, 38, 56, 17, 18, 40, 57, 8, 46, 9, 28, 23, 58]],
[90, [22, 42, 12, 32, 15, 36, 38, 56, 17, 18, 40, 57, 26, 61, 9, 28, 45, 64]],
[90, [22, 42, 12, 32, 15, 36, 38, 56, 17, 39, 40, 41, 8, 46, 29, 51, 45, 64]],
[90, [22, 42, 12, 32, 15, 36, 38, 56, 17, 39, 40, 41, 26, 61, 29, 51, 23, 58]],
[90, [5, 20, 2, 11, 12, 32, 3, 37, 17, 18, 41, 57, 24, 48, 13, 54, 44, 59]],
[90, [5, 20, 2, 11, 12, 32, 3, 37, 17, 18, 41, 57, 25, 47, 13, 54, 43, 60]],
[90, [5, 20, 2, 11, 12, 32, 3, 37, 18, 39, 40, 41, 24, 48, 33, 35, 43, 60]],
[90, [5, 20, 2, 11, 12, 32, 3, 37, 18, 39, 40, 41, 25, 47, 33, 35, 44, 59]],
[90, [5, 20, 2, 11, 12, 32, 14, 16, 17, 18, 41, 57, 24, 48, 33, 35, 44, 59]],
[90, [5, 20, 2, 11, 12, 32, 14, 16, 17, 18, 41, 57, 25, 47, 33, 35, 43, 60]],
[90, [5, 20, 2, 11, 12, 32, 14, 16, 18, 39, 40, 41, 24, 48, 13, 54, 43, 60]],
[90, [5, 20, 2, 11, 12, 32, 14, 16, 18, 39, 40, 41, 25, 47, 13, 54, 44, 59]],
[90, [5, 20, 10, 30, 31, 52, 3, 37, 17, 18, 41, 57, 24, 48, 13, 54, 44, 59]],
[90, [5, 20, 10, 30, 31, 52, 3, 37, 17, 18, 41, 57, 25, 47, 13, 54, 43, 60]],
[90, [5, 20, 10, 30, 31, 52, 3, 37, 18, 39, 40, 41, 24, 48, 33, 35, 43, 60]],
[90, [5, 20, 10, 30, 31, 52, 3, 37, 18, 39, 40, 41, 25, 47, 33, 35, 44, 59]],
[90, [5, 20, 10, 30, 31, 52, 14, 16, 17, 18, 41, 57, 24, 48, 33, 35, 44, 59]],
[90, [5, 20, 10, 30, 31, 52, 14, 16, 17, 18, 41, 57, 25, 47, 33, 35, 43, 60]],
[90, [5, 20, 10, 30, 31, 52, 14, 16, 18, 39, 40, 41, 24, 48, 13, 54, 43, 60]],
[90, [5, 20, 10, 30, 31, 52, 14, 16, 18, 39, 40, 41, 25, 47, 13, 54, 44, 59]],
[90, [5, 42, 2, 11, 12, 32, 3, 37, 17, 18, 39, 41, 8, 46, 13, 54, 45, 64]],
[90, [5, 42, 2, 11, 12, 32, 3, 37, 17, 18, 39, 41, 26, 61, 13, 54, 23, 58]],
[90, [5, 42, 2, 11, 12, 32, 3, 37, 18, 40, 41, 57, 8, 46, 33, 35, 23, 58]],
[90, [5, 42, 2, 11, 12, 32, 3, 37, 18, 40, 41, 57, 26, 61, 33, 35, 45, 64]],
[90, [5, 42, 2, 11, 12, 32, 14, 16, 17, 18, 39, 41, 8, 46, 33, 35, 45, 64]],
[90, [5, 42, 2, 11, 12, 32, 14, 16, 17, 18, 39, 41, 26, 61, 33, 35, 23, 58]],
[90, [5, 42, 2, 11, 12, 32, 14, 16, 18, 40, 41, 57, 8, 46, 13, 54, 23, 58]],
[90, [5, 42, 2, 11, 12, 32, 14, 16, 18, 40, 41, 57, 26, 61, 13, 54, 45, 64]],
[90, [5, 42, 10, 30, 31, 52, 3, 37, 17, 18, 39, 41, 8, 46, 13, 54, 45, 64]],
[90, [5, 42, 10, 30, 31, 52, 3, 37, 17, 18, 39, 41, 26, 61, 13, 54, 23, 58]],
[90, [5, 42, 10, 30, 31, 52, 3, 37, 18, 40, 41, 57, 8, 46, 33, 35, 23, 58]],
[90, [5, 42, 10, 30, 31, 52, 3, 37, 18, 40, 41, 57, 26, 61, 33, 35, 45, 64]],
[90, [5, 42, 10, 30, 31, 52, 14, 16, 17, 18, 39, 41, 8, 46, 33, 35, 45, 64]],
[90, [5, 42, 10, 30, 31, 52, 14, 16, 17, 18, 39, 41, 26, 61, 33, 35, 23, 58]],
[90, [5, 42, 10, 30, 31, 52, 14, 16, 18, 40, 41, 57, 8, 46, 13, 54, 23, 58]],
[90, [5, 42, 10, 30, 31, 52, 14, 16, 18, 40, 41, 57, 26, 61, 13, 54, 45, 64]],
[90, [6, 7, 2, 10, 11, 52, 3, 14, 4, 39, 41, 57, 25, 47, 13, 54, 45, 64]],
[90, [6, 7, 2, 10, 11, 52, 3, 14, 18, 19, 39, 57, 25, 47, 33, 35, 23, 58]],
[90, [6, 7, 2, 10, 11, 52, 3, 37, 4, 39, 41, 57, 26, 61, 13, 33, 44, 59]],
[90, [6, 7, 2, 10, 11, 52, 3, 37, 18, 19, 39, 57, 26, 61, 35, 54, 43, 60]],
[90, [6, 7, 2, 10, 11, 52, 14, 16, 4, 39, 41, 57, 8, 46, 35, 54, 43, 60]],
[90, [6, 7, 2, 10, 11, 52, 14, 16, 18, 19, 39, 57, 8, 46, 13, 33, 44, 59]],
[90, [6, 7, 2, 10, 11, 52, 16, 37, 4, 39, 41, 57, 24, 48, 33, 35, 23, 58]],
[90, [6, 7, 2, 10, 11, 52, 16, 37, 18, 19, 39, 57, 24, 48, 13, 54, 45, 64]],
[90, [6, 7, 2, 11, 30, 31, 3, 14, 4, 39, 41, 57, 25, 47, 33, 35, 23, 58]],
[90, [6, 7, 2, 11, 30, 31, 3, 14, 18, 19, 39, 57, 25, 47, 13, 54, 45, 64]],
[90, [6, 7, 2, 11, 30, 31, 3, 37, 4, 39, 41, 57, 26, 61, 35, 54, 43, 60]],
[90, [6, 7, 2, 11, 30, 31, 3, 37, 18, 19, 39, 57, 26, 61, 13, 33, 44, 59]],
[90, [6, 7, 2, 11, 30, 31, 14, 16, 4, 39, 41, 57, 8, 46, 13, 33, 44, 59]],
[90, [6, 7, 2, 11, 30, 31, 14, 16, 18, 19, 39, 57, 8, 46, 35, 54, 43, 60]],
[90, [6, 7, 2, 11, 30, 31, 16, 37, 4, 39, 41, 57, 24, 48, 13, 54, 45, 64]],
[90, [6, 7, 2, 11, 30, 31, 16, 37, 18, 19, 39, 57, 24, 48, 33, 35, 23, 58]],
[90, [6, 7, 10, 12, 32, 52, 3, 14, 4, 39, 41, 57, 24, 48, 33, 35, 45, 64]],
[90, [6, 7, 10, 12, 32, 52, 3, 14, 18, 19, 39, 57, 24, 48, 13, 54, 23, 58]],
[90, [6, 7, 10, 12, 32, 52, 3, 37, 4, 39, 41, 57, 8, 46, 35, 54, 44, 59]],
[90, [6, 7, 10, 12, 32, 52, 3, 37, 18, 19, 39, 57, 8, 46, 13, 33, 43, 60]],
[90, [6, 7, 10, 12, 32, 52, 14, 16, 4, 39, 41, 57, 26, 61, 13, 33, 43, 60]],
[90, [6, 7, 10, 12, 32, 52, 14, 16, 18, 19, 39, 57, 26, 61, 35, 54, 44, 59]],
[90, [6, 7, 10, 12, 32, 52, 16, 37, 4, 39, 41, 57, 25, 47, 13, 54, 23, 58]],
[90, [6, 7, 10, 12, 32, 52, 16, 37, 18, 19, 39, 57, 25, 47, 33, 35, 45, 64]],
[90, [6, 7, 12, 30, 31, 32, 3, 14, 4, 39, 41, 57, 24, 48, 13, 54, 23, 58]],
[90, [6, 7, 12, 30, 31, 32, 3, 14, 18, 19, 39, 57, 24, 48, 33, 35, 45, 64]],
[90, [6, 7, 12, 30, 31, 32, 3, 37, 4, 39, 41, 57, 8, 46, 13, 33, 43, 60]],
[90, [6, 7, 12, 30, 31, 32, 3, 37, 18, 19, 39, 57, 8, 46, 35, 54, 44, 59]],
[90, [6, 7, 12, 30, 31, 32, 14, 16, 4, 39, 41, 57, 26, 61, 35, 54, 44, 59]],
[90, [6, 7, 12, 30, 31, 32, 14, 16, 18, 19, 39, 57, 26, 61, 13, 33, 43, 60]],
[90, [6, 7, 12, 30, 31, 32, 16, 37, 4, 39, 41, 57, 25, 47, 33, 35, 45, 64]],
[90, [6, 7, 12, 30, 31, 32, 16, 37, 18, 19, 39, 57, 25, 47, 13, 54, 23, 58]],
[90, [7, 22, 2, 10, 11, 52, 3, 14, 4, 18, 39, 57, 26, 61, 13, 54, 44, 59]],
[90, [7, 22, 2, 10, 11, 52, 3, 14, 19, 39, 41, 57, 26, 61, 33, 35, 43, 60]],
[90, [7, 22, 2, 10, 11, 52, 3, 37, 4, 18, 39, 57, 25, 47, 13, 33, 45, 64]],
[90, [7, 22, 2, 10, 11, 52, 3, 37, 19, 39, 41, 57, 25, 47, 35, 54, 23, 58]],
[90, [7, 22, 2, 10, 11, 52, 14, 16, 4, 18, 39, 57, 24, 48, 35, 54, 23, 58]],
[90, [7, 22, 2, 10, 11, 52, 14, 16, 19, 39, 41, 57, 24, 48, 13, 33, 45, 64]],
[90, [7, 22, 2, 10, 11, 52, 16, 37, 4, 18, 39, 57, 8, 46, 33, 35, 43, 60]],
[90, [7, 22, 2, 10, 11, 52, 16, 37, 19, 39, 41, 57, 8, 46, 13, 54, 44, 59]],
[90, [7, 22, 2, 11, 30, 31, 3, 14, 4, 18, 39, 57, 8, 46, 33, 35, 44, 59]],
[90, [7, 22, 2, 11, 30, 31, 3, 14, 19, 39, 41, 57, 8, 46, 13, 54, 43, 60]],
[90, [7, 22, 2, 11, 30, 31, 3, 37, 4, 18, 39, 57, 24, 48, 35, 54, 45, 64]],
[90, [7, 22, 2, 11, 30, 31, 3, 37, 19, 39, 41, 57, 24, 48, 13, 33, 23, 58]],
[90, [7, 22, 2, 11, 30, 31, 14, 16, 4, 18, 39, 57, 25, 47, 13, 33, 23, 58]],
[90, [7, 22, 2, 11, 30, 31, 14, 16, 19, 39, 41, 57, 25, 47, 35, 54, 45, 64]],
[90, [7, 22, 2, 11, 30, 31, 16, 37, 4, 18, 39, 57, 26, 61, 13, 54, 43, 60]],
[90, [7, 22, 2, 11, 30, 31, 16, 37, 19, 39, 41, 57, 26, 61, 33, 35, 44, 59]],
[90, [7, 22, 10, 12, 32, 52, 3, 14, 4, 18, 39, 57, 26, 61, 33, 35, 43, 60]],
[90, [7, 22, 10, 12, 32, 52, 3, 14, 19, 39, 41, 57, 26, 61, 13, 54, 44, 59]],
[90, [7, 22, 10, 12, 32, 52, 3, 37, 4, 18, 39, 57, 25, 47, 35, 54, 23, 58]],
[90, [7, 22, 10, 12, 32, 52, 3, 37, 19, 39, 41, 57, 25, 47, 13, 33, 45, 64]],
[90, [7, 22, 10, 12, 32, 52, 14, 16, 4, 18, 39, 57, 24, 48, 13, 33, 45, 64]],
[90, [7, 22, 10, 12, 32, 52, 14, 16, 19, 39, 41, 57, 24, 48, 35, 54, 23, 58]],
[90, [7, 22, 10, 12, 32, 52, 16, 37, 4, 18, 39, 57, 8, 46, 13, 54, 44, 59]],
[90, [7, 22, 10, 12, 32, 52, 16, 37, 19, 39, 41, 57, 8, 46, 33, 35, 43, 60]],
[90, [7, 22, 12, 30, 31, 32, 3, 14, 4, 18, 39, 57, 8, 46, 13, 54, 43, 60]],
[90, [7, 22, 12, 30, 31, 32, 3, 14, 19, 39, 41, 57, 8, 46, 33, 35, 44, 59]],
[90, [7, 22, 12, 30, 31, 32, 3, 37, 4, 18, 39, 57, 24, 48, 13, 33, 23, 58]],
[90, [7, 22, 12, 30, 31, 32, 3, 37, 19, 39, 41, 57, 24, 48, 35, 54, 45, 64]],
[90, [7, 22, 12, 30, 31, 32, 14, 16, 4, 18, 39, 57, 25, 47, 35, 54, 45, 64]],
[90, [7, 22, 12, 30, 31, 32, 14, 16, 19, 39, 41, 57, 25, 47, 13, 33, 23, 58]],
[90, [7, 22, 12, 30, 31, 32, 16, 37, 4, 18, 39, 57, 26, 61, 33, 35, 44, 59]],
[90, [7, 22, 12, 30, 31, 32, 16, 37, 19, 39, 41, 57, 26, 61, 13, 54, 43, 60]],
[90, [20, 21, 2, 11, 12, 32, 3, 14, 17, 18, 39, 41, 24, 48, 35, 54, 43, 60]],
[90, [20, 21, 2, 11, 12, 32, 3, 14, 17, 18, 39, 41, 25, 47, 35, 54, 44, 59]],
[90, [20, 21, 2, 11, 12, 32, 3, 14, 18, 40, 41, 57, 24, 48, 13, 33, 44, 59]],
[90, [20, 21, 2, 11, 12, 32, 3, 14, 18, 40, 41, 57, 25, 47, 13, 33, 43, 60]],
[90, [20, 21, 2, 11, 12, 32, 16, 37, 17, 18, 39, 41, 24, 48, 13, 33, 43, 60]],
[90, [20, 21, 2, 11, 12, 32, 16, 37, 17, 18, 39, 41, 25, 47, 13, 33, 44, 59]],
[90, [20, 21, 2, 11, 12, 32, 16, 37, 18, 40, 41, 57, 24, 48, 35, 54, 44, 59]],
[90, [20, 21, 2, 11, 12, 32, 16, 37, 18, 40, 41, 57, 25, 47, 35, 54, 43, 60]],
[90, [20, 21, 10, 30, 31, 52, 3, 14, 17, 18, 39, 41, 24, 48, 35, 54, 43, 60]],
[90, [20, 21, 10, 30, 31, 52, 3, 14, 17, 18, 39, 41, 25, 47, 35, 54, 44, 59]],
[90, [20, 21, 10, 30, 31, 52, 3, 14, 18, 40, 41, 57, 24, 48, 13, 33, 44, 59]],
[90, [20, 21, 10, 30, 31, 52, 3, 14, 18, 40, 41, 57, 25, 47, 13, 33, 43, 60]],
[90, [20, 21, 10, 30, 31, 52, 16, 37, 17, 18, 39, 41, 24, 48, 13, 33, 43, 60]],
[90, [20, 21, 10, 30, 31, 52, 16, 37, 17, 18, 39, 41, 25, 47, 13, 33, 44, 59]],
[90, [20, 21, 10, 30, 31, 52, 16, 37, 18, 40, 41, 57, 24, 48, 35, 54, 44, 59]],
[90, [20, 21, 10, 30, 31, 52, 16, 37, 18, 40, 41, 57, 25, 47, 35, 54, 43, 60]],
[90, [21, 42, 2, 11, 12, 32, 3, 14, 17, 18, 41, 57, 8, 46, 35, 54, 23, 58]],
[90, [21, 42, 2, 11, 12, 32, 3, 14, 17, 18, 41, 57, 26, 61, 35, 54, 45, 64]],
[90, [21, 42, 2, 11, 12, 32, 3, 14, 18, 39, 40, 41, 8, 46, 13, 33, 45, 64]],
[90, [21, 42, 2, 11, 12, 32, 3, 14, 18, 39, 40, 41, 26, 61, 13, 33, 23, 58]],
[90, [21, 42, 2, 11, 12, 32, 16, 37, 17, 18, 41, 57, 8, 46, 13, 33, 23, 58]],
[90, [21, 42, 2, 11, 12, 32, 16, 37, 17, 18, 41, 57, 26, 61, 13, 33, 45, 64]],
[90, [21, 42, 2, 11, 12, 32, 16, 37, 18, 39, 40, 41, 8, 46, 35, 54, 45, 64]],
[90, [21, 42, 2, 11, 12, 32, 16, 37, 18, 39, 40, 41, 26, 61, 35, 54, 23, 58]],
[90, [21, 42, 10, 30, 31, 52, 3, 14, 17, 18, 41, 57, 8, 46, 35, 54, 23, 58]],
[90, [21, 42, 10, 30, 31, 52, 3, 14, 17, 18, 41, 57, 26, 61, 35, 54, 45, 64]],
[90, [21, 42, 10, 30, 31, 52, 3, 14, 18, 39, 40, 41, 8, 46, 13, 33, 45, 64]],
[90, [21, 42, 10, 30, 31, 52, 3, 14, 18, 39, 40, 41, 26, 61, 13, 33, 23, 58]],
[90, [21, 42, 10, 30, 31, 52, 16, 37, 17, 18, 41, 57, 8, 46, 13, 33, 23, 58]],
[90, [21, 42, 10, 30, 31, 52, 16, 37, 17, 18, 41, 57, 26, 61, 13, 33, 45, 64]],
[90, [21, 42, 10, 30, 31, 52, 16, 37, 18, 39, 40, 41, 8, 46, 35, 54, 45, 64]],
[90, [21, 42, 10, 30, 31, 52, 16, 37, 18, 39, 40, 41, 26, 61, 35, 54, 23, 58]],
[90, [5, 6, 20, 21, 10, 52, 3, 16, 18, 57, 24, 48, 27, 62, 33, 54, 44, 59]],
[90, [5, 6, 20, 21, 10, 52, 3, 16, 18, 57, 25, 47, 27, 62, 33, 54, 43, 60]],
[90, [5, 6, 20, 21, 10, 52, 3, 16, 39, 41, 24, 48, 49, 50, 33, 54, 43, 60]],
[90, [5, 6, 20, 21, 10, 52, 3, 16, 39, 41, 25, 47, 49, 50, 33, 54, 44, 59]],
[90, [5, 6, 20, 21, 10, 52, 14, 37, 18, 57, 24, 48, 27, 62, 13, 35, 44, 59]],
[90, [5, 6, 20, 21, 10, 52, 14, 37, 18, 57, 25, 47, 27, 62, 13, 35, 43, 60]],
[90, [5, 6, 20, 21, 10, 52, 14, 37, 39, 41, 24, 48, 49, 50, 13, 35, 43, 60]],
[90, [5, 6, 20, 21, 10, 52, 14, 37, 39, 41, 25, 47, 49, 50, 13, 35, 44, 59]],
[90, [5, 6, 20, 21, 10, 52, 15, 38, 18, 57, 24, 48, 27, 62, 53, 63, 44, 59]],
[90, [5, 6, 20, 21, 10, 52, 15, 38, 18, 57, 25, 47, 27, 62, 53, 63, 43, 60]],
[90, [5, 6, 20, 21, 10, 52, 15, 38, 39, 41, 24, 48, 49, 50, 53, 63, 43, 60]],
[90, [5, 6, 20, 21, 10, 52, 15, 38, 39, 41, 25, 47, 49, 50, 53, 63, 44, 59]],
[90, [5, 6, 20, 21, 10, 52, 36, 56, 18, 57, 24, 48, 27, 62, 34, 55, 44, 59]],
[90, [5, 6, 20, 21, 10, 52, 36, 56, 18, 57, 25, 47, 27, 62, 34, 55, 43, 60]],
[90, [5, 6, 20, 21, 10, 52, 36, 56, 39, 41, 24, 48, 49, 50, 34, 55, 43, 60]],
[90, [5, 6, 20, 21, 10, 52, 36, 56, 39, 41, 25, 47, 49, 50, 34, 55, 44, 59]],
[90, [5, 6, 20, 21, 30, 31, 3, 16, 18, 57, 24, 48, 49, 50, 33, 54, 44, 59]],
[90, [5, 6, 20, 21, 30, 31, 3, 16, 18, 57, 25, 47, 49, 50, 33, 54, 43, 60]],
[90, [5, 6, 20, 21, 30, 31, 3, 16, 39, 41, 24, 48, 27, 62, 33, 54, 43, 60]],
[90, [5, 6, 20, 21, 30, 31, 3, 16, 39, 41, 25, 47, 27, 62, 33, 54, 44, 59]],
[90, [5, 6, 20, 21, 30, 31, 14, 37, 18, 57, 24, 48, 49, 50, 13, 35, 44, 59]],
[90, [5, 6, 20, 21, 30, 31, 14, 37, 18, 57, 25, 47, 49, 50, 13, 35, 43, 60]],
[90, [5, 6, 20, 21, 30, 31, 14, 37, 39, 41, 24, 48, 27, 62, 13, 35, 43, 60]],
[90, [5, 6, 20, 21, 30, 31, 14, 37, 39, 41, 25, 47, 27, 62, 13, 35, 44, 59]],
[90, [5, 6, 20, 21, 30, 31, 15, 38, 18, 57, 24, 48, 49, 50, 53, 63, 44, 59]],
[90, [5, 6, 20, 21, 30, 31, 15, 38, 18, 57, 25, 47, 49, 50, 53, 63, 43, 60]],
[90, [5, 6, 20, 21, 30, 31, 15, 38, 39, 41, 24, 48, 27, 62, 53, 63, 43, 60]],
[90, [5, 6, 20, 21, 30, 31, 15, 38, 39, 41, 25, 47, 27, 62, 53, 63, 44, 59]],
[90, [5, 6, 20, 21, 30, 31, 36, 56, 18, 57, 24, 48, 49, 50, 34, 55, 44, 59]],
[90, [5, 6, 20, 21, 30, 31, 36, 56, 18, 57, 25, 47, 49, 50, 34, 55, 43, 60]],
[90, [5, 6, 20, 21, 30, 31, 36, 56, 39, 41, 24, 48, 27, 62, 34, 55, 43, 60]],
[90, [5, 6, 20, 21, 30, 31, 36, 56, 39, 41, 25, 47, 27, 62, 34, 55, 44, 59]],
[90, [5, 6, 21, 22, 2, 11, 3, 14, 18, 41, 25, 47, 27, 62, 13, 54, 45, 64]],
[90, [5, 6, 21, 22, 2, 11, 3, 14, 18, 41, 25, 47, 49, 50, 33, 35, 23, 58]],
[90, [5, 6, 21, 22, 2, 11, 3, 37, 18, 41, 26, 61, 27, 62, 13, 33, 44, 59]],
[90, [5, 6, 21, 22, 2, 11, 3, 37, 18, 41, 26, 61, 49, 50, 35, 54, 43, 60]],
[90, [5, 6, 21, 22, 2, 11, 14, 16, 18, 41, 8, 46, 27, 62, 35, 54, 43, 60]],
[90, [5, 6, 21, 22, 2, 11, 14, 16, 18, 41, 8, 46, 49, 50, 13, 33, 44, 59]],
[90, [5, 6, 21, 22, 2, 11, 16, 37, 18, 41, 24, 48, 27, 62, 33, 35, 23, 58]],
[90, [5, 6, 21, 22, 2, 11, 16, 37, 18, 41, 24, 48, 49, 50, 13, 54, 45, 64]],
[90, [5, 6, 21, 22, 10, 52, 3, 14, 18, 41, 26, 61, 9, 28, 13, 54, 44, 59]],
[90, [5, 6, 21, 22, 10, 52, 3, 14, 18, 41, 26, 61, 29, 51, 33, 35, 43, 60]],
[90, [5, 6, 21, 22, 10, 52, 3, 37, 18, 41, 25, 47, 9, 28, 13, 33, 45, 64]],
[90, [5, 6, 21, 22, 10, 52, 3, 37, 18, 41, 25, 47, 29, 51, 35, 54, 23, 58]],
[90, [5, 6, 21, 22, 10, 52, 14, 16, 18, 41, 24, 48, 9, 28, 35, 54, 23, 58]],
[90, [5, 6, 21, 22, 10, 52, 14, 16, 18, 41, 24, 48, 29, 51, 13, 33, 45, 64]],
[90, [5, 6, 21, 22, 10, 52, 16, 37, 18, 41, 8, 46, 9, 28, 33, 35, 43, 60]],
[90, [5, 6, 21, 22, 10, 52, 16, 37, 18, 41, 8, 46, 29, 51, 13, 54, 44, 59]],
[90, [5, 6, 21, 22, 12, 32, 3, 14, 18, 41, 24, 48, 27, 62, 33, 35, 45, 64]],
[90, [5, 6, 21, 22, 12, 32, 3, 14, 18, 41, 24, 48, 49, 50, 13, 54, 23, 58]],
[90, [5, 6, 21, 22, 12, 32, 3, 37, 18, 41, 8, 46, 27, 62, 35, 54, 44, 59]],
[90, [5, 6, 21, 22, 12, 32, 3, 37, 18, 41, 8, 46, 49, 50, 13, 33, 43, 60]],
[90, [5, 6, 21, 22, 12, 32, 14, 16, 18, 41, 26, 61, 27, 62, 13, 33, 43, 60]],
[90, [5, 6, 21, 22, 12, 32, 14, 16, 18, 41, 26, 61, 49, 50, 35, 54, 44, 59]],
[90, [5, 6, 21, 22, 12, 32, 16, 37, 18, 41, 25, 47, 27, 62, 13, 54, 23, 58]],
[90, [5, 6, 21, 22, 12, 32, 16, 37, 18, 41, 25, 47, 49, 50, 33, 35, 45, 64]],
[90, [5, 6, 21, 22, 30, 31, 3, 14, 18, 41, 8, 46, 9, 28, 33, 35, 44, 59]],
[90, [5, 6, 21, 22, 30, 31, 3, 14, 18, 41, 8, 46, 29, 51, 13, 54, 43, 60]],
[90, [5, 6, 21, 22, 30, 31, 3, 37, 18, 41, 24, 48, 9, 28, 35, 54, 45, 64]],
[90, [5, 6, 21, 22, 30, 31, 3, 37, 18, 41, 24, 48, 29, 51, 13, 33, 23, 58]],
[90, [5, 6, 21, 22, 30, 31, 14, 16, 18, 41, 25, 47, 9, 28, 13, 33, 23, 58]],
[90, [5, 6, 21, 22, 30, 31, 14, 16, 18, 41, 25, 47, 29, 51, 35, 54, 45, 64]],
[90, [5, 6, 21, 22, 30, 31, 16, 37, 18, 41, 26, 61, 9, 28, 13, 54, 43, 60]],
[90, [5, 6, 21, 22, 30, 31, 16, 37, 18, 41, 26, 61, 29, 51, 33, 35, 44, 59]],
[90, [5, 6, 21, 42, 10, 52, 3, 16, 18, 39, 8, 46, 27, 62, 33, 54, 45, 64]],
[90, [5, 6, 21, 42, 10, 52, 3, 16, 18, 39, 26, 61, 27, 62, 33, 54, 23, 58]],
[90, [5, 6, 21, 42, 10, 52, 3, 16, 41, 57, 8, 46, 49, 50, 33, 54, 23, 58]],
[90, [5, 6, 21, 42, 10, 52, 3, 16, 41, 57, 26, 61, 49, 50, 33, 54, 45, 64]],
[90, [5, 6, 21, 42, 10, 52, 14, 37, 18, 39, 8, 46, 27, 62, 13, 35, 45, 64]],
[90, [5, 6, 21, 42, 10, 52, 14, 37, 18, 39, 26, 61, 27, 62, 13, 35, 23, 58]],
[90, [5, 6, 21, 42, 10, 52, 14, 37, 41, 57, 8, 46, 49, 50, 13, 35, 23, 58]],
[90, [5, 6, 21, 42, 10, 52, 14, 37, 41, 57, 26, 61, 49, 50, 13, 35, 45, 64]],
[90, [5, 6, 21, 42, 10, 52, 15, 38, 18, 39, 8, 46, 27, 62, 53, 63, 45, 64]],
[90, [5, 6, 21, 42, 10, 52, 15, 38, 18, 39, 26, 61, 27, 62, 53, 63, 23, 58]],
[90, [5, 6, 21, 42, 10, 52, 15, 38, 41, 57, 8, 46, 49, 50, 53, 63, 23, 58]],
[90, [5, 6, 21, 42, 10, 52, 15, 38, 41, 57, 26, 61, 49, 50, 53, 63, 45, 64]],
[90, [5, 6, 21, 42, 10, 52, 36, 56, 18, 39, 8, 46, 27, 62, 34, 55, 45, 64]],
[90, [5, 6, 21, 42, 10, 52, 36, 56, 18, 39, 26, 61, 27, 62, 34, 55, 23, 58]],
[90, [5, 6, 21, 42, 10, 52, 36, 56, 41, 57, 8, 46, 49, 50, 34, 55, 23, 58]],
[90, [5, 6, 21, 42, 10, 52, 36, 56, 41, 57, 26, 61, 49, 50, 34, 55, 45, 64]],
[90, [5, 6, 21, 42, 30, 31, 3, 16, 18, 39, 8, 46, 49, 50, 33, 54, 45, 64]],
[90, [5, 6, 21, 42, 30, 31, 3, 16, 18, 39, 26, 61, 49, 50, 33, 54, 23, 58]],
[90, [5, 6, 21, 42, 30, 31, 3, 16, 41, 57, 8, 46, 27, 62, 33, 54, 23, 58]],
[90, [5, 6, 21, 42, 30, 31, 3, 16, 41, 57, 26, 61, 27, 62, 33, 54, 45, 64]],
[90, [5, 6, 21, 42, 30, 31, 14, 37, 18, 39, 8, 46, 49, 50, 13, 35, 45, 64]],
[90, [5, 6, 21, 42, 30, 31, 14, 37, 18, 39, 26, 61, 49, 50, 13, 35, 23, 58]],
[90, [5, 6, 21, 42, 30, 31, 14, 37, 41, 57, 8, 46, 27, 62, 13, 35, 23, 58]],
[90, [5, 6, 21, 42, 30, 31, 14, 37, 41, 57, 26, 61, 27, 62, 13, 35, 45, 64]],
[90, [5, 6, 21, 42, 30, 31, 15, 38, 18, 39, 8, 46, 49, 50, 53, 63, 45, 64]],
[90, [5, 6, 21, 42, 30, 31, 15, 38, 18, 39, 26, 61, 49, 50, 53, 63, 23, 58]],
[90, [5, 6, 21, 42, 30, 31, 15, 38, 41, 57, 8, 46, 27, 62, 53, 63, 23, 58]],
[90, [5, 6, 21, 42, 30, 31, 15, 38, 41, 57, 26, 61, 27, 62, 53, 63, 45, 64]],
[90, [5, 6, 21, 42, 30, 31, 36, 56, 18, 39, 8, 46, 49, 50, 34, 55, 45, 64]],
[90, [5, 6, 21, 42, 30, 31, 36, 56, 18, 39, 26, 61, 49, 50, 34, 55, 23, 58]],
[90, [5, 6, 21, 42, 30, 31, 36, 56, 41, 57, 8, 46, 27, 62, 34, 55, 23, 58]],
[90, [5, 6, 21, 42, 30, 31, 36, 56, 41, 57, 26, 61, 27, 62, 34, 55, 45, 64]],
[90, [5, 20, 21, 22, 2, 11, 3, 16, 18, 39, 24, 48, 29, 51, 33, 54, 43, 60]],
[90, [5, 20, 21, 22, 2, 11, 3, 16, 18, 39, 25, 47, 29, 51, 33, 54, 44, 59]],
[90, [5, 20, 21, 22, 2, 11, 3, 16, 41, 57, 24, 48, 9, 28, 33, 54, 44, 59]],
[90, [5, 20, 21, 22, 2, 11, 3, 16, 41, 57, 25, 47, 9, 28, 33, 54, 43, 60]],
[90, [5, 20, 21, 22, 2, 11, 14, 37, 18, 39, 24, 48, 29, 51, 13, 35, 43, 60]],
[90, [5, 20, 21, 22, 2, 11, 14, 37, 18, 39, 25, 47, 29, 51, 13, 35, 44, 59]],
[90, [5, 20, 21, 22, 2, 11, 14, 37, 41, 57, 24, 48, 9, 28, 13, 35, 44, 59]],
[90, [5, 20, 21, 22, 2, 11, 14, 37, 41, 57, 25, 47, 9, 28, 13, 35, 43, 60]],
[90, [5, 20, 21, 22, 2, 11, 15, 38, 18, 39, 24, 48, 29, 51, 53, 63, 43, 60]],
[90, [5, 20, 21, 22, 2, 11, 15, 38, 18, 39, 25, 47, 29, 51, 53, 63, 44, 59]],
[90, [5, 20, 21, 22, 2, 11, 15, 38, 41, 57, 24, 48, 9, 28, 53, 63, 44, 59]],
[90, [5, 20, 21, 22, 2, 11, 15, 38, 41, 57, 25, 47, 9, 28, 53, 63, 43, 60]],
[90, [5, 20, 21, 22, 2, 11, 36, 56, 18, 39, 24, 48, 29, 51, 34, 55, 43, 60]],
[90, [5, 20, 21, 22, 2, 11, 36, 56, 18, 39, 25, 47, 29, 51, 34, 55, 44, 59]],
[90, [5, 20, 21, 22, 2, 11, 36, 56, 41, 57, 24, 48, 9, 28, 34, 55, 44, 59]],
[90, [5, 20, 21, 22, 2, 11, 36, 56, 41, 57, 25, 47, 9, 28, 34, 55, 43, 60]],
[90, [5, 20, 21, 22, 12, 32, 3, 16, 18, 39, 24, 48, 9, 28, 33, 54, 43, 60]],
[90, [5, 20, 21, 22, 12, 32, 3, 16, 18, 39, 25, 47, 9, 28, 33, 54, 44, 59]],
[90, [5, 20, 21, 22, 12, 32, 3, 16, 41, 57, 24, 48, 29, 51, 33, 54, 44, 59]],
[90, [5, 20, 21, 22, 12, 32, 3, 16, 41, 57, 25, 47, 29, 51, 33, 54, 43, 60]],
[90, [5, 20, 21, 22, 12, 32, 14, 37, 18, 39, 24, 48, 9, 28, 13, 35, 43, 60]],
[90, [5, 20, 21, 22, 12, 32, 14, 37, 18, 39, 25, 47, 9, 28, 13, 35, 44, 59]],
[90, [5, 20, 21, 22, 12, 32, 14, 37, 41, 57, 24, 48, 29, 51, 13, 35, 44, 59]],
[90, [5, 20, 21, 22, 12, 32, 14, 37, 41, 57, 25, 47, 29, 51, 13, 35, 43, 60]],
[90, [5, 20, 21, 22, 12, 32, 15, 38, 18, 39, 24, 48, 9, 28, 53, 63, 43, 60]],
[90, [5, 20, 21, 22, 12, 32, 15, 38, 18, 39, 25, 47, 9, 28, 53, 63, 44, 59]],
[90, [5, 20, 21, 22, 12, 32, 15, 38, 41, 57, 24, 48, 29, 51, 53, 63, 44, 59]],
[90, [5, 20, 21, 22, 12, 32, 15, 38, 41, 57, 25, 47, 29, 51, 53, 63, 43, 60]],
[90, [5, 20, 21, 22, 12, 32, 36, 56, 18, 39, 24, 48, 9, 28, 34, 55, 43, 60]],
[90, [5, 20, 21, 22, 12, 32, 36, 56, 18, 39, 25, 47, 9, 28, 34, 55, 44, 59]],
[90, [5, 20, 21, 22, 12, 32, 36, 56, 41, 57, 24, 48, 29, 51, 34, 55, 44, 59]],
[90, [5, 20, 21, 22, 12, 32, 36, 56, 41, 57, 25, 47, 29, 51, 34, 55, 43, 60]],
[90, [5, 20, 21, 42, 2, 11, 3, 14, 39, 57, 25, 47, 27, 62, 13, 54, 45, 64]],
[90, [5, 20, 21, 42, 2, 11, 3, 14, 39, 57, 25, 47, 49, 50, 33, 35, 23, 58]],
[90, [5, 20, 21, 42, 2, 11, 3, 37, 39, 57, 26, 61, 27, 62, 13, 33, 44, 59]],
[90, [5, 20, 21, 42, 2, 11, 3, 37, 39, 57, 26, 61, 49, 50, 35, 54, 43, 60]],
[90, [5, 20, 21, 42, 2, 11, 14, 16, 39, 57, 8, 46, 27, 62, 35, 54, 43, 60]],
[90, [5, 20, 21, 42, 2, 11, 14, 16, 39, 57, 8, 46, 49, 50, 13, 33, 44, 59]],
[90, [5, 20, 21, 42, 2, 11, 16, 37, 39, 57, 24, 48, 27, 62, 33, 35, 23, 58]],
[90, [5, 20, 21, 42, 2, 11, 16, 37, 39, 57, 24, 48, 49, 50, 13, 54, 45, 64]],
[90, [5, 20, 21, 42, 10, 52, 3, 14, 39, 57, 26, 61, 9, 28, 13, 54, 44, 59]],
[90, [5, 20, 21, 42, 10, 52, 3, 14, 39, 57, 26, 61, 29, 51, 33, 35, 43, 60]],
[90, [5, 20, 21, 42, 10, 52, 3, 37, 39, 57, 25, 47, 9, 28, 13, 33, 45, 64]],
[90, [5, 20, 21, 42, 10, 52, 3, 37, 39, 57, 25, 47, 29, 51, 35, 54, 23, 58]],
[90, [5, 20, 21, 42, 10, 52, 14, 16, 39, 57, 24, 48, 9, 28, 35, 54, 23, 58]],
[90, [5, 20, 21, 42, 10, 52, 14, 16, 39, 57, 24, 48, 29, 51, 13, 33, 45, 64]],
[90, [5, 20, 21, 42, 10, 52, 16, 37, 39, 57, 8, 46, 9, 28, 33, 35, 43, 60]],
[90, [5, 20, 21, 42, 10, 52, 16, 37, 39, 57, 8, 46, 29, 51, 13, 54, 44, 59]],
[90, [5, 20, 21, 42, 12, 32, 3, 14, 39, 57, 24, 48, 27, 62, 33, 35, 45, 64]],
[90, [5, 20, 21, 42, 12, 32, 3, 14, 39, 57, 24, 48, 49, 50, 13, 54, 23, 58]],
[90, [5, 20, 21, 42, 12, 32, 3, 37, 39, 57, 8, 46, 27, 62, 35, 54, 44, 59]],
[90, [5, 20, 21, 42, 12, 32, 3, 37, 39, 57, 8, 46, 49, 50, 13, 33, 43, 60]],
[90, [5, 20, 21, 42, 12, 32, 14, 16, 39, 57, 26, 61, 27, 62, 13, 33, 43, 60]],
[90, [5, 20, 21, 42, 12, 32, 14, 16, 39, 57, 26, 61, 49, 50, 35, 54, 44, 59]],
[90, [5, 20, 21, 42, 12, 32, 16, 37, 39, 57, 25, 47, 27, 62, 13, 54, 23, 58]],
[90, [5, 20, 21, 42, 12, 32, 16, 37, 39, 57, 25, 47, 49, 50, 33, 35, 45, 64]],
[90, [5, 20, 21, 42, 30, 31, 3, 14, 39, 57, 8, 46, 9, 28, 33, 35, 44, 59]],
[90, [5, 20, 21, 42, 30, 31, 3, 14, 39, 57, 8, 46, 29, 51, 13, 54, 43, 60]],
[90, [5, 20, 21, 42, 30, 31, 3, 37, 39, 57, 24, 48, 9, 28, 35, 54, 45, 64]],
[90, [5, 20, 21, 42, 30, 31, 3, 37, 39, 57, 24, 48, 29, 51, 13, 33, 23, 58]],
[90, [5, 20, 21, 42, 30, 31, 14, 16, 39, 57, 25, 47, 9, 28, 13, 33, 23, 58]],
[90, [5, 20, 21, 42, 30, 31, 14, 16, 39, 57, 25, 47, 29, 51, 35, 54, 45, 64]],
[90, [5, 20, 21, 42, 30, 31, 16, 37, 39, 57, 26, 61, 9, 28, 13, 54, 43, 60]],
[90, [5, 20, 21, 42, 30, 31, 16, 37, 39, 57, 26, 61, 29, 51, 33, 35, 44, 59]],
[90, [5, 21, 22, 42, 2, 11, 3, 16, 18, 57, 8, 46, 29, 51, 33, 54, 23, 58]],
[90, [5, 21, 22, 42, 2, 11, 3, 16, 18, 57, 26, 61, 29, 51, 33, 54, 45, 64]],
[90, [5, 21, 22, 42, 2, 11, 3, 16, 39, 41, 8, 46, 9, 28, 33, 54, 45, 64]],
[90, [5, 21, 22, 42, 2, 11, 3, 16, 39, 41, 26, 61, 9, 28, 33, 54, 23, 58]],
[90, [5, 21, 22, 42, 2, 11, 14, 37, 18, 57, 8, 46, 29, 51, 13, 35, 23, 58]],
[90, [5, 21, 22, 42, 2, 11, 14, 37, 18, 57, 26, 61, 29, 51, 13, 35, 45, 64]],
[90, [5, 21, 22, 42, 2, 11, 14, 37, 39, 41, 8, 46, 9, 28, 13, 35, 45, 64]],
[90, [5, 21, 22, 42, 2, 11, 14, 37, 39, 41, 26, 61, 9, 28, 13, 35, 23, 58]],
[90, [5, 21, 22, 42, 2, 11, 15, 38, 18, 57, 8, 46, 29, 51, 53, 63, 23, 58]],
[90, [5, 21, 22, 42, 2, 11, 15, 38, 18, 57, 26, 61, 29, 51, 53, 63, 45, 64]],
[90, [5, 21, 22, 42, 2, 11, 15, 38, 39, 41, 8, 46, 9, 28, 53, 63, 45, 64]],
[90, [5, 21, 22, 42, 2, 11, 15, 38, 39, 41, 26, 61, 9, 28, 53, 63, 23, 58]],
[90, [5, 21, 22, 42, 2, 11, 36, 56, 18, 57, 8, 46, 29, 51, 34, 55, 23, 58]],
[90, [5, 21, 22, 42, 2, 11, 36, 56, 18, 57, 26, 61, 29, 51, 34, 55, 45, 64]],
[90, [5, 21, 22, 42, 2, 11, 36, 56, 39, 41, 8, 46, 9, 28, 34, 55, 45, 64]],
[90, [5, 21, 22, 42, 2, 11, 36, 56, 39, 41, 26, 61, 9, 28, 34, 55, 23, 58]],
[90, [5, 21, 22, 42, 12, 32, 3, 16, 18, 57, 8, 46, 9, 28, 33, 54, 23, 58]],
[90, [5, 21, 22, 42, 12, 32, 3, 16, 18, 57, 26, 61, 9, 28, 33, 54, 45, 64]],
[90, [5, 21, 22, 42, 12, 32, 3, 16, 39, 41, 8, 46, 29, 51, 33, 54, 45, 64]],
[90, [5, 21, 22, 42, 12, 32, 3, 16, 39, 41, 26, 61, 29, 51, 33, 54, 23, 58]],
[90, [5, 21, 22, 42, 12, 32, 14, 37, 18, 57, 8, 46, 9, 28, 13, 35, 23, 58]],
[90, [5, 21, 22, 42, 12, 32, 14, 37, 18, 57, 26, 61, 9, 28, 13, 35, 45, 64]],
[90, [5, 21, 22, 42, 12, 32, 14, 37, 39, 41, 8, 46, 29, 51, 13, 35, 45, 64]],
[90, [5, 21, 22, 42, 12, 32, 14, 37, 39, 41, 26, 61, 29, 51, 13, 35, 23, 58]],
[90, [5, 21, 22, 42, 12, 32, 15, 38, 18, 57, 8, 46, 9, 28, 53, 63, 23, 58]],
[90, [5, 21, 22, 42, 12, 32, 15, 38, 18, 57, 26, 61, 9, 28, 53, 63, 45, 64]],
[90, [5, 21, 22, 42, 12, 32, 15, 38, 39, 41, 8, 46, 29, 51, 53, 63, 45, 64]],
[90, [5, 21, 22, 42, 12, 32, 15, 38, 39, 41, 26, 61, 29, 51, 53, 63, 23, 58]],
[90, [5, 21, 22, 42, 12, 32, 36, 56, 18, 57, 8, 46, 9, 28, 34, 55, 23, 58]],
[90, [5, 21, 22, 42, 12, 32, 36, 56, 18, 57, 26, 61, 9, 28, 34, 55, 45, 64]],
[90, [5, 21, 22, 42, 12, 32, 36, 56, 39, 41, 8, 46, 29, 51, 34, 55, 45, 64]],
[90, [5, 21, 22, 42, 12, 32, 36, 56, 39, 41, 26, 61, 29, 51, 34, 55, 23, 58]],
[90, [6, 20, 22, 42, 2, 11, 3, 14, 4, 19, 25, 47, 27, 62, 13, 54, 45, 64]],
[90, [6, 20, 22, 42, 2, 11, 3, 14, 4, 19, 25, 47, 49, 50, 33, 35, 23, 58]],
[90, [6, 20, 22, 42, 2, 11, 3, 37, 4, 19, 26, 61, 27, 62, 13, 33, 44, 59]],
[90, [6, 20, 22, 42, 2, 11, 3, 37, 4, 19, 26, 61, 49, 50, 35, 54, 43, 60]],
[90, [6, 20, 22, 42, 2, 11, 14, 16, 4, 19, 8, 46, 27, 62, 35, 54, 43, 60]],
[90, [6, 20, 22, 42, 2, 11, 14, 16, 4, 19, 8, 46, 49, 50, 13, 33, 44, 59]],
[90, [6, 20, 22, 42, 2, 11, 16, 37, 4, 19, 24, 48, 27, 62, 33, 35, 23, 58]],
[90, [6, 20, 22, 42, 2, 11, 16, 37, 4, 19, 24, 48, 49, 50, 13, 54, 45, 64]],
[90, [6, 20, 22, 42, 10, 52, 3, 14, 4, 19, 26, 61, 9, 28, 13, 54, 44, 59]],
[90, [6, 20, 22, 42, 10, 52, 3, 14, 4, 19, 26, 61, 29, 51, 33, 35, 43, 60]],
[90, [6, 20, 22, 42, 10, 52, 3, 37, 4, 19, 25, 47, 9, 28, 13, 33, 45, 64]],
[90, [6, 20, 22, 42, 10, 52, 3, 37, 4, 19, 25, 47, 29, 51, 35, 54, 23, 58]],
[90, [6, 20, 22, 42, 10, 52, 14, 16, 4, 19, 24, 48, 9, 28, 35, 54, 23, 58]],
[90, [6, 20, 22, 42, 10, 52, 14, 16, 4, 19, 24, 48, 29, 51, 13, 33, 45, 64]],
[90, [6, 20, 22, 42, 10, 52, 16, 37, 4, 19, 8, 46, 9, 28, 33, 35, 43, 60]],
[90, [6, 20, 22, 42, 10, 52, 16, 37, 4, 19, 8, 46, 29, 51, 13, 54, 44, 59]],
[90, [6, 20, 22, 42, 12, 32, 3, 14, 4, 19, 24, 48, 27, 62, 33, 35, 45, 64]],
[90, [6, 20, 22, 42, 12, 32, 3, 14, 4, 19, 24, 48, 49, 50, 13, 54, 23, 58]],
[90, [6, 20, 22, 42, 12, 32, 3, 37, 4, 19, 8, 46, 27, 62, 35, 54, 44, 59]],
[90, [6, 20, 22, 42, 12, 32, 3, 37, 4, 19, 8, 46, 49, 50, 13, 33, 43, 60]],
[90, [6, 20, 22, 42, 12, 32, 14, 16, 4, 19, 26, 61, 27, 62, 13, 33, 43, 60]],
[90, [6, 20, 22, 42, 12, 32, 14, 16, 4, 19, 26, 61, 49, 50, 35, 54, 44, 59]],
[90, [6, 20, 22, 42, 12, 32, 16, 37, 4, 19, 25, 47, 27, 62, 13, 54, 23, 58]],
[90, [6, 20, 22, 42, 12, 32, 16, 37, 4, 19, 25, 47, 49, 50, 33, 35, 45, 64]],
[90, [6, 20, 22, 42, 30, 31, 3, 14, 4, 19, 8, 46, 9, 28, 33, 35, 44, 59]],
[90, [6, 20, 22, 42, 30, 31, 3, 14, 4, 19, 8, 46, 29, 51, 13, 54, 43, 60]],
[90, [6, 20, 22, 42, 30, 31, 3, 37, 4, 19, 24, 48, 9, 28, 35, 54, 45, 64]],
[90, [6, 20, 22, 42, 30, 31, 3, 37, 4, 19, 24, 48, 29, 51, 13, 33, 23, 58]],
[90, [6, 20, 22, 42, 30, 31, 14, 16, 4, 19, 25, 47, 9, 28, 13, 33, 23, 58]],
[90, [6, 20, 22, 42, 30, 31, 14, 16, 4, 19, 25, 47, 29, 51, 35, 54, 45, 64]],
[90, [6, 20, 22, 42, 30, 31, 16, 37, 4, 19, 26, 61, 9, 28, 13, 54, 43, 60]],
[90, [6, 20, 22, 42, 30, 31, 16, 37, 4, 19, 26, 61, 29, 51, 33, 35, 44, 59]]];
