pds_list := [[227, [3, 14, 36, 38, 4, 17, 19, 39, 8, 26, 27, 62, 35, 55, 43, 44, 60, 64]],
[227, [3, 14, 36, 38, 4, 17, 19, 39, 8, 26, 49, 50, 35, 55, 44, 58, 59, 60]],
[227, [3, 14, 36, 38, 4, 17, 19, 39, 25, 48, 27, 62, 35, 55, 23, 43, 45, 64]],
[227, [3, 14, 36, 38, 4, 17, 19, 39, 25, 48, 49, 50, 35, 55, 23, 45, 58, 59]],
[227, [3, 14, 36, 38, 4, 19, 40, 57, 8, 26, 27, 62, 13, 34, 43, 44, 60, 64]],
[227, [3, 14, 36, 38, 4, 19, 40, 57, 8, 26, 49, 50, 13, 34, 44, 58, 59, 60]],
[227, [3, 14, 36, 38, 4, 19, 40, 57, 25, 48, 27, 62, 13, 34, 23, 43, 45, 64]],
[227, [3, 14, 36, 38, 4, 19, 40, 57, 25, 48, 49, 50, 13, 34, 23, 45, 58, 59]],
[227, [3, 14, 36, 38, 17, 18, 39, 41, 8, 26, 27, 62, 35, 55, 23, 43, 45, 64]],
[227, [3, 14, 36, 38, 17, 18, 39, 41, 8, 26, 49, 50, 35, 55, 23, 45, 58, 59]],
[227, [3, 14, 36, 38, 17, 18, 39, 41, 25, 48, 27, 62, 35, 55, 43, 44, 60, 64]],
[227, [3, 14, 36, 38, 17, 18, 39, 41, 25, 48, 49, 50, 35, 55, 44, 58, 59, 60]],
[227, [3, 14, 36, 38, 18, 40, 41, 57, 8, 26, 27, 62, 13, 34, 23, 43, 45, 64]],
[227, [3, 14, 36, 38, 18, 40, 41, 57, 8, 26, 49, 50, 13, 34, 23, 45, 58, 59]],
[227, [3, 14, 36, 38, 18, 40, 41, 57, 25, 48, 27, 62, 13, 34, 43, 44, 60, 64]],
[227, [3, 14, 36, 38, 18, 40, 41, 57, 25, 48, 49, 50, 13, 34, 44, 58, 59, 60]],
[227, [3, 37, 38, 56, 4, 17, 19, 39, 8, 26, 27, 62, 13, 34, 43, 44, 60, 64]],
[227, [3, 37, 38, 56, 4, 17, 19, 39, 8, 26, 49, 50, 13, 34, 44, 58, 59, 60]],
[227, [3, 37, 38, 56, 4, 17, 19, 39, 25, 48, 27, 62, 13, 34, 23, 43, 45, 64]],
[227, [3, 37, 38, 56, 4, 17, 19, 39, 25, 48, 49, 50, 13, 34, 23, 45, 58, 59]],
[227, [3, 37, 38, 56, 4, 19, 40, 57, 8, 26, 27, 62, 35, 55, 43, 44, 60, 64]],
[227, [3, 37, 38, 56, 4, 19, 40, 57, 8, 26, 49, 50, 35, 55, 44, 58, 59, 60]],
[227, [3, 37, 38, 56, 4, 19, 40, 57, 25, 48, 27, 62, 35, 55, 23, 43, 45, 64]],
[227, [3, 37, 38, 56, 4, 19, 40, 57, 25, 48, 49, 50, 35, 55, 23, 45, 58, 59]],
[227, [3, 37, 38, 56, 17, 18, 39, 41, 8, 26, 27, 62, 13, 34, 23, 43, 45, 64]],
[227, [3, 37, 38, 56, 17, 18, 39, 41, 8, 26, 49, 50, 13, 34, 23, 45, 58, 59]],
[227, [3, 37, 38, 56, 17, 18, 39, 41, 25, 48, 27, 62, 13, 34, 43, 44, 60, 64]],
[227, [3, 37, 38, 56, 17, 18, 39, 41, 25, 48, 49, 50, 13, 34, 44, 58, 59, 60]],
[227, [3, 37, 38, 56, 18, 40, 41, 57, 8, 26, 27, 62, 35, 55, 23, 43, 45, 64]],
[227, [3, 37, 38, 56, 18, 40, 41, 57, 8, 26, 49, 50, 35, 55, 23, 45, 58, 59]],
[227, [3, 37, 38, 56, 18, 40, 41, 57, 25, 48, 27, 62, 35, 55, 43, 44, 60, 64]],
[227, [3, 37, 38, 56, 18, 40, 41, 57, 25, 48, 49, 50, 35, 55, 44, 58, 59, 60]],
[227, [14, 15, 16, 36, 4, 17, 19, 39, 8, 26, 27, 62, 35, 55, 44, 58, 59, 60]],
[227, [14, 15, 16, 36, 4, 17, 19, 39, 8, 26, 49, 50, 35, 55, 43, 44, 60, 64]],
[227, [14, 15, 16, 36, 4, 17, 19, 39, 25, 48, 27, 62, 35, 55, 23, 45, 58, 59]],
[227, [14, 15, 16, 36, 4, 17, 19, 39, 25, 48, 49, 50, 35, 55, 23, 43, 45, 64]],
[227, [14, 15, 16, 36, 4, 19, 40, 57, 8, 26, 27, 62, 13, 34, 44, 58, 59, 60]],
[227, [14, 15, 16, 36, 4, 19, 40, 57, 8, 26, 49, 50, 13, 34, 43, 44, 60, 64]],
[227, [14, 15, 16, 36, 4, 19, 40, 57, 25, 48, 27, 62, 13, 34, 23, 45, 58, 59]],
[227, [14, 15, 16, 36, 4, 19, 40, 57, 25, 48, 49, 50, 13, 34, 23, 43, 45, 64]],
[227, [14, 15, 16, 36, 17, 18, 39, 41, 8, 26, 27, 62, 35, 55, 23, 45, 58, 59]],
[227, [14, 15, 16, 36, 17, 18, 39, 41, 8, 26, 49, 50, 35, 55, 23, 43, 45, 64]],
[227, [14, 15, 16, 36, 17, 18, 39, 41, 25, 48, 27, 62, 35, 55, 44, 58, 59, 60]],
[227, [14, 15, 16, 36, 17, 18, 39, 41, 25, 48, 49, 50, 35, 55, 43, 44, 60, 64]],
[227, [14, 15, 16, 36, 18, 40, 41, 57, 8, 26, 27, 62, 13, 34, 23, 45, 58, 59]],
[227, [14, 15, 16, 36, 18, 40, 41, 57, 8, 26, 49, 50, 13, 34, 23, 43, 45, 64]],
[227, [14, 15, 16, 36, 18, 40, 41, 57, 25, 48, 27, 62, 13, 34, 44, 58, 59, 60]],
[227, [14, 15, 16, 36, 18, 40, 41, 57, 25, 48, 49, 50, 13, 34, 43, 44, 60, 64]],
[227, [15, 16, 37, 56, 4, 17, 19, 39, 8, 26, 27, 62, 13, 34, 44, 58, 59, 60]],
[227, [15, 16, 37, 56, 4, 17, 19, 39, 8, 26, 49, 50, 13, 34, 43, 44, 60, 64]],
[227, [15, 16, 37, 56, 4, 17, 19, 39, 25, 48, 27, 62, 13, 34, 23, 45, 58, 59]],
[227, [15, 16, 37, 56, 4, 17, 19, 39, 25, 48, 49, 50, 13, 34, 23, 43, 45, 64]],
[227, [15, 16, 37, 56, 4, 19, 40, 57, 8, 26, 27, 62, 35, 55, 44, 58, 59, 60]],
[227, [15, 16, 37, 56, 4, 19, 40, 57, 8, 26, 49, 50, 35, 55, 43, 44, 60, 64]],
[227, [15, 16, 37, 56, 4, 19, 40, 57, 25, 48, 27, 62, 35, 55, 23, 45, 58, 59]],
[227, [15, 16, 37, 56, 4, 19, 40, 57, 25, 48, 49, 50, 35, 55, 23, 43, 45, 64]],
[227, [15, 16, 37, 56, 17, 18, 39, 41, 8, 26, 27, 62, 13, 34, 23, 45, 58, 59]],
[227, [15, 16, 37, 56, 17, 18, 39, 41, 8, 26, 49, 50, 13, 34, 23, 43, 45, 64]],
[227, [15, 16, 37, 56, 17, 18, 39, 41, 25, 48, 27, 62, 13, 34, 44, 58, 59, 60]],
[227, [15, 16, 37, 56, 17, 18, 39, 41, 25, 48, 49, 50, 13, 34, 43, 44, 60, 64]],
[227, [15, 16, 37, 56, 18, 40, 41, 57, 8, 26, 27, 62, 35, 55, 23, 45, 58, 59]],
[227, [15, 16, 37, 56, 18, 40, 41, 57, 8, 26, 49, 50, 35, 55, 23, 43, 45, 64]],
[227, [15, 16, 37, 56, 18, 40, 41, 57, 25, 48, 27, 62, 35, 55, 44, 58, 59, 60]],
[227, [15, 16, 37, 56, 18, 40, 41, 57, 25, 48, 49, 50, 35, 55, 43, 44, 60, 64]],
[227, [2, 11, 3, 14, 36, 38, 4, 19, 8, 26, 47, 61, 27, 62, 43, 44, 60, 64]],
[227, [2, 11, 3, 14, 36, 38, 4, 19, 8, 26, 47, 61, 49, 50, 44, 58, 59, 60]],
[227, [2, 11, 3, 14, 36, 38, 4, 19, 25, 47, 48, 61, 27, 62, 23, 43, 45, 64]],
[227, [2, 11, 3, 14, 36, 38, 4, 19, 25, 47, 48, 61, 49, 50, 23, 45, 58, 59]],
[227, [2, 11, 3, 14, 36, 38, 18, 41, 8, 26, 47, 61, 27, 62, 23, 43, 45, 64]],
[227, [2, 11, 3, 14, 36, 38, 18, 41, 8, 26, 47, 61, 49, 50, 23, 45, 58, 59]],
[227, [2, 11, 3, 14, 36, 38, 18, 41, 25, 47, 48, 61, 27, 62, 43, 44, 60, 64]],
[227, [2, 11, 3, 14, 36, 38, 18, 41, 25, 47, 48, 61, 49, 50, 44, 58, 59, 60]],
[227, [2, 11, 3, 37, 38, 56, 4, 19, 8, 24, 26, 46, 27, 62, 43, 44, 60, 64]],
[227, [2, 11, 3, 37, 38, 56, 4, 19, 8, 24, 26, 46, 49, 50, 44, 58, 59, 60]],
[227, [2, 11, 3, 37, 38, 56, 4, 19, 24, 25, 46, 48, 27, 62, 23, 43, 45, 64]],
[227, [2, 11, 3, 37, 38, 56, 4, 19, 24, 25, 46, 48, 49, 50, 23, 45, 58, 59]],
[227, [2, 11, 3, 37, 38, 56, 18, 41, 8, 24, 26, 46, 27, 62, 23, 43, 45, 64]],
[227, [2, 11, 3, 37, 38, 56, 18, 41, 8, 24, 26, 46, 49, 50, 23, 45, 58, 59]],
[227, [2, 11, 3, 37, 38, 56, 18, 41, 24, 25, 46, 48, 27, 62, 43, 44, 60, 64]],
[227, [2, 11, 3, 37, 38, 56, 18, 41, 24, 25, 46, 48, 49, 50, 44, 58, 59, 60]],
[227, [2, 11, 14, 15, 16, 36, 4, 19, 8, 26, 47, 61, 27, 62, 44, 58, 59, 60]],
[227, [2, 11, 14, 15, 16, 36, 4, 19, 8, 26, 47, 61, 49, 50, 43, 44, 60, 64]],
[227, [2, 11, 14, 15, 16, 36, 4, 19, 25, 47, 48, 61, 27, 62, 23, 45, 58, 59]],
[227, [2, 11, 14, 15, 16, 36, 4, 19, 25, 47, 48, 61, 49, 50, 23, 43, 45, 64]],
[227, [2, 11, 14, 15, 16, 36, 18, 41, 8, 26, 47, 61, 27, 62, 23, 45, 58, 59]],
[227, [2, 11, 14, 15, 16, 36, 18, 41, 8, 26, 47, 61, 49, 50, 23, 43, 45, 64]],
[227, [2, 11, 14, 15, 16, 36, 18, 41, 25, 47, 48, 61, 27, 62, 44, 58, 59, 60]],
[227, [2, 11, 14, 15, 16, 36, 18, 41, 25, 47, 48, 61, 49, 50, 43, 44, 60, 64]],
[227, [2, 11, 15, 16, 37, 56, 4, 19, 8, 24, 26, 46, 27, 62, 44, 58, 59, 60]],
[227, [2, 11, 15, 16, 37, 56, 4, 19, 8, 24, 26, 46, 49, 50, 43, 44, 60, 64]],
[227, [2, 11, 15, 16, 37, 56, 4, 19, 24, 25, 46, 48, 27, 62, 23, 45, 58, 59]],
[227, [2, 11, 15, 16, 37, 56, 4, 19, 24, 25, 46, 48, 49, 50, 23, 43, 45, 64]],
[227, [2, 11, 15, 16, 37, 56, 18, 41, 8, 24, 26, 46, 27, 62, 23, 45, 58, 59]],
[227, [2, 11, 15, 16, 37, 56, 18, 41, 8, 24, 26, 46, 49, 50, 23, 43, 45, 64]],
[227, [2, 11, 15, 16, 37, 56, 18, 41, 24, 25, 46, 48, 27, 62, 44, 58, 59, 60]],
[227, [2, 11, 15, 16, 37, 56, 18, 41, 24, 25, 46, 48, 49, 50, 43, 44, 60, 64]],
[227, [12, 32, 3, 14, 36, 38, 4, 19, 8, 24, 26, 46, 27, 62, 43, 44, 60, 64]],
[227, [12, 32, 3, 14, 36, 38, 4, 19, 8, 24, 26, 46, 49, 50, 44, 58, 59, 60]],
[227, [12, 32, 3, 14, 36, 38, 4, 19, 24, 25, 46, 48, 27, 62, 23, 43, 45, 64]],
[227, [12, 32, 3, 14, 36, 38, 4, 19, 24, 25, 46, 48, 49, 50, 23, 45, 58, 59]],
[227, [12, 32, 3, 14, 36, 38, 18, 41, 8, 24, 26, 46, 27, 62, 23, 43, 45, 64]],
[227, [12, 32, 3, 14, 36, 38, 18, 41, 8, 24, 26, 46, 49, 50, 23, 45, 58, 59]],
[227, [12, 32, 3, 14, 36, 38, 18, 41, 24, 25, 46, 48, 27, 62, 43, 44, 60, 64]],
[227, [12, 32, 3, 14, 36, 38, 18, 41, 24, 25, 46, 48, 49, 50, 44, 58, 59, 60]],
[227, [12, 32, 3, 37, 38, 56, 4, 19, 8, 26, 47, 61, 27, 62, 43, 44, 60, 64]],
[227, [12, 32, 3, 37, 38, 56, 4, 19, 8, 26, 47, 61, 49, 50, 44, 58, 59, 60]],
[227, [12, 32, 3, 37, 38, 56, 4, 19, 25, 47, 48, 61, 27, 62, 23, 43, 45, 64]],
[227, [12, 32, 3, 37, 38, 56, 4, 19, 25, 47, 48, 61, 49, 50, 23, 45, 58, 59]],
[227, [12, 32, 3, 37, 38, 56, 18, 41, 8, 26, 47, 61, 27, 62, 23, 43, 45, 64]],
[227, [12, 32, 3, 37, 38, 56, 18, 41, 8, 26, 47, 61, 49, 50, 23, 45, 58, 59]],
[227, [12, 32, 3, 37, 38, 56, 18, 41, 25, 47, 48, 61, 27, 62, 43, 44, 60, 64]],
[227, [12, 32, 3, 37, 38, 56, 18, 41, 25, 47, 48, 61, 49, 50, 44, 58, 59, 60]],
[227, [12, 32, 14, 15, 16, 36, 4, 19, 8, 24, 26, 46, 27, 62, 44, 58, 59, 60]],
[227, [12, 32, 14, 15, 16, 36, 4, 19, 8, 24, 26, 46, 49, 50, 43, 44, 60, 64]],
[227, [12, 32, 14, 15, 16, 36, 4, 19, 24, 25, 46, 48, 27, 62, 23, 45, 58, 59]],
[227, [12, 32, 14, 15, 16, 36, 4, 19, 24, 25, 46, 48, 49, 50, 23, 43, 45, 64]],
[227, [12, 32, 14, 15, 16, 36, 18, 41, 8, 24, 26, 46, 27, 62, 23, 45, 58, 59]],
[227, [12, 32, 14, 15, 16, 36, 18, 41, 8, 24, 26, 46, 49, 50, 23, 43, 45, 64]],
[227, [12, 32, 14, 15, 16, 36, 18, 41, 24, 25, 46, 48, 27, 62, 44, 58, 59, 60]],
[227, [12, 32, 14, 15, 16, 36, 18, 41, 24, 25, 46, 48, 49, 50, 43, 44, 60, 64]],
[227, [12, 32, 15, 16, 37, 56, 4, 19, 8, 26, 47, 61, 27, 62, 44, 58, 59, 60]],
[227, [12, 32, 15, 16, 37, 56, 4, 19, 8, 26, 47, 61, 49, 50, 43, 44, 60, 64]],
[227, [12, 32, 15, 16, 37, 56, 4, 19, 25, 47, 48, 61, 27, 62, 23, 45, 58, 59]],
[227, [12, 32, 15, 16, 37, 56, 4, 19, 25, 47, 48, 61, 49, 50, 23, 43, 45, 64]],
[227, [12, 32, 15, 16, 37, 56, 18, 41, 8, 26, 47, 61, 27, 62, 23, 45, 58, 59]],
[227, [12, 32, 15, 16, 37, 56, 18, 41, 8, 26, 47, 61, 49, 50, 23, 43, 45, 64]],
[227, [12, 32, 15, 16, 37, 56, 18, 41, 25, 47, 48, 61, 27, 62, 44, 58, 59, 60]],
[227, [12, 32, 15, 16, 37, 56, 18, 41, 25, 47, 48, 61, 49, 50, 43, 44, 60, 64]],
[227, [2, 11, 3, 14, 16, 36, 4, 17, 19, 57, 8, 47, 48, 61, 34, 55, 58, 59]],
[227, [2, 11, 3, 14, 16, 36, 4, 17, 19, 57, 25, 26, 47, 61, 34, 55, 43, 64]],
[227, [2, 11, 3, 14, 16, 36, 4, 19, 39, 40, 8, 47, 48, 61, 34, 55, 43, 64]],
[227, [2, 11, 3, 14, 16, 36, 4, 19, 39, 40, 25, 26, 47, 61, 34, 55, 58, 59]],
[227, [2, 11, 3, 14, 16, 36, 17, 18, 41, 57, 8, 47, 48, 61, 13, 35, 58, 59]],
[227, [2, 11, 3, 14, 16, 36, 17, 18, 41, 57, 25, 26, 47, 61, 13, 35, 43, 64]],
[227, [2, 11, 3, 14, 16, 36, 18, 39, 40, 41, 8, 47, 48, 61, 13, 35, 43, 64]],
[227, [2, 11, 3, 14, 16, 36, 18, 39, 40, 41, 25, 26, 47, 61, 13, 35, 58, 59]],
[227, [2, 11, 3, 16, 37, 56, 4, 17, 19, 57, 8, 24, 46, 48, 34, 55, 58, 59]],
[227, [2, 11, 3, 16, 37, 56, 4, 17, 19, 57, 24, 25, 26, 46, 34, 55, 43, 64]],
[227, [2, 11, 3, 16, 37, 56, 4, 19, 39, 40, 8, 24, 46, 48, 34, 55, 43, 64]],
[227, [2, 11, 3, 16, 37, 56, 4, 19, 39, 40, 24, 25, 26, 46, 34, 55, 58, 59]],
[227, [2, 11, 3, 16, 37, 56, 17, 18, 41, 57, 8, 24, 46, 48, 13, 35, 58, 59]],
[227, [2, 11, 3, 16, 37, 56, 17, 18, 41, 57, 24, 25, 26, 46, 13, 35, 43, 64]],
[227, [2, 11, 3, 16, 37, 56, 18, 39, 40, 41, 8, 24, 46, 48, 13, 35, 43, 64]],
[227, [2, 11, 3, 16, 37, 56, 18, 39, 40, 41, 24, 25, 26, 46, 13, 35, 58, 59]],
[227, [2, 11, 14, 15, 36, 38, 4, 17, 19, 57, 8, 47, 48, 61, 13, 35, 58, 59]],
[227, [2, 11, 14, 15, 36, 38, 4, 17, 19, 57, 25, 26, 47, 61, 13, 35, 43, 64]],
[227, [2, 11, 14, 15, 36, 38, 4, 19, 39, 40, 8, 47, 48, 61, 13, 35, 43, 64]],
[227, [2, 11, 14, 15, 36, 38, 4, 19, 39, 40, 25, 26, 47, 61, 13, 35, 58, 59]],
[227, [2, 11, 14, 15, 36, 38, 17, 18, 41, 57, 8, 47, 48, 61, 34, 55, 58, 59]],
[227, [2, 11, 14, 15, 36, 38, 17, 18, 41, 57, 25, 26, 47, 61, 34, 55, 43, 64]],
[227, [2, 11, 14, 15, 36, 38, 18, 39, 40, 41, 8, 47, 48, 61, 34, 55, 43, 64]],
[227, [2, 11, 14, 15, 36, 38, 18, 39, 40, 41, 25, 26, 47, 61, 34, 55, 58, 59]],
[227, [2, 11, 15, 37, 38, 56, 4, 17, 19, 57, 8, 24, 46, 48, 13, 35, 58, 59]],
[227, [2, 11, 15, 37, 38, 56, 4, 17, 19, 57, 24, 25, 26, 46, 13, 35, 43, 64]],
[227, [2, 11, 15, 37, 38, 56, 4, 19, 39, 40, 8, 24, 46, 48, 13, 35, 43, 64]],
[227, [2, 11, 15, 37, 38, 56, 4, 19, 39, 40, 24, 25, 26, 46, 13, 35, 58, 59]],
[227, [2, 11, 15, 37, 38, 56, 17, 18, 41, 57, 8, 24, 46, 48, 34, 55, 58, 59]],
[227, [2, 11, 15, 37, 38, 56, 17, 18, 41, 57, 24, 25, 26, 46, 34, 55, 43, 64]],
[227, [2, 11, 15, 37, 38, 56, 18, 39, 40, 41, 8, 24, 46, 48, 34, 55, 43, 64]],
[227, [2, 11, 15, 37, 38, 56, 18, 39, 40, 41, 24, 25, 26, 46, 34, 55, 58, 59]],
[227, [12, 32, 3, 14, 16, 36, 4, 17, 19, 57, 8, 24, 46, 48, 34, 55, 58, 59]],
[227, [12, 32, 3, 14, 16, 36, 4, 17, 19, 57, 24, 25, 26, 46, 34, 55, 43, 64]],
[227, [12, 32, 3, 14, 16, 36, 4, 19, 39, 40, 8, 24, 46, 48, 34, 55, 43, 64]],
[227, [12, 32, 3, 14, 16, 36, 4, 19, 39, 40, 24, 25, 26, 46, 34, 55, 58, 59]],
[227, [12, 32, 3, 14, 16, 36, 17, 18, 41, 57, 8, 24, 46, 48, 13, 35, 58, 59]],
[227, [12, 32, 3, 14, 16, 36, 17, 18, 41, 57, 24, 25, 26, 46, 13, 35, 43, 64]],
[227, [12, 32, 3, 14, 16, 36, 18, 39, 40, 41, 8, 24, 46, 48, 13, 35, 43, 64]],
[227, [12, 32, 3, 14, 16, 36, 18, 39, 40, 41, 24, 25, 26, 46, 13, 35, 58, 59]],
[227, [12, 32, 3, 16, 37, 56, 4, 17, 19, 57, 8, 47, 48, 61, 34, 55, 58, 59]],
[227, [12, 32, 3, 16, 37, 56, 4, 17, 19, 57, 25, 26, 47, 61, 34, 55, 43, 64]],
[227, [12, 32, 3, 16, 37, 56, 4, 19, 39, 40, 8, 47, 48, 61, 34, 55, 43, 64]],
[227, [12, 32, 3, 16, 37, 56, 4, 19, 39, 40, 25, 26, 47, 61, 34, 55, 58, 59]],
[227, [12, 32, 3, 16, 37, 56, 17, 18, 41, 57, 8, 47, 48, 61, 13, 35, 58, 59]],
[227, [12, 32, 3, 16, 37, 56, 17, 18, 41, 57, 25, 26, 47, 61, 13, 35, 43, 64]],
[227, [12, 32, 3, 16, 37, 56, 18, 39, 40, 41, 8, 47, 48, 61, 13, 35, 43, 64]],
[227, [12, 32, 3, 16, 37, 56, 18, 39, 40, 41, 25, 26, 47, 61, 13, 35, 58, 59]],
[227, [12, 32, 14, 15, 36, 38, 4, 17, 19, 57, 8, 24, 46, 48, 13, 35, 58, 59]],
[227, [12, 32, 14, 15, 36, 38, 4, 17, 19, 57, 24, 25, 26, 46, 13, 35, 43, 64]],
[227, [12, 32, 14, 15, 36, 38, 4, 19, 39, 40, 8, 24, 46, 48, 13, 35, 43, 64]],
[227, [12, 32, 14, 15, 36, 38, 4, 19, 39, 40, 24, 25, 26, 46, 13, 35, 58, 59]],
[227, [12, 32, 14, 15, 36, 38, 17, 18, 41, 57, 8, 24, 46, 48, 34, 55, 58, 59]],
[227, [12, 32, 14, 15, 36, 38, 17, 18, 41, 57, 24, 25, 26, 46, 34, 55, 43, 64]],
[227, [12, 32, 14, 15, 36, 38, 18, 39, 40, 41, 8, 24, 46, 48, 34, 55, 43, 64]],
[227, [12, 32, 14, 15, 36, 38, 18, 39, 40, 41, 24, 25, 26, 46, 34, 55, 58, 59]],
[227, [12, 32, 15, 37, 38, 56, 4, 17, 19, 57, 8, 47, 48, 61, 13, 35, 58, 59]],
[227, [12, 32, 15, 37, 38, 56, 4, 17, 19, 57, 25, 26, 47, 61, 13, 35, 43, 64]],
[227, [12, 32, 15, 37, 38, 56, 4, 19, 39, 40, 8, 47, 48, 61, 13, 35, 43, 64]],
[227, [12, 32, 15, 37, 38, 56, 4, 19, 39, 40, 25, 26, 47, 61, 13, 35, 58, 59]],
[227, [12, 32, 15, 37, 38, 56, 17, 18, 41, 57, 8, 47, 48, 61, 34, 55, 58, 59]],
[227, [12, 32, 15, 37, 38, 56, 17, 18, 41, 57, 25, 26, 47, 61, 34, 55, 43, 64]],
[227, [12, 32, 15, 37, 38, 56, 18, 39, 40, 41, 8, 47, 48, 61, 34, 55, 43, 64]],
[227, [12, 32, 15, 37, 38, 56, 18, 39, 40, 41, 25, 26, 47, 61, 34, 55, 58, 59]],
[227, [5, 20, 3, 38, 4, 19, 8, 26, 27, 62, 13, 34, 54, 63, 43, 44, 60, 64]],
[227, [5, 20, 3, 38, 4, 19, 8, 26, 27, 62, 33, 35, 53, 55, 43, 44, 60, 64]],
[227, [5, 20, 3, 38, 4, 19, 8, 26, 49, 50, 13, 34, 54, 63, 44, 58, 59, 60]],
[227, [5, 20, 3, 38, 4, 19, 8, 26, 49, 50, 33, 35, 53, 55, 44, 58, 59, 60]],
[227, [5, 20, 3, 38, 4, 19, 25, 48, 27, 62, 13, 34, 54, 63, 23, 43, 45, 64]],
[227, [5, 20, 3, 38, 4, 19, 25, 48, 27, 62, 33, 35, 53, 55, 23, 43, 45, 64]],
[227, [5, 20, 3, 38, 4, 19, 25, 48, 49, 50, 13, 34, 54, 63, 23, 45, 58, 59]],
[227, [5, 20, 3, 38, 4, 19, 25, 48, 49, 50, 33, 35, 53, 55, 23, 45, 58, 59]],
[227, [5, 20, 3, 38, 18, 41, 8, 26, 27, 62, 13, 34, 54, 63, 23, 43, 45, 64]],
[227, [5, 20, 3, 38, 18, 41, 8, 26, 27, 62, 33, 35, 53, 55, 23, 43, 45, 64]],
[227, [5, 20, 3, 38, 18, 41, 8, 26, 49, 50, 13, 34, 54, 63, 23, 45, 58, 59]],
[227, [5, 20, 3, 38, 18, 41, 8, 26, 49, 50, 33, 35, 53, 55, 23, 45, 58, 59]],
[227, [5, 20, 3, 38, 18, 41, 25, 48, 27, 62, 13, 34, 54, 63, 43, 44, 60, 64]],
[227, [5, 20, 3, 38, 18, 41, 25, 48, 27, 62, 33, 35, 53, 55, 43, 44, 60, 64]],
[227, [5, 20, 3, 38, 18, 41, 25, 48, 49, 50, 13, 34, 54, 63, 44, 58, 59, 60]],
[227, [5, 20, 3, 38, 18, 41, 25, 48, 49, 50, 33, 35, 53, 55, 44, 58, 59, 60]],
[227, [5, 20, 15, 16, 4, 19, 8, 26, 27, 62, 13, 34, 54, 63, 44, 58, 59, 60]],
[227, [5, 20, 15, 16, 4, 19, 8, 26, 27, 62, 33, 35, 53, 55, 44, 58, 59, 60]],
[227, [5, 20, 15, 16, 4, 19, 8, 26, 49, 50, 13, 34, 54, 63, 43, 44, 60, 64]],
[227, [5, 20, 15, 16, 4, 19, 8, 26, 49, 50, 33, 35, 53, 55, 43, 44, 60, 64]],
[227, [5, 20, 15, 16, 4, 19, 25, 48, 27, 62, 13, 34, 54, 63, 23, 45, 58, 59]],
[227, [5, 20, 15, 16, 4, 19, 25, 48, 27, 62, 33, 35, 53, 55, 23, 45, 58, 59]],
[227, [5, 20, 15, 16, 4, 19, 25, 48, 49, 50, 13, 34, 54, 63, 23, 43, 45, 64]],
[227, [5, 20, 15, 16, 4, 19, 25, 48, 49, 50, 33, 35, 53, 55, 23, 43, 45, 64]],
[227, [5, 20, 15, 16, 18, 41, 8, 26, 27, 62, 13, 34, 54, 63, 23, 45, 58, 59]],
[227, [5, 20, 15, 16, 18, 41, 8, 26, 27, 62, 33, 35, 53, 55, 23, 45, 58, 59]],
[227, [5, 20, 15, 16, 18, 41, 8, 26, 49, 50, 13, 34, 54, 63, 23, 43, 45, 64]],
[227, [5, 20, 15, 16, 18, 41, 8, 26, 49, 50, 33, 35, 53, 55, 23, 43, 45, 64]],
[227, [5, 20, 15, 16, 18, 41, 25, 48, 27, 62, 13, 34, 54, 63, 44, 58, 59, 60]],
[227, [5, 20, 15, 16, 18, 41, 25, 48, 27, 62, 33, 35, 53, 55, 44, 58, 59, 60]],
[227, [5, 20, 15, 16, 18, 41, 25, 48, 49, 50, 13, 34, 54, 63, 43, 44, 60, 64]],
[227, [5, 20, 15, 16, 18, 41, 25, 48, 49, 50, 33, 35, 53, 55, 43, 44, 60, 64]],
[227, [21, 42, 3, 38, 4, 19, 8, 26, 27, 62, 13, 33, 34, 53, 43, 44, 60, 64]],
[227, [21, 42, 3, 38, 4, 19, 8, 26, 27, 62, 35, 54, 55, 63, 43, 44, 60, 64]],
[227, [21, 42, 3, 38, 4, 19, 8, 26, 49, 50, 13, 33, 34, 53, 44, 58, 59, 60]],
[227, [21, 42, 3, 38, 4, 19, 8, 26, 49, 50, 35, 54, 55, 63, 44, 58, 59, 60]],
[227, [21, 42, 3, 38, 4, 19, 25, 48, 27, 62, 13, 33, 34, 53, 23, 43, 45, 64]],
[227, [21, 42, 3, 38, 4, 19, 25, 48, 27, 62, 35, 54, 55, 63, 23, 43, 45, 64]],
[227, [21, 42, 3, 38, 4, 19, 25, 48, 49, 50, 13, 33, 34, 53, 23, 45, 58, 59]],
[227, [21, 42, 3, 38, 4, 19, 25, 48, 49, 50, 35, 54, 55, 63, 23, 45, 58, 59]],
[227, [21, 42, 3, 38, 18, 41, 8, 26, 27, 62, 13, 33, 34, 53, 23, 43, 45, 64]],
[227, [21, 42, 3, 38, 18, 41, 8, 26, 27, 62, 35, 54, 55, 63, 23, 43, 45, 64]],
[227, [21, 42, 3, 38, 18, 41, 8, 26, 49, 50, 13, 33, 34, 53, 23, 45, 58, 59]],
[227, [21, 42, 3, 38, 18, 41, 8, 26, 49, 50, 35, 54, 55, 63, 23, 45, 58, 59]],
[227, [21, 42, 3, 38, 18, 41, 25, 48, 27, 62, 13, 33, 34, 53, 43, 44, 60, 64]],
[227, [21, 42, 3, 38, 18, 41, 25, 48, 27, 62, 35, 54, 55, 63, 43, 44, 60, 64]],
[227, [21, 42, 3, 38, 18, 41, 25, 48, 49, 50, 13, 33, 34, 53, 44, 58, 59, 60]],
[227, [21, 42, 3, 38, 18, 41, 25, 48, 49, 50, 35, 54, 55, 63, 44, 58, 59, 60]],
[227, [21, 42, 15, 16, 4, 19, 8, 26, 27, 62, 13, 33, 34, 53, 44, 58, 59, 60]],
[227, [21, 42, 15, 16, 4, 19, 8, 26, 27, 62, 35, 54, 55, 63, 44, 58, 59, 60]],
[227, [21, 42, 15, 16, 4, 19, 8, 26, 49, 50, 13, 33, 34, 53, 43, 44, 60, 64]],
[227, [21, 42, 15, 16, 4, 19, 8, 26, 49, 50, 35, 54, 55, 63, 43, 44, 60, 64]],
[227, [21, 42, 15, 16, 4, 19, 25, 48, 27, 62, 13, 33, 34, 53, 23, 45, 58, 59]],
[227, [21, 42, 15, 16, 4, 19, 25, 48, 27, 62, 35, 54, 55, 63, 23, 45, 58, 59]],
[227, [21, 42, 15, 16, 4, 19, 25, 48, 49, 50, 13, 33, 34, 53, 23, 43, 45, 64]],
[227, [21, 42, 15, 16, 4, 19, 25, 48, 49, 50, 35, 54, 55, 63, 23, 43, 45, 64]],
[227, [21, 42, 15, 16, 18, 41, 8, 26, 27, 62, 13, 33, 34, 53, 23, 45, 58, 59]],
[227, [21, 42, 15, 16, 18, 41, 8, 26, 27, 62, 35, 54, 55, 63, 23, 45, 58, 59]],
[227, [21, 42, 15, 16, 18, 41, 8, 26, 49, 50, 13, 33, 34, 53, 23, 43, 45, 64]],
[227, [21, 42, 15, 16, 18, 41, 8, 26, 49, 50, 35, 54, 55, 63, 23, 43, 45, 64]],
[227, [21, 42, 15, 16, 18, 41, 25, 48, 27, 62, 13, 33, 34, 53, 44, 58, 59, 60]],
[227, [21, 42, 15, 16, 18, 41, 25, 48, 27, 62, 35, 54, 55, 63, 44, 58, 59, 60]],
[227, [21, 42, 15, 16, 18, 41, 25, 48, 49, 50, 13, 33, 34, 53, 43, 44, 60, 64]],
[227, [21, 42, 15, 16, 18, 41, 25, 48, 49, 50, 35, 54, 55, 63, 43, 44, 60, 64]],
[227, [5, 42, 3, 15, 4, 17, 19, 39, 8, 26, 9, 49, 50, 51, 54, 63, 44, 60]],
[227, [5, 42, 3, 15, 4, 17, 19, 39, 8, 26, 27, 28, 29, 62, 54, 63, 44, 60]],
[227, [5, 42, 3, 15, 4, 17, 19, 39, 25, 48, 9, 49, 50, 51, 54, 63, 23, 45]],
[227, [5, 42, 3, 15, 4, 17, 19, 39, 25, 48, 27, 28, 29, 62, 54, 63, 23, 45]],
[227, [5, 42, 3, 15, 4, 19, 40, 57, 8, 26, 9, 49, 50, 51, 33, 53, 44, 60]],
[227, [5, 42, 3, 15, 4, 19, 40, 57, 8, 26, 27, 28, 29, 62, 33, 53, 44, 60]],
[227, [5, 42, 3, 15, 4, 19, 40, 57, 25, 48, 9, 49, 50, 51, 33, 53, 23, 45]],
[227, [5, 42, 3, 15, 4, 19, 40, 57, 25, 48, 27, 28, 29, 62, 33, 53, 23, 45]],
[227, [5, 42, 3, 15, 17, 18, 39, 41, 8, 26, 9, 49, 50, 51, 54, 63, 23, 45]],
[227, [5, 42, 3, 15, 17, 18, 39, 41, 8, 26, 27, 28, 29, 62, 54, 63, 23, 45]],
[227, [5, 42, 3, 15, 17, 18, 39, 41, 25, 48, 9, 49, 50, 51, 54, 63, 44, 60]],
[227, [5, 42, 3, 15, 17, 18, 39, 41, 25, 48, 27, 28, 29, 62, 54, 63, 44, 60]],
[227, [5, 42, 3, 15, 18, 40, 41, 57, 8, 26, 9, 49, 50, 51, 33, 53, 23, 45]],
[227, [5, 42, 3, 15, 18, 40, 41, 57, 8, 26, 27, 28, 29, 62, 33, 53, 23, 45]],
[227, [5, 42, 3, 15, 18, 40, 41, 57, 25, 48, 9, 49, 50, 51, 33, 53, 44, 60]],
[227, [5, 42, 3, 15, 18, 40, 41, 57, 25, 48, 27, 28, 29, 62, 33, 53, 44, 60]],
[227, [5, 42, 14, 36, 4, 17, 19, 39, 8, 26, 9, 49, 50, 51, 35, 55, 44, 60]],
[227, [5, 42, 14, 36, 4, 17, 19, 39, 8, 26, 27, 28, 29, 62, 35, 55, 44, 60]],
[227, [5, 42, 14, 36, 4, 17, 19, 39, 25, 48, 9, 49, 50, 51, 35, 55, 23, 45]],
[227, [5, 42, 14, 36, 4, 17, 19, 39, 25, 48, 27, 28, 29, 62, 35, 55, 23, 45]],
[227, [5, 42, 14, 36, 4, 19, 40, 57, 8, 26, 9, 49, 50, 51, 13, 34, 44, 60]],
[227, [5, 42, 14, 36, 4, 19, 40, 57, 8, 26, 27, 28, 29, 62, 13, 34, 44, 60]],
[227, [5, 42, 14, 36, 4, 19, 40, 57, 25, 48, 9, 49, 50, 51, 13, 34, 23, 45]],
[227, [5, 42, 14, 36, 4, 19, 40, 57, 25, 48, 27, 28, 29, 62, 13, 34, 23, 45]],
[227, [5, 42, 14, 36, 17, 18, 39, 41, 8, 26, 9, 49, 50, 51, 35, 55, 23, 45]],
[227, [5, 42, 14, 36, 17, 18, 39, 41, 8, 26, 27, 28, 29, 62, 35, 55, 23, 45]],
[227, [5, 42, 14, 36, 17, 18, 39, 41, 25, 48, 9, 49, 50, 51, 35, 55, 44, 60]],
[227, [5, 42, 14, 36, 17, 18, 39, 41, 25, 48, 27, 28, 29, 62, 35, 55, 44, 60]],
[227, [5, 42, 14, 36, 18, 40, 41, 57, 8, 26, 9, 49, 50, 51, 13, 34, 23, 45]],
[227, [5, 42, 14, 36, 18, 40, 41, 57, 8, 26, 27, 28, 29, 62, 13, 34, 23, 45]],
[227, [5, 42, 14, 36, 18, 40, 41, 57, 25, 48, 9, 49, 50, 51, 13, 34, 44, 60]],
[227, [5, 42, 14, 36, 18, 40, 41, 57, 25, 48, 27, 28, 29, 62, 13, 34, 44, 60]],
[227, [5, 42, 16, 38, 4, 17, 19, 39, 8, 26, 9, 49, 50, 51, 33, 53, 44, 60]],
[227, [5, 42, 16, 38, 4, 17, 19, 39, 8, 26, 27, 28, 29, 62, 33, 53, 44, 60]],
[227, [5, 42, 16, 38, 4, 17, 19, 39, 25, 48, 9, 49, 50, 51, 33, 53, 23, 45]],
[227, [5, 42, 16, 38, 4, 17, 19, 39, 25, 48, 27, 28, 29, 62, 33, 53, 23, 45]],
[227, [5, 42, 16, 38, 4, 19, 40, 57, 8, 26, 9, 49, 50, 51, 54, 63, 44, 60]],
[227, [5, 42, 16, 38, 4, 19, 40, 57, 8, 26, 27, 28, 29, 62, 54, 63, 44, 60]],
[227, [5, 42, 16, 38, 4, 19, 40, 57, 25, 48, 9, 49, 50, 51, 54, 63, 23, 45]],
[227, [5, 42, 16, 38, 4, 19, 40, 57, 25, 48, 27, 28, 29, 62, 54, 63, 23, 45]],
[227, [5, 42, 16, 38, 17, 18, 39, 41, 8, 26, 9, 49, 50, 51, 33, 53, 23, 45]],
[227, [5, 42, 16, 38, 17, 18, 39, 41, 8, 26, 27, 28, 29, 62, 33, 53, 23, 45]],
[227, [5, 42, 16, 38, 17, 18, 39, 41, 25, 48, 9, 49, 50, 51, 33, 53, 44, 60]],
[227, [5, 42, 16, 38, 17, 18, 39, 41, 25, 48, 27, 28, 29, 62, 33, 53, 44, 60]],
[227, [5, 42, 16, 38, 18, 40, 41, 57, 8, 26, 9, 49, 50, 51, 54, 63, 23, 45]],
[227, [5, 42, 16, 38, 18, 40, 41, 57, 8, 26, 27, 28, 29, 62, 54, 63, 23, 45]],
[227, [5, 42, 16, 38, 18, 40, 41, 57, 25, 48, 9, 49, 50, 51, 54, 63, 44, 60]],
[227, [5, 42, 16, 38, 18, 40, 41, 57, 25, 48, 27, 28, 29, 62, 54, 63, 44, 60]],
[227, [5, 42, 37, 56, 4, 17, 19, 39, 8, 26, 9, 49, 50, 51, 13, 34, 44, 60]],
[227, [5, 42, 37, 56, 4, 17, 19, 39, 8, 26, 27, 28, 29, 62, 13, 34, 44, 60]],
[227, [5, 42, 37, 56, 4, 17, 19, 39, 25, 48, 9, 49, 50, 51, 13, 34, 23, 45]],
[227, [5, 42, 37, 56, 4, 17, 19, 39, 25, 48, 27, 28, 29, 62, 13, 34, 23, 45]],
[227, [5, 42, 37, 56, 4, 19, 40, 57, 8, 26, 9, 49, 50, 51, 35, 55, 44, 60]],
[227, [5, 42, 37, 56, 4, 19, 40, 57, 8, 26, 27, 28, 29, 62, 35, 55, 44, 60]],
[227, [5, 42, 37, 56, 4, 19, 40, 57, 25, 48, 9, 49, 50, 51, 35, 55, 23, 45]],
[227, [5, 42, 37, 56, 4, 19, 40, 57, 25, 48, 27, 28, 29, 62, 35, 55, 23, 45]],
[227, [5, 42, 37, 56, 17, 18, 39, 41, 8, 26, 9, 49, 50, 51, 13, 34, 23, 45]],
[227, [5, 42, 37, 56, 17, 18, 39, 41, 8, 26, 27, 28, 29, 62, 13, 34, 23, 45]],
[227, [5, 42, 37, 56, 17, 18, 39, 41, 25, 48, 9, 49, 50, 51, 13, 34, 44, 60]],
[227, [5, 42, 37, 56, 17, 18, 39, 41, 25, 48, 27, 28, 29, 62, 13, 34, 44, 60]],
[227, [5, 42, 37, 56, 18, 40, 41, 57, 8, 26, 9, 49, 50, 51, 35, 55, 23, 45]],
[227, [5, 42, 37, 56, 18, 40, 41, 57, 8, 26, 27, 28, 29, 62, 35, 55, 23, 45]],
[227, [5, 42, 37, 56, 18, 40, 41, 57, 25, 48, 9, 49, 50, 51, 35, 55, 44, 60]],
[227, [5, 42, 37, 56, 18, 40, 41, 57, 25, 48, 27, 28, 29, 62, 35, 55, 44, 60]],
[227, [20, 21, 3, 15, 4, 17, 19, 39, 8, 26, 9, 27, 51, 62, 54, 63, 44, 60]],
[227, [20, 21, 3, 15, 4, 17, 19, 39, 8, 26, 28, 29, 49, 50, 54, 63, 44, 60]],
[227, [20, 21, 3, 15, 4, 17, 19, 39, 25, 48, 9, 27, 51, 62, 54, 63, 23, 45]],
[227, [20, 21, 3, 15, 4, 17, 19, 39, 25, 48, 28, 29, 49, 50, 54, 63, 23, 45]],
[227, [20, 21, 3, 15, 4, 19, 40, 57, 8, 26, 9, 27, 51, 62, 33, 53, 44, 60]],
[227, [20, 21, 3, 15, 4, 19, 40, 57, 8, 26, 28, 29, 49, 50, 33, 53, 44, 60]],
[227, [20, 21, 3, 15, 4, 19, 40, 57, 25, 48, 9, 27, 51, 62, 33, 53, 23, 45]],
[227, [20, 21, 3, 15, 4, 19, 40, 57, 25, 48, 28, 29, 49, 50, 33, 53, 23, 45]],
[227, [20, 21, 3, 15, 17, 18, 39, 41, 8, 26, 9, 27, 51, 62, 54, 63, 23, 45]],
[227, [20, 21, 3, 15, 17, 18, 39, 41, 8, 26, 28, 29, 49, 50, 54, 63, 23, 45]],
[227, [20, 21, 3, 15, 17, 18, 39, 41, 25, 48, 9, 27, 51, 62, 54, 63, 44, 60]],
[227, [20, 21, 3, 15, 17, 18, 39, 41, 25, 48, 28, 29, 49, 50, 54, 63, 44, 60]],
[227, [20, 21, 3, 15, 18, 40, 41, 57, 8, 26, 9, 27, 51, 62, 33, 53, 23, 45]],
[227, [20, 21, 3, 15, 18, 40, 41, 57, 8, 26, 28, 29, 49, 50, 33, 53, 23, 45]],
[227, [20, 21, 3, 15, 18, 40, 41, 57, 25, 48, 9, 27, 51, 62, 33, 53, 44, 60]],
[227, [20, 21, 3, 15, 18, 40, 41, 57, 25, 48, 28, 29, 49, 50, 33, 53, 44, 60]],
[227, [20, 21, 14, 36, 4, 17, 19, 39, 8, 26, 9, 27, 51, 62, 35, 55, 44, 60]],
[227, [20, 21, 14, 36, 4, 17, 19, 39, 8, 26, 28, 29, 49, 50, 35, 55, 44, 60]],
[227, [20, 21, 14, 36, 4, 17, 19, 39, 25, 48, 9, 27, 51, 62, 35, 55, 23, 45]],
[227, [20, 21, 14, 36, 4, 17, 19, 39, 25, 48, 28, 29, 49, 50, 35, 55, 23, 45]],
[227, [20, 21, 14, 36, 4, 19, 40, 57, 8, 26, 9, 27, 51, 62, 13, 34, 44, 60]],
[227, [20, 21, 14, 36, 4, 19, 40, 57, 8, 26, 28, 29, 49, 50, 13, 34, 44, 60]],
[227, [20, 21, 14, 36, 4, 19, 40, 57, 25, 48, 9, 27, 51, 62, 13, 34, 23, 45]],
[227, [20, 21, 14, 36, 4, 19, 40, 57, 25, 48, 28, 29, 49, 50, 13, 34, 23, 45]],
[227, [20, 21, 14, 36, 17, 18, 39, 41, 8, 26, 9, 27, 51, 62, 35, 55, 23, 45]],
[227, [20, 21, 14, 36, 17, 18, 39, 41, 8, 26, 28, 29, 49, 50, 35, 55, 23, 45]],
[227, [20, 21, 14, 36, 17, 18, 39, 41, 25, 48, 9, 27, 51, 62, 35, 55, 44, 60]],
[227, [20, 21, 14, 36, 17, 18, 39, 41, 25, 48, 28, 29, 49, 50, 35, 55, 44, 60]],
[227, [20, 21, 14, 36, 18, 40, 41, 57, 8, 26, 9, 27, 51, 62, 13, 34, 23, 45]],
[227, [20, 21, 14, 36, 18, 40, 41, 57, 8, 26, 28, 29, 49, 50, 13, 34, 23, 45]],
[227, [20, 21, 14, 36, 18, 40, 41, 57, 25, 48, 9, 27, 51, 62, 13, 34, 44, 60]],
[227, [20, 21, 14, 36, 18, 40, 41, 57, 25, 48, 28, 29, 49, 50, 13, 34, 44, 60]],
[227, [20, 21, 16, 38, 4, 17, 19, 39, 8, 26, 9, 27, 51, 62, 33, 53, 44, 60]],
[227, [20, 21, 16, 38, 4, 17, 19, 39, 8, 26, 28, 29, 49, 50, 33, 53, 44, 60]],
[227, [20, 21, 16, 38, 4, 17, 19, 39, 25, 48, 9, 27, 51, 62, 33, 53, 23, 45]],
[227, [20, 21, 16, 38, 4, 17, 19, 39, 25, 48, 28, 29, 49, 50, 33, 53, 23, 45]],
[227, [20, 21, 16, 38, 4, 19, 40, 57, 8, 26, 9, 27, 51, 62, 54, 63, 44, 60]],
[227, [20, 21, 16, 38, 4, 19, 40, 57, 8, 26, 28, 29, 49, 50, 54, 63, 44, 60]],
[227, [20, 21, 16, 38, 4, 19, 40, 57, 25, 48, 9, 27, 51, 62, 54, 63, 23, 45]],
[227, [20, 21, 16, 38, 4, 19, 40, 57, 25, 48, 28, 29, 49, 50, 54, 63, 23, 45]],
[227, [20, 21, 16, 38, 17, 18, 39, 41, 8, 26, 9, 27, 51, 62, 33, 53, 23, 45]],
[227, [20, 21, 16, 38, 17, 18, 39, 41, 8, 26, 28, 29, 49, 50, 33, 53, 23, 45]],
[227, [20, 21, 16, 38, 17, 18, 39, 41, 25, 48, 9, 27, 51, 62, 33, 53, 44, 60]],
[227, [20, 21, 16, 38, 17, 18, 39, 41, 25, 48, 28, 29, 49, 50, 33, 53, 44, 60]],
[227, [20, 21, 16, 38, 18, 40, 41, 57, 8, 26, 9, 27, 51, 62, 54, 63, 23, 45]],
[227, [20, 21, 16, 38, 18, 40, 41, 57, 8, 26, 28, 29, 49, 50, 54, 63, 23, 45]],
[227, [20, 21, 16, 38, 18, 40, 41, 57, 25, 48, 9, 27, 51, 62, 54, 63, 44, 60]],
[227, [20, 21, 16, 38, 18, 40, 41, 57, 25, 48, 28, 29, 49, 50, 54, 63, 44, 60]],
[227, [20, 21, 37, 56, 4, 17, 19, 39, 8, 26, 9, 27, 51, 62, 13, 34, 44, 60]],
[227, [20, 21, 37, 56, 4, 17, 19, 39, 8, 26, 28, 29, 49, 50, 13, 34, 44, 60]],
[227, [20, 21, 37, 56, 4, 17, 19, 39, 25, 48, 9, 27, 51, 62, 13, 34, 23, 45]],
[227, [20, 21, 37, 56, 4, 17, 19, 39, 25, 48, 28, 29, 49, 50, 13, 34, 23, 45]],
[227, [20, 21, 37, 56, 4, 19, 40, 57, 8, 26, 9, 27, 51, 62, 35, 55, 44, 60]],
[227, [20, 21, 37, 56, 4, 19, 40, 57, 8, 26, 28, 29, 49, 50, 35, 55, 44, 60]],
[227, [20, 21, 37, 56, 4, 19, 40, 57, 25, 48, 9, 27, 51, 62, 35, 55, 23, 45]],
[227, [20, 21, 37, 56, 4, 19, 40, 57, 25, 48, 28, 29, 49, 50, 35, 55, 23, 45]],
[227, [20, 21, 37, 56, 17, 18, 39, 41, 8, 26, 9, 27, 51, 62, 13, 34, 23, 45]],
[227, [20, 21, 37, 56, 17, 18, 39, 41, 8, 26, 28, 29, 49, 50, 13, 34, 23, 45]],
[227, [20, 21, 37, 56, 17, 18, 39, 41, 25, 48, 9, 27, 51, 62, 13, 34, 44, 60]],
[227, [20, 21, 37, 56, 17, 18, 39, 41, 25, 48, 28, 29, 49, 50, 13, 34, 44, 60]],
[227, [20, 21, 37, 56, 18, 40, 41, 57, 8, 26, 9, 27, 51, 62, 35, 55, 23, 45]],
[227, [20, 21, 37, 56, 18, 40, 41, 57, 8, 26, 28, 29, 49, 50, 35, 55, 23, 45]],
[227, [20, 21, 37, 56, 18, 40, 41, 57, 25, 48, 9, 27, 51, 62, 35, 55, 44, 60]],
[227, [20, 21, 37, 56, 18, 40, 41, 57, 25, 48, 28, 29, 49, 50, 35, 55, 44, 60]],
[227, [5, 42, 2, 11, 14, 36, 4, 19, 8, 26, 47, 61, 9, 49, 50, 51, 44, 60]],
[227, [5, 42, 2, 11, 14, 36, 4, 19, 8, 26, 47, 61, 27, 28, 29, 62, 44, 60]],
[227, [5, 42, 2, 11, 14, 36, 4, 19, 25, 47, 48, 61, 9, 49, 50, 51, 23, 45]],
[227, [5, 42, 2, 11, 14, 36, 4, 19, 25, 47, 48, 61, 27, 28, 29, 62, 23, 45]],
[227, [5, 42, 2, 11, 14, 36, 18, 41, 8, 26, 47, 61, 9, 49, 50, 51, 23, 45]],
[227, [5, 42, 2, 11, 14, 36, 18, 41, 8, 26, 47, 61, 27, 28, 29, 62, 23, 45]],
[227, [5, 42, 2, 11, 14, 36, 18, 41, 25, 47, 48, 61, 9, 49, 50, 51, 44, 60]],
[227, [5, 42, 2, 11, 14, 36, 18, 41, 25, 47, 48, 61, 27, 28, 29, 62, 44, 60]],
[227, [5, 42, 2, 11, 37, 56, 4, 19, 8, 24, 26, 46, 9, 49, 50, 51, 44, 60]],
[227, [5, 42, 2, 11, 37, 56, 4, 19, 8, 24, 26, 46, 27, 28, 29, 62, 44, 60]],
[227, [5, 42, 2, 11, 37, 56, 4, 19, 24, 25, 46, 48, 9, 49, 50, 51, 23, 45]],
[227, [5, 42, 2, 11, 37, 56, 4, 19, 24, 25, 46, 48, 27, 28, 29, 62, 23, 45]],
[227, [5, 42, 2, 11, 37, 56, 18, 41, 8, 24, 26, 46, 9, 49, 50, 51, 23, 45]],
[227, [5, 42, 2, 11, 37, 56, 18, 41, 8, 24, 26, 46, 27, 28, 29, 62, 23, 45]],
[227, [5, 42, 2, 11, 37, 56, 18, 41, 24, 25, 46, 48, 9, 49, 50, 51, 44, 60]],
[227, [5, 42, 2, 11, 37, 56, 18, 41, 24, 25, 46, 48, 27, 28, 29, 62, 44, 60]],
[227, [5, 42, 10, 30, 3, 15, 4, 19, 8, 26, 47, 61, 9, 49, 50, 51, 44, 60]],
[227, [5, 42, 10, 30, 3, 15, 4, 19, 8, 26, 47, 61, 27, 28, 29, 62, 44, 60]],
[227, [5, 42, 10, 30, 3, 15, 4, 19, 25, 47, 48, 61, 9, 49, 50, 51, 23, 45]],
[227, [5, 42, 10, 30, 3, 15, 4, 19, 25, 47, 48, 61, 27, 28, 29, 62, 23, 45]],
[227, [5, 42, 10, 30, 3, 15, 18, 41, 8, 26, 47, 61, 9, 49, 50, 51, 23, 45]],
[227, [5, 42, 10, 30, 3, 15, 18, 41, 8, 26, 47, 61, 27, 28, 29, 62, 23, 45]],
[227, [5, 42, 10, 30, 3, 15, 18, 41, 25, 47, 48, 61, 9, 49, 50, 51, 44, 60]],
[227, [5, 42, 10, 30, 3, 15, 18, 41, 25, 47, 48, 61, 27, 28, 29, 62, 44, 60]],
[227, [5, 42, 10, 30, 16, 38, 4, 19, 8, 24, 26, 46, 9, 49, 50, 51, 44, 60]],
[227, [5, 42, 10, 30, 16, 38, 4, 19, 8, 24, 26, 46, 27, 28, 29, 62, 44, 60]],
[227, [5, 42, 10, 30, 16, 38, 4, 19, 24, 25, 46, 48, 9, 49, 50, 51, 23, 45]],
[227, [5, 42, 10, 30, 16, 38, 4, 19, 24, 25, 46, 48, 27, 28, 29, 62, 23, 45]],
[227, [5, 42, 10, 30, 16, 38, 18, 41, 8, 24, 26, 46, 9, 49, 50, 51, 23, 45]],
[227, [5, 42, 10, 30, 16, 38, 18, 41, 8, 24, 26, 46, 27, 28, 29, 62, 23, 45]],
[227, [5, 42, 10, 30, 16, 38, 18, 41, 24, 25, 46, 48, 9, 49, 50, 51, 44, 60]],
[227, [5, 42, 10, 30, 16, 38, 18, 41, 24, 25, 46, 48, 27, 28, 29, 62, 44, 60]],
[227, [5, 42, 12, 32, 14, 36, 4, 19, 8, 24, 26, 46, 9, 49, 50, 51, 44, 60]],
[227, [5, 42, 12, 32, 14, 36, 4, 19, 8, 24, 26, 46, 27, 28, 29, 62, 44, 60]],
[227, [5, 42, 12, 32, 14, 36, 4, 19, 24, 25, 46, 48, 9, 49, 50, 51, 23, 45]],
[227, [5, 42, 12, 32, 14, 36, 4, 19, 24, 25, 46, 48, 27, 28, 29, 62, 23, 45]],
[227, [5, 42, 12, 32, 14, 36, 18, 41, 8, 24, 26, 46, 9, 49, 50, 51, 23, 45]],
[227, [5, 42, 12, 32, 14, 36, 18, 41, 8, 24, 26, 46, 27, 28, 29, 62, 23, 45]],
[227, [5, 42, 12, 32, 14, 36, 18, 41, 24, 25, 46, 48, 9, 49, 50, 51, 44, 60]],
[227, [5, 42, 12, 32, 14, 36, 18, 41, 24, 25, 46, 48, 27, 28, 29, 62, 44, 60]],
[227, [5, 42, 12, 32, 37, 56, 4, 19, 8, 26, 47, 61, 9, 49, 50, 51, 44, 60]],
[227, [5, 42, 12, 32, 37, 56, 4, 19, 8, 26, 47, 61, 27, 28, 29, 62, 44, 60]],
[227, [5, 42, 12, 32, 37, 56, 4, 19, 25, 47, 48, 61, 9, 49, 50, 51, 23, 45]],
[227, [5, 42, 12, 32, 37, 56, 4, 19, 25, 47, 48, 61, 27, 28, 29, 62, 23, 45]],
[227, [5, 42, 12, 32, 37, 56, 18, 41, 8, 26, 47, 61, 9, 49, 50, 51, 23, 45]],
[227, [5, 42, 12, 32, 37, 56, 18, 41, 8, 26, 47, 61, 27, 28, 29, 62, 23, 45]],
[227, [5, 42, 12, 32, 37, 56, 18, 41, 25, 47, 48, 61, 9, 49, 50, 51, 44, 60]],
[227, [5, 42, 12, 32, 37, 56, 18, 41, 25, 47, 48, 61, 27, 28, 29, 62, 44, 60]],
[227, [5, 42, 31, 52, 3, 15, 4, 19, 8, 24, 26, 46, 9, 49, 50, 51, 44, 60]],
[227, [5, 42, 31, 52, 3, 15, 4, 19, 8, 24, 26, 46, 27, 28, 29, 62, 44, 60]],
[227, [5, 42, 31, 52, 3, 15, 4, 19, 24, 25, 46, 48, 9, 49, 50, 51, 23, 45]],
[227, [5, 42, 31, 52, 3, 15, 4, 19, 24, 25, 46, 48, 27, 28, 29, 62, 23, 45]],
[227, [5, 42, 31, 52, 3, 15, 18, 41, 8, 24, 26, 46, 9, 49, 50, 51, 23, 45]],
[227, [5, 42, 31, 52, 3, 15, 18, 41, 8, 24, 26, 46, 27, 28, 29, 62, 23, 45]],
[227, [5, 42, 31, 52, 3, 15, 18, 41, 24, 25, 46, 48, 9, 49, 50, 51, 44, 60]],
[227, [5, 42, 31, 52, 3, 15, 18, 41, 24, 25, 46, 48, 27, 28, 29, 62, 44, 60]],
[227, [5, 42, 31, 52, 16, 38, 4, 19, 8, 26, 47, 61, 9, 49, 50, 51, 44, 60]],
[227, [5, 42, 31, 52, 16, 38, 4, 19, 8, 26, 47, 61, 27, 28, 29, 62, 44, 60]],
[227, [5, 42, 31, 52, 16, 38, 4, 19, 25, 47, 48, 61, 9, 49, 50, 51, 23, 45]],
[227, [5, 42, 31, 52, 16, 38, 4, 19, 25, 47, 48, 61, 27, 28, 29, 62, 23, 45]],
[227, [5, 42, 31, 52, 16, 38, 18, 41, 8, 26, 47, 61, 9, 49, 50, 51, 23, 45]],
[227, [5, 42, 31, 52, 16, 38, 18, 41, 8, 26, 47, 61, 27, 28, 29, 62, 23, 45]],
[227, [5, 42, 31, 52, 16, 38, 18, 41, 25, 47, 48, 61, 9, 49, 50, 51, 44, 60]],
[227, [5, 42, 31, 52, 16, 38, 18, 41, 25, 47, 48, 61, 27, 28, 29, 62, 44, 60]],
[227, [20, 21, 2, 11, 14, 36, 4, 19, 8, 26, 47, 61, 9, 27, 51, 62, 44, 60]],
[227, [20, 21, 2, 11, 14, 36, 4, 19, 8, 26, 47, 61, 28, 29, 49, 50, 44, 60]],
[227, [20, 21, 2, 11, 14, 36, 4, 19, 25, 47, 48, 61, 9, 27, 51, 62, 23, 45]],
[227, [20, 21, 2, 11, 14, 36, 4, 19, 25, 47, 48, 61, 28, 29, 49, 50, 23, 45]],
[227, [20, 21, 2, 11, 14, 36, 18, 41, 8, 26, 47, 61, 9, 27, 51, 62, 23, 45]],
[227, [20, 21, 2, 11, 14, 36, 18, 41, 8, 26, 47, 61, 28, 29, 49, 50, 23, 45]],
[227, [20, 21, 2, 11, 14, 36, 18, 41, 25, 47, 48, 61, 9, 27, 51, 62, 44, 60]],
[227, [20, 21, 2, 11, 14, 36, 18, 41, 25, 47, 48, 61, 28, 29, 49, 50, 44, 60]],
[227, [20, 21, 2, 11, 37, 56, 4, 19, 8, 24, 26, 46, 9, 27, 51, 62, 44, 60]],
[227, [20, 21, 2, 11, 37, 56, 4, 19, 8, 24, 26, 46, 28, 29, 49, 50, 44, 60]],
[227, [20, 21, 2, 11, 37, 56, 4, 19, 24, 25, 46, 48, 9, 27, 51, 62, 23, 45]],
[227, [20, 21, 2, 11, 37, 56, 4, 19, 24, 25, 46, 48, 28, 29, 49, 50, 23, 45]],
[227, [20, 21, 2, 11, 37, 56, 18, 41, 8, 24, 26, 46, 9, 27, 51, 62, 23, 45]],
[227, [20, 21, 2, 11, 37, 56, 18, 41, 8, 24, 26, 46, 28, 29, 49, 50, 23, 45]],
[227, [20, 21, 2, 11, 37, 56, 18, 41, 24, 25, 46, 48, 9, 27, 51, 62, 44, 60]],
[227, [20, 21, 2, 11, 37, 56, 18, 41, 24, 25, 46, 48, 28, 29, 49, 50, 44, 60]],
[227, [20, 21, 10, 30, 3, 15, 4, 19, 8, 26, 47, 61, 9, 27, 51, 62, 44, 60]],
[227, [20, 21, 10, 30, 3, 15, 4, 19, 8, 26, 47, 61, 28, 29, 49, 50, 44, 60]],
[227, [20, 21, 10, 30, 3, 15, 4, 19, 25, 47, 48, 61, 9, 27, 51, 62, 23, 45]],
[227, [20, 21, 10, 30, 3, 15, 4, 19, 25, 47, 48, 61, 28, 29, 49, 50, 23, 45]],
[227, [20, 21, 10, 30, 3, 15, 18, 41, 8, 26, 47, 61, 9, 27, 51, 62, 23, 45]],
[227, [20, 21, 10, 30, 3, 15, 18, 41, 8, 26, 47, 61, 28, 29, 49, 50, 23, 45]],
[227, [20, 21, 10, 30, 3, 15, 18, 41, 25, 47, 48, 61, 9, 27, 51, 62, 44, 60]],
[227, [20, 21, 10, 30, 3, 15, 18, 41, 25, 47, 48, 61, 28, 29, 49, 50, 44, 60]],
[227, [20, 21, 10, 30, 16, 38, 4, 19, 8, 24, 26, 46, 9, 27, 51, 62, 44, 60]],
[227, [20, 21, 10, 30, 16, 38, 4, 19, 8, 24, 26, 46, 28, 29, 49, 50, 44, 60]],
[227, [20, 21, 10, 30, 16, 38, 4, 19, 24, 25, 46, 48, 9, 27, 51, 62, 23, 45]],
[227, [20, 21, 10, 30, 16, 38, 4, 19, 24, 25, 46, 48, 28, 29, 49, 50, 23, 45]],
[227, [20, 21, 10, 30, 16, 38, 18, 41, 8, 24, 26, 46, 9, 27, 51, 62, 23, 45]],
[227, [20, 21, 10, 30, 16, 38, 18, 41, 8, 24, 26, 46, 28, 29, 49, 50, 23, 45]],
[227, [20, 21, 10, 30, 16, 38, 18, 41, 24, 25, 46, 48, 9, 27, 51, 62, 44, 60]],
[227, [20, 21, 10, 30, 16, 38, 18, 41, 24, 25, 46, 48, 28, 29, 49, 50, 44, 60]],
[227, [20, 21, 12, 32, 14, 36, 4, 19, 8, 24, 26, 46, 9, 27, 51, 62, 44, 60]],
[227, [20, 21, 12, 32, 14, 36, 4, 19, 8, 24, 26, 46, 28, 29, 49, 50, 44, 60]],
[227, [20, 21, 12, 32, 14, 36, 4, 19, 24, 25, 46, 48, 9, 27, 51, 62, 23, 45]],
[227, [20, 21, 12, 32, 14, 36, 4, 19, 24, 25, 46, 48, 28, 29, 49, 50, 23, 45]],
[227, [20, 21, 12, 32, 14, 36, 18, 41, 8, 24, 26, 46, 9, 27, 51, 62, 23, 45]],
[227, [20, 21, 12, 32, 14, 36, 18, 41, 8, 24, 26, 46, 28, 29, 49, 50, 23, 45]],
[227, [20, 21, 12, 32, 14, 36, 18, 41, 24, 25, 46, 48, 9, 27, 51, 62, 44, 60]],
[227, [20, 21, 12, 32, 14, 36, 18, 41, 24, 25, 46, 48, 28, 29, 49, 50, 44, 60]],
[227, [20, 21, 12, 32, 37, 56, 4, 19, 8, 26, 47, 61, 9, 27, 51, 62, 44, 60]],
[227, [20, 21, 12, 32, 37, 56, 4, 19, 8, 26, 47, 61, 28, 29, 49, 50, 44, 60]],
[227, [20, 21, 12, 32, 37, 56, 4, 19, 25, 47, 48, 61, 9, 27, 51, 62, 23, 45]],
[227, [20, 21, 12, 32, 37, 56, 4, 19, 25, 47, 48, 61, 28, 29, 49, 50, 23, 45]],
[227, [20, 21, 12, 32, 37, 56, 18, 41, 8, 26, 47, 61, 9, 27, 51, 62, 23, 45]],
[227, [20, 21, 12, 32, 37, 56, 18, 41, 8, 26, 47, 61, 28, 29, 49, 50, 23, 45]],
[227, [20, 21, 12, 32, 37, 56, 18, 41, 25, 47, 48, 61, 9, 27, 51, 62, 44, 60]],
[227, [20, 21, 12, 32, 37, 56, 18, 41, 25, 47, 48, 61, 28, 29, 49, 50, 44, 60]],
[227, [20, 21, 31, 52, 3, 15, 4, 19, 8, 24, 26, 46, 9, 27, 51, 62, 44, 60]],
[227, [20, 21, 31, 52, 3, 15, 4, 19, 8, 24, 26, 46, 28, 29, 49, 50, 44, 60]],
[227, [20, 21, 31, 52, 3, 15, 4, 19, 24, 25, 46, 48, 9, 27, 51, 62, 23, 45]],
[227, [20, 21, 31, 52, 3, 15, 4, 19, 24, 25, 46, 48, 28, 29, 49, 50, 23, 45]],
[227, [20, 21, 31, 52, 3, 15, 18, 41, 8, 24, 26, 46, 9, 27, 51, 62, 23, 45]],
[227, [20, 21, 31, 52, 3, 15, 18, 41, 8, 24, 26, 46, 28, 29, 49, 50, 23, 45]],
[227, [20, 21, 31, 52, 3, 15, 18, 41, 24, 25, 46, 48, 9, 27, 51, 62, 44, 60]],
[227, [20, 21, 31, 52, 3, 15, 18, 41, 24, 25, 46, 48, 28, 29, 49, 50, 44, 60]],
[227, [20, 21, 31, 52, 16, 38, 4, 19, 8, 26, 47, 61, 9, 27, 51, 62, 44, 60]],
[227, [20, 21, 31, 52, 16, 38, 4, 19, 8, 26, 47, 61, 28, 29, 49, 50, 44, 60]],
[227, [20, 21, 31, 52, 16, 38, 4, 19, 25, 47, 48, 61, 9, 27, 51, 62, 23, 45]],
[227, [20, 21, 31, 52, 16, 38, 4, 19, 25, 47, 48, 61, 28, 29, 49, 50, 23, 45]],
[227, [20, 21, 31, 52, 16, 38, 18, 41, 8, 26, 47, 61, 9, 27, 51, 62, 23, 45]],
[227, [20, 21, 31, 52, 16, 38, 18, 41, 8, 26, 47, 61, 28, 29, 49, 50, 23, 45]],
[227, [20, 21, 31, 52, 16, 38, 18, 41, 25, 47, 48, 61, 9, 27, 51, 62, 44, 60]],
[227, [20, 21, 31, 52, 16, 38, 18, 41, 25, 47, 48, 61, 28, 29, 49, 50, 44, 60]],
[227, [5, 21, 2, 11, 14, 36, 4, 19, 39, 57, 8, 47, 48, 61, 9, 51, 34, 35]],
[227, [5, 21, 2, 11, 14, 36, 4, 19, 39, 57, 8, 47, 48, 61, 28, 29, 13, 55]],
[227, [5, 21, 2, 11, 14, 36, 4, 19, 39, 57, 25, 26, 47, 61, 9, 51, 13, 55]],
[227, [5, 21, 2, 11, 14, 36, 4, 19, 39, 57, 25, 26, 47, 61, 28, 29, 34, 35]],
[227, [5, 21, 2, 11, 14, 36, 17, 18, 40, 41, 8, 47, 48, 61, 9, 51, 34, 35]],
[227, [5, 21, 2, 11, 14, 36, 17, 18, 40, 41, 8, 47, 48, 61, 28, 29, 13, 55]],
[227, [5, 21, 2, 11, 14, 36, 17, 18, 40, 41, 25, 26, 47, 61, 9, 51, 13, 55]],
[227, [5, 21, 2, 11, 14, 36, 17, 18, 40, 41, 25, 26, 47, 61, 28, 29, 34, 35]],
[227, [5, 21, 2, 11, 37, 56, 4, 19, 39, 57, 8, 24, 46, 48, 9, 51, 34, 35]],
[227, [5, 21, 2, 11, 37, 56, 4, 19, 39, 57, 8, 24, 46, 48, 28, 29, 13, 55]],
[227, [5, 21, 2, 11, 37, 56, 4, 19, 39, 57, 24, 25, 26, 46, 9, 51, 13, 55]],
[227, [5, 21, 2, 11, 37, 56, 4, 19, 39, 57, 24, 25, 26, 46, 28, 29, 34, 35]],
[227, [5, 21, 2, 11, 37, 56, 17, 18, 40, 41, 8, 24, 46, 48, 9, 51, 34, 35]],
[227, [5, 21, 2, 11, 37, 56, 17, 18, 40, 41, 8, 24, 46, 48, 28, 29, 13, 55]],
[227, [5, 21, 2, 11, 37, 56, 17, 18, 40, 41, 24, 25, 26, 46, 9, 51, 13, 55]],
[227, [5, 21, 2, 11, 37, 56, 17, 18, 40, 41, 24, 25, 26, 46, 28, 29, 34, 35]],
[227, [5, 21, 10, 30, 3, 15, 4, 19, 39, 57, 8, 47, 48, 61, 9, 51, 34, 35]],
[227, [5, 21, 10, 30, 3, 15, 4, 19, 39, 57, 8, 47, 48, 61, 28, 29, 13, 55]],
[227, [5, 21, 10, 30, 3, 15, 4, 19, 39, 57, 25, 26, 47, 61, 9, 51, 13, 55]],
[227, [5, 21, 10, 30, 3, 15, 4, 19, 39, 57, 25, 26, 47, 61, 28, 29, 34, 35]],
[227, [5, 21, 10, 30, 3, 15, 17, 18, 40, 41, 8, 47, 48, 61, 9, 51, 34, 35]],
[227, [5, 21, 10, 30, 3, 15, 17, 18, 40, 41, 8, 47, 48, 61, 28, 29, 13, 55]],
[227, [5, 21, 10, 30, 3, 15, 17, 18, 40, 41, 25, 26, 47, 61, 9, 51, 13, 55]],
[227, [5, 21, 10, 30, 3, 15, 17, 18, 40, 41, 25, 26, 47, 61, 28, 29, 34, 35]],
[227, [5, 21, 10, 30, 16, 38, 4, 19, 39, 57, 8, 24, 46, 48, 9, 51, 34, 35]],
[227, [5, 21, 10, 30, 16, 38, 4, 19, 39, 57, 8, 24, 46, 48, 28, 29, 13, 55]],
[227, [5, 21, 10, 30, 16, 38, 4, 19, 39, 57, 24, 25, 26, 46, 9, 51, 13, 55]],
[227, [5, 21, 10, 30, 16, 38, 4, 19, 39, 57, 24, 25, 26, 46, 28, 29, 34, 35]],
[227, [5, 21, 10, 30, 16, 38, 17, 18, 40, 41, 8, 24, 46, 48, 9, 51, 34, 35]],
[227, [5, 21, 10, 30, 16, 38, 17, 18, 40, 41, 8, 24, 46, 48, 28, 29, 13, 55]],
[227, [5, 21, 10, 30, 16, 38, 17, 18, 40, 41, 24, 25, 26, 46, 9, 51, 13, 55]],
[227, [5, 21, 10, 30, 16, 38, 17, 18, 40, 41, 24, 25, 26, 46, 28, 29, 34, 35]],
[227, [5, 21, 12, 32, 14, 36, 4, 19, 39, 57, 8, 24, 46, 48, 9, 51, 34, 35]],
[227, [5, 21, 12, 32, 14, 36, 4, 19, 39, 57, 8, 24, 46, 48, 28, 29, 13, 55]],
[227, [5, 21, 12, 32, 14, 36, 4, 19, 39, 57, 24, 25, 26, 46, 9, 51, 13, 55]],
[227, [5, 21, 12, 32, 14, 36, 4, 19, 39, 57, 24, 25, 26, 46, 28, 29, 34, 35]],
[227, [5, 21, 12, 32, 14, 36, 17, 18, 40, 41, 8, 24, 46, 48, 9, 51, 34, 35]],
[227, [5, 21, 12, 32, 14, 36, 17, 18, 40, 41, 8, 24, 46, 48, 28, 29, 13, 55]],
[227, [5, 21, 12, 32, 14, 36, 17, 18, 40, 41, 24, 25, 26, 46, 9, 51, 13, 55]],
[227, [5, 21, 12, 32, 14, 36, 17, 18, 40, 41, 24, 25, 26, 46, 28, 29, 34, 35]],
[227, [5, 21, 12, 32, 37, 56, 4, 19, 39, 57, 8, 47, 48, 61, 9, 51, 34, 35]],
[227, [5, 21, 12, 32, 37, 56, 4, 19, 39, 57, 8, 47, 48, 61, 28, 29, 13, 55]],
[227, [5, 21, 12, 32, 37, 56, 4, 19, 39, 57, 25, 26, 47, 61, 9, 51, 13, 55]],
[227, [5, 21, 12, 32, 37, 56, 4, 19, 39, 57, 25, 26, 47, 61, 28, 29, 34, 35]],
[227, [5, 21, 12, 32, 37, 56, 17, 18, 40, 41, 8, 47, 48, 61, 9, 51, 34, 35]],
[227, [5, 21, 12, 32, 37, 56, 17, 18, 40, 41, 8, 47, 48, 61, 28, 29, 13, 55]],
[227, [5, 21, 12, 32, 37, 56, 17, 18, 40, 41, 25, 26, 47, 61, 9, 51, 13, 55]],
[227, [5, 21, 12, 32, 37, 56, 17, 18, 40, 41, 25, 26, 47, 61, 28, 29, 34, 35]],
[227, [5, 21, 31, 52, 3, 15, 4, 19, 39, 57, 8, 24, 46, 48, 9, 51, 34, 35]],
[227, [5, 21, 31, 52, 3, 15, 4, 19, 39, 57, 8, 24, 46, 48, 28, 29, 13, 55]],
[227, [5, 21, 31, 52, 3, 15, 4, 19, 39, 57, 24, 25, 26, 46, 9, 51, 13, 55]],
[227, [5, 21, 31, 52, 3, 15, 4, 19, 39, 57, 24, 25, 26, 46, 28, 29, 34, 35]],
[227, [5, 21, 31, 52, 3, 15, 17, 18, 40, 41, 8, 24, 46, 48, 9, 51, 34, 35]],
[227, [5, 21, 31, 52, 3, 15, 17, 18, 40, 41, 8, 24, 46, 48, 28, 29, 13, 55]],
[227, [5, 21, 31, 52, 3, 15, 17, 18, 40, 41, 24, 25, 26, 46, 9, 51, 13, 55]],
[227, [5, 21, 31, 52, 3, 15, 17, 18, 40, 41, 24, 25, 26, 46, 28, 29, 34, 35]],
[227, [5, 21, 31, 52, 16, 38, 4, 19, 39, 57, 8, 47, 48, 61, 9, 51, 34, 35]],
[227, [5, 21, 31, 52, 16, 38, 4, 19, 39, 57, 8, 47, 48, 61, 28, 29, 13, 55]],
[227, [5, 21, 31, 52, 16, 38, 4, 19, 39, 57, 25, 26, 47, 61, 9, 51, 13, 55]],
[227, [5, 21, 31, 52, 16, 38, 4, 19, 39, 57, 25, 26, 47, 61, 28, 29, 34, 35]],
[227, [5, 21, 31, 52, 16, 38, 17, 18, 40, 41, 8, 47, 48, 61, 9, 51, 34, 35]],
[227, [5, 21, 31, 52, 16, 38, 17, 18, 40, 41, 8, 47, 48, 61, 28, 29, 13, 55]],
[227, [5, 21, 31, 52, 16, 38, 17, 18, 40, 41, 25, 26, 47, 61, 9, 51, 13, 55]],
[227, [5, 21, 31, 52, 16, 38, 17, 18, 40, 41, 25, 26, 47, 61, 28, 29, 34, 35]],
[227, [20, 42, 2, 11, 14, 36, 4, 17, 19, 40, 8, 47, 48, 61, 9, 51, 34, 35]],
[227, [20, 42, 2, 11, 14, 36, 4, 17, 19, 40, 8, 47, 48, 61, 28, 29, 13, 55]],
[227, [20, 42, 2, 11, 14, 36, 4, 17, 19, 40, 25, 26, 47, 61, 9, 51, 13, 55]],
[227, [20, 42, 2, 11, 14, 36, 4, 17, 19, 40, 25, 26, 47, 61, 28, 29, 34, 35]],
[227, [20, 42, 2, 11, 14, 36, 18, 39, 41, 57, 8, 47, 48, 61, 9, 51, 34, 35]],
[227, [20, 42, 2, 11, 14, 36, 18, 39, 41, 57, 8, 47, 48, 61, 28, 29, 13, 55]],
[227, [20, 42, 2, 11, 14, 36, 18, 39, 41, 57, 25, 26, 47, 61, 9, 51, 13, 55]],
[227, [20, 42, 2, 11, 14, 36, 18, 39, 41, 57, 25, 26, 47, 61, 28, 29, 34, 35]],
[227, [20, 42, 2, 11, 37, 56, 4, 17, 19, 40, 8, 24, 46, 48, 9, 51, 34, 35]],
[227, [20, 42, 2, 11, 37, 56, 4, 17, 19, 40, 8, 24, 46, 48, 28, 29, 13, 55]],
[227, [20, 42, 2, 11, 37, 56, 4, 17, 19, 40, 24, 25, 26, 46, 9, 51, 13, 55]],
[227, [20, 42, 2, 11, 37, 56, 4, 17, 19, 40, 24, 25, 26, 46, 28, 29, 34, 35]],
[227, [20, 42, 2, 11, 37, 56, 18, 39, 41, 57, 8, 24, 46, 48, 9, 51, 34, 35]],
[227, [20, 42, 2, 11, 37, 56, 18, 39, 41, 57, 8, 24, 46, 48, 28, 29, 13, 55]],
[227, [20, 42, 2, 11, 37, 56, 18, 39, 41, 57, 24, 25, 26, 46, 9, 51, 13, 55]],
[227, [20, 42, 2, 11, 37, 56, 18, 39, 41, 57, 24, 25, 26, 46, 28, 29, 34, 35]],
[227, [20, 42, 10, 30, 3, 15, 4, 17, 19, 40, 8, 47, 48, 61, 9, 51, 34, 35]],
[227, [20, 42, 10, 30, 3, 15, 4, 17, 19, 40, 8, 47, 48, 61, 28, 29, 13, 55]],
[227, [20, 42, 10, 30, 3, 15, 4, 17, 19, 40, 25, 26, 47, 61, 9, 51, 13, 55]],
[227, [20, 42, 10, 30, 3, 15, 4, 17, 19, 40, 25, 26, 47, 61, 28, 29, 34, 35]],
[227, [20, 42, 10, 30, 3, 15, 18, 39, 41, 57, 8, 47, 48, 61, 9, 51, 34, 35]],
[227, [20, 42, 10, 30, 3, 15, 18, 39, 41, 57, 8, 47, 48, 61, 28, 29, 13, 55]],
[227, [20, 42, 10, 30, 3, 15, 18, 39, 41, 57, 25, 26, 47, 61, 9, 51, 13, 55]],
[227, [20, 42, 10, 30, 3, 15, 18, 39, 41, 57, 25, 26, 47, 61, 28, 29, 34, 35]],
[227, [20, 42, 10, 30, 16, 38, 4, 17, 19, 40, 8, 24, 46, 48, 9, 51, 34, 35]],
[227, [20, 42, 10, 30, 16, 38, 4, 17, 19, 40, 8, 24, 46, 48, 28, 29, 13, 55]],
[227, [20, 42, 10, 30, 16, 38, 4, 17, 19, 40, 24, 25, 26, 46, 9, 51, 13, 55]],
[227, [20, 42, 10, 30, 16, 38, 4, 17, 19, 40, 24, 25, 26, 46, 28, 29, 34, 35]],
[227, [20, 42, 10, 30, 16, 38, 18, 39, 41, 57, 8, 24, 46, 48, 9, 51, 34, 35]],
[227, [20, 42, 10, 30, 16, 38, 18, 39, 41, 57, 8, 24, 46, 48, 28, 29, 13, 55]],
[227, [20, 42, 10, 30, 16, 38, 18, 39, 41, 57, 24, 25, 26, 46, 9, 51, 13, 55]],
[227, [20, 42, 10, 30, 16, 38, 18, 39, 41, 57, 24, 25, 26, 46, 28, 29, 34, 35]],
[227, [20, 42, 12, 32, 14, 36, 4, 17, 19, 40, 8, 24, 46, 48, 9, 51, 34, 35]],
[227, [20, 42, 12, 32, 14, 36, 4, 17, 19, 40, 8, 24, 46, 48, 28, 29, 13, 55]],
[227, [20, 42, 12, 32, 14, 36, 4, 17, 19, 40, 24, 25, 26, 46, 9, 51, 13, 55]],
[227, [20, 42, 12, 32, 14, 36, 4, 17, 19, 40, 24, 25, 26, 46, 28, 29, 34, 35]],
[227, [20, 42, 12, 32, 14, 36, 18, 39, 41, 57, 8, 24, 46, 48, 9, 51, 34, 35]],
[227, [20, 42, 12, 32, 14, 36, 18, 39, 41, 57, 8, 24, 46, 48, 28, 29, 13, 55]],
[227, [20, 42, 12, 32, 14, 36, 18, 39, 41, 57, 24, 25, 26, 46, 9, 51, 13, 55]],
[227, [20, 42, 12, 32, 14, 36, 18, 39, 41, 57, 24, 25, 26, 46, 28, 29, 34, 35]],
[227, [20, 42, 12, 32, 37, 56, 4, 17, 19, 40, 8, 47, 48, 61, 9, 51, 34, 35]],
[227, [20, 42, 12, 32, 37, 56, 4, 17, 19, 40, 8, 47, 48, 61, 28, 29, 13, 55]],
[227, [20, 42, 12, 32, 37, 56, 4, 17, 19, 40, 25, 26, 47, 61, 9, 51, 13, 55]],
[227, [20, 42, 12, 32, 37, 56, 4, 17, 19, 40, 25, 26, 47, 61, 28, 29, 34, 35]],
[227, [20, 42, 12, 32, 37, 56, 18, 39, 41, 57, 8, 47, 48, 61, 9, 51, 34, 35]],
[227, [20, 42, 12, 32, 37, 56, 18, 39, 41, 57, 8, 47, 48, 61, 28, 29, 13, 55]],
[227, [20, 42, 12, 32, 37, 56, 18, 39, 41, 57, 25, 26, 47, 61, 9, 51, 13, 55]],
[227, [20, 42, 12, 32, 37, 56, 18, 39, 41, 57, 25, 26, 47, 61, 28, 29, 34, 35]],
[227, [20, 42, 31, 52, 3, 15, 4, 17, 19, 40, 8, 24, 46, 48, 9, 51, 34, 35]],
[227, [20, 42, 31, 52, 3, 15, 4, 17, 19, 40, 8, 24, 46, 48, 28, 29, 13, 55]],
[227, [20, 42, 31, 52, 3, 15, 4, 17, 19, 40, 24, 25, 26, 46, 9, 51, 13, 55]],
[227, [20, 42, 31, 52, 3, 15, 4, 17, 19, 40, 24, 25, 26, 46, 28, 29, 34, 35]],
[227, [20, 42, 31, 52, 3, 15, 18, 39, 41, 57, 8, 24, 46, 48, 9, 51, 34, 35]],
[227, [20, 42, 31, 52, 3, 15, 18, 39, 41, 57, 8, 24, 46, 48, 28, 29, 13, 55]],
[227, [20, 42, 31, 52, 3, 15, 18, 39, 41, 57, 24, 25, 26, 46, 9, 51, 13, 55]],
[227, [20, 42, 31, 52, 3, 15, 18, 39, 41, 57, 24, 25, 26, 46, 28, 29, 34, 35]],
[227, [20, 42, 31, 52, 16, 38, 4, 17, 19, 40, 8, 47, 48, 61, 9, 51, 34, 35]],
[227, [20, 42, 31, 52, 16, 38, 4, 17, 19, 40, 8, 47, 48, 61, 28, 29, 13, 55]],
[227, [20, 42, 31, 52, 16, 38, 4, 17, 19, 40, 25, 26, 47, 61, 9, 51, 13, 55]],
[227, [20, 42, 31, 52, 16, 38, 4, 17, 19, 40, 25, 26, 47, 61, 28, 29, 34, 35]],
[227, [20, 42, 31, 52, 16, 38, 18, 39, 41, 57, 8, 47, 48, 61, 9, 51, 34, 35]],
[227, [20, 42, 31, 52, 16, 38, 18, 39, 41, 57, 8, 47, 48, 61, 28, 29, 13, 55]],
[227, [20, 42, 31, 52, 16, 38, 18, 39, 41, 57, 25, 26, 47, 61, 9, 51, 13, 55]],
[227, [20, 42, 31, 52, 16, 38, 18, 39, 41, 57, 25, 26, 47, 61, 28, 29, 34, 35]],
[227, [5, 42, 2, 11, 3, 14, 16, 36, 4, 19, 47, 61, 9, 49, 50, 51, 34, 55]],
[227, [5, 42, 2, 11, 3, 14, 16, 36, 4, 19, 47, 61, 27, 28, 29, 62, 34, 55]],
[227, [5, 42, 2, 11, 3, 14, 16, 36, 18, 41, 47, 61, 9, 49, 50, 51, 13, 35]],
[227, [5, 42, 2, 11, 3, 14, 16, 36, 18, 41, 47, 61, 27, 28, 29, 62, 13, 35]],
[227, [5, 42, 2, 11, 3, 16, 37, 56, 4, 19, 24, 46, 9, 49, 50, 51, 34, 55]],
[227, [5, 42, 2, 11, 3, 16, 37, 56, 4, 19, 24, 46, 27, 28, 29, 62, 34, 55]],
[227, [5, 42, 2, 11, 3, 16, 37, 56, 18, 41, 24, 46, 9, 49, 50, 51, 13, 35]],
[227, [5, 42, 2, 11, 3, 16, 37, 56, 18, 41, 24, 46, 27, 28, 29, 62, 13, 35]],
[227, [5, 42, 2, 11, 14, 15, 36, 38, 4, 19, 47, 61, 9, 49, 50, 51, 13, 35]],
[227, [5, 42, 2, 11, 14, 15, 36, 38, 4, 19, 47, 61, 27, 28, 29, 62, 13, 35]],
[227, [5, 42, 2, 11, 14, 15, 36, 38, 18, 41, 47, 61, 9, 49, 50, 51, 34, 55]],
[227, [5, 42, 2, 11, 14, 15, 36, 38, 18, 41, 47, 61, 27, 28, 29, 62, 34, 55]],
[227, [5, 42, 2, 11, 15, 37, 38, 56, 4, 19, 24, 46, 9, 49, 50, 51, 13, 35]],
[227, [5, 42, 2, 11, 15, 37, 38, 56, 4, 19, 24, 46, 27, 28, 29, 62, 13, 35]],
[227, [5, 42, 2, 11, 15, 37, 38, 56, 18, 41, 24, 46, 9, 49, 50, 51, 34, 55]],
[227, [5, 42, 2, 11, 15, 37, 38, 56, 18, 41, 24, 46, 27, 28, 29, 62, 34, 55]],
[227, [5, 42, 10, 30, 3, 14, 16, 36, 4, 19, 26, 48, 9, 49, 50, 51, 34, 55]],
[227, [5, 42, 10, 30, 3, 14, 16, 36, 4, 19, 26, 48, 27, 28, 29, 62, 34, 55]],
[227, [5, 42, 10, 30, 3, 14, 16, 36, 18, 41, 26, 48, 9, 49, 50, 51, 13, 35]],
[227, [5, 42, 10, 30, 3, 14, 16, 36, 18, 41, 26, 48, 27, 28, 29, 62, 13, 35]],
[227, [5, 42, 10, 30, 3, 16, 37, 56, 4, 19, 8, 25, 9, 49, 50, 51, 34, 55]],
[227, [5, 42, 10, 30, 3, 16, 37, 56, 4, 19, 8, 25, 27, 28, 29, 62, 34, 55]],
[227, [5, 42, 10, 30, 3, 16, 37, 56, 18, 41, 8, 25, 9, 49, 50, 51, 13, 35]],
[227, [5, 42, 10, 30, 3, 16, 37, 56, 18, 41, 8, 25, 27, 28, 29, 62, 13, 35]],
[227, [5, 42, 10, 30, 14, 15, 36, 38, 4, 19, 26, 48, 9, 49, 50, 51, 13, 35]],
[227, [5, 42, 10, 30, 14, 15, 36, 38, 4, 19, 26, 48, 27, 28, 29, 62, 13, 35]],
[227, [5, 42, 10, 30, 14, 15, 36, 38, 18, 41, 26, 48, 9, 49, 50, 51, 34, 55]],
[227, [5, 42, 10, 30, 14, 15, 36, 38, 18, 41, 26, 48, 27, 28, 29, 62, 34, 55]],
[227, [5, 42, 10, 30, 15, 37, 38, 56, 4, 19, 8, 25, 9, 49, 50, 51, 13, 35]],
[227, [5, 42, 10, 30, 15, 37, 38, 56, 4, 19, 8, 25, 27, 28, 29, 62, 13, 35]],
[227, [5, 42, 10, 30, 15, 37, 38, 56, 18, 41, 8, 25, 9, 49, 50, 51, 34, 55]],
[227, [5, 42, 10, 30, 15, 37, 38, 56, 18, 41, 8, 25, 27, 28, 29, 62, 34, 55]],
[227, [5, 42, 12, 32, 3, 14, 16, 36, 4, 19, 24, 46, 9, 49, 50, 51, 34, 55]],
[227, [5, 42, 12, 32, 3, 14, 16, 36, 4, 19, 24, 46, 27, 28, 29, 62, 34, 55]],
[227, [5, 42, 12, 32, 3, 14, 16, 36, 18, 41, 24, 46, 9, 49, 50, 51, 13, 35]],
[227, [5, 42, 12, 32, 3, 14, 16, 36, 18, 41, 24, 46, 27, 28, 29, 62, 13, 35]],
[227, [5, 42, 12, 32, 3, 16, 37, 56, 4, 19, 47, 61, 9, 49, 50, 51, 34, 55]],
[227, [5, 42, 12, 32, 3, 16, 37, 56, 4, 19, 47, 61, 27, 28, 29, 62, 34, 55]],
[227, [5, 42, 12, 32, 3, 16, 37, 56, 18, 41, 47, 61, 9, 49, 50, 51, 13, 35]],
[227, [5, 42, 12, 32, 3, 16, 37, 56, 18, 41, 47, 61, 27, 28, 29, 62, 13, 35]],
[227, [5, 42, 12, 32, 14, 15, 36, 38, 4, 19, 24, 46, 9, 49, 50, 51, 13, 35]],
[227, [5, 42, 12, 32, 14, 15, 36, 38, 4, 19, 24, 46, 27, 28, 29, 62, 13, 35]],
[227, [5, 42, 12, 32, 14, 15, 36, 38, 18, 41, 24, 46, 9, 49, 50, 51, 34, 55]],
[227, [5, 42, 12, 32, 14, 15, 36, 38, 18, 41, 24, 46, 27, 28, 29, 62, 34, 55]],
[227, [5, 42, 12, 32, 15, 37, 38, 56, 4, 19, 47, 61, 9, 49, 50, 51, 13, 35]],
[227, [5, 42, 12, 32, 15, 37, 38, 56, 4, 19, 47, 61, 27, 28, 29, 62, 13, 35]],
[227, [5, 42, 12, 32, 15, 37, 38, 56, 18, 41, 47, 61, 9, 49, 50, 51, 34, 55]],
[227, [5, 42, 12, 32, 15, 37, 38, 56, 18, 41, 47, 61, 27, 28, 29, 62, 34, 55]],
[227, [5, 42, 31, 52, 3, 14, 16, 36, 4, 19, 8, 25, 9, 49, 50, 51, 34, 55]],
[227, [5, 42, 31, 52, 3, 14, 16, 36, 4, 19, 8, 25, 27, 28, 29, 62, 34, 55]],
[227, [5, 42, 31, 52, 3, 14, 16, 36, 18, 41, 8, 25, 9, 49, 50, 51, 13, 35]],
[227, [5, 42, 31, 52, 3, 14, 16, 36, 18, 41, 8, 25, 27, 28, 29, 62, 13, 35]],
[227, [5, 42, 31, 52, 3, 16, 37, 56, 4, 19, 26, 48, 9, 49, 50, 51, 34, 55]],
[227, [5, 42, 31, 52, 3, 16, 37, 56, 4, 19, 26, 48, 27, 28, 29, 62, 34, 55]],
[227, [5, 42, 31, 52, 3, 16, 37, 56, 18, 41, 26, 48, 9, 49, 50, 51, 13, 35]],
[227, [5, 42, 31, 52, 3, 16, 37, 56, 18, 41, 26, 48, 27, 28, 29, 62, 13, 35]],
[227, [5, 42, 31, 52, 14, 15, 36, 38, 4, 19, 8, 25, 9, 49, 50, 51, 13, 35]],
[227, [5, 42, 31, 52, 14, 15, 36, 38, 4, 19, 8, 25, 27, 28, 29, 62, 13, 35]],
[227, [5, 42, 31, 52, 14, 15, 36, 38, 18, 41, 8, 25, 9, 49, 50, 51, 34, 55]],
[227, [5, 42, 31, 52, 14, 15, 36, 38, 18, 41, 8, 25, 27, 28, 29, 62, 34, 55]],
[227, [5, 42, 31, 52, 15, 37, 38, 56, 4, 19, 26, 48, 9, 49, 50, 51, 13, 35]],
[227, [5, 42, 31, 52, 15, 37, 38, 56, 4, 19, 26, 48, 27, 28, 29, 62, 13, 35]],
[227, [5, 42, 31, 52, 15, 37, 38, 56, 18, 41, 26, 48, 9, 49, 50, 51, 34, 55]],
[227, [5, 42, 31, 52, 15, 37, 38, 56, 18, 41, 26, 48, 27, 28, 29, 62, 34, 55]],
[227, [20, 21, 2, 11, 3, 14, 16, 36, 4, 19, 47, 61, 9, 27, 51, 62, 34, 55]],
[227, [20, 21, 2, 11, 3, 14, 16, 36, 4, 19, 47, 61, 28, 29, 49, 50, 34, 55]],
[227, [20, 21, 2, 11, 3, 14, 16, 36, 18, 41, 47, 61, 9, 27, 51, 62, 13, 35]],
[227, [20, 21, 2, 11, 3, 14, 16, 36, 18, 41, 47, 61, 28, 29, 49, 50, 13, 35]],
[227, [20, 21, 2, 11, 3, 16, 37, 56, 4, 19, 24, 46, 9, 27, 51, 62, 34, 55]],
[227, [20, 21, 2, 11, 3, 16, 37, 56, 4, 19, 24, 46, 28, 29, 49, 50, 34, 55]],
[227, [20, 21, 2, 11, 3, 16, 37, 56, 18, 41, 24, 46, 9, 27, 51, 62, 13, 35]],
[227, [20, 21, 2, 11, 3, 16, 37, 56, 18, 41, 24, 46, 28, 29, 49, 50, 13, 35]],
[227, [20, 21, 2, 11, 14, 15, 36, 38, 4, 19, 47, 61, 9, 27, 51, 62, 13, 35]],
[227, [20, 21, 2, 11, 14, 15, 36, 38, 4, 19, 47, 61, 28, 29, 49, 50, 13, 35]],
[227, [20, 21, 2, 11, 14, 15, 36, 38, 18, 41, 47, 61, 9, 27, 51, 62, 34, 55]],
[227, [20, 21, 2, 11, 14, 15, 36, 38, 18, 41, 47, 61, 28, 29, 49, 50, 34, 55]],
[227, [20, 21, 2, 11, 15, 37, 38, 56, 4, 19, 24, 46, 9, 27, 51, 62, 13, 35]],
[227, [20, 21, 2, 11, 15, 37, 38, 56, 4, 19, 24, 46, 28, 29, 49, 50, 13, 35]],
[227, [20, 21, 2, 11, 15, 37, 38, 56, 18, 41, 24, 46, 9, 27, 51, 62, 34, 55]],
[227, [20, 21, 2, 11, 15, 37, 38, 56, 18, 41, 24, 46, 28, 29, 49, 50, 34, 55]],
[227, [20, 21, 10, 30, 3, 14, 16, 36, 4, 19, 26, 48, 9, 27, 51, 62, 34, 55]],
[227, [20, 21, 10, 30, 3, 14, 16, 36, 4, 19, 26, 48, 28, 29, 49, 50, 34, 55]],
[227, [20, 21, 10, 30, 3, 14, 16, 36, 18, 41, 26, 48, 9, 27, 51, 62, 13, 35]],
[227, [20, 21, 10, 30, 3, 14, 16, 36, 18, 41, 26, 48, 28, 29, 49, 50, 13, 35]],
[227, [20, 21, 10, 30, 3, 16, 37, 56, 4, 19, 8, 25, 9, 27, 51, 62, 34, 55]],
[227, [20, 21, 10, 30, 3, 16, 37, 56, 4, 19, 8, 25, 28, 29, 49, 50, 34, 55]],
[227, [20, 21, 10, 30, 3, 16, 37, 56, 18, 41, 8, 25, 9, 27, 51, 62, 13, 35]],
[227, [20, 21, 10, 30, 3, 16, 37, 56, 18, 41, 8, 25, 28, 29, 49, 50, 13, 35]],
[227, [20, 21, 10, 30, 14, 15, 36, 38, 4, 19, 26, 48, 9, 27, 51, 62, 13, 35]],
[227, [20, 21, 10, 30, 14, 15, 36, 38, 4, 19, 26, 48, 28, 29, 49, 50, 13, 35]],
[227, [20, 21, 10, 30, 14, 15, 36, 38, 18, 41, 26, 48, 9, 27, 51, 62, 34, 55]],
[227, [20, 21, 10, 30, 14, 15, 36, 38, 18, 41, 26, 48, 28, 29, 49, 50, 34, 55]],
[227, [20, 21, 10, 30, 15, 37, 38, 56, 4, 19, 8, 25, 9, 27, 51, 62, 13, 35]],
[227, [20, 21, 10, 30, 15, 37, 38, 56, 4, 19, 8, 25, 28, 29, 49, 50, 13, 35]],
[227, [20, 21, 10, 30, 15, 37, 38, 56, 18, 41, 8, 25, 9, 27, 51, 62, 34, 55]],
[227, [20, 21, 10, 30, 15, 37, 38, 56, 18, 41, 8, 25, 28, 29, 49, 50, 34, 55]],
[227, [20, 21, 12, 32, 3, 14, 16, 36, 4, 19, 24, 46, 9, 27, 51, 62, 34, 55]],
[227, [20, 21, 12, 32, 3, 14, 16, 36, 4, 19, 24, 46, 28, 29, 49, 50, 34, 55]],
[227, [20, 21, 12, 32, 3, 14, 16, 36, 18, 41, 24, 46, 9, 27, 51, 62, 13, 35]],
[227, [20, 21, 12, 32, 3, 14, 16, 36, 18, 41, 24, 46, 28, 29, 49, 50, 13, 35]],
[227, [20, 21, 12, 32, 3, 16, 37, 56, 4, 19, 47, 61, 9, 27, 51, 62, 34, 55]],
[227, [20, 21, 12, 32, 3, 16, 37, 56, 4, 19, 47, 61, 28, 29, 49, 50, 34, 55]],
[227, [20, 21, 12, 32, 3, 16, 37, 56, 18, 41, 47, 61, 9, 27, 51, 62, 13, 35]],
[227, [20, 21, 12, 32, 3, 16, 37, 56, 18, 41, 47, 61, 28, 29, 49, 50, 13, 35]],
[227, [20, 21, 12, 32, 14, 15, 36, 38, 4, 19, 24, 46, 9, 27, 51, 62, 13, 35]],
[227, [20, 21, 12, 32, 14, 15, 36, 38, 4, 19, 24, 46, 28, 29, 49, 50, 13, 35]],
[227, [20, 21, 12, 32, 14, 15, 36, 38, 18, 41, 24, 46, 9, 27, 51, 62, 34, 55]],
[227, [20, 21, 12, 32, 14, 15, 36, 38, 18, 41, 24, 46, 28, 29, 49, 50, 34, 55]],
[227, [20, 21, 12, 32, 15, 37, 38, 56, 4, 19, 47, 61, 9, 27, 51, 62, 13, 35]],
[227, [20, 21, 12, 32, 15, 37, 38, 56, 4, 19, 47, 61, 28, 29, 49, 50, 13, 35]],
[227, [20, 21, 12, 32, 15, 37, 38, 56, 18, 41, 47, 61, 9, 27, 51, 62, 34, 55]],
[227, [20, 21, 12, 32, 15, 37, 38, 56, 18, 41, 47, 61, 28, 29, 49, 50, 34, 55]],
[227, [20, 21, 31, 52, 3, 14, 16, 36, 4, 19, 8, 25, 9, 27, 51, 62, 34, 55]],
[227, [20, 21, 31, 52, 3, 14, 16, 36, 4, 19, 8, 25, 28, 29, 49, 50, 34, 55]],
[227, [20, 21, 31, 52, 3, 14, 16, 36, 18, 41, 8, 25, 9, 27, 51, 62, 13, 35]],
[227, [20, 21, 31, 52, 3, 14, 16, 36, 18, 41, 8, 25, 28, 29, 49, 50, 13, 35]],
[227, [20, 21, 31, 52, 3, 16, 37, 56, 4, 19, 26, 48, 9, 27, 51, 62, 34, 55]],
[227, [20, 21, 31, 52, 3, 16, 37, 56, 4, 19, 26, 48, 28, 29, 49, 50, 34, 55]],
[227, [20, 21, 31, 52, 3, 16, 37, 56, 18, 41, 26, 48, 9, 27, 51, 62, 13, 35]],
[227, [20, 21, 31, 52, 3, 16, 37, 56, 18, 41, 26, 48, 28, 29, 49, 50, 13, 35]],
[227, [20, 21, 31, 52, 14, 15, 36, 38, 4, 19, 8, 25, 9, 27, 51, 62, 13, 35]],
[227, [20, 21, 31, 52, 14, 15, 36, 38, 4, 19, 8, 25, 28, 29, 49, 50, 13, 35]],
[227, [20, 21, 31, 52, 14, 15, 36, 38, 18, 41, 8, 25, 9, 27, 51, 62, 34, 55]],
[227, [20, 21, 31, 52, 14, 15, 36, 38, 18, 41, 8, 25, 28, 29, 49, 50, 34, 55]],
[227, [20, 21, 31, 52, 15, 37, 38, 56, 4, 19, 26, 48, 9, 27, 51, 62, 13, 35]],
[227, [20, 21, 31, 52, 15, 37, 38, 56, 4, 19, 26, 48, 28, 29, 49, 50, 13, 35]],
[227, [20, 21, 31, 52, 15, 37, 38, 56, 18, 41, 26, 48, 9, 27, 51, 62, 34, 55]],
[227, [20, 21, 31, 52, 15, 37, 38, 56, 18, 41, 26, 48, 28, 29, 49, 50, 34, 55]],
[227, [5, 21, 2, 11, 3, 14, 36, 38, 4, 19, 39, 57, 47, 61, 27, 62, 43, 64]],
[227, [5, 21, 2, 11, 3, 14, 36, 38, 4, 19, 39, 57, 47, 61, 49, 50, 58, 59]],
[227, [5, 21, 2, 11, 3, 14, 36, 38, 17, 18, 40, 41, 47, 61, 27, 62, 43, 64]],
[227, [5, 21, 2, 11, 3, 14, 36, 38, 17, 18, 40, 41, 47, 61, 49, 50, 58, 59]],
[227, [5, 21, 2, 11, 3, 37, 38, 56, 4, 19, 39, 57, 24, 46, 27, 62, 43, 64]],
[227, [5, 21, 2, 11, 3, 37, 38, 56, 4, 19, 39, 57, 24, 46, 49, 50, 58, 59]],
[227, [5, 21, 2, 11, 3, 37, 38, 56, 17, 18, 40, 41, 24, 46, 27, 62, 43, 64]],
[227, [5, 21, 2, 11, 3, 37, 38, 56, 17, 18, 40, 41, 24, 46, 49, 50, 58, 59]],
[227, [5, 21, 2, 11, 14, 15, 16, 36, 4, 19, 39, 57, 47, 61, 27, 62, 58, 59]],
[227, [5, 21, 2, 11, 14, 15, 16, 36, 4, 19, 39, 57, 47, 61, 49, 50, 43, 64]],
[227, [5, 21, 2, 11, 14, 15, 16, 36, 17, 18, 40, 41, 47, 61, 27, 62, 58, 59]],
[227, [5, 21, 2, 11, 14, 15, 16, 36, 17, 18, 40, 41, 47, 61, 49, 50, 43, 64]],
[227, [5, 21, 2, 11, 15, 16, 37, 56, 4, 19, 39, 57, 24, 46, 27, 62, 58, 59]],
[227, [5, 21, 2, 11, 15, 16, 37, 56, 4, 19, 39, 57, 24, 46, 49, 50, 43, 64]],
[227, [5, 21, 2, 11, 15, 16, 37, 56, 17, 18, 40, 41, 24, 46, 27, 62, 58, 59]],
[227, [5, 21, 2, 11, 15, 16, 37, 56, 17, 18, 40, 41, 24, 46, 49, 50, 43, 64]],
[227, [5, 21, 10, 30, 3, 14, 36, 38, 4, 19, 39, 57, 26, 48, 27, 62, 43, 64]],
[227, [5, 21, 10, 30, 3, 14, 36, 38, 4, 19, 39, 57, 26, 48, 49, 50, 58, 59]],
[227, [5, 21, 10, 30, 3, 14, 36, 38, 17, 18, 40, 41, 26, 48, 27, 62, 43, 64]],
[227, [5, 21, 10, 30, 3, 14, 36, 38, 17, 18, 40, 41, 26, 48, 49, 50, 58, 59]],
[227, [5, 21, 10, 30, 3, 37, 38, 56, 4, 19, 39, 57, 8, 25, 27, 62, 43, 64]],
[227, [5, 21, 10, 30, 3, 37, 38, 56, 4, 19, 39, 57, 8, 25, 49, 50, 58, 59]],
[227, [5, 21, 10, 30, 3, 37, 38, 56, 17, 18, 40, 41, 8, 25, 27, 62, 43, 64]],
[227, [5, 21, 10, 30, 3, 37, 38, 56, 17, 18, 40, 41, 8, 25, 49, 50, 58, 59]],
[227, [5, 21, 10, 30, 14, 15, 16, 36, 4, 19, 39, 57, 26, 48, 27, 62, 58, 59]],
[227, [5, 21, 10, 30, 14, 15, 16, 36, 4, 19, 39, 57, 26, 48, 49, 50, 43, 64]],
[227, [5, 21, 10, 30, 14, 15, 16, 36, 17, 18, 40, 41, 26, 48, 27, 62, 58, 59]],
[227, [5, 21, 10, 30, 14, 15, 16, 36, 17, 18, 40, 41, 26, 48, 49, 50, 43, 64]],
[227, [5, 21, 10, 30, 15, 16, 37, 56, 4, 19, 39, 57, 8, 25, 27, 62, 58, 59]],
[227, [5, 21, 10, 30, 15, 16, 37, 56, 4, 19, 39, 57, 8, 25, 49, 50, 43, 64]],
[227, [5, 21, 10, 30, 15, 16, 37, 56, 17, 18, 40, 41, 8, 25, 27, 62, 58, 59]],
[227, [5, 21, 10, 30, 15, 16, 37, 56, 17, 18, 40, 41, 8, 25, 49, 50, 43, 64]],
[227, [5, 21, 12, 32, 3, 14, 36, 38, 4, 19, 39, 57, 24, 46, 27, 62, 43, 64]],
[227, [5, 21, 12, 32, 3, 14, 36, 38, 4, 19, 39, 57, 24, 46, 49, 50, 58, 59]],
[227, [5, 21, 12, 32, 3, 14, 36, 38, 17, 18, 40, 41, 24, 46, 27, 62, 43, 64]],
[227, [5, 21, 12, 32, 3, 14, 36, 38, 17, 18, 40, 41, 24, 46, 49, 50, 58, 59]],
[227, [5, 21, 12, 32, 3, 37, 38, 56, 4, 19, 39, 57, 47, 61, 27, 62, 43, 64]],
[227, [5, 21, 12, 32, 3, 37, 38, 56, 4, 19, 39, 57, 47, 61, 49, 50, 58, 59]],
[227, [5, 21, 12, 32, 3, 37, 38, 56, 17, 18, 40, 41, 47, 61, 27, 62, 43, 64]],
[227, [5, 21, 12, 32, 3, 37, 38, 56, 17, 18, 40, 41, 47, 61, 49, 50, 58, 59]],
[227, [5, 21, 12, 32, 14, 15, 16, 36, 4, 19, 39, 57, 24, 46, 27, 62, 58, 59]],
[227, [5, 21, 12, 32, 14, 15, 16, 36, 4, 19, 39, 57, 24, 46, 49, 50, 43, 64]],
[227, [5, 21, 12, 32, 14, 15, 16, 36, 17, 18, 40, 41, 24, 46, 27, 62, 58, 59]],
[227, [5, 21, 12, 32, 14, 15, 16, 36, 17, 18, 40, 41, 24, 46, 49, 50, 43, 64]],
[227, [5, 21, 12, 32, 15, 16, 37, 56, 4, 19, 39, 57, 47, 61, 27, 62, 58, 59]],
[227, [5, 21, 12, 32, 15, 16, 37, 56, 4, 19, 39, 57, 47, 61, 49, 50, 43, 64]],
[227, [5, 21, 12, 32, 15, 16, 37, 56, 17, 18, 40, 41, 47, 61, 27, 62, 58, 59]],
[227, [5, 21, 12, 32, 15, 16, 37, 56, 17, 18, 40, 41, 47, 61, 49, 50, 43, 64]],
[227, [5, 21, 31, 52, 3, 14, 36, 38, 4, 19, 39, 57, 8, 25, 27, 62, 43, 64]],
[227, [5, 21, 31, 52, 3, 14, 36, 38, 4, 19, 39, 57, 8, 25, 49, 50, 58, 59]],
[227, [5, 21, 31, 52, 3, 14, 36, 38, 17, 18, 40, 41, 8, 25, 27, 62, 43, 64]],
[227, [5, 21, 31, 52, 3, 14, 36, 38, 17, 18, 40, 41, 8, 25, 49, 50, 58, 59]],
[227, [5, 21, 31, 52, 3, 37, 38, 56, 4, 19, 39, 57, 26, 48, 27, 62, 43, 64]],
[227, [5, 21, 31, 52, 3, 37, 38, 56, 4, 19, 39, 57, 26, 48, 49, 50, 58, 59]],
[227, [5, 21, 31, 52, 3, 37, 38, 56, 17, 18, 40, 41, 26, 48, 27, 62, 43, 64]],
[227, [5, 21, 31, 52, 3, 37, 38, 56, 17, 18, 40, 41, 26, 48, 49, 50, 58, 59]],
[227, [5, 21, 31, 52, 14, 15, 16, 36, 4, 19, 39, 57, 8, 25, 27, 62, 58, 59]],
[227, [5, 21, 31, 52, 14, 15, 16, 36, 4, 19, 39, 57, 8, 25, 49, 50, 43, 64]],
[227, [5, 21, 31, 52, 14, 15, 16, 36, 17, 18, 40, 41, 8, 25, 27, 62, 58, 59]],
[227, [5, 21, 31, 52, 14, 15, 16, 36, 17, 18, 40, 41, 8, 25, 49, 50, 43, 64]],
[227, [5, 21, 31, 52, 15, 16, 37, 56, 4, 19, 39, 57, 26, 48, 27, 62, 58, 59]],
[227, [5, 21, 31, 52, 15, 16, 37, 56, 4, 19, 39, 57, 26, 48, 49, 50, 43, 64]],
[227, [5, 21, 31, 52, 15, 16, 37, 56, 17, 18, 40, 41, 26, 48, 27, 62, 58, 59]],
[227, [5, 21, 31, 52, 15, 16, 37, 56, 17, 18, 40, 41, 26, 48, 49, 50, 43, 64]],
[227, [20, 42, 2, 11, 3, 14, 36, 38, 4, 17, 19, 40, 47, 61, 27, 62, 43, 64]],
[227, [20, 42, 2, 11, 3, 14, 36, 38, 4, 17, 19, 40, 47, 61, 49, 50, 58, 59]],
[227, [20, 42, 2, 11, 3, 14, 36, 38, 18, 39, 41, 57, 47, 61, 27, 62, 43, 64]],
[227, [20, 42, 2, 11, 3, 14, 36, 38, 18, 39, 41, 57, 47, 61, 49, 50, 58, 59]],
[227, [20, 42, 2, 11, 3, 37, 38, 56, 4, 17, 19, 40, 24, 46, 27, 62, 43, 64]],
[227, [20, 42, 2, 11, 3, 37, 38, 56, 4, 17, 19, 40, 24, 46, 49, 50, 58, 59]],
[227, [20, 42, 2, 11, 3, 37, 38, 56, 18, 39, 41, 57, 24, 46, 27, 62, 43, 64]],
[227, [20, 42, 2, 11, 3, 37, 38, 56, 18, 39, 41, 57, 24, 46, 49, 50, 58, 59]],
[227, [20, 42, 2, 11, 14, 15, 16, 36, 4, 17, 19, 40, 47, 61, 27, 62, 58, 59]],
[227, [20, 42, 2, 11, 14, 15, 16, 36, 4, 17, 19, 40, 47, 61, 49, 50, 43, 64]],
[227, [20, 42, 2, 11, 14, 15, 16, 36, 18, 39, 41, 57, 47, 61, 27, 62, 58, 59]],
[227, [20, 42, 2, 11, 14, 15, 16, 36, 18, 39, 41, 57, 47, 61, 49, 50, 43, 64]],
[227, [20, 42, 2, 11, 15, 16, 37, 56, 4, 17, 19, 40, 24, 46, 27, 62, 58, 59]],
[227, [20, 42, 2, 11, 15, 16, 37, 56, 4, 17, 19, 40, 24, 46, 49, 50, 43, 64]],
[227, [20, 42, 2, 11, 15, 16, 37, 56, 18, 39, 41, 57, 24, 46, 27, 62, 58, 59]],
[227, [20, 42, 2, 11, 15, 16, 37, 56, 18, 39, 41, 57, 24, 46, 49, 50, 43, 64]],
[227, [20, 42, 10, 30, 3, 14, 36, 38, 4, 17, 19, 40, 26, 48, 27, 62, 43, 64]],
[227, [20, 42, 10, 30, 3, 14, 36, 38, 4, 17, 19, 40, 26, 48, 49, 50, 58, 59]],
[227, [20, 42, 10, 30, 3, 14, 36, 38, 18, 39, 41, 57, 26, 48, 27, 62, 43, 64]],
[227, [20, 42, 10, 30, 3, 14, 36, 38, 18, 39, 41, 57, 26, 48, 49, 50, 58, 59]],
[227, [20, 42, 10, 30, 3, 37, 38, 56, 4, 17, 19, 40, 8, 25, 27, 62, 43, 64]],
[227, [20, 42, 10, 30, 3, 37, 38, 56, 4, 17, 19, 40, 8, 25, 49, 50, 58, 59]],
[227, [20, 42, 10, 30, 3, 37, 38, 56, 18, 39, 41, 57, 8, 25, 27, 62, 43, 64]],
[227, [20, 42, 10, 30, 3, 37, 38, 56, 18, 39, 41, 57, 8, 25, 49, 50, 58, 59]],
[227, [20, 42, 10, 30, 14, 15, 16, 36, 4, 17, 19, 40, 26, 48, 27, 62, 58, 59]],
[227, [20, 42, 10, 30, 14, 15, 16, 36, 4, 17, 19, 40, 26, 48, 49, 50, 43, 64]],
[227, [20, 42, 10, 30, 14, 15, 16, 36, 18, 39, 41, 57, 26, 48, 27, 62, 58, 59]],
[227, [20, 42, 10, 30, 14, 15, 16, 36, 18, 39, 41, 57, 26, 48, 49, 50, 43, 64]],
[227, [20, 42, 10, 30, 15, 16, 37, 56, 4, 17, 19, 40, 8, 25, 27, 62, 58, 59]],
[227, [20, 42, 10, 30, 15, 16, 37, 56, 4, 17, 19, 40, 8, 25, 49, 50, 43, 64]],
[227, [20, 42, 10, 30, 15, 16, 37, 56, 18, 39, 41, 57, 8, 25, 27, 62, 58, 59]],
[227, [20, 42, 10, 30, 15, 16, 37, 56, 18, 39, 41, 57, 8, 25, 49, 50, 43, 64]],
[227, [20, 42, 12, 32, 3, 14, 36, 38, 4, 17, 19, 40, 24, 46, 27, 62, 43, 64]],
[227, [20, 42, 12, 32, 3, 14, 36, 38, 4, 17, 19, 40, 24, 46, 49, 50, 58, 59]],
[227, [20, 42, 12, 32, 3, 14, 36, 38, 18, 39, 41, 57, 24, 46, 27, 62, 43, 64]],
[227, [20, 42, 12, 32, 3, 14, 36, 38, 18, 39, 41, 57, 24, 46, 49, 50, 58, 59]],
[227, [20, 42, 12, 32, 3, 37, 38, 56, 4, 17, 19, 40, 47, 61, 27, 62, 43, 64]],
[227, [20, 42, 12, 32, 3, 37, 38, 56, 4, 17, 19, 40, 47, 61, 49, 50, 58, 59]],
[227, [20, 42, 12, 32, 3, 37, 38, 56, 18, 39, 41, 57, 47, 61, 27, 62, 43, 64]],
[227, [20, 42, 12, 32, 3, 37, 38, 56, 18, 39, 41, 57, 47, 61, 49, 50, 58, 59]],
[227, [20, 42, 12, 32, 14, 15, 16, 36, 4, 17, 19, 40, 24, 46, 27, 62, 58, 59]],
[227, [20, 42, 12, 32, 14, 15, 16, 36, 4, 17, 19, 40, 24, 46, 49, 50, 43, 64]],
[227, [20, 42, 12, 32, 14, 15, 16, 36, 18, 39, 41, 57, 24, 46, 27, 62, 58, 59]],
[227, [20, 42, 12, 32, 14, 15, 16, 36, 18, 39, 41, 57, 24, 46, 49, 50, 43, 64]],
[227, [20, 42, 12, 32, 15, 16, 37, 56, 4, 17, 19, 40, 47, 61, 27, 62, 58, 59]],
[227, [20, 42, 12, 32, 15, 16, 37, 56, 4, 17, 19, 40, 47, 61, 49, 50, 43, 64]],
[227, [20, 42, 12, 32, 15, 16, 37, 56, 18, 39, 41, 57, 47, 61, 27, 62, 58, 59]],
[227, [20, 42, 12, 32, 15, 16, 37, 56, 18, 39, 41, 57, 47, 61, 49, 50, 43, 64]],
[227, [20, 42, 31, 52, 3, 14, 36, 38, 4, 17, 19, 40, 8, 25, 27, 62, 43, 64]],
[227, [20, 42, 31, 52, 3, 14, 36, 38, 4, 17, 19, 40, 8, 25, 49, 50, 58, 59]],
[227, [20, 42, 31, 52, 3, 14, 36, 38, 18, 39, 41, 57, 8, 25, 27, 62, 43, 64]],
[227, [20, 42, 31, 52, 3, 14, 36, 38, 18, 39, 41, 57, 8, 25, 49, 50, 58, 59]],
[227, [20, 42, 31, 52, 3, 37, 38, 56, 4, 17, 19, 40, 26, 48, 27, 62, 43, 64]],
[227, [20, 42, 31, 52, 3, 37, 38, 56, 4, 17, 19, 40, 26, 48, 49, 50, 58, 59]],
[227, [20, 42, 31, 52, 3, 37, 38, 56, 18, 39, 41, 57, 26, 48, 27, 62, 43, 64]],
[227, [20, 42, 31, 52, 3, 37, 38, 56, 18, 39, 41, 57, 26, 48, 49, 50, 58, 59]],
[227, [20, 42, 31, 52, 14, 15, 16, 36, 4, 17, 19, 40, 8, 25, 27, 62, 58, 59]],
[227, [20, 42, 31, 52, 14, 15, 16, 36, 4, 17, 19, 40, 8, 25, 49, 50, 43, 64]],
[227, [20, 42, 31, 52, 14, 15, 16, 36, 18, 39, 41, 57, 8, 25, 27, 62, 58, 59]],
[227, [20, 42, 31, 52, 14, 15, 16, 36, 18, 39, 41, 57, 8, 25, 49, 50, 43, 64]],
[227, [20, 42, 31, 52, 15, 16, 37, 56, 4, 17, 19, 40, 26, 48, 27, 62, 58, 59]],
[227, [20, 42, 31, 52, 15, 16, 37, 56, 4, 17, 19, 40, 26, 48, 49, 50, 43, 64]],
[227, [20, 42, 31, 52, 15, 16, 37, 56, 18, 39, 41, 57, 26, 48, 27, 62, 58, 59]],
[227, [20, 42, 31, 52, 15, 16, 37, 56, 18, 39, 41, 57, 26, 48, 49, 50, 43, 64]],
[227, [5, 20, 2, 11, 31, 52, 3, 38, 4, 19, 8, 26, 27, 62, 43, 44, 60, 64]],
[227, [5, 20, 2, 11, 31, 52, 3, 38, 4, 19, 8, 26, 49, 50, 44, 58, 59, 60]],
[227, [5, 20, 2, 11, 31, 52, 3, 38, 4, 19, 25, 48, 27, 62, 23, 43, 45, 64]],
[227, [5, 20, 2, 11, 31, 52, 3, 38, 4, 19, 25, 48, 49, 50, 23, 45, 58, 59]],
[227, [5, 20, 2, 11, 31, 52, 3, 38, 18, 41, 8, 26, 27, 62, 23, 43, 45, 64]],
[227, [5, 20, 2, 11, 31, 52, 3, 38, 18, 41, 8, 26, 49, 50, 23, 45, 58, 59]],
[227, [5, 20, 2, 11, 31, 52, 3, 38, 18, 41, 25, 48, 27, 62, 43, 44, 60, 64]],
[227, [5, 20, 2, 11, 31, 52, 3, 38, 18, 41, 25, 48, 49, 50, 44, 58, 59, 60]],
[227, [5, 20, 2, 11, 31, 52, 15, 16, 4, 19, 8, 26, 27, 62, 44, 58, 59, 60]],
[227, [5, 20, 2, 11, 31, 52, 15, 16, 4, 19, 8, 26, 49, 50, 43, 44, 60, 64]],
[227, [5, 20, 2, 11, 31, 52, 15, 16, 4, 19, 25, 48, 27, 62, 23, 45, 58, 59]],
[227, [5, 20, 2, 11, 31, 52, 15, 16, 4, 19, 25, 48, 49, 50, 23, 43, 45, 64]],
[227, [5, 20, 2, 11, 31, 52, 15, 16, 18, 41, 8, 26, 27, 62, 23, 45, 58, 59]],
[227, [5, 20, 2, 11, 31, 52, 15, 16, 18, 41, 8, 26, 49, 50, 23, 43, 45, 64]],
[227, [5, 20, 2, 11, 31, 52, 15, 16, 18, 41, 25, 48, 27, 62, 44, 58, 59, 60]],
[227, [5, 20, 2, 11, 31, 52, 15, 16, 18, 41, 25, 48, 49, 50, 43, 44, 60, 64]],
[227, [5, 20, 10, 12, 30, 32, 3, 38, 4, 19, 8, 26, 27, 62, 43, 44, 60, 64]],
[227, [5, 20, 10, 12, 30, 32, 3, 38, 4, 19, 8, 26, 49, 50, 44, 58, 59, 60]],
[227, [5, 20, 10, 12, 30, 32, 3, 38, 4, 19, 25, 48, 27, 62, 23, 43, 45, 64]],
[227, [5, 20, 10, 12, 30, 32, 3, 38, 4, 19, 25, 48, 49, 50, 23, 45, 58, 59]],
[227, [5, 20, 10, 12, 30, 32, 3, 38, 18, 41, 8, 26, 27, 62, 23, 43, 45, 64]],
[227, [5, 20, 10, 12, 30, 32, 3, 38, 18, 41, 8, 26, 49, 50, 23, 45, 58, 59]],
[227, [5, 20, 10, 12, 30, 32, 3, 38, 18, 41, 25, 48, 27, 62, 43, 44, 60, 64]],
[227, [5, 20, 10, 12, 30, 32, 3, 38, 18, 41, 25, 48, 49, 50, 44, 58, 59, 60]],
[227, [5, 20, 10, 12, 30, 32, 15, 16, 4, 19, 8, 26, 27, 62, 44, 58, 59, 60]],
[227, [5, 20, 10, 12, 30, 32, 15, 16, 4, 19, 8, 26, 49, 50, 43, 44, 60, 64]],
[227, [5, 20, 10, 12, 30, 32, 15, 16, 4, 19, 25, 48, 27, 62, 23, 45, 58, 59]],
[227, [5, 20, 10, 12, 30, 32, 15, 16, 4, 19, 25, 48, 49, 50, 23, 43, 45, 64]],
[227, [5, 20, 10, 12, 30, 32, 15, 16, 18, 41, 8, 26, 27, 62, 23, 45, 58, 59]],
[227, [5, 20, 10, 12, 30, 32, 15, 16, 18, 41, 8, 26, 49, 50, 23, 43, 45, 64]],
[227, [5, 20, 10, 12, 30, 32, 15, 16, 18, 41, 25, 48, 27, 62, 44, 58, 59, 60]],
[227, [5, 20, 10, 12, 30, 32, 15, 16, 18, 41, 25, 48, 49, 50, 43, 44, 60, 64]],
[227, [21, 42, 2, 10, 11, 30, 3, 38, 4, 19, 8, 26, 27, 62, 43, 44, 60, 64]],
[227, [21, 42, 2, 10, 11, 30, 3, 38, 4, 19, 8, 26, 49, 50, 44, 58, 59, 60]],
[227, [21, 42, 2, 10, 11, 30, 3, 38, 4, 19, 25, 48, 27, 62, 23, 43, 45, 64]],
[227, [21, 42, 2, 10, 11, 30, 3, 38, 4, 19, 25, 48, 49, 50, 23, 45, 58, 59]],
[227, [21, 42, 2, 10, 11, 30, 3, 38, 18, 41, 8, 26, 27, 62, 23, 43, 45, 64]],
[227, [21, 42, 2, 10, 11, 30, 3, 38, 18, 41, 8, 26, 49, 50, 23, 45, 58, 59]],
[227, [21, 42, 2, 10, 11, 30, 3, 38, 18, 41, 25, 48, 27, 62, 43, 44, 60, 64]],
[227, [21, 42, 2, 10, 11, 30, 3, 38, 18, 41, 25, 48, 49, 50, 44, 58, 59, 60]],
[227, [21, 42, 2, 10, 11, 30, 15, 16, 4, 19, 8, 26, 27, 62, 44, 58, 59, 60]],
[227, [21, 42, 2, 10, 11, 30, 15, 16, 4, 19, 8, 26, 49, 50, 43, 44, 60, 64]],
[227, [21, 42, 2, 10, 11, 30, 15, 16, 4, 19, 25, 48, 27, 62, 23, 45, 58, 59]],
[227, [21, 42, 2, 10, 11, 30, 15, 16, 4, 19, 25, 48, 49, 50, 23, 43, 45, 64]],
[227, [21, 42, 2, 10, 11, 30, 15, 16, 18, 41, 8, 26, 27, 62, 23, 45, 58, 59]],
[227, [21, 42, 2, 10, 11, 30, 15, 16, 18, 41, 8, 26, 49, 50, 23, 43, 45, 64]],
[227, [21, 42, 2, 10, 11, 30, 15, 16, 18, 41, 25, 48, 27, 62, 44, 58, 59, 60]],
[227, [21, 42, 2, 10, 11, 30, 15, 16, 18, 41, 25, 48, 49, 50, 43, 44, 60, 64]],
[227, [21, 42, 12, 31, 32, 52, 3, 38, 4, 19, 8, 26, 27, 62, 43, 44, 60, 64]],
[227, [21, 42, 12, 31, 32, 52, 3, 38, 4, 19, 8, 26, 49, 50, 44, 58, 59, 60]],
[227, [21, 42, 12, 31, 32, 52, 3, 38, 4, 19, 25, 48, 27, 62, 23, 43, 45, 64]],
[227, [21, 42, 12, 31, 32, 52, 3, 38, 4, 19, 25, 48, 49, 50, 23, 45, 58, 59]],
[227, [21, 42, 12, 31, 32, 52, 3, 38, 18, 41, 8, 26, 27, 62, 23, 43, 45, 64]],
[227, [21, 42, 12, 31, 32, 52, 3, 38, 18, 41, 8, 26, 49, 50, 23, 45, 58, 59]],
[227, [21, 42, 12, 31, 32, 52, 3, 38, 18, 41, 25, 48, 27, 62, 43, 44, 60, 64]],
[227, [21, 42, 12, 31, 32, 52, 3, 38, 18, 41, 25, 48, 49, 50, 44, 58, 59, 60]],
[227, [21, 42, 12, 31, 32, 52, 15, 16, 4, 19, 8, 26, 27, 62, 44, 58, 59, 60]],
[227, [21, 42, 12, 31, 32, 52, 15, 16, 4, 19, 8, 26, 49, 50, 43, 44, 60, 64]],
[227, [21, 42, 12, 31, 32, 52, 15, 16, 4, 19, 25, 48, 27, 62, 23, 45, 58, 59]],
[227, [21, 42, 12, 31, 32, 52, 15, 16, 4, 19, 25, 48, 49, 50, 23, 43, 45, 64]],
[227, [21, 42, 12, 31, 32, 52, 15, 16, 18, 41, 8, 26, 27, 62, 23, 45, 58, 59]],
[227, [21, 42, 12, 31, 32, 52, 15, 16, 18, 41, 8, 26, 49, 50, 23, 43, 45, 64]],
[227, [21, 42, 12, 31, 32, 52, 15, 16, 18, 41, 25, 48, 27, 62, 44, 58, 59, 60]],
[227, [21, 42, 12, 31, 32, 52, 15, 16, 18, 41, 25, 48, 49, 50, 43, 44, 60, 64]],
[227, [5, 20, 2, 11, 31, 52, 3, 16, 4, 17, 19, 57, 8, 48, 34, 55, 58, 59]],
[227, [5, 20, 2, 11, 31, 52, 3, 16, 4, 17, 19, 57, 25, 26, 34, 55, 43, 64]],
[227, [5, 20, 2, 11, 31, 52, 3, 16, 4, 19, 39, 40, 8, 48, 34, 55, 43, 64]],
[227, [5, 20, 2, 11, 31, 52, 3, 16, 4, 19, 39, 40, 25, 26, 34, 55, 58, 59]],
[227, [5, 20, 2, 11, 31, 52, 3, 16, 17, 18, 41, 57, 8, 48, 13, 35, 58, 59]],
[227, [5, 20, 2, 11, 31, 52, 3, 16, 17, 18, 41, 57, 25, 26, 13, 35, 43, 64]],
[227, [5, 20, 2, 11, 31, 52, 3, 16, 18, 39, 40, 41, 8, 48, 13, 35, 43, 64]],
[227, [5, 20, 2, 11, 31, 52, 3, 16, 18, 39, 40, 41, 25, 26, 13, 35, 58, 59]],
[227, [5, 20, 2, 11, 31, 52, 15, 38, 4, 17, 19, 57, 8, 48, 13, 35, 58, 59]],
[227, [5, 20, 2, 11, 31, 52, 15, 38, 4, 17, 19, 57, 25, 26, 13, 35, 43, 64]],
[227, [5, 20, 2, 11, 31, 52, 15, 38, 4, 19, 39, 40, 8, 48, 13, 35, 43, 64]],
[227, [5, 20, 2, 11, 31, 52, 15, 38, 4, 19, 39, 40, 25, 26, 13, 35, 58, 59]],
[227, [5, 20, 2, 11, 31, 52, 15, 38, 17, 18, 41, 57, 8, 48, 34, 55, 58, 59]],
[227, [5, 20, 2, 11, 31, 52, 15, 38, 17, 18, 41, 57, 25, 26, 34, 55, 43, 64]],
[227, [5, 20, 2, 11, 31, 52, 15, 38, 18, 39, 40, 41, 8, 48, 34, 55, 43, 64]],
[227, [5, 20, 2, 11, 31, 52, 15, 38, 18, 39, 40, 41, 25, 26, 34, 55, 58, 59]],
[227, [5, 20, 10, 12, 30, 32, 3, 16, 4, 17, 19, 57, 8, 48, 34, 55, 58, 59]],
[227, [5, 20, 10, 12, 30, 32, 3, 16, 4, 17, 19, 57, 25, 26, 34, 55, 43, 64]],
[227, [5, 20, 10, 12, 30, 32, 3, 16, 4, 19, 39, 40, 8, 48, 34, 55, 43, 64]],
[227, [5, 20, 10, 12, 30, 32, 3, 16, 4, 19, 39, 40, 25, 26, 34, 55, 58, 59]],
[227, [5, 20, 10, 12, 30, 32, 3, 16, 17, 18, 41, 57, 8, 48, 13, 35, 58, 59]],
[227, [5, 20, 10, 12, 30, 32, 3, 16, 17, 18, 41, 57, 25, 26, 13, 35, 43, 64]],
[227, [5, 20, 10, 12, 30, 32, 3, 16, 18, 39, 40, 41, 8, 48, 13, 35, 43, 64]],
[227, [5, 20, 10, 12, 30, 32, 3, 16, 18, 39, 40, 41, 25, 26, 13, 35, 58, 59]],
[227, [5, 20, 10, 12, 30, 32, 15, 38, 4, 17, 19, 57, 8, 48, 13, 35, 58, 59]],
[227, [5, 20, 10, 12, 30, 32, 15, 38, 4, 17, 19, 57, 25, 26, 13, 35, 43, 64]],
[227, [5, 20, 10, 12, 30, 32, 15, 38, 4, 19, 39, 40, 8, 48, 13, 35, 43, 64]],
[227, [5, 20, 10, 12, 30, 32, 15, 38, 4, 19, 39, 40, 25, 26, 13, 35, 58, 59]],
[227, [5, 20, 10, 12, 30, 32, 15, 38, 17, 18, 41, 57, 8, 48, 34, 55, 58, 59]],
[227, [5, 20, 10, 12, 30, 32, 15, 38, 17, 18, 41, 57, 25, 26, 34, 55, 43, 64]],
[227, [5, 20, 10, 12, 30, 32, 15, 38, 18, 39, 40, 41, 8, 48, 34, 55, 43, 64]],
[227, [5, 20, 10, 12, 30, 32, 15, 38, 18, 39, 40, 41, 25, 26, 34, 55, 58, 59]],
[227, [21, 42, 2, 10, 11, 30, 3, 16, 4, 17, 19, 57, 8, 48, 34, 55, 58, 59]],
[227, [21, 42, 2, 10, 11, 30, 3, 16, 4, 17, 19, 57, 25, 26, 34, 55, 43, 64]],
[227, [21, 42, 2, 10, 11, 30, 3, 16, 4, 19, 39, 40, 8, 48, 34, 55, 43, 64]],
[227, [21, 42, 2, 10, 11, 30, 3, 16, 4, 19, 39, 40, 25, 26, 34, 55, 58, 59]],
[227, [21, 42, 2, 10, 11, 30, 3, 16, 17, 18, 41, 57, 8, 48, 13, 35, 58, 59]],
[227, [21, 42, 2, 10, 11, 30, 3, 16, 17, 18, 41, 57, 25, 26, 13, 35, 43, 64]],
[227, [21, 42, 2, 10, 11, 30, 3, 16, 18, 39, 40, 41, 8, 48, 13, 35, 43, 64]],
[227, [21, 42, 2, 10, 11, 30, 3, 16, 18, 39, 40, 41, 25, 26, 13, 35, 58, 59]],
[227, [21, 42, 2, 10, 11, 30, 15, 38, 4, 17, 19, 57, 8, 48, 13, 35, 58, 59]],
[227, [21, 42, 2, 10, 11, 30, 15, 38, 4, 17, 19, 57, 25, 26, 13, 35, 43, 64]],
[227, [21, 42, 2, 10, 11, 30, 15, 38, 4, 19, 39, 40, 8, 48, 13, 35, 43, 64]],
[227, [21, 42, 2, 10, 11, 30, 15, 38, 4, 19, 39, 40, 25, 26, 13, 35, 58, 59]],
[227, [21, 42, 2, 10, 11, 30, 15, 38, 17, 18, 41, 57, 8, 48, 34, 55, 58, 59]],
[227, [21, 42, 2, 10, 11, 30, 15, 38, 17, 18, 41, 57, 25, 26, 34, 55, 43, 64]],
[227, [21, 42, 2, 10, 11, 30, 15, 38, 18, 39, 40, 41, 8, 48, 34, 55, 43, 64]],
[227, [21, 42, 2, 10, 11, 30, 15, 38, 18, 39, 40, 41, 25, 26, 34, 55, 58, 59]],
[227, [21, 42, 12, 31, 32, 52, 3, 16, 4, 17, 19, 57, 8, 48, 34, 55, 58, 59]],
[227, [21, 42, 12, 31, 32, 52, 3, 16, 4, 17, 19, 57, 25, 26, 34, 55, 43, 64]],
[227, [21, 42, 12, 31, 32, 52, 3, 16, 4, 19, 39, 40, 8, 48, 34, 55, 43, 64]],
[227, [21, 42, 12, 31, 32, 52, 3, 16, 4, 19, 39, 40, 25, 26, 34, 55, 58, 59]],
[227, [21, 42, 12, 31, 32, 52, 3, 16, 17, 18, 41, 57, 8, 48, 13, 35, 58, 59]],
[227, [21, 42, 12, 31, 32, 52, 3, 16, 17, 18, 41, 57, 25, 26, 13, 35, 43, 64]],
[227, [21, 42, 12, 31, 32, 52, 3, 16, 18, 39, 40, 41, 8, 48, 13, 35, 43, 64]],
[227, [21, 42, 12, 31, 32, 52, 3, 16, 18, 39, 40, 41, 25, 26, 13, 35, 58, 59]],
[227, [21, 42, 12, 31, 32, 52, 15, 38, 4, 17, 19, 57, 8, 48, 13, 35, 58, 59]],
[227, [21, 42, 12, 31, 32, 52, 15, 38, 4, 17, 19, 57, 25, 26, 13, 35, 43, 64]],
[227, [21, 42, 12, 31, 32, 52, 15, 38, 4, 19, 39, 40, 8, 48, 13, 35, 43, 64]],
[227, [21, 42, 12, 31, 32, 52, 15, 38, 4, 19, 39, 40, 25, 26, 13, 35, 58, 59]],
[227, [21, 42, 12, 31, 32, 52, 15, 38, 17, 18, 41, 57, 8, 48, 34, 55, 58, 59]],
[227, [21, 42, 12, 31, 32, 52, 15, 38, 17, 18, 41, 57, 25, 26, 34, 55, 43, 64]],
[227, [21, 42, 12, 31, 32, 52, 15, 38, 18, 39, 40, 41, 8, 48, 34, 55, 43, 64]],
[227, [21, 42, 12, 31, 32, 52, 15, 38, 18, 39, 40, 41, 25, 26, 34, 55, 58, 59]]];
