pds_list := [[221, [5, 20, 2, 32, 3, 16, 4, 18, 40, 57, 27, 50, 13, 55, 43, 44, 45, 59]],
[221, [5, 20, 2, 32, 3, 16, 4, 18, 40, 57, 27, 50, 34, 35, 23, 43, 59, 60]],
[221, [5, 20, 2, 32, 3, 16, 4, 18, 40, 57, 49, 62, 13, 55, 44, 45, 58, 64]],
[221, [5, 20, 2, 32, 3, 16, 4, 18, 40, 57, 49, 62, 34, 35, 23, 58, 60, 64]],
[221, [5, 20, 2, 32, 3, 16, 17, 19, 39, 41, 27, 50, 13, 55, 43, 44, 45, 59]],
[221, [5, 20, 2, 32, 3, 16, 17, 19, 39, 41, 27, 50, 34, 35, 23, 43, 59, 60]],
[221, [5, 20, 2, 32, 3, 16, 17, 19, 39, 41, 49, 62, 13, 55, 44, 45, 58, 64]],
[221, [5, 20, 2, 32, 3, 16, 17, 19, 39, 41, 49, 62, 34, 35, 23, 58, 60, 64]],
[221, [5, 20, 2, 32, 15, 38, 4, 18, 40, 57, 27, 50, 13, 55, 44, 45, 58, 64]],
[221, [5, 20, 2, 32, 15, 38, 4, 18, 40, 57, 27, 50, 34, 35, 23, 58, 60, 64]],
[221, [5, 20, 2, 32, 15, 38, 4, 18, 40, 57, 49, 62, 13, 55, 43, 44, 45, 59]],
[221, [5, 20, 2, 32, 15, 38, 4, 18, 40, 57, 49, 62, 34, 35, 23, 43, 59, 60]],
[221, [5, 20, 2, 32, 15, 38, 17, 19, 39, 41, 27, 50, 13, 55, 44, 45, 58, 64]],
[221, [5, 20, 2, 32, 15, 38, 17, 19, 39, 41, 27, 50, 34, 35, 23, 58, 60, 64]],
[221, [5, 20, 2, 32, 15, 38, 17, 19, 39, 41, 49, 62, 13, 55, 43, 44, 45, 59]],
[221, [5, 20, 2, 32, 15, 38, 17, 19, 39, 41, 49, 62, 34, 35, 23, 43, 59, 60]],
[221, [5, 20, 10, 52, 3, 16, 4, 18, 40, 57, 9, 29, 13, 55, 23, 45, 58, 59]],
[221, [5, 20, 10, 52, 3, 16, 4, 18, 40, 57, 9, 29, 34, 35, 23, 43, 45, 64]],
[221, [5, 20, 10, 52, 3, 16, 4, 18, 40, 57, 28, 51, 13, 55, 44, 58, 59, 60]],
[221, [5, 20, 10, 52, 3, 16, 4, 18, 40, 57, 28, 51, 34, 35, 43, 44, 60, 64]],
[221, [5, 20, 10, 52, 3, 16, 17, 19, 39, 41, 9, 29, 13, 55, 23, 45, 58, 59]],
[221, [5, 20, 10, 52, 3, 16, 17, 19, 39, 41, 9, 29, 34, 35, 23, 43, 45, 64]],
[221, [5, 20, 10, 52, 3, 16, 17, 19, 39, 41, 28, 51, 13, 55, 44, 58, 59, 60]],
[221, [5, 20, 10, 52, 3, 16, 17, 19, 39, 41, 28, 51, 34, 35, 43, 44, 60, 64]],
[221, [5, 20, 10, 52, 15, 38, 4, 18, 40, 57, 9, 29, 13, 55, 44, 58, 59, 60]],
[221, [5, 20, 10, 52, 15, 38, 4, 18, 40, 57, 9, 29, 34, 35, 43, 44, 60, 64]],
[221, [5, 20, 10, 52, 15, 38, 4, 18, 40, 57, 28, 51, 13, 55, 23, 45, 58, 59]],
[221, [5, 20, 10, 52, 15, 38, 4, 18, 40, 57, 28, 51, 34, 35, 23, 43, 45, 64]],
[221, [5, 20, 10, 52, 15, 38, 17, 19, 39, 41, 9, 29, 13, 55, 44, 58, 59, 60]],
[221, [5, 20, 10, 52, 15, 38, 17, 19, 39, 41, 9, 29, 34, 35, 43, 44, 60, 64]],
[221, [5, 20, 10, 52, 15, 38, 17, 19, 39, 41, 28, 51, 13, 55, 23, 45, 58, 59]],
[221, [5, 20, 10, 52, 15, 38, 17, 19, 39, 41, 28, 51, 34, 35, 23, 43, 45, 64]],
[221, [5, 20, 11, 12, 3, 16, 4, 18, 40, 57, 27, 50, 13, 55, 23, 43, 59, 60]],
[221, [5, 20, 11, 12, 3, 16, 4, 18, 40, 57, 27, 50, 34, 35, 43, 44, 45, 59]],
[221, [5, 20, 11, 12, 3, 16, 4, 18, 40, 57, 49, 62, 13, 55, 23, 58, 60, 64]],
[221, [5, 20, 11, 12, 3, 16, 4, 18, 40, 57, 49, 62, 34, 35, 44, 45, 58, 64]],
[221, [5, 20, 11, 12, 3, 16, 17, 19, 39, 41, 27, 50, 13, 55, 23, 43, 59, 60]],
[221, [5, 20, 11, 12, 3, 16, 17, 19, 39, 41, 27, 50, 34, 35, 43, 44, 45, 59]],
[221, [5, 20, 11, 12, 3, 16, 17, 19, 39, 41, 49, 62, 13, 55, 23, 58, 60, 64]],
[221, [5, 20, 11, 12, 3, 16, 17, 19, 39, 41, 49, 62, 34, 35, 44, 45, 58, 64]],
[221, [5, 20, 11, 12, 15, 38, 4, 18, 40, 57, 27, 50, 13, 55, 23, 58, 60, 64]],
[221, [5, 20, 11, 12, 15, 38, 4, 18, 40, 57, 27, 50, 34, 35, 44, 45, 58, 64]],
[221, [5, 20, 11, 12, 15, 38, 4, 18, 40, 57, 49, 62, 13, 55, 23, 43, 59, 60]],
[221, [5, 20, 11, 12, 15, 38, 4, 18, 40, 57, 49, 62, 34, 35, 43, 44, 45, 59]],
[221, [5, 20, 11, 12, 15, 38, 17, 19, 39, 41, 27, 50, 13, 55, 23, 58, 60, 64]],
[221, [5, 20, 11, 12, 15, 38, 17, 19, 39, 41, 27, 50, 34, 35, 44, 45, 58, 64]],
[221, [5, 20, 11, 12, 15, 38, 17, 19, 39, 41, 49, 62, 13, 55, 23, 43, 59, 60]],
[221, [5, 20, 11, 12, 15, 38, 17, 19, 39, 41, 49, 62, 34, 35, 43, 44, 45, 59]],
[221, [5, 20, 30, 31, 3, 16, 4, 18, 40, 57, 9, 29, 13, 55, 23, 43, 45, 64]],
[221, [5, 20, 30, 31, 3, 16, 4, 18, 40, 57, 9, 29, 34, 35, 23, 45, 58, 59]],
[221, [5, 20, 30, 31, 3, 16, 4, 18, 40, 57, 28, 51, 13, 55, 43, 44, 60, 64]],
[221, [5, 20, 30, 31, 3, 16, 4, 18, 40, 57, 28, 51, 34, 35, 44, 58, 59, 60]],
[221, [5, 20, 30, 31, 3, 16, 17, 19, 39, 41, 9, 29, 13, 55, 23, 43, 45, 64]],
[221, [5, 20, 30, 31, 3, 16, 17, 19, 39, 41, 9, 29, 34, 35, 23, 45, 58, 59]],
[221, [5, 20, 30, 31, 3, 16, 17, 19, 39, 41, 28, 51, 13, 55, 43, 44, 60, 64]],
[221, [5, 20, 30, 31, 3, 16, 17, 19, 39, 41, 28, 51, 34, 35, 44, 58, 59, 60]],
[221, [5, 20, 30, 31, 15, 38, 4, 18, 40, 57, 9, 29, 13, 55, 43, 44, 60, 64]],
[221, [5, 20, 30, 31, 15, 38, 4, 18, 40, 57, 9, 29, 34, 35, 44, 58, 59, 60]],
[221, [5, 20, 30, 31, 15, 38, 4, 18, 40, 57, 28, 51, 13, 55, 23, 43, 45, 64]],
[221, [5, 20, 30, 31, 15, 38, 4, 18, 40, 57, 28, 51, 34, 35, 23, 45, 58, 59]],
[221, [5, 20, 30, 31, 15, 38, 17, 19, 39, 41, 9, 29, 13, 55, 43, 44, 60, 64]],
[221, [5, 20, 30, 31, 15, 38, 17, 19, 39, 41, 9, 29, 34, 35, 44, 58, 59, 60]],
[221, [5, 20, 30, 31, 15, 38, 17, 19, 39, 41, 28, 51, 13, 55, 23, 43, 45, 64]],
[221, [5, 20, 30, 31, 15, 38, 17, 19, 39, 41, 28, 51, 34, 35, 23, 45, 58, 59]],
[221, [21, 42, 2, 32, 3, 16, 4, 17, 18, 39, 27, 50, 13, 55, 43, 44, 45, 59]],
[221, [21, 42, 2, 32, 3, 16, 4, 17, 18, 39, 27, 50, 34, 35, 23, 43, 59, 60]],
[221, [21, 42, 2, 32, 3, 16, 4, 17, 18, 39, 49, 62, 13, 55, 44, 45, 58, 64]],
[221, [21, 42, 2, 32, 3, 16, 4, 17, 18, 39, 49, 62, 34, 35, 23, 58, 60, 64]],
[221, [21, 42, 2, 32, 3, 16, 19, 40, 41, 57, 27, 50, 13, 55, 43, 44, 45, 59]],
[221, [21, 42, 2, 32, 3, 16, 19, 40, 41, 57, 27, 50, 34, 35, 23, 43, 59, 60]],
[221, [21, 42, 2, 32, 3, 16, 19, 40, 41, 57, 49, 62, 13, 55, 44, 45, 58, 64]],
[221, [21, 42, 2, 32, 3, 16, 19, 40, 41, 57, 49, 62, 34, 35, 23, 58, 60, 64]],
[221, [21, 42, 2, 32, 15, 38, 4, 17, 18, 39, 27, 50, 13, 55, 44, 45, 58, 64]],
[221, [21, 42, 2, 32, 15, 38, 4, 17, 18, 39, 27, 50, 34, 35, 23, 58, 60, 64]],
[221, [21, 42, 2, 32, 15, 38, 4, 17, 18, 39, 49, 62, 13, 55, 43, 44, 45, 59]],
[221, [21, 42, 2, 32, 15, 38, 4, 17, 18, 39, 49, 62, 34, 35, 23, 43, 59, 60]],
[221, [21, 42, 2, 32, 15, 38, 19, 40, 41, 57, 27, 50, 13, 55, 44, 45, 58, 64]],
[221, [21, 42, 2, 32, 15, 38, 19, 40, 41, 57, 27, 50, 34, 35, 23, 58, 60, 64]],
[221, [21, 42, 2, 32, 15, 38, 19, 40, 41, 57, 49, 62, 13, 55, 43, 44, 45, 59]],
[221, [21, 42, 2, 32, 15, 38, 19, 40, 41, 57, 49, 62, 34, 35, 23, 43, 59, 60]],
[221, [21, 42, 10, 52, 3, 16, 4, 17, 18, 39, 9, 29, 13, 55, 23, 45, 58, 59]],
[221, [21, 42, 10, 52, 3, 16, 4, 17, 18, 39, 9, 29, 34, 35, 23, 43, 45, 64]],
[221, [21, 42, 10, 52, 3, 16, 4, 17, 18, 39, 28, 51, 13, 55, 44, 58, 59, 60]],
[221, [21, 42, 10, 52, 3, 16, 4, 17, 18, 39, 28, 51, 34, 35, 43, 44, 60, 64]],
[221, [21, 42, 10, 52, 3, 16, 19, 40, 41, 57, 9, 29, 13, 55, 23, 45, 58, 59]],
[221, [21, 42, 10, 52, 3, 16, 19, 40, 41, 57, 9, 29, 34, 35, 23, 43, 45, 64]],
[221, [21, 42, 10, 52, 3, 16, 19, 40, 41, 57, 28, 51, 13, 55, 44, 58, 59, 60]],
[221, [21, 42, 10, 52, 3, 16, 19, 40, 41, 57, 28, 51, 34, 35, 43, 44, 60, 64]],
[221, [21, 42, 10, 52, 15, 38, 4, 17, 18, 39, 9, 29, 13, 55, 44, 58, 59, 60]],
[221, [21, 42, 10, 52, 15, 38, 4, 17, 18, 39, 9, 29, 34, 35, 43, 44, 60, 64]],
[221, [21, 42, 10, 52, 15, 38, 4, 17, 18, 39, 28, 51, 13, 55, 23, 45, 58, 59]],
[221, [21, 42, 10, 52, 15, 38, 4, 17, 18, 39, 28, 51, 34, 35, 23, 43, 45, 64]],
[221, [21, 42, 10, 52, 15, 38, 19, 40, 41, 57, 9, 29, 13, 55, 44, 58, 59, 60]],
[221, [21, 42, 10, 52, 15, 38, 19, 40, 41, 57, 9, 29, 34, 35, 43, 44, 60, 64]],
[221, [21, 42, 10, 52, 15, 38, 19, 40, 41, 57, 28, 51, 13, 55, 23, 45, 58, 59]],
[221, [21, 42, 10, 52, 15, 38, 19, 40, 41, 57, 28, 51, 34, 35, 23, 43, 45, 64]],
[221, [21, 42, 11, 12, 3, 16, 4, 17, 18, 39, 27, 50, 13, 55, 23, 43, 59, 60]],
[221, [21, 42, 11, 12, 3, 16, 4, 17, 18, 39, 27, 50, 34, 35, 43, 44, 45, 59]],
[221, [21, 42, 11, 12, 3, 16, 4, 17, 18, 39, 49, 62, 13, 55, 23, 58, 60, 64]],
[221, [21, 42, 11, 12, 3, 16, 4, 17, 18, 39, 49, 62, 34, 35, 44, 45, 58, 64]],
[221, [21, 42, 11, 12, 3, 16, 19, 40, 41, 57, 27, 50, 13, 55, 23, 43, 59, 60]],
[221, [21, 42, 11, 12, 3, 16, 19, 40, 41, 57, 27, 50, 34, 35, 43, 44, 45, 59]],
[221, [21, 42, 11, 12, 3, 16, 19, 40, 41, 57, 49, 62, 13, 55, 23, 58, 60, 64]],
[221, [21, 42, 11, 12, 3, 16, 19, 40, 41, 57, 49, 62, 34, 35, 44, 45, 58, 64]],
[221, [21, 42, 11, 12, 15, 38, 4, 17, 18, 39, 27, 50, 13, 55, 23, 58, 60, 64]],
[221, [21, 42, 11, 12, 15, 38, 4, 17, 18, 39, 27, 50, 34, 35, 44, 45, 58, 64]],
[221, [21, 42, 11, 12, 15, 38, 4, 17, 18, 39, 49, 62, 13, 55, 23, 43, 59, 60]],
[221, [21, 42, 11, 12, 15, 38, 4, 17, 18, 39, 49, 62, 34, 35, 43, 44, 45, 59]],
[221, [21, 42, 11, 12, 15, 38, 19, 40, 41, 57, 27, 50, 13, 55, 23, 58, 60, 64]],
[221, [21, 42, 11, 12, 15, 38, 19, 40, 41, 57, 27, 50, 34, 35, 44, 45, 58, 64]],
[221, [21, 42, 11, 12, 15, 38, 19, 40, 41, 57, 49, 62, 13, 55, 23, 43, 59, 60]],
[221, [21, 42, 11, 12, 15, 38, 19, 40, 41, 57, 49, 62, 34, 35, 43, 44, 45, 59]],
[221, [21, 42, 30, 31, 3, 16, 4, 17, 18, 39, 9, 29, 13, 55, 23, 43, 45, 64]],
[221, [21, 42, 30, 31, 3, 16, 4, 17, 18, 39, 9, 29, 34, 35, 23, 45, 58, 59]],
[221, [21, 42, 30, 31, 3, 16, 4, 17, 18, 39, 28, 51, 13, 55, 43, 44, 60, 64]],
[221, [21, 42, 30, 31, 3, 16, 4, 17, 18, 39, 28, 51, 34, 35, 44, 58, 59, 60]],
[221, [21, 42, 30, 31, 3, 16, 19, 40, 41, 57, 9, 29, 13, 55, 23, 43, 45, 64]],
[221, [21, 42, 30, 31, 3, 16, 19, 40, 41, 57, 9, 29, 34, 35, 23, 45, 58, 59]],
[221, [21, 42, 30, 31, 3, 16, 19, 40, 41, 57, 28, 51, 13, 55, 43, 44, 60, 64]],
[221, [21, 42, 30, 31, 3, 16, 19, 40, 41, 57, 28, 51, 34, 35, 44, 58, 59, 60]],
[221, [21, 42, 30, 31, 15, 38, 4, 17, 18, 39, 9, 29, 13, 55, 43, 44, 60, 64]],
[221, [21, 42, 30, 31, 15, 38, 4, 17, 18, 39, 9, 29, 34, 35, 44, 58, 59, 60]],
[221, [21, 42, 30, 31, 15, 38, 4, 17, 18, 39, 28, 51, 13, 55, 23, 43, 45, 64]],
[221, [21, 42, 30, 31, 15, 38, 4, 17, 18, 39, 28, 51, 34, 35, 23, 45, 58, 59]],
[221, [21, 42, 30, 31, 15, 38, 19, 40, 41, 57, 9, 29, 13, 55, 43, 44, 60, 64]],
[221, [21, 42, 30, 31, 15, 38, 19, 40, 41, 57, 9, 29, 34, 35, 44, 58, 59, 60]],
[221, [21, 42, 30, 31, 15, 38, 19, 40, 41, 57, 28, 51, 13, 55, 23, 43, 45, 64]],
[221, [21, 42, 30, 31, 15, 38, 19, 40, 41, 57, 28, 51, 34, 35, 23, 45, 58, 59]],
[221, [5, 20, 2, 32, 3, 14, 16, 56, 4, 18, 40, 57, 46, 47, 9, 29, 23, 45]],
[221, [5, 20, 2, 32, 3, 14, 16, 56, 4, 18, 40, 57, 46, 47, 27, 50, 43, 59]],
[221, [5, 20, 2, 32, 3, 14, 16, 56, 4, 18, 40, 57, 46, 47, 28, 51, 44, 60]],
[221, [5, 20, 2, 32, 3, 14, 16, 56, 4, 18, 40, 57, 46, 47, 49, 62, 58, 64]],
[221, [5, 20, 2, 32, 3, 14, 16, 56, 17, 19, 39, 41, 46, 47, 9, 29, 23, 45]],
[221, [5, 20, 2, 32, 3, 14, 16, 56, 17, 19, 39, 41, 46, 47, 27, 50, 43, 59]],
[221, [5, 20, 2, 32, 3, 14, 16, 56, 17, 19, 39, 41, 46, 47, 28, 51, 44, 60]],
[221, [5, 20, 2, 32, 3, 14, 16, 56, 17, 19, 39, 41, 46, 47, 49, 62, 58, 64]],
[221, [5, 20, 2, 32, 3, 16, 36, 37, 4, 18, 40, 57, 24, 61, 9, 29, 23, 45]],
[221, [5, 20, 2, 32, 3, 16, 36, 37, 4, 18, 40, 57, 24, 61, 27, 50, 43, 59]],
[221, [5, 20, 2, 32, 3, 16, 36, 37, 4, 18, 40, 57, 24, 61, 28, 51, 44, 60]],
[221, [5, 20, 2, 32, 3, 16, 36, 37, 4, 18, 40, 57, 24, 61, 49, 62, 58, 64]],
[221, [5, 20, 2, 32, 3, 16, 36, 37, 17, 19, 39, 41, 24, 61, 9, 29, 23, 45]],
[221, [5, 20, 2, 32, 3, 16, 36, 37, 17, 19, 39, 41, 24, 61, 27, 50, 43, 59]],
[221, [5, 20, 2, 32, 3, 16, 36, 37, 17, 19, 39, 41, 24, 61, 28, 51, 44, 60]],
[221, [5, 20, 2, 32, 3, 16, 36, 37, 17, 19, 39, 41, 24, 61, 49, 62, 58, 64]],
[221, [5, 20, 2, 32, 14, 15, 38, 56, 4, 18, 40, 57, 46, 47, 9, 29, 44, 60]],
[221, [5, 20, 2, 32, 14, 15, 38, 56, 4, 18, 40, 57, 46, 47, 27, 50, 58, 64]],
[221, [5, 20, 2, 32, 14, 15, 38, 56, 4, 18, 40, 57, 46, 47, 28, 51, 23, 45]],
[221, [5, 20, 2, 32, 14, 15, 38, 56, 4, 18, 40, 57, 46, 47, 49, 62, 43, 59]],
[221, [5, 20, 2, 32, 14, 15, 38, 56, 17, 19, 39, 41, 46, 47, 9, 29, 44, 60]],
[221, [5, 20, 2, 32, 14, 15, 38, 56, 17, 19, 39, 41, 46, 47, 27, 50, 58, 64]],
[221, [5, 20, 2, 32, 14, 15, 38, 56, 17, 19, 39, 41, 46, 47, 28, 51, 23, 45]],
[221, [5, 20, 2, 32, 14, 15, 38, 56, 17, 19, 39, 41, 46, 47, 49, 62, 43, 59]],
[221, [5, 20, 2, 32, 15, 36, 37, 38, 4, 18, 40, 57, 24, 61, 9, 29, 44, 60]],
[221, [5, 20, 2, 32, 15, 36, 37, 38, 4, 18, 40, 57, 24, 61, 27, 50, 58, 64]],
[221, [5, 20, 2, 32, 15, 36, 37, 38, 4, 18, 40, 57, 24, 61, 28, 51, 23, 45]],
[221, [5, 20, 2, 32, 15, 36, 37, 38, 4, 18, 40, 57, 24, 61, 49, 62, 43, 59]],
[221, [5, 20, 2, 32, 15, 36, 37, 38, 17, 19, 39, 41, 24, 61, 9, 29, 44, 60]],
[221, [5, 20, 2, 32, 15, 36, 37, 38, 17, 19, 39, 41, 24, 61, 27, 50, 58, 64]],
[221, [5, 20, 2, 32, 15, 36, 37, 38, 17, 19, 39, 41, 24, 61, 28, 51, 23, 45]],
[221, [5, 20, 2, 32, 15, 36, 37, 38, 17, 19, 39, 41, 24, 61, 49, 62, 43, 59]],
[221, [5, 20, 10, 52, 3, 14, 16, 56, 4, 18, 40, 57, 8, 48, 9, 29, 23, 45]],
[221, [5, 20, 10, 52, 3, 14, 16, 56, 4, 18, 40, 57, 8, 48, 27, 50, 43, 59]],
[221, [5, 20, 10, 52, 3, 14, 16, 56, 4, 18, 40, 57, 8, 48, 28, 51, 44, 60]],
[221, [5, 20, 10, 52, 3, 14, 16, 56, 4, 18, 40, 57, 8, 48, 49, 62, 58, 64]],
[221, [5, 20, 10, 52, 3, 14, 16, 56, 17, 19, 39, 41, 8, 48, 9, 29, 23, 45]],
[221, [5, 20, 10, 52, 3, 14, 16, 56, 17, 19, 39, 41, 8, 48, 27, 50, 43, 59]],
[221, [5, 20, 10, 52, 3, 14, 16, 56, 17, 19, 39, 41, 8, 48, 28, 51, 44, 60]],
[221, [5, 20, 10, 52, 3, 14, 16, 56, 17, 19, 39, 41, 8, 48, 49, 62, 58, 64]],
[221, [5, 20, 10, 52, 3, 16, 36, 37, 4, 18, 40, 57, 25, 26, 9, 29, 23, 45]],
[221, [5, 20, 10, 52, 3, 16, 36, 37, 4, 18, 40, 57, 25, 26, 27, 50, 43, 59]],
[221, [5, 20, 10, 52, 3, 16, 36, 37, 4, 18, 40, 57, 25, 26, 28, 51, 44, 60]],
[221, [5, 20, 10, 52, 3, 16, 36, 37, 4, 18, 40, 57, 25, 26, 49, 62, 58, 64]],
[221, [5, 20, 10, 52, 3, 16, 36, 37, 17, 19, 39, 41, 25, 26, 9, 29, 23, 45]],
[221, [5, 20, 10, 52, 3, 16, 36, 37, 17, 19, 39, 41, 25, 26, 27, 50, 43, 59]],
[221, [5, 20, 10, 52, 3, 16, 36, 37, 17, 19, 39, 41, 25, 26, 28, 51, 44, 60]],
[221, [5, 20, 10, 52, 3, 16, 36, 37, 17, 19, 39, 41, 25, 26, 49, 62, 58, 64]],
[221, [5, 20, 10, 52, 14, 15, 38, 56, 4, 18, 40, 57, 8, 48, 9, 29, 44, 60]],
[221, [5, 20, 10, 52, 14, 15, 38, 56, 4, 18, 40, 57, 8, 48, 27, 50, 58, 64]],
[221, [5, 20, 10, 52, 14, 15, 38, 56, 4, 18, 40, 57, 8, 48, 28, 51, 23, 45]],
[221, [5, 20, 10, 52, 14, 15, 38, 56, 4, 18, 40, 57, 8, 48, 49, 62, 43, 59]],
[221, [5, 20, 10, 52, 14, 15, 38, 56, 17, 19, 39, 41, 8, 48, 9, 29, 44, 60]],
[221, [5, 20, 10, 52, 14, 15, 38, 56, 17, 19, 39, 41, 8, 48, 27, 50, 58, 64]],
[221, [5, 20, 10, 52, 14, 15, 38, 56, 17, 19, 39, 41, 8, 48, 28, 51, 23, 45]],
[221, [5, 20, 10, 52, 14, 15, 38, 56, 17, 19, 39, 41, 8, 48, 49, 62, 43, 59]],
[221, [5, 20, 10, 52, 15, 36, 37, 38, 4, 18, 40, 57, 25, 26, 9, 29, 44, 60]],
[221, [5, 20, 10, 52, 15, 36, 37, 38, 4, 18, 40, 57, 25, 26, 27, 50, 58, 64]],
[221, [5, 20, 10, 52, 15, 36, 37, 38, 4, 18, 40, 57, 25, 26, 28, 51, 23, 45]],
[221, [5, 20, 10, 52, 15, 36, 37, 38, 4, 18, 40, 57, 25, 26, 49, 62, 43, 59]],
[221, [5, 20, 10, 52, 15, 36, 37, 38, 17, 19, 39, 41, 25, 26, 9, 29, 44, 60]],
[221, [5, 20, 10, 52, 15, 36, 37, 38, 17, 19, 39, 41, 25, 26, 27, 50, 58, 64]],
[221, [5, 20, 10, 52, 15, 36, 37, 38, 17, 19, 39, 41, 25, 26, 28, 51, 23, 45]],
[221, [5, 20, 10, 52, 15, 36, 37, 38, 17, 19, 39, 41, 25, 26, 49, 62, 43, 59]],
[221, [5, 20, 11, 12, 3, 14, 16, 56, 4, 18, 40, 57, 24, 61, 9, 29, 23, 45]],
[221, [5, 20, 11, 12, 3, 14, 16, 56, 4, 18, 40, 57, 24, 61, 27, 50, 43, 59]],
[221, [5, 20, 11, 12, 3, 14, 16, 56, 4, 18, 40, 57, 24, 61, 28, 51, 44, 60]],
[221, [5, 20, 11, 12, 3, 14, 16, 56, 4, 18, 40, 57, 24, 61, 49, 62, 58, 64]],
[221, [5, 20, 11, 12, 3, 14, 16, 56, 17, 19, 39, 41, 24, 61, 9, 29, 23, 45]],
[221, [5, 20, 11, 12, 3, 14, 16, 56, 17, 19, 39, 41, 24, 61, 27, 50, 43, 59]],
[221, [5, 20, 11, 12, 3, 14, 16, 56, 17, 19, 39, 41, 24, 61, 28, 51, 44, 60]],
[221, [5, 20, 11, 12, 3, 14, 16, 56, 17, 19, 39, 41, 24, 61, 49, 62, 58, 64]],
[221, [5, 20, 11, 12, 3, 16, 36, 37, 4, 18, 40, 57, 46, 47, 9, 29, 23, 45]],
[221, [5, 20, 11, 12, 3, 16, 36, 37, 4, 18, 40, 57, 46, 47, 27, 50, 43, 59]],
[221, [5, 20, 11, 12, 3, 16, 36, 37, 4, 18, 40, 57, 46, 47, 28, 51, 44, 60]],
[221, [5, 20, 11, 12, 3, 16, 36, 37, 4, 18, 40, 57, 46, 47, 49, 62, 58, 64]],
[221, [5, 20, 11, 12, 3, 16, 36, 37, 17, 19, 39, 41, 46, 47, 9, 29, 23, 45]],
[221, [5, 20, 11, 12, 3, 16, 36, 37, 17, 19, 39, 41, 46, 47, 27, 50, 43, 59]],
[221, [5, 20, 11, 12, 3, 16, 36, 37, 17, 19, 39, 41, 46, 47, 28, 51, 44, 60]],
[221, [5, 20, 11, 12, 3, 16, 36, 37, 17, 19, 39, 41, 46, 47, 49, 62, 58, 64]],
[221, [5, 20, 11, 12, 14, 15, 38, 56, 4, 18, 40, 57, 24, 61, 9, 29, 44, 60]],
[221, [5, 20, 11, 12, 14, 15, 38, 56, 4, 18, 40, 57, 24, 61, 27, 50, 58, 64]],
[221, [5, 20, 11, 12, 14, 15, 38, 56, 4, 18, 40, 57, 24, 61, 28, 51, 23, 45]],
[221, [5, 20, 11, 12, 14, 15, 38, 56, 4, 18, 40, 57, 24, 61, 49, 62, 43, 59]],
[221, [5, 20, 11, 12, 14, 15, 38, 56, 17, 19, 39, 41, 24, 61, 9, 29, 44, 60]],
[221, [5, 20, 11, 12, 14, 15, 38, 56, 17, 19, 39, 41, 24, 61, 27, 50, 58, 64]],
[221, [5, 20, 11, 12, 14, 15, 38, 56, 17, 19, 39, 41, 24, 61, 28, 51, 23, 45]],
[221, [5, 20, 11, 12, 14, 15, 38, 56, 17, 19, 39, 41, 24, 61, 49, 62, 43, 59]],
[221, [5, 20, 11, 12, 15, 36, 37, 38, 4, 18, 40, 57, 46, 47, 9, 29, 44, 60]],
[221, [5, 20, 11, 12, 15, 36, 37, 38, 4, 18, 40, 57, 46, 47, 27, 50, 58, 64]],
[221, [5, 20, 11, 12, 15, 36, 37, 38, 4, 18, 40, 57, 46, 47, 28, 51, 23, 45]],
[221, [5, 20, 11, 12, 15, 36, 37, 38, 4, 18, 40, 57, 46, 47, 49, 62, 43, 59]],
[221, [5, 20, 11, 12, 15, 36, 37, 38, 17, 19, 39, 41, 46, 47, 9, 29, 44, 60]],
[221, [5, 20, 11, 12, 15, 36, 37, 38, 17, 19, 39, 41, 46, 47, 27, 50, 58, 64]],
[221, [5, 20, 11, 12, 15, 36, 37, 38, 17, 19, 39, 41, 46, 47, 28, 51, 23, 45]],
[221, [5, 20, 11, 12, 15, 36, 37, 38, 17, 19, 39, 41, 46, 47, 49, 62, 43, 59]],
[221, [5, 20, 30, 31, 3, 14, 16, 56, 4, 18, 40, 57, 25, 26, 9, 29, 23, 45]],
[221, [5, 20, 30, 31, 3, 14, 16, 56, 4, 18, 40, 57, 25, 26, 27, 50, 43, 59]],
[221, [5, 20, 30, 31, 3, 14, 16, 56, 4, 18, 40, 57, 25, 26, 28, 51, 44, 60]],
[221, [5, 20, 30, 31, 3, 14, 16, 56, 4, 18, 40, 57, 25, 26, 49, 62, 58, 64]],
[221, [5, 20, 30, 31, 3, 14, 16, 56, 17, 19, 39, 41, 25, 26, 9, 29, 23, 45]],
[221, [5, 20, 30, 31, 3, 14, 16, 56, 17, 19, 39, 41, 25, 26, 27, 50, 43, 59]],
[221, [5, 20, 30, 31, 3, 14, 16, 56, 17, 19, 39, 41, 25, 26, 28, 51, 44, 60]],
[221, [5, 20, 30, 31, 3, 14, 16, 56, 17, 19, 39, 41, 25, 26, 49, 62, 58, 64]],
[221, [5, 20, 30, 31, 3, 16, 36, 37, 4, 18, 40, 57, 8, 48, 9, 29, 23, 45]],
[221, [5, 20, 30, 31, 3, 16, 36, 37, 4, 18, 40, 57, 8, 48, 27, 50, 43, 59]],
[221, [5, 20, 30, 31, 3, 16, 36, 37, 4, 18, 40, 57, 8, 48, 28, 51, 44, 60]],
[221, [5, 20, 30, 31, 3, 16, 36, 37, 4, 18, 40, 57, 8, 48, 49, 62, 58, 64]],
[221, [5, 20, 30, 31, 3, 16, 36, 37, 17, 19, 39, 41, 8, 48, 9, 29, 23, 45]],
[221, [5, 20, 30, 31, 3, 16, 36, 37, 17, 19, 39, 41, 8, 48, 27, 50, 43, 59]],
[221, [5, 20, 30, 31, 3, 16, 36, 37, 17, 19, 39, 41, 8, 48, 28, 51, 44, 60]],
[221, [5, 20, 30, 31, 3, 16, 36, 37, 17, 19, 39, 41, 8, 48, 49, 62, 58, 64]],
[221, [5, 20, 30, 31, 14, 15, 38, 56, 4, 18, 40, 57, 25, 26, 9, 29, 44, 60]],
[221, [5, 20, 30, 31, 14, 15, 38, 56, 4, 18, 40, 57, 25, 26, 27, 50, 58, 64]],
[221, [5, 20, 30, 31, 14, 15, 38, 56, 4, 18, 40, 57, 25, 26, 28, 51, 23, 45]],
[221, [5, 20, 30, 31, 14, 15, 38, 56, 4, 18, 40, 57, 25, 26, 49, 62, 43, 59]],
[221, [5, 20, 30, 31, 14, 15, 38, 56, 17, 19, 39, 41, 25, 26, 9, 29, 44, 60]],
[221, [5, 20, 30, 31, 14, 15, 38, 56, 17, 19, 39, 41, 25, 26, 27, 50, 58, 64]],
[221, [5, 20, 30, 31, 14, 15, 38, 56, 17, 19, 39, 41, 25, 26, 28, 51, 23, 45]],
[221, [5, 20, 30, 31, 14, 15, 38, 56, 17, 19, 39, 41, 25, 26, 49, 62, 43, 59]],
[221, [5, 20, 30, 31, 15, 36, 37, 38, 4, 18, 40, 57, 8, 48, 9, 29, 44, 60]],
[221, [5, 20, 30, 31, 15, 36, 37, 38, 4, 18, 40, 57, 8, 48, 27, 50, 58, 64]],
[221, [5, 20, 30, 31, 15, 36, 37, 38, 4, 18, 40, 57, 8, 48, 28, 51, 23, 45]],
[221, [5, 20, 30, 31, 15, 36, 37, 38, 4, 18, 40, 57, 8, 48, 49, 62, 43, 59]],
[221, [5, 20, 30, 31, 15, 36, 37, 38, 17, 19, 39, 41, 8, 48, 9, 29, 44, 60]],
[221, [5, 20, 30, 31, 15, 36, 37, 38, 17, 19, 39, 41, 8, 48, 27, 50, 58, 64]],
[221, [5, 20, 30, 31, 15, 36, 37, 38, 17, 19, 39, 41, 8, 48, 28, 51, 23, 45]],
[221, [5, 20, 30, 31, 15, 36, 37, 38, 17, 19, 39, 41, 8, 48, 49, 62, 43, 59]],
[221, [21, 42, 2, 32, 3, 14, 16, 56, 4, 17, 18, 39, 46, 47, 9, 29, 23, 45]],
[221, [21, 42, 2, 32, 3, 14, 16, 56, 4, 17, 18, 39, 46, 47, 27, 50, 43, 59]],
[221, [21, 42, 2, 32, 3, 14, 16, 56, 4, 17, 18, 39, 46, 47, 28, 51, 44, 60]],
[221, [21, 42, 2, 32, 3, 14, 16, 56, 4, 17, 18, 39, 46, 47, 49, 62, 58, 64]],
[221, [21, 42, 2, 32, 3, 14, 16, 56, 19, 40, 41, 57, 46, 47, 9, 29, 23, 45]],
[221, [21, 42, 2, 32, 3, 14, 16, 56, 19, 40, 41, 57, 46, 47, 27, 50, 43, 59]],
[221, [21, 42, 2, 32, 3, 14, 16, 56, 19, 40, 41, 57, 46, 47, 28, 51, 44, 60]],
[221, [21, 42, 2, 32, 3, 14, 16, 56, 19, 40, 41, 57, 46, 47, 49, 62, 58, 64]],
[221, [21, 42, 2, 32, 3, 16, 36, 37, 4, 17, 18, 39, 24, 61, 9, 29, 23, 45]],
[221, [21, 42, 2, 32, 3, 16, 36, 37, 4, 17, 18, 39, 24, 61, 27, 50, 43, 59]],
[221, [21, 42, 2, 32, 3, 16, 36, 37, 4, 17, 18, 39, 24, 61, 28, 51, 44, 60]],
[221, [21, 42, 2, 32, 3, 16, 36, 37, 4, 17, 18, 39, 24, 61, 49, 62, 58, 64]],
[221, [21, 42, 2, 32, 3, 16, 36, 37, 19, 40, 41, 57, 24, 61, 9, 29, 23, 45]],
[221, [21, 42, 2, 32, 3, 16, 36, 37, 19, 40, 41, 57, 24, 61, 27, 50, 43, 59]],
[221, [21, 42, 2, 32, 3, 16, 36, 37, 19, 40, 41, 57, 24, 61, 28, 51, 44, 60]],
[221, [21, 42, 2, 32, 3, 16, 36, 37, 19, 40, 41, 57, 24, 61, 49, 62, 58, 64]],
[221, [21, 42, 2, 32, 14, 15, 38, 56, 4, 17, 18, 39, 46, 47, 9, 29, 44, 60]],
[221, [21, 42, 2, 32, 14, 15, 38, 56, 4, 17, 18, 39, 46, 47, 27, 50, 58, 64]],
[221, [21, 42, 2, 32, 14, 15, 38, 56, 4, 17, 18, 39, 46, 47, 28, 51, 23, 45]],
[221, [21, 42, 2, 32, 14, 15, 38, 56, 4, 17, 18, 39, 46, 47, 49, 62, 43, 59]],
[221, [21, 42, 2, 32, 14, 15, 38, 56, 19, 40, 41, 57, 46, 47, 9, 29, 44, 60]],
[221, [21, 42, 2, 32, 14, 15, 38, 56, 19, 40, 41, 57, 46, 47, 27, 50, 58, 64]],
[221, [21, 42, 2, 32, 14, 15, 38, 56, 19, 40, 41, 57, 46, 47, 28, 51, 23, 45]],
[221, [21, 42, 2, 32, 14, 15, 38, 56, 19, 40, 41, 57, 46, 47, 49, 62, 43, 59]],
[221, [21, 42, 2, 32, 15, 36, 37, 38, 4, 17, 18, 39, 24, 61, 9, 29, 44, 60]],
[221, [21, 42, 2, 32, 15, 36, 37, 38, 4, 17, 18, 39, 24, 61, 27, 50, 58, 64]],
[221, [21, 42, 2, 32, 15, 36, 37, 38, 4, 17, 18, 39, 24, 61, 28, 51, 23, 45]],
[221, [21, 42, 2, 32, 15, 36, 37, 38, 4, 17, 18, 39, 24, 61, 49, 62, 43, 59]],
[221, [21, 42, 2, 32, 15, 36, 37, 38, 19, 40, 41, 57, 24, 61, 9, 29, 44, 60]],
[221, [21, 42, 2, 32, 15, 36, 37, 38, 19, 40, 41, 57, 24, 61, 27, 50, 58, 64]],
[221, [21, 42, 2, 32, 15, 36, 37, 38, 19, 40, 41, 57, 24, 61, 28, 51, 23, 45]],
[221, [21, 42, 2, 32, 15, 36, 37, 38, 19, 40, 41, 57, 24, 61, 49, 62, 43, 59]],
[221, [21, 42, 10, 52, 3, 14, 16, 56, 4, 17, 18, 39, 8, 48, 9, 29, 23, 45]],
[221, [21, 42, 10, 52, 3, 14, 16, 56, 4, 17, 18, 39, 8, 48, 27, 50, 43, 59]],
[221, [21, 42, 10, 52, 3, 14, 16, 56, 4, 17, 18, 39, 8, 48, 28, 51, 44, 60]],
[221, [21, 42, 10, 52, 3, 14, 16, 56, 4, 17, 18, 39, 8, 48, 49, 62, 58, 64]],
[221, [21, 42, 10, 52, 3, 14, 16, 56, 19, 40, 41, 57, 8, 48, 9, 29, 23, 45]],
[221, [21, 42, 10, 52, 3, 14, 16, 56, 19, 40, 41, 57, 8, 48, 27, 50, 43, 59]],
[221, [21, 42, 10, 52, 3, 14, 16, 56, 19, 40, 41, 57, 8, 48, 28, 51, 44, 60]],
[221, [21, 42, 10, 52, 3, 14, 16, 56, 19, 40, 41, 57, 8, 48, 49, 62, 58, 64]],
[221, [21, 42, 10, 52, 3, 16, 36, 37, 4, 17, 18, 39, 25, 26, 9, 29, 23, 45]],
[221, [21, 42, 10, 52, 3, 16, 36, 37, 4, 17, 18, 39, 25, 26, 27, 50, 43, 59]],
[221, [21, 42, 10, 52, 3, 16, 36, 37, 4, 17, 18, 39, 25, 26, 28, 51, 44, 60]],
[221, [21, 42, 10, 52, 3, 16, 36, 37, 4, 17, 18, 39, 25, 26, 49, 62, 58, 64]],
[221, [21, 42, 10, 52, 3, 16, 36, 37, 19, 40, 41, 57, 25, 26, 9, 29, 23, 45]],
[221, [21, 42, 10, 52, 3, 16, 36, 37, 19, 40, 41, 57, 25, 26, 27, 50, 43, 59]],
[221, [21, 42, 10, 52, 3, 16, 36, 37, 19, 40, 41, 57, 25, 26, 28, 51, 44, 60]],
[221, [21, 42, 10, 52, 3, 16, 36, 37, 19, 40, 41, 57, 25, 26, 49, 62, 58, 64]],
[221, [21, 42, 10, 52, 14, 15, 38, 56, 4, 17, 18, 39, 8, 48, 9, 29, 44, 60]],
[221, [21, 42, 10, 52, 14, 15, 38, 56, 4, 17, 18, 39, 8, 48, 27, 50, 58, 64]],
[221, [21, 42, 10, 52, 14, 15, 38, 56, 4, 17, 18, 39, 8, 48, 28, 51, 23, 45]],
[221, [21, 42, 10, 52, 14, 15, 38, 56, 4, 17, 18, 39, 8, 48, 49, 62, 43, 59]],
[221, [21, 42, 10, 52, 14, 15, 38, 56, 19, 40, 41, 57, 8, 48, 9, 29, 44, 60]],
[221, [21, 42, 10, 52, 14, 15, 38, 56, 19, 40, 41, 57, 8, 48, 27, 50, 58, 64]],
[221, [21, 42, 10, 52, 14, 15, 38, 56, 19, 40, 41, 57, 8, 48, 28, 51, 23, 45]],
[221, [21, 42, 10, 52, 14, 15, 38, 56, 19, 40, 41, 57, 8, 48, 49, 62, 43, 59]],
[221, [21, 42, 10, 52, 15, 36, 37, 38, 4, 17, 18, 39, 25, 26, 9, 29, 44, 60]],
[221, [21, 42, 10, 52, 15, 36, 37, 38, 4, 17, 18, 39, 25, 26, 27, 50, 58, 64]],
[221, [21, 42, 10, 52, 15, 36, 37, 38, 4, 17, 18, 39, 25, 26, 28, 51, 23, 45]],
[221, [21, 42, 10, 52, 15, 36, 37, 38, 4, 17, 18, 39, 25, 26, 49, 62, 43, 59]],
[221, [21, 42, 10, 52, 15, 36, 37, 38, 19, 40, 41, 57, 25, 26, 9, 29, 44, 60]],
[221, [21, 42, 10, 52, 15, 36, 37, 38, 19, 40, 41, 57, 25, 26, 27, 50, 58, 64]],
[221, [21, 42, 10, 52, 15, 36, 37, 38, 19, 40, 41, 57, 25, 26, 28, 51, 23, 45]],
[221, [21, 42, 10, 52, 15, 36, 37, 38, 19, 40, 41, 57, 25, 26, 49, 62, 43, 59]],
[221, [21, 42, 11, 12, 3, 14, 16, 56, 4, 17, 18, 39, 24, 61, 9, 29, 23, 45]],
[221, [21, 42, 11, 12, 3, 14, 16, 56, 4, 17, 18, 39, 24, 61, 27, 50, 43, 59]],
[221, [21, 42, 11, 12, 3, 14, 16, 56, 4, 17, 18, 39, 24, 61, 28, 51, 44, 60]],
[221, [21, 42, 11, 12, 3, 14, 16, 56, 4, 17, 18, 39, 24, 61, 49, 62, 58, 64]],
[221, [21, 42, 11, 12, 3, 14, 16, 56, 19, 40, 41, 57, 24, 61, 9, 29, 23, 45]],
[221, [21, 42, 11, 12, 3, 14, 16, 56, 19, 40, 41, 57, 24, 61, 27, 50, 43, 59]],
[221, [21, 42, 11, 12, 3, 14, 16, 56, 19, 40, 41, 57, 24, 61, 28, 51, 44, 60]],
[221, [21, 42, 11, 12, 3, 14, 16, 56, 19, 40, 41, 57, 24, 61, 49, 62, 58, 64]],
[221, [21, 42, 11, 12, 3, 16, 36, 37, 4, 17, 18, 39, 46, 47, 9, 29, 23, 45]],
[221, [21, 42, 11, 12, 3, 16, 36, 37, 4, 17, 18, 39, 46, 47, 27, 50, 43, 59]],
[221, [21, 42, 11, 12, 3, 16, 36, 37, 4, 17, 18, 39, 46, 47, 28, 51, 44, 60]],
[221, [21, 42, 11, 12, 3, 16, 36, 37, 4, 17, 18, 39, 46, 47, 49, 62, 58, 64]],
[221, [21, 42, 11, 12, 3, 16, 36, 37, 19, 40, 41, 57, 46, 47, 9, 29, 23, 45]],
[221, [21, 42, 11, 12, 3, 16, 36, 37, 19, 40, 41, 57, 46, 47, 27, 50, 43, 59]],
[221, [21, 42, 11, 12, 3, 16, 36, 37, 19, 40, 41, 57, 46, 47, 28, 51, 44, 60]],
[221, [21, 42, 11, 12, 3, 16, 36, 37, 19, 40, 41, 57, 46, 47, 49, 62, 58, 64]],
[221, [21, 42, 11, 12, 14, 15, 38, 56, 4, 17, 18, 39, 24, 61, 9, 29, 44, 60]],
[221, [21, 42, 11, 12, 14, 15, 38, 56, 4, 17, 18, 39, 24, 61, 27, 50, 58, 64]],
[221, [21, 42, 11, 12, 14, 15, 38, 56, 4, 17, 18, 39, 24, 61, 28, 51, 23, 45]],
[221, [21, 42, 11, 12, 14, 15, 38, 56, 4, 17, 18, 39, 24, 61, 49, 62, 43, 59]],
[221, [21, 42, 11, 12, 14, 15, 38, 56, 19, 40, 41, 57, 24, 61, 9, 29, 44, 60]],
[221, [21, 42, 11, 12, 14, 15, 38, 56, 19, 40, 41, 57, 24, 61, 27, 50, 58, 64]],
[221, [21, 42, 11, 12, 14, 15, 38, 56, 19, 40, 41, 57, 24, 61, 28, 51, 23, 45]],
[221, [21, 42, 11, 12, 14, 15, 38, 56, 19, 40, 41, 57, 24, 61, 49, 62, 43, 59]],
[221, [21, 42, 11, 12, 15, 36, 37, 38, 4, 17, 18, 39, 46, 47, 9, 29, 44, 60]],
[221, [21, 42, 11, 12, 15, 36, 37, 38, 4, 17, 18, 39, 46, 47, 27, 50, 58, 64]],
[221, [21, 42, 11, 12, 15, 36, 37, 38, 4, 17, 18, 39, 46, 47, 28, 51, 23, 45]],
[221, [21, 42, 11, 12, 15, 36, 37, 38, 4, 17, 18, 39, 46, 47, 49, 62, 43, 59]],
[221, [21, 42, 11, 12, 15, 36, 37, 38, 19, 40, 41, 57, 46, 47, 9, 29, 44, 60]],
[221, [21, 42, 11, 12, 15, 36, 37, 38, 19, 40, 41, 57, 46, 47, 27, 50, 58, 64]],
[221, [21, 42, 11, 12, 15, 36, 37, 38, 19, 40, 41, 57, 46, 47, 28, 51, 23, 45]],
[221, [21, 42, 11, 12, 15, 36, 37, 38, 19, 40, 41, 57, 46, 47, 49, 62, 43, 59]],
[221, [21, 42, 30, 31, 3, 14, 16, 56, 4, 17, 18, 39, 25, 26, 9, 29, 23, 45]],
[221, [21, 42, 30, 31, 3, 14, 16, 56, 4, 17, 18, 39, 25, 26, 27, 50, 43, 59]],
[221, [21, 42, 30, 31, 3, 14, 16, 56, 4, 17, 18, 39, 25, 26, 28, 51, 44, 60]],
[221, [21, 42, 30, 31, 3, 14, 16, 56, 4, 17, 18, 39, 25, 26, 49, 62, 58, 64]],
[221, [21, 42, 30, 31, 3, 14, 16, 56, 19, 40, 41, 57, 25, 26, 9, 29, 23, 45]],
[221, [21, 42, 30, 31, 3, 14, 16, 56, 19, 40, 41, 57, 25, 26, 27, 50, 43, 59]],
[221, [21, 42, 30, 31, 3, 14, 16, 56, 19, 40, 41, 57, 25, 26, 28, 51, 44, 60]],
[221, [21, 42, 30, 31, 3, 14, 16, 56, 19, 40, 41, 57, 25, 26, 49, 62, 58, 64]],
[221, [21, 42, 30, 31, 3, 16, 36, 37, 4, 17, 18, 39, 8, 48, 9, 29, 23, 45]],
[221, [21, 42, 30, 31, 3, 16, 36, 37, 4, 17, 18, 39, 8, 48, 27, 50, 43, 59]],
[221, [21, 42, 30, 31, 3, 16, 36, 37, 4, 17, 18, 39, 8, 48, 28, 51, 44, 60]],
[221, [21, 42, 30, 31, 3, 16, 36, 37, 4, 17, 18, 39, 8, 48, 49, 62, 58, 64]],
[221, [21, 42, 30, 31, 3, 16, 36, 37, 19, 40, 41, 57, 8, 48, 9, 29, 23, 45]],
[221, [21, 42, 30, 31, 3, 16, 36, 37, 19, 40, 41, 57, 8, 48, 27, 50, 43, 59]],
[221, [21, 42, 30, 31, 3, 16, 36, 37, 19, 40, 41, 57, 8, 48, 28, 51, 44, 60]],
[221, [21, 42, 30, 31, 3, 16, 36, 37, 19, 40, 41, 57, 8, 48, 49, 62, 58, 64]],
[221, [21, 42, 30, 31, 14, 15, 38, 56, 4, 17, 18, 39, 25, 26, 9, 29, 44, 60]],
[221, [21, 42, 30, 31, 14, 15, 38, 56, 4, 17, 18, 39, 25, 26, 27, 50, 58, 64]],
[221, [21, 42, 30, 31, 14, 15, 38, 56, 4, 17, 18, 39, 25, 26, 28, 51, 23, 45]],
[221, [21, 42, 30, 31, 14, 15, 38, 56, 4, 17, 18, 39, 25, 26, 49, 62, 43, 59]],
[221, [21, 42, 30, 31, 14, 15, 38, 56, 19, 40, 41, 57, 25, 26, 9, 29, 44, 60]],
[221, [21, 42, 30, 31, 14, 15, 38, 56, 19, 40, 41, 57, 25, 26, 27, 50, 58, 64]],
[221, [21, 42, 30, 31, 14, 15, 38, 56, 19, 40, 41, 57, 25, 26, 28, 51, 23, 45]],
[221, [21, 42, 30, 31, 14, 15, 38, 56, 19, 40, 41, 57, 25, 26, 49, 62, 43, 59]],
[221, [21, 42, 30, 31, 15, 36, 37, 38, 4, 17, 18, 39, 8, 48, 9, 29, 44, 60]],
[221, [21, 42, 30, 31, 15, 36, 37, 38, 4, 17, 18, 39, 8, 48, 27, 50, 58, 64]],
[221, [21, 42, 30, 31, 15, 36, 37, 38, 4, 17, 18, 39, 8, 48, 28, 51, 23, 45]],
[221, [21, 42, 30, 31, 15, 36, 37, 38, 4, 17, 18, 39, 8, 48, 49, 62, 43, 59]],
[221, [21, 42, 30, 31, 15, 36, 37, 38, 19, 40, 41, 57, 8, 48, 9, 29, 44, 60]],
[221, [21, 42, 30, 31, 15, 36, 37, 38, 19, 40, 41, 57, 8, 48, 27, 50, 58, 64]],
[221, [21, 42, 30, 31, 15, 36, 37, 38, 19, 40, 41, 57, 8, 48, 28, 51, 23, 45]],
[221, [21, 42, 30, 31, 15, 36, 37, 38, 19, 40, 41, 57, 8, 48, 49, 62, 43, 59]],
[221, [5, 20, 2, 10, 12, 52, 14, 56, 4, 19, 8, 48, 28, 51, 23, 44, 59, 64]],
[221, [5, 20, 2, 10, 12, 52, 14, 56, 4, 19, 8, 48, 28, 51, 43, 45, 58, 60]],
[221, [5, 20, 2, 10, 12, 52, 14, 56, 18, 41, 8, 48, 9, 29, 23, 44, 59, 64]],
[221, [5, 20, 2, 10, 12, 52, 14, 56, 18, 41, 8, 48, 9, 29, 43, 45, 58, 60]],
[221, [5, 20, 2, 10, 12, 52, 36, 37, 4, 19, 25, 26, 28, 51, 23, 44, 59, 64]],
[221, [5, 20, 2, 10, 12, 52, 36, 37, 4, 19, 25, 26, 28, 51, 43, 45, 58, 60]],
[221, [5, 20, 2, 10, 12, 52, 36, 37, 18, 41, 25, 26, 9, 29, 23, 44, 59, 64]],
[221, [5, 20, 2, 10, 12, 52, 36, 37, 18, 41, 25, 26, 9, 29, 43, 45, 58, 60]],
[221, [5, 20, 2, 10, 31, 32, 14, 56, 4, 19, 46, 47, 49, 62, 23, 44, 59, 64]],
[221, [5, 20, 2, 10, 31, 32, 14, 56, 4, 19, 46, 47, 49, 62, 43, 45, 58, 60]],
[221, [5, 20, 2, 10, 31, 32, 14, 56, 18, 41, 46, 47, 27, 50, 23, 44, 59, 64]],
[221, [5, 20, 2, 10, 31, 32, 14, 56, 18, 41, 46, 47, 27, 50, 43, 45, 58, 60]],
[221, [5, 20, 2, 10, 31, 32, 36, 37, 4, 19, 24, 61, 49, 62, 23, 44, 59, 64]],
[221, [5, 20, 2, 10, 31, 32, 36, 37, 4, 19, 24, 61, 49, 62, 43, 45, 58, 60]],
[221, [5, 20, 2, 10, 31, 32, 36, 37, 18, 41, 24, 61, 27, 50, 23, 44, 59, 64]],
[221, [5, 20, 2, 10, 31, 32, 36, 37, 18, 41, 24, 61, 27, 50, 43, 45, 58, 60]],
[221, [5, 20, 2, 11, 31, 52, 3, 16, 4, 41, 8, 48, 27, 50, 43, 44, 45, 59]],
[221, [5, 20, 2, 11, 31, 52, 3, 16, 4, 41, 8, 48, 49, 62, 44, 45, 58, 64]],
[221, [5, 20, 2, 11, 31, 52, 3, 16, 4, 41, 24, 61, 9, 29, 23, 45, 58, 59]],
[221, [5, 20, 2, 11, 31, 52, 3, 16, 4, 41, 24, 61, 28, 51, 44, 58, 59, 60]],
[221, [5, 20, 2, 11, 31, 52, 3, 16, 4, 41, 25, 26, 27, 50, 23, 43, 59, 60]],
[221, [5, 20, 2, 11, 31, 52, 3, 16, 4, 41, 25, 26, 49, 62, 23, 58, 60, 64]],
[221, [5, 20, 2, 11, 31, 52, 3, 16, 4, 41, 46, 47, 9, 29, 23, 43, 45, 64]],
[221, [5, 20, 2, 11, 31, 52, 3, 16, 4, 41, 46, 47, 28, 51, 43, 44, 60, 64]],
[221, [5, 20, 2, 11, 31, 52, 3, 16, 18, 19, 8, 48, 27, 50, 23, 43, 59, 60]],
[221, [5, 20, 2, 11, 31, 52, 3, 16, 18, 19, 8, 48, 49, 62, 23, 58, 60, 64]],
[221, [5, 20, 2, 11, 31, 52, 3, 16, 18, 19, 24, 61, 9, 29, 23, 43, 45, 64]],
[221, [5, 20, 2, 11, 31, 52, 3, 16, 18, 19, 24, 61, 28, 51, 43, 44, 60, 64]],
[221, [5, 20, 2, 11, 31, 52, 3, 16, 18, 19, 25, 26, 27, 50, 43, 44, 45, 59]],
[221, [5, 20, 2, 11, 31, 52, 3, 16, 18, 19, 25, 26, 49, 62, 44, 45, 58, 64]],
[221, [5, 20, 2, 11, 31, 52, 3, 16, 18, 19, 46, 47, 9, 29, 23, 45, 58, 59]],
[221, [5, 20, 2, 11, 31, 52, 3, 16, 18, 19, 46, 47, 28, 51, 44, 58, 59, 60]],
[221, [5, 20, 2, 11, 31, 52, 15, 38, 4, 41, 8, 48, 27, 50, 44, 45, 58, 64]],
[221, [5, 20, 2, 11, 31, 52, 15, 38, 4, 41, 8, 48, 49, 62, 43, 44, 45, 59]],
[221, [5, 20, 2, 11, 31, 52, 15, 38, 4, 41, 24, 61, 9, 29, 44, 58, 59, 60]],
[221, [5, 20, 2, 11, 31, 52, 15, 38, 4, 41, 24, 61, 28, 51, 23, 45, 58, 59]],
[221, [5, 20, 2, 11, 31, 52, 15, 38, 4, 41, 25, 26, 27, 50, 23, 58, 60, 64]],
[221, [5, 20, 2, 11, 31, 52, 15, 38, 4, 41, 25, 26, 49, 62, 23, 43, 59, 60]],
[221, [5, 20, 2, 11, 31, 52, 15, 38, 4, 41, 46, 47, 9, 29, 43, 44, 60, 64]],
[221, [5, 20, 2, 11, 31, 52, 15, 38, 4, 41, 46, 47, 28, 51, 23, 43, 45, 64]],
[221, [5, 20, 2, 11, 31, 52, 15, 38, 18, 19, 8, 48, 27, 50, 23, 58, 60, 64]],
[221, [5, 20, 2, 11, 31, 52, 15, 38, 18, 19, 8, 48, 49, 62, 23, 43, 59, 60]],
[221, [5, 20, 2, 11, 31, 52, 15, 38, 18, 19, 24, 61, 9, 29, 43, 44, 60, 64]],
[221, [5, 20, 2, 11, 31, 52, 15, 38, 18, 19, 24, 61, 28, 51, 23, 43, 45, 64]],
[221, [5, 20, 2, 11, 31, 52, 15, 38, 18, 19, 25, 26, 27, 50, 44, 45, 58, 64]],
[221, [5, 20, 2, 11, 31, 52, 15, 38, 18, 19, 25, 26, 49, 62, 43, 44, 45, 59]],
[221, [5, 20, 2, 11, 31, 52, 15, 38, 18, 19, 46, 47, 9, 29, 44, 58, 59, 60]],
[221, [5, 20, 2, 11, 31, 52, 15, 38, 18, 19, 46, 47, 28, 51, 23, 45, 58, 59]],
[221, [5, 20, 2, 12, 30, 31, 14, 56, 4, 19, 25, 26, 28, 51, 23, 44, 59, 64]],
[221, [5, 20, 2, 12, 30, 31, 14, 56, 4, 19, 25, 26, 28, 51, 43, 45, 58, 60]],
[221, [5, 20, 2, 12, 30, 31, 14, 56, 18, 41, 25, 26, 9, 29, 23, 44, 59, 64]],
[221, [5, 20, 2, 12, 30, 31, 14, 56, 18, 41, 25, 26, 9, 29, 43, 45, 58, 60]],
[221, [5, 20, 2, 12, 30, 31, 36, 37, 4, 19, 8, 48, 28, 51, 23, 44, 59, 64]],
[221, [5, 20, 2, 12, 30, 31, 36, 37, 4, 19, 8, 48, 28, 51, 43, 45, 58, 60]],
[221, [5, 20, 2, 12, 30, 31, 36, 37, 18, 41, 8, 48, 9, 29, 23, 44, 59, 64]],
[221, [5, 20, 2, 12, 30, 31, 36, 37, 18, 41, 8, 48, 9, 29, 43, 45, 58, 60]],
[221, [5, 20, 2, 30, 32, 52, 14, 56, 4, 19, 46, 47, 27, 50, 23, 44, 59, 64]],
[221, [5, 20, 2, 30, 32, 52, 14, 56, 4, 19, 46, 47, 27, 50, 43, 45, 58, 60]],
[221, [5, 20, 2, 30, 32, 52, 14, 56, 18, 41, 46, 47, 49, 62, 23, 44, 59, 64]],
[221, [5, 20, 2, 30, 32, 52, 14, 56, 18, 41, 46, 47, 49, 62, 43, 45, 58, 60]],
[221, [5, 20, 2, 30, 32, 52, 36, 37, 4, 19, 24, 61, 27, 50, 23, 44, 59, 64]],
[221, [5, 20, 2, 30, 32, 52, 36, 37, 4, 19, 24, 61, 27, 50, 43, 45, 58, 60]],
[221, [5, 20, 2, 30, 32, 52, 36, 37, 18, 41, 24, 61, 49, 62, 23, 44, 59, 64]],
[221, [5, 20, 2, 30, 32, 52, 36, 37, 18, 41, 24, 61, 49, 62, 43, 45, 58, 60]],
[221, [5, 20, 10, 11, 12, 31, 14, 56, 4, 19, 24, 61, 49, 62, 23, 44, 59, 64]],
[221, [5, 20, 10, 11, 12, 31, 14, 56, 4, 19, 24, 61, 49, 62, 43, 45, 58, 60]],
[221, [5, 20, 10, 11, 12, 31, 14, 56, 18, 41, 24, 61, 27, 50, 23, 44, 59, 64]],
[221, [5, 20, 10, 11, 12, 31, 14, 56, 18, 41, 24, 61, 27, 50, 43, 45, 58, 60]],
[221, [5, 20, 10, 11, 12, 31, 36, 37, 4, 19, 46, 47, 49, 62, 23, 44, 59, 64]],
[221, [5, 20, 10, 11, 12, 31, 36, 37, 4, 19, 46, 47, 49, 62, 43, 45, 58, 60]],
[221, [5, 20, 10, 11, 12, 31, 36, 37, 18, 41, 46, 47, 27, 50, 23, 44, 59, 64]],
[221, [5, 20, 10, 11, 12, 31, 36, 37, 18, 41, 46, 47, 27, 50, 43, 45, 58, 60]],
[221, [5, 20, 10, 11, 32, 52, 14, 56, 4, 19, 8, 48, 9, 29, 23, 44, 59, 64]],
[221, [5, 20, 10, 11, 32, 52, 14, 56, 4, 19, 8, 48, 9, 29, 43, 45, 58, 60]],
[221, [5, 20, 10, 11, 32, 52, 14, 56, 18, 41, 8, 48, 28, 51, 23, 44, 59, 64]],
[221, [5, 20, 10, 11, 32, 52, 14, 56, 18, 41, 8, 48, 28, 51, 43, 45, 58, 60]],
[221, [5, 20, 10, 11, 32, 52, 36, 37, 4, 19, 25, 26, 9, 29, 23, 44, 59, 64]],
[221, [5, 20, 10, 11, 32, 52, 36, 37, 4, 19, 25, 26, 9, 29, 43, 45, 58, 60]],
[221, [5, 20, 10, 11, 32, 52, 36, 37, 18, 41, 25, 26, 28, 51, 23, 44, 59, 64]],
[221, [5, 20, 10, 11, 32, 52, 36, 37, 18, 41, 25, 26, 28, 51, 43, 45, 58, 60]],
[221, [5, 20, 10, 12, 30, 32, 3, 16, 4, 41, 8, 48, 27, 50, 43, 44, 45, 59]],
[221, [5, 20, 10, 12, 30, 32, 3, 16, 4, 41, 8, 48, 49, 62, 44, 45, 58, 64]],
[221, [5, 20, 10, 12, 30, 32, 3, 16, 4, 41, 24, 61, 9, 29, 23, 45, 58, 59]],
[221, [5, 20, 10, 12, 30, 32, 3, 16, 4, 41, 24, 61, 28, 51, 44, 58, 59, 60]],
[221, [5, 20, 10, 12, 30, 32, 3, 16, 4, 41, 25, 26, 27, 50, 23, 43, 59, 60]],
[221, [5, 20, 10, 12, 30, 32, 3, 16, 4, 41, 25, 26, 49, 62, 23, 58, 60, 64]],
[221, [5, 20, 10, 12, 30, 32, 3, 16, 4, 41, 46, 47, 9, 29, 23, 43, 45, 64]],
[221, [5, 20, 10, 12, 30, 32, 3, 16, 4, 41, 46, 47, 28, 51, 43, 44, 60, 64]],
[221, [5, 20, 10, 12, 30, 32, 3, 16, 18, 19, 8, 48, 27, 50, 23, 43, 59, 60]],
[221, [5, 20, 10, 12, 30, 32, 3, 16, 18, 19, 8, 48, 49, 62, 23, 58, 60, 64]],
[221, [5, 20, 10, 12, 30, 32, 3, 16, 18, 19, 24, 61, 9, 29, 23, 43, 45, 64]],
[221, [5, 20, 10, 12, 30, 32, 3, 16, 18, 19, 24, 61, 28, 51, 43, 44, 60, 64]],
[221, [5, 20, 10, 12, 30, 32, 3, 16, 18, 19, 25, 26, 27, 50, 43, 44, 45, 59]],
[221, [5, 20, 10, 12, 30, 32, 3, 16, 18, 19, 25, 26, 49, 62, 44, 45, 58, 64]],
[221, [5, 20, 10, 12, 30, 32, 3, 16, 18, 19, 46, 47, 9, 29, 23, 45, 58, 59]],
[221, [5, 20, 10, 12, 30, 32, 3, 16, 18, 19, 46, 47, 28, 51, 44, 58, 59, 60]],
[221, [5, 20, 10, 12, 30, 32, 15, 38, 4, 41, 8, 48, 27, 50, 44, 45, 58, 64]],
[221, [5, 20, 10, 12, 30, 32, 15, 38, 4, 41, 8, 48, 49, 62, 43, 44, 45, 59]],
[221, [5, 20, 10, 12, 30, 32, 15, 38, 4, 41, 24, 61, 9, 29, 44, 58, 59, 60]],
[221, [5, 20, 10, 12, 30, 32, 15, 38, 4, 41, 24, 61, 28, 51, 23, 45, 58, 59]],
[221, [5, 20, 10, 12, 30, 32, 15, 38, 4, 41, 25, 26, 27, 50, 23, 58, 60, 64]],
[221, [5, 20, 10, 12, 30, 32, 15, 38, 4, 41, 25, 26, 49, 62, 23, 43, 59, 60]],
[221, [5, 20, 10, 12, 30, 32, 15, 38, 4, 41, 46, 47, 9, 29, 43, 44, 60, 64]],
[221, [5, 20, 10, 12, 30, 32, 15, 38, 4, 41, 46, 47, 28, 51, 23, 43, 45, 64]],
[221, [5, 20, 10, 12, 30, 32, 15, 38, 18, 19, 8, 48, 27, 50, 23, 58, 60, 64]],
[221, [5, 20, 10, 12, 30, 32, 15, 38, 18, 19, 8, 48, 49, 62, 23, 43, 59, 60]],
[221, [5, 20, 10, 12, 30, 32, 15, 38, 18, 19, 24, 61, 9, 29, 43, 44, 60, 64]],
[221, [5, 20, 10, 12, 30, 32, 15, 38, 18, 19, 24, 61, 28, 51, 23, 43, 45, 64]],
[221, [5, 20, 10, 12, 30, 32, 15, 38, 18, 19, 25, 26, 27, 50, 44, 45, 58, 64]],
[221, [5, 20, 10, 12, 30, 32, 15, 38, 18, 19, 25, 26, 49, 62, 43, 44, 45, 59]],
[221, [5, 20, 10, 12, 30, 32, 15, 38, 18, 19, 46, 47, 9, 29, 44, 58, 59, 60]],
[221, [5, 20, 10, 12, 30, 32, 15, 38, 18, 19, 46, 47, 28, 51, 23, 45, 58, 59]],
[221, [5, 20, 11, 12, 30, 52, 14, 56, 4, 19, 24, 61, 27, 50, 23, 44, 59, 64]],
[221, [5, 20, 11, 12, 30, 52, 14, 56, 4, 19, 24, 61, 27, 50, 43, 45, 58, 60]],
[221, [5, 20, 11, 12, 30, 52, 14, 56, 18, 41, 24, 61, 49, 62, 23, 44, 59, 64]],
[221, [5, 20, 11, 12, 30, 52, 14, 56, 18, 41, 24, 61, 49, 62, 43, 45, 58, 60]],
[221, [5, 20, 11, 12, 30, 52, 36, 37, 4, 19, 46, 47, 27, 50, 23, 44, 59, 64]],
[221, [5, 20, 11, 12, 30, 52, 36, 37, 4, 19, 46, 47, 27, 50, 43, 45, 58, 60]],
[221, [5, 20, 11, 12, 30, 52, 36, 37, 18, 41, 46, 47, 49, 62, 23, 44, 59, 64]],
[221, [5, 20, 11, 12, 30, 52, 36, 37, 18, 41, 46, 47, 49, 62, 43, 45, 58, 60]],
[221, [5, 20, 11, 30, 31, 32, 14, 56, 4, 19, 25, 26, 9, 29, 23, 44, 59, 64]],
[221, [5, 20, 11, 30, 31, 32, 14, 56, 4, 19, 25, 26, 9, 29, 43, 45, 58, 60]],
[221, [5, 20, 11, 30, 31, 32, 14, 56, 18, 41, 25, 26, 28, 51, 23, 44, 59, 64]],
[221, [5, 20, 11, 30, 31, 32, 14, 56, 18, 41, 25, 26, 28, 51, 43, 45, 58, 60]],
[221, [5, 20, 11, 30, 31, 32, 36, 37, 4, 19, 8, 48, 9, 29, 23, 44, 59, 64]],
[221, [5, 20, 11, 30, 31, 32, 36, 37, 4, 19, 8, 48, 9, 29, 43, 45, 58, 60]],
[221, [5, 20, 11, 30, 31, 32, 36, 37, 18, 41, 8, 48, 28, 51, 23, 44, 59, 64]],
[221, [5, 20, 11, 30, 31, 32, 36, 37, 18, 41, 8, 48, 28, 51, 43, 45, 58, 60]],
[221, [21, 42, 2, 10, 11, 30, 3, 16, 4, 41, 8, 48, 27, 50, 43, 44, 45, 59]],
[221, [21, 42, 2, 10, 11, 30, 3, 16, 4, 41, 8, 48, 49, 62, 44, 45, 58, 64]],
[221, [21, 42, 2, 10, 11, 30, 3, 16, 4, 41, 24, 61, 9, 29, 23, 45, 58, 59]],
[221, [21, 42, 2, 10, 11, 30, 3, 16, 4, 41, 24, 61, 28, 51, 44, 58, 59, 60]],
[221, [21, 42, 2, 10, 11, 30, 3, 16, 4, 41, 25, 26, 27, 50, 23, 43, 59, 60]],
[221, [21, 42, 2, 10, 11, 30, 3, 16, 4, 41, 25, 26, 49, 62, 23, 58, 60, 64]],
[221, [21, 42, 2, 10, 11, 30, 3, 16, 4, 41, 46, 47, 9, 29, 23, 43, 45, 64]],
[221, [21, 42, 2, 10, 11, 30, 3, 16, 4, 41, 46, 47, 28, 51, 43, 44, 60, 64]],
[221, [21, 42, 2, 10, 11, 30, 3, 16, 18, 19, 8, 48, 27, 50, 23, 43, 59, 60]],
[221, [21, 42, 2, 10, 11, 30, 3, 16, 18, 19, 8, 48, 49, 62, 23, 58, 60, 64]],
[221, [21, 42, 2, 10, 11, 30, 3, 16, 18, 19, 24, 61, 9, 29, 23, 43, 45, 64]],
[221, [21, 42, 2, 10, 11, 30, 3, 16, 18, 19, 24, 61, 28, 51, 43, 44, 60, 64]],
[221, [21, 42, 2, 10, 11, 30, 3, 16, 18, 19, 25, 26, 27, 50, 43, 44, 45, 59]],
[221, [21, 42, 2, 10, 11, 30, 3, 16, 18, 19, 25, 26, 49, 62, 44, 45, 58, 64]],
[221, [21, 42, 2, 10, 11, 30, 3, 16, 18, 19, 46, 47, 9, 29, 23, 45, 58, 59]],
[221, [21, 42, 2, 10, 11, 30, 3, 16, 18, 19, 46, 47, 28, 51, 44, 58, 59, 60]],
[221, [21, 42, 2, 10, 11, 30, 15, 38, 4, 41, 8, 48, 27, 50, 44, 45, 58, 64]],
[221, [21, 42, 2, 10, 11, 30, 15, 38, 4, 41, 8, 48, 49, 62, 43, 44, 45, 59]],
[221, [21, 42, 2, 10, 11, 30, 15, 38, 4, 41, 24, 61, 9, 29, 44, 58, 59, 60]],
[221, [21, 42, 2, 10, 11, 30, 15, 38, 4, 41, 24, 61, 28, 51, 23, 45, 58, 59]],
[221, [21, 42, 2, 10, 11, 30, 15, 38, 4, 41, 25, 26, 27, 50, 23, 58, 60, 64]],
[221, [21, 42, 2, 10, 11, 30, 15, 38, 4, 41, 25, 26, 49, 62, 23, 43, 59, 60]],
[221, [21, 42, 2, 10, 11, 30, 15, 38, 4, 41, 46, 47, 9, 29, 43, 44, 60, 64]],
[221, [21, 42, 2, 10, 11, 30, 15, 38, 4, 41, 46, 47, 28, 51, 23, 43, 45, 64]],
[221, [21, 42, 2, 10, 11, 30, 15, 38, 18, 19, 8, 48, 27, 50, 23, 58, 60, 64]],
[221, [21, 42, 2, 10, 11, 30, 15, 38, 18, 19, 8, 48, 49, 62, 23, 43, 59, 60]],
[221, [21, 42, 2, 10, 11, 30, 15, 38, 18, 19, 24, 61, 9, 29, 43, 44, 60, 64]],
[221, [21, 42, 2, 10, 11, 30, 15, 38, 18, 19, 24, 61, 28, 51, 23, 43, 45, 64]],
[221, [21, 42, 2, 10, 11, 30, 15, 38, 18, 19, 25, 26, 27, 50, 44, 45, 58, 64]],
[221, [21, 42, 2, 10, 11, 30, 15, 38, 18, 19, 25, 26, 49, 62, 43, 44, 45, 59]],
[221, [21, 42, 2, 10, 11, 30, 15, 38, 18, 19, 46, 47, 9, 29, 44, 58, 59, 60]],
[221, [21, 42, 2, 10, 11, 30, 15, 38, 18, 19, 46, 47, 28, 51, 23, 45, 58, 59]],
[221, [21, 42, 2, 10, 12, 52, 14, 56, 4, 19, 8, 48, 28, 51, 23, 43, 44, 58]],
[221, [21, 42, 2, 10, 12, 52, 14, 56, 4, 19, 8, 48, 28, 51, 45, 59, 60, 64]],
[221, [21, 42, 2, 10, 12, 52, 14, 56, 18, 41, 8, 48, 9, 29, 23, 43, 44, 58]],
[221, [21, 42, 2, 10, 12, 52, 14, 56, 18, 41, 8, 48, 9, 29, 45, 59, 60, 64]],
[221, [21, 42, 2, 10, 12, 52, 36, 37, 4, 19, 25, 26, 28, 51, 23, 43, 44, 58]],
[221, [21, 42, 2, 10, 12, 52, 36, 37, 4, 19, 25, 26, 28, 51, 45, 59, 60, 64]],
[221, [21, 42, 2, 10, 12, 52, 36, 37, 18, 41, 25, 26, 9, 29, 23, 43, 44, 58]],
[221, [21, 42, 2, 10, 12, 52, 36, 37, 18, 41, 25, 26, 9, 29, 45, 59, 60, 64]],
[221, [21, 42, 2, 10, 31, 32, 14, 56, 4, 19, 46, 47, 49, 62, 23, 43, 44, 58]],
[221, [21, 42, 2, 10, 31, 32, 14, 56, 4, 19, 46, 47, 49, 62, 45, 59, 60, 64]],
[221, [21, 42, 2, 10, 31, 32, 14, 56, 18, 41, 46, 47, 27, 50, 23, 43, 44, 58]],
[221, [21, 42, 2, 10, 31, 32, 14, 56, 18, 41, 46, 47, 27, 50, 45, 59, 60, 64]],
[221, [21, 42, 2, 10, 31, 32, 36, 37, 4, 19, 24, 61, 49, 62, 23, 43, 44, 58]],
[221, [21, 42, 2, 10, 31, 32, 36, 37, 4, 19, 24, 61, 49, 62, 45, 59, 60, 64]],
[221, [21, 42, 2, 10, 31, 32, 36, 37, 18, 41, 24, 61, 27, 50, 23, 43, 44, 58]],
[221, [21, 42, 2, 10, 31, 32, 36, 37, 18, 41, 24, 61, 27, 50, 45, 59, 60, 64]],
[221, [21, 42, 2, 12, 30, 31, 14, 56, 4, 19, 25, 26, 28, 51, 23, 43, 44, 58]],
[221, [21, 42, 2, 12, 30, 31, 14, 56, 4, 19, 25, 26, 28, 51, 45, 59, 60, 64]],
[221, [21, 42, 2, 12, 30, 31, 14, 56, 18, 41, 25, 26, 9, 29, 23, 43, 44, 58]],
[221, [21, 42, 2, 12, 30, 31, 14, 56, 18, 41, 25, 26, 9, 29, 45, 59, 60, 64]],
[221, [21, 42, 2, 12, 30, 31, 36, 37, 4, 19, 8, 48, 28, 51, 23, 43, 44, 58]],
[221, [21, 42, 2, 12, 30, 31, 36, 37, 4, 19, 8, 48, 28, 51, 45, 59, 60, 64]],
[221, [21, 42, 2, 12, 30, 31, 36, 37, 18, 41, 8, 48, 9, 29, 23, 43, 44, 58]],
[221, [21, 42, 2, 12, 30, 31, 36, 37, 18, 41, 8, 48, 9, 29, 45, 59, 60, 64]],
[221, [21, 42, 2, 30, 32, 52, 14, 56, 4, 19, 46, 47, 27, 50, 23, 43, 44, 58]],
[221, [21, 42, 2, 30, 32, 52, 14, 56, 4, 19, 46, 47, 27, 50, 45, 59, 60, 64]],
[221, [21, 42, 2, 30, 32, 52, 14, 56, 18, 41, 46, 47, 49, 62, 23, 43, 44, 58]],
[221, [21, 42, 2, 30, 32, 52, 14, 56, 18, 41, 46, 47, 49, 62, 45, 59, 60, 64]],
[221, [21, 42, 2, 30, 32, 52, 36, 37, 4, 19, 24, 61, 27, 50, 23, 43, 44, 58]],
[221, [21, 42, 2, 30, 32, 52, 36, 37, 4, 19, 24, 61, 27, 50, 45, 59, 60, 64]],
[221, [21, 42, 2, 30, 32, 52, 36, 37, 18, 41, 24, 61, 49, 62, 23, 43, 44, 58]],
[221, [21, 42, 2, 30, 32, 52, 36, 37, 18, 41, 24, 61, 49, 62, 45, 59, 60, 64]],
[221, [21, 42, 10, 11, 12, 31, 14, 56, 4, 19, 24, 61, 49, 62, 23, 43, 44, 58]],
[221, [21, 42, 10, 11, 12, 31, 14, 56, 4, 19, 24, 61, 49, 62, 45, 59, 60, 64]],
[221, [21, 42, 10, 11, 12, 31, 14, 56, 18, 41, 24, 61, 27, 50, 23, 43, 44, 58]],
[221, [21, 42, 10, 11, 12, 31, 14, 56, 18, 41, 24, 61, 27, 50, 45, 59, 60, 64]],
[221, [21, 42, 10, 11, 12, 31, 36, 37, 4, 19, 46, 47, 49, 62, 23, 43, 44, 58]],
[221, [21, 42, 10, 11, 12, 31, 36, 37, 4, 19, 46, 47, 49, 62, 45, 59, 60, 64]],
[221, [21, 42, 10, 11, 12, 31, 36, 37, 18, 41, 46, 47, 27, 50, 23, 43, 44, 58]],
[221, [21, 42, 10, 11, 12, 31, 36, 37, 18, 41, 46, 47, 27, 50, 45, 59, 60, 64]],
[221, [21, 42, 10, 11, 32, 52, 14, 56, 4, 19, 8, 48, 9, 29, 23, 43, 44, 58]],
[221, [21, 42, 10, 11, 32, 52, 14, 56, 4, 19, 8, 48, 9, 29, 45, 59, 60, 64]],
[221, [21, 42, 10, 11, 32, 52, 14, 56, 18, 41, 8, 48, 28, 51, 23, 43, 44, 58]],
[221, [21, 42, 10, 11, 32, 52, 14, 56, 18, 41, 8, 48, 28, 51, 45, 59, 60, 64]],
[221, [21, 42, 10, 11, 32, 52, 36, 37, 4, 19, 25, 26, 9, 29, 23, 43, 44, 58]],
[221, [21, 42, 10, 11, 32, 52, 36, 37, 4, 19, 25, 26, 9, 29, 45, 59, 60, 64]],
[221, [21, 42, 10, 11, 32, 52, 36, 37, 18, 41, 25, 26, 28, 51, 23, 43, 44, 58]],
[221, [21, 42, 10, 11, 32, 52, 36, 37, 18, 41, 25, 26, 28, 51, 45, 59, 60, 64]],
[221, [21, 42, 11, 12, 30, 52, 14, 56, 4, 19, 24, 61, 27, 50, 23, 43, 44, 58]],
[221, [21, 42, 11, 12, 30, 52, 14, 56, 4, 19, 24, 61, 27, 50, 45, 59, 60, 64]],
[221, [21, 42, 11, 12, 30, 52, 14, 56, 18, 41, 24, 61, 49, 62, 23, 43, 44, 58]],
[221, [21, 42, 11, 12, 30, 52, 14, 56, 18, 41, 24, 61, 49, 62, 45, 59, 60, 64]],
[221, [21, 42, 11, 12, 30, 52, 36, 37, 4, 19, 46, 47, 27, 50, 23, 43, 44, 58]],
[221, [21, 42, 11, 12, 30, 52, 36, 37, 4, 19, 46, 47, 27, 50, 45, 59, 60, 64]],
[221, [21, 42, 11, 12, 30, 52, 36, 37, 18, 41, 46, 47, 49, 62, 23, 43, 44, 58]],
[221, [21, 42, 11, 12, 30, 52, 36, 37, 18, 41, 46, 47, 49, 62, 45, 59, 60, 64]],
[221, [21, 42, 11, 30, 31, 32, 14, 56, 4, 19, 25, 26, 9, 29, 23, 43, 44, 58]],
[221, [21, 42, 11, 30, 31, 32, 14, 56, 4, 19, 25, 26, 9, 29, 45, 59, 60, 64]],
[221, [21, 42, 11, 30, 31, 32, 14, 56, 18, 41, 25, 26, 28, 51, 23, 43, 44, 58]],
[221, [21, 42, 11, 30, 31, 32, 14, 56, 18, 41, 25, 26, 28, 51, 45, 59, 60, 64]],
[221, [21, 42, 11, 30, 31, 32, 36, 37, 4, 19, 8, 48, 9, 29, 23, 43, 44, 58]],
[221, [21, 42, 11, 30, 31, 32, 36, 37, 4, 19, 8, 48, 9, 29, 45, 59, 60, 64]],
[221, [21, 42, 11, 30, 31, 32, 36, 37, 18, 41, 8, 48, 28, 51, 23, 43, 44, 58]],
[221, [21, 42, 11, 30, 31, 32, 36, 37, 18, 41, 8, 48, 28, 51, 45, 59, 60, 64]],
[221, [21, 42, 12, 31, 32, 52, 3, 16, 4, 41, 8, 48, 27, 50, 43, 44, 45, 59]],
[221, [21, 42, 12, 31, 32, 52, 3, 16, 4, 41, 8, 48, 49, 62, 44, 45, 58, 64]],
[221, [21, 42, 12, 31, 32, 52, 3, 16, 4, 41, 24, 61, 9, 29, 23, 45, 58, 59]],
[221, [21, 42, 12, 31, 32, 52, 3, 16, 4, 41, 24, 61, 28, 51, 44, 58, 59, 60]],
[221, [21, 42, 12, 31, 32, 52, 3, 16, 4, 41, 25, 26, 27, 50, 23, 43, 59, 60]],
[221, [21, 42, 12, 31, 32, 52, 3, 16, 4, 41, 25, 26, 49, 62, 23, 58, 60, 64]],
[221, [21, 42, 12, 31, 32, 52, 3, 16, 4, 41, 46, 47, 9, 29, 23, 43, 45, 64]],
[221, [21, 42, 12, 31, 32, 52, 3, 16, 4, 41, 46, 47, 28, 51, 43, 44, 60, 64]],
[221, [21, 42, 12, 31, 32, 52, 3, 16, 18, 19, 8, 48, 27, 50, 23, 43, 59, 60]],
[221, [21, 42, 12, 31, 32, 52, 3, 16, 18, 19, 8, 48, 49, 62, 23, 58, 60, 64]],
[221, [21, 42, 12, 31, 32, 52, 3, 16, 18, 19, 24, 61, 9, 29, 23, 43, 45, 64]],
[221, [21, 42, 12, 31, 32, 52, 3, 16, 18, 19, 24, 61, 28, 51, 43, 44, 60, 64]],
[221, [21, 42, 12, 31, 32, 52, 3, 16, 18, 19, 25, 26, 27, 50, 43, 44, 45, 59]],
[221, [21, 42, 12, 31, 32, 52, 3, 16, 18, 19, 25, 26, 49, 62, 44, 45, 58, 64]],
[221, [21, 42, 12, 31, 32, 52, 3, 16, 18, 19, 46, 47, 9, 29, 23, 45, 58, 59]],
[221, [21, 42, 12, 31, 32, 52, 3, 16, 18, 19, 46, 47, 28, 51, 44, 58, 59, 60]],
[221, [21, 42, 12, 31, 32, 52, 15, 38, 4, 41, 8, 48, 27, 50, 44, 45, 58, 64]],
[221, [21, 42, 12, 31, 32, 52, 15, 38, 4, 41, 8, 48, 49, 62, 43, 44, 45, 59]],
[221, [21, 42, 12, 31, 32, 52, 15, 38, 4, 41, 24, 61, 9, 29, 44, 58, 59, 60]],
[221, [21, 42, 12, 31, 32, 52, 15, 38, 4, 41, 24, 61, 28, 51, 23, 45, 58, 59]],
[221, [21, 42, 12, 31, 32, 52, 15, 38, 4, 41, 25, 26, 27, 50, 23, 58, 60, 64]],
[221, [21, 42, 12, 31, 32, 52, 15, 38, 4, 41, 25, 26, 49, 62, 23, 43, 59, 60]],
[221, [21, 42, 12, 31, 32, 52, 15, 38, 4, 41, 46, 47, 9, 29, 43, 44, 60, 64]],
[221, [21, 42, 12, 31, 32, 52, 15, 38, 4, 41, 46, 47, 28, 51, 23, 43, 45, 64]],
[221, [21, 42, 12, 31, 32, 52, 15, 38, 18, 19, 8, 48, 27, 50, 23, 58, 60, 64]],
[221, [21, 42, 12, 31, 32, 52, 15, 38, 18, 19, 8, 48, 49, 62, 23, 43, 59, 60]],
[221, [21, 42, 12, 31, 32, 52, 15, 38, 18, 19, 24, 61, 9, 29, 43, 44, 60, 64]],
[221, [21, 42, 12, 31, 32, 52, 15, 38, 18, 19, 24, 61, 28, 51, 23, 43, 45, 64]],
[221, [21, 42, 12, 31, 32, 52, 15, 38, 18, 19, 25, 26, 27, 50, 44, 45, 58, 64]],
[221, [21, 42, 12, 31, 32, 52, 15, 38, 18, 19, 25, 26, 49, 62, 43, 44, 45, 59]],
[221, [21, 42, 12, 31, 32, 52, 15, 38, 18, 19, 46, 47, 9, 29, 44, 58, 59, 60]],
[221, [21, 42, 12, 31, 32, 52, 15, 38, 18, 19, 46, 47, 28, 51, 23, 45, 58, 59]],
[221, [5, 20, 2, 10, 12, 52, 14, 56, 4, 18, 40, 57, 8, 48, 33, 54, 58, 64]],
[221, [5, 20, 2, 10, 12, 52, 14, 56, 4, 18, 40, 57, 8, 48, 53, 63, 43, 59]],
[221, [5, 20, 2, 10, 12, 52, 14, 56, 17, 19, 39, 41, 8, 48, 33, 54, 58, 64]],
[221, [5, 20, 2, 10, 12, 52, 14, 56, 17, 19, 39, 41, 8, 48, 53, 63, 43, 59]],
[221, [5, 20, 2, 10, 12, 52, 36, 37, 4, 18, 40, 57, 25, 26, 33, 54, 58, 64]],
[221, [5, 20, 2, 10, 12, 52, 36, 37, 4, 18, 40, 57, 25, 26, 53, 63, 43, 59]],
[221, [5, 20, 2, 10, 12, 52, 36, 37, 17, 19, 39, 41, 25, 26, 33, 54, 58, 64]],
[221, [5, 20, 2, 10, 12, 52, 36, 37, 17, 19, 39, 41, 25, 26, 53, 63, 43, 59]],
[221, [5, 20, 2, 10, 31, 32, 14, 56, 4, 18, 40, 57, 46, 47, 33, 54, 23, 45]],
[221, [5, 20, 2, 10, 31, 32, 14, 56, 4, 18, 40, 57, 46, 47, 53, 63, 44, 60]],
[221, [5, 20, 2, 10, 31, 32, 14, 56, 17, 19, 39, 41, 46, 47, 33, 54, 23, 45]],
[221, [5, 20, 2, 10, 31, 32, 14, 56, 17, 19, 39, 41, 46, 47, 53, 63, 44, 60]],
[221, [5, 20, 2, 10, 31, 32, 36, 37, 4, 18, 40, 57, 24, 61, 33, 54, 23, 45]],
[221, [5, 20, 2, 10, 31, 32, 36, 37, 4, 18, 40, 57, 24, 61, 53, 63, 44, 60]],
[221, [5, 20, 2, 10, 31, 32, 36, 37, 17, 19, 39, 41, 24, 61, 33, 54, 23, 45]],
[221, [5, 20, 2, 10, 31, 32, 36, 37, 17, 19, 39, 41, 24, 61, 53, 63, 44, 60]],
[221, [5, 20, 2, 12, 30, 31, 14, 56, 4, 18, 40, 57, 25, 26, 33, 54, 58, 64]],
[221, [5, 20, 2, 12, 30, 31, 14, 56, 4, 18, 40, 57, 25, 26, 53, 63, 43, 59]],
[221, [5, 20, 2, 12, 30, 31, 14, 56, 17, 19, 39, 41, 25, 26, 33, 54, 58, 64]],
[221, [5, 20, 2, 12, 30, 31, 14, 56, 17, 19, 39, 41, 25, 26, 53, 63, 43, 59]],
[221, [5, 20, 2, 12, 30, 31, 36, 37, 4, 18, 40, 57, 8, 48, 33, 54, 58, 64]],
[221, [5, 20, 2, 12, 30, 31, 36, 37, 4, 18, 40, 57, 8, 48, 53, 63, 43, 59]],
[221, [5, 20, 2, 12, 30, 31, 36, 37, 17, 19, 39, 41, 8, 48, 33, 54, 58, 64]],
[221, [5, 20, 2, 12, 30, 31, 36, 37, 17, 19, 39, 41, 8, 48, 53, 63, 43, 59]],
[221, [5, 20, 2, 30, 32, 52, 14, 56, 4, 18, 40, 57, 46, 47, 33, 54, 44, 60]],
[221, [5, 20, 2, 30, 32, 52, 14, 56, 4, 18, 40, 57, 46, 47, 53, 63, 23, 45]],
[221, [5, 20, 2, 30, 32, 52, 14, 56, 17, 19, 39, 41, 46, 47, 33, 54, 44, 60]],
[221, [5, 20, 2, 30, 32, 52, 14, 56, 17, 19, 39, 41, 46, 47, 53, 63, 23, 45]],
[221, [5, 20, 2, 30, 32, 52, 36, 37, 4, 18, 40, 57, 24, 61, 33, 54, 44, 60]],
[221, [5, 20, 2, 30, 32, 52, 36, 37, 4, 18, 40, 57, 24, 61, 53, 63, 23, 45]],
[221, [5, 20, 2, 30, 32, 52, 36, 37, 17, 19, 39, 41, 24, 61, 33, 54, 44, 60]],
[221, [5, 20, 2, 30, 32, 52, 36, 37, 17, 19, 39, 41, 24, 61, 53, 63, 23, 45]],
[221, [5, 20, 10, 11, 12, 31, 14, 56, 4, 18, 40, 57, 24, 61, 33, 54, 23, 45]],
[221, [5, 20, 10, 11, 12, 31, 14, 56, 4, 18, 40, 57, 24, 61, 53, 63, 44, 60]],
[221, [5, 20, 10, 11, 12, 31, 14, 56, 17, 19, 39, 41, 24, 61, 33, 54, 23, 45]],
[221, [5, 20, 10, 11, 12, 31, 14, 56, 17, 19, 39, 41, 24, 61, 53, 63, 44, 60]],
[221, [5, 20, 10, 11, 12, 31, 36, 37, 4, 18, 40, 57, 46, 47, 33, 54, 23, 45]],
[221, [5, 20, 10, 11, 12, 31, 36, 37, 4, 18, 40, 57, 46, 47, 53, 63, 44, 60]],
[221, [5, 20, 10, 11, 12, 31, 36, 37, 17, 19, 39, 41, 46, 47, 33, 54, 23, 45]],
[221, [5, 20, 10, 11, 12, 31, 36, 37, 17, 19, 39, 41, 46, 47, 53, 63, 44, 60]],
[221, [5, 20, 10, 11, 32, 52, 14, 56, 4, 18, 40, 57, 8, 48, 33, 54, 43, 59]],
[221, [5, 20, 10, 11, 32, 52, 14, 56, 4, 18, 40, 57, 8, 48, 53, 63, 58, 64]],
[221, [5, 20, 10, 11, 32, 52, 14, 56, 17, 19, 39, 41, 8, 48, 33, 54, 43, 59]],
[221, [5, 20, 10, 11, 32, 52, 14, 56, 17, 19, 39, 41, 8, 48, 53, 63, 58, 64]],
[221, [5, 20, 10, 11, 32, 52, 36, 37, 4, 18, 40, 57, 25, 26, 33, 54, 43, 59]],
[221, [5, 20, 10, 11, 32, 52, 36, 37, 4, 18, 40, 57, 25, 26, 53, 63, 58, 64]],
[221, [5, 20, 10, 11, 32, 52, 36, 37, 17, 19, 39, 41, 25, 26, 33, 54, 43, 59]],
[221, [5, 20, 10, 11, 32, 52, 36, 37, 17, 19, 39, 41, 25, 26, 53, 63, 58, 64]],
[221, [5, 20, 11, 12, 30, 52, 14, 56, 4, 18, 40, 57, 24, 61, 33, 54, 44, 60]],
[221, [5, 20, 11, 12, 30, 52, 14, 56, 4, 18, 40, 57, 24, 61, 53, 63, 23, 45]],
[221, [5, 20, 11, 12, 30, 52, 14, 56, 17, 19, 39, 41, 24, 61, 33, 54, 44, 60]],
[221, [5, 20, 11, 12, 30, 52, 14, 56, 17, 19, 39, 41, 24, 61, 53, 63, 23, 45]],
[221, [5, 20, 11, 12, 30, 52, 36, 37, 4, 18, 40, 57, 46, 47, 33, 54, 44, 60]],
[221, [5, 20, 11, 12, 30, 52, 36, 37, 4, 18, 40, 57, 46, 47, 53, 63, 23, 45]],
[221, [5, 20, 11, 12, 30, 52, 36, 37, 17, 19, 39, 41, 46, 47, 33, 54, 44, 60]],
[221, [5, 20, 11, 12, 30, 52, 36, 37, 17, 19, 39, 41, 46, 47, 53, 63, 23, 45]],
[221, [5, 20, 11, 30, 31, 32, 14, 56, 4, 18, 40, 57, 25, 26, 33, 54, 43, 59]],
[221, [5, 20, 11, 30, 31, 32, 14, 56, 4, 18, 40, 57, 25, 26, 53, 63, 58, 64]],
[221, [5, 20, 11, 30, 31, 32, 14, 56, 17, 19, 39, 41, 25, 26, 33, 54, 43, 59]],
[221, [5, 20, 11, 30, 31, 32, 14, 56, 17, 19, 39, 41, 25, 26, 53, 63, 58, 64]],
[221, [5, 20, 11, 30, 31, 32, 36, 37, 4, 18, 40, 57, 8, 48, 33, 54, 43, 59]],
[221, [5, 20, 11, 30, 31, 32, 36, 37, 4, 18, 40, 57, 8, 48, 53, 63, 58, 64]],
[221, [5, 20, 11, 30, 31, 32, 36, 37, 17, 19, 39, 41, 8, 48, 33, 54, 43, 59]],
[221, [5, 20, 11, 30, 31, 32, 36, 37, 17, 19, 39, 41, 8, 48, 53, 63, 58, 64]],
[221, [21, 42, 2, 10, 12, 52, 14, 56, 4, 17, 18, 39, 8, 48, 33, 54, 58, 64]],
[221, [21, 42, 2, 10, 12, 52, 14, 56, 4, 17, 18, 39, 8, 48, 53, 63, 43, 59]],
[221, [21, 42, 2, 10, 12, 52, 14, 56, 19, 40, 41, 57, 8, 48, 33, 54, 58, 64]],
[221, [21, 42, 2, 10, 12, 52, 14, 56, 19, 40, 41, 57, 8, 48, 53, 63, 43, 59]],
[221, [21, 42, 2, 10, 12, 52, 36, 37, 4, 17, 18, 39, 25, 26, 33, 54, 58, 64]],
[221, [21, 42, 2, 10, 12, 52, 36, 37, 4, 17, 18, 39, 25, 26, 53, 63, 43, 59]],
[221, [21, 42, 2, 10, 12, 52, 36, 37, 19, 40, 41, 57, 25, 26, 33, 54, 58, 64]],
[221, [21, 42, 2, 10, 12, 52, 36, 37, 19, 40, 41, 57, 25, 26, 53, 63, 43, 59]],
[221, [21, 42, 2, 10, 31, 32, 14, 56, 4, 17, 18, 39, 46, 47, 33, 54, 23, 45]],
[221, [21, 42, 2, 10, 31, 32, 14, 56, 4, 17, 18, 39, 46, 47, 53, 63, 44, 60]],
[221, [21, 42, 2, 10, 31, 32, 14, 56, 19, 40, 41, 57, 46, 47, 33, 54, 23, 45]],
[221, [21, 42, 2, 10, 31, 32, 14, 56, 19, 40, 41, 57, 46, 47, 53, 63, 44, 60]],
[221, [21, 42, 2, 10, 31, 32, 36, 37, 4, 17, 18, 39, 24, 61, 33, 54, 23, 45]],
[221, [21, 42, 2, 10, 31, 32, 36, 37, 4, 17, 18, 39, 24, 61, 53, 63, 44, 60]],
[221, [21, 42, 2, 10, 31, 32, 36, 37, 19, 40, 41, 57, 24, 61, 33, 54, 23, 45]],
[221, [21, 42, 2, 10, 31, 32, 36, 37, 19, 40, 41, 57, 24, 61, 53, 63, 44, 60]],
[221, [21, 42, 2, 12, 30, 31, 14, 56, 4, 17, 18, 39, 25, 26, 33, 54, 58, 64]],
[221, [21, 42, 2, 12, 30, 31, 14, 56, 4, 17, 18, 39, 25, 26, 53, 63, 43, 59]],
[221, [21, 42, 2, 12, 30, 31, 14, 56, 19, 40, 41, 57, 25, 26, 33, 54, 58, 64]],
[221, [21, 42, 2, 12, 30, 31, 14, 56, 19, 40, 41, 57, 25, 26, 53, 63, 43, 59]],
[221, [21, 42, 2, 12, 30, 31, 36, 37, 4, 17, 18, 39, 8, 48, 33, 54, 58, 64]],
[221, [21, 42, 2, 12, 30, 31, 36, 37, 4, 17, 18, 39, 8, 48, 53, 63, 43, 59]],
[221, [21, 42, 2, 12, 30, 31, 36, 37, 19, 40, 41, 57, 8, 48, 33, 54, 58, 64]],
[221, [21, 42, 2, 12, 30, 31, 36, 37, 19, 40, 41, 57, 8, 48, 53, 63, 43, 59]],
[221, [21, 42, 2, 30, 32, 52, 14, 56, 4, 17, 18, 39, 46, 47, 33, 54, 44, 60]],
[221, [21, 42, 2, 30, 32, 52, 14, 56, 4, 17, 18, 39, 46, 47, 53, 63, 23, 45]],
[221, [21, 42, 2, 30, 32, 52, 14, 56, 19, 40, 41, 57, 46, 47, 33, 54, 44, 60]],
[221, [21, 42, 2, 30, 32, 52, 14, 56, 19, 40, 41, 57, 46, 47, 53, 63, 23, 45]],
[221, [21, 42, 2, 30, 32, 52, 36, 37, 4, 17, 18, 39, 24, 61, 33, 54, 44, 60]],
[221, [21, 42, 2, 30, 32, 52, 36, 37, 4, 17, 18, 39, 24, 61, 53, 63, 23, 45]],
[221, [21, 42, 2, 30, 32, 52, 36, 37, 19, 40, 41, 57, 24, 61, 33, 54, 44, 60]],
[221, [21, 42, 2, 30, 32, 52, 36, 37, 19, 40, 41, 57, 24, 61, 53, 63, 23, 45]],
[221, [21, 42, 10, 11, 12, 31, 14, 56, 4, 17, 18, 39, 24, 61, 33, 54, 23, 45]],
[221, [21, 42, 10, 11, 12, 31, 14, 56, 4, 17, 18, 39, 24, 61, 53, 63, 44, 60]],
[221, [21, 42, 10, 11, 12, 31, 14, 56, 19, 40, 41, 57, 24, 61, 33, 54, 23, 45]],
[221, [21, 42, 10, 11, 12, 31, 14, 56, 19, 40, 41, 57, 24, 61, 53, 63, 44, 60]],
[221, [21, 42, 10, 11, 12, 31, 36, 37, 4, 17, 18, 39, 46, 47, 33, 54, 23, 45]],
[221, [21, 42, 10, 11, 12, 31, 36, 37, 4, 17, 18, 39, 46, 47, 53, 63, 44, 60]],
[221, [21, 42, 10, 11, 12, 31, 36, 37, 19, 40, 41, 57, 46, 47, 33, 54, 23, 45]],
[221, [21, 42, 10, 11, 12, 31, 36, 37, 19, 40, 41, 57, 46, 47, 53, 63, 44, 60]],
[221, [21, 42, 10, 11, 32, 52, 14, 56, 4, 17, 18, 39, 8, 48, 33, 54, 43, 59]],
[221, [21, 42, 10, 11, 32, 52, 14, 56, 4, 17, 18, 39, 8, 48, 53, 63, 58, 64]],
[221, [21, 42, 10, 11, 32, 52, 14, 56, 19, 40, 41, 57, 8, 48, 33, 54, 43, 59]],
[221, [21, 42, 10, 11, 32, 52, 14, 56, 19, 40, 41, 57, 8, 48, 53, 63, 58, 64]],
[221, [21, 42, 10, 11, 32, 52, 36, 37, 4, 17, 18, 39, 25, 26, 33, 54, 43, 59]],
[221, [21, 42, 10, 11, 32, 52, 36, 37, 4, 17, 18, 39, 25, 26, 53, 63, 58, 64]],
[221, [21, 42, 10, 11, 32, 52, 36, 37, 19, 40, 41, 57, 25, 26, 33, 54, 43, 59]],
[221, [21, 42, 10, 11, 32, 52, 36, 37, 19, 40, 41, 57, 25, 26, 53, 63, 58, 64]],
[221, [21, 42, 11, 12, 30, 52, 14, 56, 4, 17, 18, 39, 24, 61, 33, 54, 44, 60]],
[221, [21, 42, 11, 12, 30, 52, 14, 56, 4, 17, 18, 39, 24, 61, 53, 63, 23, 45]],
[221, [21, 42, 11, 12, 30, 52, 14, 56, 19, 40, 41, 57, 24, 61, 33, 54, 44, 60]],
[221, [21, 42, 11, 12, 30, 52, 14, 56, 19, 40, 41, 57, 24, 61, 53, 63, 23, 45]],
[221, [21, 42, 11, 12, 30, 52, 36, 37, 4, 17, 18, 39, 46, 47, 33, 54, 44, 60]],
[221, [21, 42, 11, 12, 30, 52, 36, 37, 4, 17, 18, 39, 46, 47, 53, 63, 23, 45]],
[221, [21, 42, 11, 12, 30, 52, 36, 37, 19, 40, 41, 57, 46, 47, 33, 54, 44, 60]],
[221, [21, 42, 11, 12, 30, 52, 36, 37, 19, 40, 41, 57, 46, 47, 53, 63, 23, 45]],
[221, [21, 42, 11, 30, 31, 32, 14, 56, 4, 17, 18, 39, 25, 26, 33, 54, 43, 59]],
[221, [21, 42, 11, 30, 31, 32, 14, 56, 4, 17, 18, 39, 25, 26, 53, 63, 58, 64]],
[221, [21, 42, 11, 30, 31, 32, 14, 56, 19, 40, 41, 57, 25, 26, 33, 54, 43, 59]],
[221, [21, 42, 11, 30, 31, 32, 14, 56, 19, 40, 41, 57, 25, 26, 53, 63, 58, 64]],
[221, [21, 42, 11, 30, 31, 32, 36, 37, 4, 17, 18, 39, 8, 48, 33, 54, 43, 59]],
[221, [21, 42, 11, 30, 31, 32, 36, 37, 4, 17, 18, 39, 8, 48, 53, 63, 58, 64]],
[221, [21, 42, 11, 30, 31, 32, 36, 37, 19, 40, 41, 57, 8, 48, 33, 54, 43, 59]],
[221, [21, 42, 11, 30, 31, 32, 36, 37, 19, 40, 41, 57, 8, 48, 53, 63, 58, 64]]];
