pds_list := [[206, [2, 32, 3, 15, 4, 17, 19, 39, 24, 47, 13, 54, 55, 63, 44, 45, 58, 64]],
[206, [2, 32, 3, 15, 4, 17, 19, 39, 24, 47, 34, 35, 54, 63, 23, 58, 60, 64]],
[206, [2, 32, 3, 15, 4, 17, 19, 39, 46, 61, 13, 54, 55, 63, 43, 44, 45, 59]],
[206, [2, 32, 3, 15, 4, 17, 19, 39, 46, 61, 34, 35, 54, 63, 23, 43, 59, 60]],
[206, [2, 32, 3, 15, 4, 19, 40, 57, 24, 47, 13, 33, 53, 55, 44, 45, 58, 64]],
[206, [2, 32, 3, 15, 4, 19, 40, 57, 24, 47, 33, 34, 35, 53, 23, 58, 60, 64]],
[206, [2, 32, 3, 15, 4, 19, 40, 57, 46, 61, 13, 33, 53, 55, 43, 44, 45, 59]],
[206, [2, 32, 3, 15, 4, 19, 40, 57, 46, 61, 33, 34, 35, 53, 23, 43, 59, 60]],
[206, [2, 32, 3, 15, 17, 18, 39, 41, 24, 47, 13, 54, 55, 63, 43, 44, 45, 59]],
[206, [2, 32, 3, 15, 17, 18, 39, 41, 24, 47, 34, 35, 54, 63, 23, 43, 59, 60]],
[206, [2, 32, 3, 15, 17, 18, 39, 41, 46, 61, 13, 54, 55, 63, 44, 45, 58, 64]],
[206, [2, 32, 3, 15, 17, 18, 39, 41, 46, 61, 34, 35, 54, 63, 23, 58, 60, 64]],
[206, [2, 32, 3, 15, 18, 40, 41, 57, 24, 47, 13, 33, 53, 55, 43, 44, 45, 59]],
[206, [2, 32, 3, 15, 18, 40, 41, 57, 24, 47, 33, 34, 35, 53, 23, 43, 59, 60]],
[206, [2, 32, 3, 15, 18, 40, 41, 57, 46, 61, 13, 33, 53, 55, 44, 45, 58, 64]],
[206, [2, 32, 3, 15, 18, 40, 41, 57, 46, 61, 33, 34, 35, 53, 23, 58, 60, 64]],
[206, [2, 32, 16, 38, 4, 17, 19, 39, 24, 47, 13, 33, 53, 55, 44, 45, 58, 64]],
[206, [2, 32, 16, 38, 4, 17, 19, 39, 24, 47, 33, 34, 35, 53, 23, 58, 60, 64]],
[206, [2, 32, 16, 38, 4, 17, 19, 39, 46, 61, 13, 33, 53, 55, 43, 44, 45, 59]],
[206, [2, 32, 16, 38, 4, 17, 19, 39, 46, 61, 33, 34, 35, 53, 23, 43, 59, 60]],
[206, [2, 32, 16, 38, 4, 19, 40, 57, 24, 47, 13, 54, 55, 63, 44, 45, 58, 64]],
[206, [2, 32, 16, 38, 4, 19, 40, 57, 24, 47, 34, 35, 54, 63, 23, 58, 60, 64]],
[206, [2, 32, 16, 38, 4, 19, 40, 57, 46, 61, 13, 54, 55, 63, 43, 44, 45, 59]],
[206, [2, 32, 16, 38, 4, 19, 40, 57, 46, 61, 34, 35, 54, 63, 23, 43, 59, 60]],
[206, [2, 32, 16, 38, 17, 18, 39, 41, 24, 47, 13, 33, 53, 55, 43, 44, 45, 59]],
[206, [2, 32, 16, 38, 17, 18, 39, 41, 24, 47, 33, 34, 35, 53, 23, 43, 59, 60]],
[206, [2, 32, 16, 38, 17, 18, 39, 41, 46, 61, 13, 33, 53, 55, 44, 45, 58, 64]],
[206, [2, 32, 16, 38, 17, 18, 39, 41, 46, 61, 33, 34, 35, 53, 23, 58, 60, 64]],
[206, [2, 32, 16, 38, 18, 40, 41, 57, 24, 47, 13, 54, 55, 63, 43, 44, 45, 59]],
[206, [2, 32, 16, 38, 18, 40, 41, 57, 24, 47, 34, 35, 54, 63, 23, 43, 59, 60]],
[206, [2, 32, 16, 38, 18, 40, 41, 57, 46, 61, 13, 54, 55, 63, 44, 45, 58, 64]],
[206, [2, 32, 16, 38, 18, 40, 41, 57, 46, 61, 34, 35, 54, 63, 23, 58, 60, 64]],
[206, [11, 12, 3, 15, 4, 17, 19, 39, 24, 47, 13, 54, 55, 63, 23, 58, 60, 64]],
[206, [11, 12, 3, 15, 4, 17, 19, 39, 24, 47, 34, 35, 54, 63, 44, 45, 58, 64]],
[206, [11, 12, 3, 15, 4, 17, 19, 39, 46, 61, 13, 54, 55, 63, 23, 43, 59, 60]],
[206, [11, 12, 3, 15, 4, 17, 19, 39, 46, 61, 34, 35, 54, 63, 43, 44, 45, 59]],
[206, [11, 12, 3, 15, 4, 19, 40, 57, 24, 47, 13, 33, 53, 55, 23, 58, 60, 64]],
[206, [11, 12, 3, 15, 4, 19, 40, 57, 24, 47, 33, 34, 35, 53, 44, 45, 58, 64]],
[206, [11, 12, 3, 15, 4, 19, 40, 57, 46, 61, 13, 33, 53, 55, 23, 43, 59, 60]],
[206, [11, 12, 3, 15, 4, 19, 40, 57, 46, 61, 33, 34, 35, 53, 43, 44, 45, 59]],
[206, [11, 12, 3, 15, 17, 18, 39, 41, 24, 47, 13, 54, 55, 63, 23, 43, 59, 60]],
[206, [11, 12, 3, 15, 17, 18, 39, 41, 24, 47, 34, 35, 54, 63, 43, 44, 45, 59]],
[206, [11, 12, 3, 15, 17, 18, 39, 41, 46, 61, 13, 54, 55, 63, 23, 58, 60, 64]],
[206, [11, 12, 3, 15, 17, 18, 39, 41, 46, 61, 34, 35, 54, 63, 44, 45, 58, 64]],
[206, [11, 12, 3, 15, 18, 40, 41, 57, 24, 47, 13, 33, 53, 55, 23, 43, 59, 60]],
[206, [11, 12, 3, 15, 18, 40, 41, 57, 24, 47, 33, 34, 35, 53, 43, 44, 45, 59]],
[206, [11, 12, 3, 15, 18, 40, 41, 57, 46, 61, 13, 33, 53, 55, 23, 58, 60, 64]],
[206, [11, 12, 3, 15, 18, 40, 41, 57, 46, 61, 33, 34, 35, 53, 44, 45, 58, 64]],
[206, [11, 12, 16, 38, 4, 17, 19, 39, 24, 47, 13, 33, 53, 55, 23, 58, 60, 64]],
[206, [11, 12, 16, 38, 4, 17, 19, 39, 24, 47, 33, 34, 35, 53, 44, 45, 58, 64]],
[206, [11, 12, 16, 38, 4, 17, 19, 39, 46, 61, 13, 33, 53, 55, 23, 43, 59, 60]],
[206, [11, 12, 16, 38, 4, 17, 19, 39, 46, 61, 33, 34, 35, 53, 43, 44, 45, 59]],
[206, [11, 12, 16, 38, 4, 19, 40, 57, 24, 47, 13, 54, 55, 63, 23, 58, 60, 64]],
[206, [11, 12, 16, 38, 4, 19, 40, 57, 24, 47, 34, 35, 54, 63, 44, 45, 58, 64]],
[206, [11, 12, 16, 38, 4, 19, 40, 57, 46, 61, 13, 54, 55, 63, 23, 43, 59, 60]],
[206, [11, 12, 16, 38, 4, 19, 40, 57, 46, 61, 34, 35, 54, 63, 43, 44, 45, 59]],
[206, [11, 12, 16, 38, 17, 18, 39, 41, 24, 47, 13, 33, 53, 55, 23, 43, 59, 60]],
[206, [11, 12, 16, 38, 17, 18, 39, 41, 24, 47, 33, 34, 35, 53, 43, 44, 45, 59]],
[206, [11, 12, 16, 38, 17, 18, 39, 41, 46, 61, 13, 33, 53, 55, 23, 58, 60, 64]],
[206, [11, 12, 16, 38, 17, 18, 39, 41, 46, 61, 33, 34, 35, 53, 44, 45, 58, 64]],
[206, [11, 12, 16, 38, 18, 40, 41, 57, 24, 47, 13, 54, 55, 63, 23, 43, 59, 60]],
[206, [11, 12, 16, 38, 18, 40, 41, 57, 24, 47, 34, 35, 54, 63, 43, 44, 45, 59]],
[206, [11, 12, 16, 38, 18, 40, 41, 57, 46, 61, 13, 54, 55, 63, 23, 58, 60, 64]],
[206, [11, 12, 16, 38, 18, 40, 41, 57, 46, 61, 34, 35, 54, 63, 44, 45, 58, 64]],
[206, [2, 12, 3, 15, 4, 17, 19, 39, 24, 61, 27, 28, 51, 62, 34, 35, 54, 63]],
[206, [2, 12, 3, 15, 4, 17, 19, 39, 24, 61, 28, 49, 50, 51, 13, 54, 55, 63]],
[206, [2, 12, 3, 15, 4, 17, 19, 39, 46, 47, 27, 28, 51, 62, 13, 54, 55, 63]],
[206, [2, 12, 3, 15, 4, 17, 19, 39, 46, 47, 28, 49, 50, 51, 34, 35, 54, 63]],
[206, [2, 12, 3, 15, 4, 19, 40, 57, 24, 61, 27, 28, 51, 62, 33, 34, 35, 53]],
[206, [2, 12, 3, 15, 4, 19, 40, 57, 24, 61, 28, 49, 50, 51, 13, 33, 53, 55]],
[206, [2, 12, 3, 15, 4, 19, 40, 57, 46, 47, 27, 28, 51, 62, 13, 33, 53, 55]],
[206, [2, 12, 3, 15, 4, 19, 40, 57, 46, 47, 28, 49, 50, 51, 33, 34, 35, 53]],
[206, [2, 12, 3, 15, 17, 18, 39, 41, 24, 61, 9, 27, 29, 62, 34, 35, 54, 63]],
[206, [2, 12, 3, 15, 17, 18, 39, 41, 24, 61, 9, 29, 49, 50, 13, 54, 55, 63]],
[206, [2, 12, 3, 15, 17, 18, 39, 41, 46, 47, 9, 27, 29, 62, 13, 54, 55, 63]],
[206, [2, 12, 3, 15, 17, 18, 39, 41, 46, 47, 9, 29, 49, 50, 34, 35, 54, 63]],
[206, [2, 12, 3, 15, 18, 40, 41, 57, 24, 61, 9, 27, 29, 62, 33, 34, 35, 53]],
[206, [2, 12, 3, 15, 18, 40, 41, 57, 24, 61, 9, 29, 49, 50, 13, 33, 53, 55]],
[206, [2, 12, 3, 15, 18, 40, 41, 57, 46, 47, 9, 27, 29, 62, 13, 33, 53, 55]],
[206, [2, 12, 3, 15, 18, 40, 41, 57, 46, 47, 9, 29, 49, 50, 33, 34, 35, 53]],
[206, [2, 12, 16, 38, 4, 17, 19, 39, 24, 61, 27, 28, 51, 62, 33, 34, 35, 53]],
[206, [2, 12, 16, 38, 4, 17, 19, 39, 24, 61, 28, 49, 50, 51, 13, 33, 53, 55]],
[206, [2, 12, 16, 38, 4, 17, 19, 39, 46, 47, 27, 28, 51, 62, 13, 33, 53, 55]],
[206, [2, 12, 16, 38, 4, 17, 19, 39, 46, 47, 28, 49, 50, 51, 33, 34, 35, 53]],
[206, [2, 12, 16, 38, 4, 19, 40, 57, 24, 61, 27, 28, 51, 62, 34, 35, 54, 63]],
[206, [2, 12, 16, 38, 4, 19, 40, 57, 24, 61, 28, 49, 50, 51, 13, 54, 55, 63]],
[206, [2, 12, 16, 38, 4, 19, 40, 57, 46, 47, 27, 28, 51, 62, 13, 54, 55, 63]],
[206, [2, 12, 16, 38, 4, 19, 40, 57, 46, 47, 28, 49, 50, 51, 34, 35, 54, 63]],
[206, [2, 12, 16, 38, 17, 18, 39, 41, 24, 61, 9, 27, 29, 62, 33, 34, 35, 53]],
[206, [2, 12, 16, 38, 17, 18, 39, 41, 24, 61, 9, 29, 49, 50, 13, 33, 53, 55]],
[206, [2, 12, 16, 38, 17, 18, 39, 41, 46, 47, 9, 27, 29, 62, 13, 33, 53, 55]],
[206, [2, 12, 16, 38, 17, 18, 39, 41, 46, 47, 9, 29, 49, 50, 33, 34, 35, 53]],
[206, [2, 12, 16, 38, 18, 40, 41, 57, 24, 61, 9, 27, 29, 62, 34, 35, 54, 63]],
[206, [2, 12, 16, 38, 18, 40, 41, 57, 24, 61, 9, 29, 49, 50, 13, 54, 55, 63]],
[206, [2, 12, 16, 38, 18, 40, 41, 57, 46, 47, 9, 27, 29, 62, 13, 54, 55, 63]],
[206, [2, 12, 16, 38, 18, 40, 41, 57, 46, 47, 9, 29, 49, 50, 34, 35, 54, 63]],
[206, [11, 32, 3, 15, 4, 17, 19, 39, 24, 61, 9, 27, 29, 62, 34, 35, 54, 63]],
[206, [11, 32, 3, 15, 4, 17, 19, 39, 24, 61, 9, 29, 49, 50, 13, 54, 55, 63]],
[206, [11, 32, 3, 15, 4, 17, 19, 39, 46, 47, 9, 27, 29, 62, 13, 54, 55, 63]],
[206, [11, 32, 3, 15, 4, 17, 19, 39, 46, 47, 9, 29, 49, 50, 34, 35, 54, 63]],
[206, [11, 32, 3, 15, 4, 19, 40, 57, 24, 61, 9, 27, 29, 62, 33, 34, 35, 53]],
[206, [11, 32, 3, 15, 4, 19, 40, 57, 24, 61, 9, 29, 49, 50, 13, 33, 53, 55]],
[206, [11, 32, 3, 15, 4, 19, 40, 57, 46, 47, 9, 27, 29, 62, 13, 33, 53, 55]],
[206, [11, 32, 3, 15, 4, 19, 40, 57, 46, 47, 9, 29, 49, 50, 33, 34, 35, 53]],
[206, [11, 32, 3, 15, 17, 18, 39, 41, 24, 61, 27, 28, 51, 62, 34, 35, 54, 63]],
[206, [11, 32, 3, 15, 17, 18, 39, 41, 24, 61, 28, 49, 50, 51, 13, 54, 55, 63]],
[206, [11, 32, 3, 15, 17, 18, 39, 41, 46, 47, 27, 28, 51, 62, 13, 54, 55, 63]],
[206, [11, 32, 3, 15, 17, 18, 39, 41, 46, 47, 28, 49, 50, 51, 34, 35, 54, 63]],
[206, [11, 32, 3, 15, 18, 40, 41, 57, 24, 61, 27, 28, 51, 62, 33, 34, 35, 53]],
[206, [11, 32, 3, 15, 18, 40, 41, 57, 24, 61, 28, 49, 50, 51, 13, 33, 53, 55]],
[206, [11, 32, 3, 15, 18, 40, 41, 57, 46, 47, 27, 28, 51, 62, 13, 33, 53, 55]],
[206, [11, 32, 3, 15, 18, 40, 41, 57, 46, 47, 28, 49, 50, 51, 33, 34, 35, 53]],
[206, [11, 32, 16, 38, 4, 17, 19, 39, 24, 61, 9, 27, 29, 62, 33, 34, 35, 53]],
[206, [11, 32, 16, 38, 4, 17, 19, 39, 24, 61, 9, 29, 49, 50, 13, 33, 53, 55]],
[206, [11, 32, 16, 38, 4, 17, 19, 39, 46, 47, 9, 27, 29, 62, 13, 33, 53, 55]],
[206, [11, 32, 16, 38, 4, 17, 19, 39, 46, 47, 9, 29, 49, 50, 33, 34, 35, 53]],
[206, [11, 32, 16, 38, 4, 19, 40, 57, 24, 61, 9, 27, 29, 62, 34, 35, 54, 63]],
[206, [11, 32, 16, 38, 4, 19, 40, 57, 24, 61, 9, 29, 49, 50, 13, 54, 55, 63]],
[206, [11, 32, 16, 38, 4, 19, 40, 57, 46, 47, 9, 27, 29, 62, 13, 54, 55, 63]],
[206, [11, 32, 16, 38, 4, 19, 40, 57, 46, 47, 9, 29, 49, 50, 34, 35, 54, 63]],
[206, [11, 32, 16, 38, 17, 18, 39, 41, 24, 61, 27, 28, 51, 62, 33, 34, 35, 53]],
[206, [11, 32, 16, 38, 17, 18, 39, 41, 24, 61, 28, 49, 50, 51, 13, 33, 53, 55]],
[206, [11, 32, 16, 38, 17, 18, 39, 41, 46, 47, 27, 28, 51, 62, 13, 33, 53, 55]],
[206, [11, 32, 16, 38, 17, 18, 39, 41, 46, 47, 28, 49, 50, 51, 33, 34, 35, 53]],
[206, [11, 32, 16, 38, 18, 40, 41, 57, 24, 61, 27, 28, 51, 62, 34, 35, 54, 63]],
[206, [11, 32, 16, 38, 18, 40, 41, 57, 24, 61, 28, 49, 50, 51, 13, 54, 55, 63]],
[206, [11, 32, 16, 38, 18, 40, 41, 57, 46, 47, 27, 28, 51, 62, 13, 54, 55, 63]],
[206, [11, 32, 16, 38, 18, 40, 41, 57, 46, 47, 28, 49, 50, 51, 34, 35, 54, 63]],
[206, [2, 10, 30, 32, 14, 36, 4, 19, 24, 26, 47, 48, 13, 55, 44, 45, 58, 64]],
[206, [2, 10, 30, 32, 14, 36, 4, 19, 24, 26, 47, 48, 34, 35, 23, 58, 60, 64]],
[206, [2, 10, 30, 32, 14, 36, 4, 19, 26, 46, 48, 61, 13, 55, 43, 44, 45, 59]],
[206, [2, 10, 30, 32, 14, 36, 4, 19, 26, 46, 48, 61, 34, 35, 23, 43, 59, 60]],
[206, [2, 10, 30, 32, 14, 36, 18, 41, 24, 26, 47, 48, 13, 55, 43, 44, 45, 59]],
[206, [2, 10, 30, 32, 14, 36, 18, 41, 24, 26, 47, 48, 34, 35, 23, 43, 59, 60]],
[206, [2, 10, 30, 32, 14, 36, 18, 41, 26, 46, 48, 61, 13, 55, 44, 45, 58, 64]],
[206, [2, 10, 30, 32, 14, 36, 18, 41, 26, 46, 48, 61, 34, 35, 23, 58, 60, 64]],
[206, [2, 10, 30, 32, 37, 56, 4, 19, 8, 24, 25, 47, 13, 55, 44, 45, 58, 64]],
[206, [2, 10, 30, 32, 37, 56, 4, 19, 8, 24, 25, 47, 34, 35, 23, 58, 60, 64]],
[206, [2, 10, 30, 32, 37, 56, 4, 19, 8, 25, 46, 61, 13, 55, 43, 44, 45, 59]],
[206, [2, 10, 30, 32, 37, 56, 4, 19, 8, 25, 46, 61, 34, 35, 23, 43, 59, 60]],
[206, [2, 10, 30, 32, 37, 56, 18, 41, 8, 24, 25, 47, 13, 55, 43, 44, 45, 59]],
[206, [2, 10, 30, 32, 37, 56, 18, 41, 8, 24, 25, 47, 34, 35, 23, 43, 59, 60]],
[206, [2, 10, 30, 32, 37, 56, 18, 41, 8, 25, 46, 61, 13, 55, 44, 45, 58, 64]],
[206, [2, 10, 30, 32, 37, 56, 18, 41, 8, 25, 46, 61, 34, 35, 23, 58, 60, 64]],
[206, [2, 31, 32, 52, 14, 36, 4, 19, 8, 24, 25, 47, 13, 55, 44, 45, 58, 64]],
[206, [2, 31, 32, 52, 14, 36, 4, 19, 8, 24, 25, 47, 34, 35, 23, 58, 60, 64]],
[206, [2, 31, 32, 52, 14, 36, 4, 19, 8, 25, 46, 61, 13, 55, 43, 44, 45, 59]],
[206, [2, 31, 32, 52, 14, 36, 4, 19, 8, 25, 46, 61, 34, 35, 23, 43, 59, 60]],
[206, [2, 31, 32, 52, 14, 36, 18, 41, 8, 24, 25, 47, 13, 55, 43, 44, 45, 59]],
[206, [2, 31, 32, 52, 14, 36, 18, 41, 8, 24, 25, 47, 34, 35, 23, 43, 59, 60]],
[206, [2, 31, 32, 52, 14, 36, 18, 41, 8, 25, 46, 61, 13, 55, 44, 45, 58, 64]],
[206, [2, 31, 32, 52, 14, 36, 18, 41, 8, 25, 46, 61, 34, 35, 23, 58, 60, 64]],
[206, [2, 31, 32, 52, 37, 56, 4, 19, 24, 26, 47, 48, 13, 55, 44, 45, 58, 64]],
[206, [2, 31, 32, 52, 37, 56, 4, 19, 24, 26, 47, 48, 34, 35, 23, 58, 60, 64]],
[206, [2, 31, 32, 52, 37, 56, 4, 19, 26, 46, 48, 61, 13, 55, 43, 44, 45, 59]],
[206, [2, 31, 32, 52, 37, 56, 4, 19, 26, 46, 48, 61, 34, 35, 23, 43, 59, 60]],
[206, [2, 31, 32, 52, 37, 56, 18, 41, 24, 26, 47, 48, 13, 55, 43, 44, 45, 59]],
[206, [2, 31, 32, 52, 37, 56, 18, 41, 24, 26, 47, 48, 34, 35, 23, 43, 59, 60]],
[206, [2, 31, 32, 52, 37, 56, 18, 41, 26, 46, 48, 61, 13, 55, 44, 45, 58, 64]],
[206, [2, 31, 32, 52, 37, 56, 18, 41, 26, 46, 48, 61, 34, 35, 23, 58, 60, 64]],
[206, [10, 11, 12, 30, 14, 36, 4, 19, 24, 26, 47, 48, 13, 55, 23, 58, 60, 64]],
[206, [10, 11, 12, 30, 14, 36, 4, 19, 24, 26, 47, 48, 34, 35, 44, 45, 58, 64]],
[206, [10, 11, 12, 30, 14, 36, 4, 19, 26, 46, 48, 61, 13, 55, 23, 43, 59, 60]],
[206, [10, 11, 12, 30, 14, 36, 4, 19, 26, 46, 48, 61, 34, 35, 43, 44, 45, 59]],
[206, [10, 11, 12, 30, 14, 36, 18, 41, 24, 26, 47, 48, 13, 55, 23, 43, 59, 60]],
[206, [10, 11, 12, 30, 14, 36, 18, 41, 24, 26, 47, 48, 34, 35, 43, 44, 45, 59]],
[206, [10, 11, 12, 30, 14, 36, 18, 41, 26, 46, 48, 61, 13, 55, 23, 58, 60, 64]],
[206, [10, 11, 12, 30, 14, 36, 18, 41, 26, 46, 48, 61, 34, 35, 44, 45, 58, 64]],
[206, [10, 11, 12, 30, 37, 56, 4, 19, 8, 24, 25, 47, 13, 55, 23, 58, 60, 64]],
[206, [10, 11, 12, 30, 37, 56, 4, 19, 8, 24, 25, 47, 34, 35, 44, 45, 58, 64]],
[206, [10, 11, 12, 30, 37, 56, 4, 19, 8, 25, 46, 61, 13, 55, 23, 43, 59, 60]],
[206, [10, 11, 12, 30, 37, 56, 4, 19, 8, 25, 46, 61, 34, 35, 43, 44, 45, 59]],
[206, [10, 11, 12, 30, 37, 56, 18, 41, 8, 24, 25, 47, 13, 55, 23, 43, 59, 60]],
[206, [10, 11, 12, 30, 37, 56, 18, 41, 8, 24, 25, 47, 34, 35, 43, 44, 45, 59]],
[206, [10, 11, 12, 30, 37, 56, 18, 41, 8, 25, 46, 61, 13, 55, 23, 58, 60, 64]],
[206, [10, 11, 12, 30, 37, 56, 18, 41, 8, 25, 46, 61, 34, 35, 44, 45, 58, 64]],
[206, [11, 12, 31, 52, 14, 36, 4, 19, 8, 24, 25, 47, 13, 55, 23, 58, 60, 64]],
[206, [11, 12, 31, 52, 14, 36, 4, 19, 8, 24, 25, 47, 34, 35, 44, 45, 58, 64]],
[206, [11, 12, 31, 52, 14, 36, 4, 19, 8, 25, 46, 61, 13, 55, 23, 43, 59, 60]],
[206, [11, 12, 31, 52, 14, 36, 4, 19, 8, 25, 46, 61, 34, 35, 43, 44, 45, 59]],
[206, [11, 12, 31, 52, 14, 36, 18, 41, 8, 24, 25, 47, 13, 55, 23, 43, 59, 60]],
[206, [11, 12, 31, 52, 14, 36, 18, 41, 8, 24, 25, 47, 34, 35, 43, 44, 45, 59]],
[206, [11, 12, 31, 52, 14, 36, 18, 41, 8, 25, 46, 61, 13, 55, 23, 58, 60, 64]],
[206, [11, 12, 31, 52, 14, 36, 18, 41, 8, 25, 46, 61, 34, 35, 44, 45, 58, 64]],
[206, [11, 12, 31, 52, 37, 56, 4, 19, 24, 26, 47, 48, 13, 55, 23, 58, 60, 64]],
[206, [11, 12, 31, 52, 37, 56, 4, 19, 24, 26, 47, 48, 34, 35, 44, 45, 58, 64]],
[206, [11, 12, 31, 52, 37, 56, 4, 19, 26, 46, 48, 61, 13, 55, 23, 43, 59, 60]],
[206, [11, 12, 31, 52, 37, 56, 4, 19, 26, 46, 48, 61, 34, 35, 43, 44, 45, 59]],
[206, [11, 12, 31, 52, 37, 56, 18, 41, 24, 26, 47, 48, 13, 55, 23, 43, 59, 60]],
[206, [11, 12, 31, 52, 37, 56, 18, 41, 24, 26, 47, 48, 34, 35, 43, 44, 45, 59]],
[206, [11, 12, 31, 52, 37, 56, 18, 41, 26, 46, 48, 61, 13, 55, 23, 58, 60, 64]],
[206, [11, 12, 31, 52, 37, 56, 18, 41, 26, 46, 48, 61, 34, 35, 44, 45, 58, 64]],
[206, [2, 10, 12, 30, 14, 36, 4, 19, 24, 26, 48, 61, 27, 28, 51, 62, 34, 35]],
[206, [2, 10, 12, 30, 14, 36, 4, 19, 24, 26, 48, 61, 28, 49, 50, 51, 13, 55]],
[206, [2, 10, 12, 30, 14, 36, 4, 19, 26, 46, 47, 48, 27, 28, 51, 62, 13, 55]],
[206, [2, 10, 12, 30, 14, 36, 4, 19, 26, 46, 47, 48, 28, 49, 50, 51, 34, 35]],
[206, [2, 10, 12, 30, 14, 36, 18, 41, 24, 26, 48, 61, 9, 27, 29, 62, 34, 35]],
[206, [2, 10, 12, 30, 14, 36, 18, 41, 24, 26, 48, 61, 9, 29, 49, 50, 13, 55]],
[206, [2, 10, 12, 30, 14, 36, 18, 41, 26, 46, 47, 48, 9, 27, 29, 62, 13, 55]],
[206, [2, 10, 12, 30, 14, 36, 18, 41, 26, 46, 47, 48, 9, 29, 49, 50, 34, 35]],
[206, [2, 10, 12, 30, 37, 56, 4, 19, 8, 24, 25, 61, 27, 28, 51, 62, 34, 35]],
[206, [2, 10, 12, 30, 37, 56, 4, 19, 8, 24, 25, 61, 28, 49, 50, 51, 13, 55]],
[206, [2, 10, 12, 30, 37, 56, 4, 19, 8, 25, 46, 47, 27, 28, 51, 62, 13, 55]],
[206, [2, 10, 12, 30, 37, 56, 4, 19, 8, 25, 46, 47, 28, 49, 50, 51, 34, 35]],
[206, [2, 10, 12, 30, 37, 56, 18, 41, 8, 24, 25, 61, 9, 27, 29, 62, 34, 35]],
[206, [2, 10, 12, 30, 37, 56, 18, 41, 8, 24, 25, 61, 9, 29, 49, 50, 13, 55]],
[206, [2, 10, 12, 30, 37, 56, 18, 41, 8, 25, 46, 47, 9, 27, 29, 62, 13, 55]],
[206, [2, 10, 12, 30, 37, 56, 18, 41, 8, 25, 46, 47, 9, 29, 49, 50, 34, 35]],
[206, [2, 12, 31, 52, 14, 36, 4, 19, 8, 24, 25, 61, 27, 28, 51, 62, 34, 35]],
[206, [2, 12, 31, 52, 14, 36, 4, 19, 8, 24, 25, 61, 28, 49, 50, 51, 13, 55]],
[206, [2, 12, 31, 52, 14, 36, 4, 19, 8, 25, 46, 47, 27, 28, 51, 62, 13, 55]],
[206, [2, 12, 31, 52, 14, 36, 4, 19, 8, 25, 46, 47, 28, 49, 50, 51, 34, 35]],
[206, [2, 12, 31, 52, 14, 36, 18, 41, 8, 24, 25, 61, 9, 27, 29, 62, 34, 35]],
[206, [2, 12, 31, 52, 14, 36, 18, 41, 8, 24, 25, 61, 9, 29, 49, 50, 13, 55]],
[206, [2, 12, 31, 52, 14, 36, 18, 41, 8, 25, 46, 47, 9, 27, 29, 62, 13, 55]],
[206, [2, 12, 31, 52, 14, 36, 18, 41, 8, 25, 46, 47, 9, 29, 49, 50, 34, 35]],
[206, [2, 12, 31, 52, 37, 56, 4, 19, 24, 26, 48, 61, 27, 28, 51, 62, 34, 35]],
[206, [2, 12, 31, 52, 37, 56, 4, 19, 24, 26, 48, 61, 28, 49, 50, 51, 13, 55]],
[206, [2, 12, 31, 52, 37, 56, 4, 19, 26, 46, 47, 48, 27, 28, 51, 62, 13, 55]],
[206, [2, 12, 31, 52, 37, 56, 4, 19, 26, 46, 47, 48, 28, 49, 50, 51, 34, 35]],
[206, [2, 12, 31, 52, 37, 56, 18, 41, 24, 26, 48, 61, 9, 27, 29, 62, 34, 35]],
[206, [2, 12, 31, 52, 37, 56, 18, 41, 24, 26, 48, 61, 9, 29, 49, 50, 13, 55]],
[206, [2, 12, 31, 52, 37, 56, 18, 41, 26, 46, 47, 48, 9, 27, 29, 62, 13, 55]],
[206, [2, 12, 31, 52, 37, 56, 18, 41, 26, 46, 47, 48, 9, 29, 49, 50, 34, 35]],
[206, [10, 11, 30, 32, 14, 36, 4, 19, 24, 26, 48, 61, 9, 27, 29, 62, 34, 35]],
[206, [10, 11, 30, 32, 14, 36, 4, 19, 24, 26, 48, 61, 9, 29, 49, 50, 13, 55]],
[206, [10, 11, 30, 32, 14, 36, 4, 19, 26, 46, 47, 48, 9, 27, 29, 62, 13, 55]],
[206, [10, 11, 30, 32, 14, 36, 4, 19, 26, 46, 47, 48, 9, 29, 49, 50, 34, 35]],
[206, [10, 11, 30, 32, 14, 36, 18, 41, 24, 26, 48, 61, 27, 28, 51, 62, 34, 35]],
[206, [10, 11, 30, 32, 14, 36, 18, 41, 24, 26, 48, 61, 28, 49, 50, 51, 13, 55]],
[206, [10, 11, 30, 32, 14, 36, 18, 41, 26, 46, 47, 48, 27, 28, 51, 62, 13, 55]],
[206, [10, 11, 30, 32, 14, 36, 18, 41, 26, 46, 47, 48, 28, 49, 50, 51, 34, 35]],
[206, [10, 11, 30, 32, 37, 56, 4, 19, 8, 24, 25, 61, 9, 27, 29, 62, 34, 35]],
[206, [10, 11, 30, 32, 37, 56, 4, 19, 8, 24, 25, 61, 9, 29, 49, 50, 13, 55]],
[206, [10, 11, 30, 32, 37, 56, 4, 19, 8, 25, 46, 47, 9, 27, 29, 62, 13, 55]],
[206, [10, 11, 30, 32, 37, 56, 4, 19, 8, 25, 46, 47, 9, 29, 49, 50, 34, 35]],
[206, [10, 11, 30, 32, 37, 56, 18, 41, 8, 24, 25, 61, 27, 28, 51, 62, 34, 35]],
[206, [10, 11, 30, 32, 37, 56, 18, 41, 8, 24, 25, 61, 28, 49, 50, 51, 13, 55]],
[206, [10, 11, 30, 32, 37, 56, 18, 41, 8, 25, 46, 47, 27, 28, 51, 62, 13, 55]],
[206, [10, 11, 30, 32, 37, 56, 18, 41, 8, 25, 46, 47, 28, 49, 50, 51, 34, 35]],
[206, [11, 31, 32, 52, 14, 36, 4, 19, 8, 24, 25, 61, 9, 27, 29, 62, 34, 35]],
[206, [11, 31, 32, 52, 14, 36, 4, 19, 8, 24, 25, 61, 9, 29, 49, 50, 13, 55]],
[206, [11, 31, 32, 52, 14, 36, 4, 19, 8, 25, 46, 47, 9, 27, 29, 62, 13, 55]],
[206, [11, 31, 32, 52, 14, 36, 4, 19, 8, 25, 46, 47, 9, 29, 49, 50, 34, 35]],
[206, [11, 31, 32, 52, 14, 36, 18, 41, 8, 24, 25, 61, 27, 28, 51, 62, 34, 35]],
[206, [11, 31, 32, 52, 14, 36, 18, 41, 8, 24, 25, 61, 28, 49, 50, 51, 13, 55]],
[206, [11, 31, 32, 52, 14, 36, 18, 41, 8, 25, 46, 47, 27, 28, 51, 62, 13, 55]],
[206, [11, 31, 32, 52, 14, 36, 18, 41, 8, 25, 46, 47, 28, 49, 50, 51, 34, 35]],
[206, [11, 31, 32, 52, 37, 56, 4, 19, 24, 26, 48, 61, 9, 27, 29, 62, 34, 35]],
[206, [11, 31, 32, 52, 37, 56, 4, 19, 24, 26, 48, 61, 9, 29, 49, 50, 13, 55]],
[206, [11, 31, 32, 52, 37, 56, 4, 19, 26, 46, 47, 48, 9, 27, 29, 62, 13, 55]],
[206, [11, 31, 32, 52, 37, 56, 4, 19, 26, 46, 47, 48, 9, 29, 49, 50, 34, 35]],
[206, [11, 31, 32, 52, 37, 56, 18, 41, 24, 26, 48, 61, 27, 28, 51, 62, 34, 35]],
[206, [11, 31, 32, 52, 37, 56, 18, 41, 24, 26, 48, 61, 28, 49, 50, 51, 13, 55]],
[206, [11, 31, 32, 52, 37, 56, 18, 41, 26, 46, 47, 48, 27, 28, 51, 62, 13, 55]],
[206, [11, 31, 32, 52, 37, 56, 18, 41, 26, 46, 47, 48, 28, 49, 50, 51, 34, 35]],
[206, [5, 20, 2, 32, 3, 15, 37, 56, 4, 19, 24, 47, 13, 55, 44, 45, 58, 64]],
[206, [5, 20, 2, 32, 3, 15, 37, 56, 4, 19, 24, 47, 34, 35, 23, 58, 60, 64]],
[206, [5, 20, 2, 32, 3, 15, 37, 56, 4, 19, 46, 61, 13, 55, 43, 44, 45, 59]],
[206, [5, 20, 2, 32, 3, 15, 37, 56, 4, 19, 46, 61, 34, 35, 23, 43, 59, 60]],
[206, [5, 20, 2, 32, 3, 15, 37, 56, 18, 41, 24, 47, 13, 55, 43, 44, 45, 59]],
[206, [5, 20, 2, 32, 3, 15, 37, 56, 18, 41, 24, 47, 34, 35, 23, 43, 59, 60]],
[206, [5, 20, 2, 32, 3, 15, 37, 56, 18, 41, 46, 61, 13, 55, 44, 45, 58, 64]],
[206, [5, 20, 2, 32, 3, 15, 37, 56, 18, 41, 46, 61, 34, 35, 23, 58, 60, 64]],
[206, [5, 20, 2, 32, 14, 16, 36, 38, 4, 19, 24, 47, 13, 55, 44, 45, 58, 64]],
[206, [5, 20, 2, 32, 14, 16, 36, 38, 4, 19, 24, 47, 34, 35, 23, 58, 60, 64]],
[206, [5, 20, 2, 32, 14, 16, 36, 38, 4, 19, 46, 61, 13, 55, 43, 44, 45, 59]],
[206, [5, 20, 2, 32, 14, 16, 36, 38, 4, 19, 46, 61, 34, 35, 23, 43, 59, 60]],
[206, [5, 20, 2, 32, 14, 16, 36, 38, 18, 41, 24, 47, 13, 55, 43, 44, 45, 59]],
[206, [5, 20, 2, 32, 14, 16, 36, 38, 18, 41, 24, 47, 34, 35, 23, 43, 59, 60]],
[206, [5, 20, 2, 32, 14, 16, 36, 38, 18, 41, 46, 61, 13, 55, 44, 45, 58, 64]],
[206, [5, 20, 2, 32, 14, 16, 36, 38, 18, 41, 46, 61, 34, 35, 23, 58, 60, 64]],
[206, [5, 20, 11, 12, 3, 15, 37, 56, 4, 19, 24, 47, 13, 55, 23, 58, 60, 64]],
[206, [5, 20, 11, 12, 3, 15, 37, 56, 4, 19, 24, 47, 34, 35, 44, 45, 58, 64]],
[206, [5, 20, 11, 12, 3, 15, 37, 56, 4, 19, 46, 61, 13, 55, 23, 43, 59, 60]],
[206, [5, 20, 11, 12, 3, 15, 37, 56, 4, 19, 46, 61, 34, 35, 43, 44, 45, 59]],
[206, [5, 20, 11, 12, 3, 15, 37, 56, 18, 41, 24, 47, 13, 55, 23, 43, 59, 60]],
[206, [5, 20, 11, 12, 3, 15, 37, 56, 18, 41, 24, 47, 34, 35, 43, 44, 45, 59]],
[206, [5, 20, 11, 12, 3, 15, 37, 56, 18, 41, 46, 61, 13, 55, 23, 58, 60, 64]],
[206, [5, 20, 11, 12, 3, 15, 37, 56, 18, 41, 46, 61, 34, 35, 44, 45, 58, 64]],
[206, [5, 20, 11, 12, 14, 16, 36, 38, 4, 19, 24, 47, 13, 55, 23, 58, 60, 64]],
[206, [5, 20, 11, 12, 14, 16, 36, 38, 4, 19, 24, 47, 34, 35, 44, 45, 58, 64]],
[206, [5, 20, 11, 12, 14, 16, 36, 38, 4, 19, 46, 61, 13, 55, 23, 43, 59, 60]],
[206, [5, 20, 11, 12, 14, 16, 36, 38, 4, 19, 46, 61, 34, 35, 43, 44, 45, 59]],
[206, [5, 20, 11, 12, 14, 16, 36, 38, 18, 41, 24, 47, 13, 55, 23, 43, 59, 60]],
[206, [5, 20, 11, 12, 14, 16, 36, 38, 18, 41, 24, 47, 34, 35, 43, 44, 45, 59]],
[206, [5, 20, 11, 12, 14, 16, 36, 38, 18, 41, 46, 61, 13, 55, 23, 58, 60, 64]],
[206, [5, 20, 11, 12, 14, 16, 36, 38, 18, 41, 46, 61, 34, 35, 44, 45, 58, 64]],
[206, [21, 42, 2, 32, 3, 14, 15, 36, 4, 19, 24, 47, 13, 55, 44, 45, 58, 64]],
[206, [21, 42, 2, 32, 3, 14, 15, 36, 4, 19, 24, 47, 34, 35, 23, 58, 60, 64]],
[206, [21, 42, 2, 32, 3, 14, 15, 36, 4, 19, 46, 61, 13, 55, 43, 44, 45, 59]],
[206, [21, 42, 2, 32, 3, 14, 15, 36, 4, 19, 46, 61, 34, 35, 23, 43, 59, 60]],
[206, [21, 42, 2, 32, 3, 14, 15, 36, 18, 41, 24, 47, 13, 55, 43, 44, 45, 59]],
[206, [21, 42, 2, 32, 3, 14, 15, 36, 18, 41, 24, 47, 34, 35, 23, 43, 59, 60]],
[206, [21, 42, 2, 32, 3, 14, 15, 36, 18, 41, 46, 61, 13, 55, 44, 45, 58, 64]],
[206, [21, 42, 2, 32, 3, 14, 15, 36, 18, 41, 46, 61, 34, 35, 23, 58, 60, 64]],
[206, [21, 42, 2, 32, 16, 37, 38, 56, 4, 19, 24, 47, 13, 55, 44, 45, 58, 64]],
[206, [21, 42, 2, 32, 16, 37, 38, 56, 4, 19, 24, 47, 34, 35, 23, 58, 60, 64]],
[206, [21, 42, 2, 32, 16, 37, 38, 56, 4, 19, 46, 61, 13, 55, 43, 44, 45, 59]],
[206, [21, 42, 2, 32, 16, 37, 38, 56, 4, 19, 46, 61, 34, 35, 23, 43, 59, 60]],
[206, [21, 42, 2, 32, 16, 37, 38, 56, 18, 41, 24, 47, 13, 55, 43, 44, 45, 59]],
[206, [21, 42, 2, 32, 16, 37, 38, 56, 18, 41, 24, 47, 34, 35, 23, 43, 59, 60]],
[206, [21, 42, 2, 32, 16, 37, 38, 56, 18, 41, 46, 61, 13, 55, 44, 45, 58, 64]],
[206, [21, 42, 2, 32, 16, 37, 38, 56, 18, 41, 46, 61, 34, 35, 23, 58, 60, 64]],
[206, [21, 42, 11, 12, 3, 14, 15, 36, 4, 19, 24, 47, 13, 55, 23, 58, 60, 64]],
[206, [21, 42, 11, 12, 3, 14, 15, 36, 4, 19, 24, 47, 34, 35, 44, 45, 58, 64]],
[206, [21, 42, 11, 12, 3, 14, 15, 36, 4, 19, 46, 61, 13, 55, 23, 43, 59, 60]],
[206, [21, 42, 11, 12, 3, 14, 15, 36, 4, 19, 46, 61, 34, 35, 43, 44, 45, 59]],
[206, [21, 42, 11, 12, 3, 14, 15, 36, 18, 41, 24, 47, 13, 55, 23, 43, 59, 60]],
[206, [21, 42, 11, 12, 3, 14, 15, 36, 18, 41, 24, 47, 34, 35, 43, 44, 45, 59]],
[206, [21, 42, 11, 12, 3, 14, 15, 36, 18, 41, 46, 61, 13, 55, 23, 58, 60, 64]],
[206, [21, 42, 11, 12, 3, 14, 15, 36, 18, 41, 46, 61, 34, 35, 44, 45, 58, 64]],
[206, [21, 42, 11, 12, 16, 37, 38, 56, 4, 19, 24, 47, 13, 55, 23, 58, 60, 64]],
[206, [21, 42, 11, 12, 16, 37, 38, 56, 4, 19, 24, 47, 34, 35, 44, 45, 58, 64]],
[206, [21, 42, 11, 12, 16, 37, 38, 56, 4, 19, 46, 61, 13, 55, 23, 43, 59, 60]],
[206, [21, 42, 11, 12, 16, 37, 38, 56, 4, 19, 46, 61, 34, 35, 43, 44, 45, 59]],
[206, [21, 42, 11, 12, 16, 37, 38, 56, 18, 41, 24, 47, 13, 55, 23, 43, 59, 60]],
[206, [21, 42, 11, 12, 16, 37, 38, 56, 18, 41, 24, 47, 34, 35, 43, 44, 45, 59]],
[206, [21, 42, 11, 12, 16, 37, 38, 56, 18, 41, 46, 61, 13, 55, 23, 58, 60, 64]],
[206, [21, 42, 11, 12, 16, 37, 38, 56, 18, 41, 46, 61, 34, 35, 44, 45, 58, 64]],
[206, [5, 20, 2, 12, 3, 15, 37, 56, 4, 19, 24, 61, 27, 28, 51, 62, 34, 35]],
[206, [5, 20, 2, 12, 3, 15, 37, 56, 4, 19, 24, 61, 28, 49, 50, 51, 13, 55]],
[206, [5, 20, 2, 12, 3, 15, 37, 56, 4, 19, 46, 47, 27, 28, 51, 62, 13, 55]],
[206, [5, 20, 2, 12, 3, 15, 37, 56, 4, 19, 46, 47, 28, 49, 50, 51, 34, 35]],
[206, [5, 20, 2, 12, 3, 15, 37, 56, 18, 41, 24, 61, 9, 27, 29, 62, 34, 35]],
[206, [5, 20, 2, 12, 3, 15, 37, 56, 18, 41, 24, 61, 9, 29, 49, 50, 13, 55]],
[206, [5, 20, 2, 12, 3, 15, 37, 56, 18, 41, 46, 47, 9, 27, 29, 62, 13, 55]],
[206, [5, 20, 2, 12, 3, 15, 37, 56, 18, 41, 46, 47, 9, 29, 49, 50, 34, 35]],
[206, [5, 20, 2, 12, 14, 16, 36, 38, 4, 19, 24, 61, 27, 28, 51, 62, 34, 35]],
[206, [5, 20, 2, 12, 14, 16, 36, 38, 4, 19, 24, 61, 28, 49, 50, 51, 13, 55]],
[206, [5, 20, 2, 12, 14, 16, 36, 38, 4, 19, 46, 47, 27, 28, 51, 62, 13, 55]],
[206, [5, 20, 2, 12, 14, 16, 36, 38, 4, 19, 46, 47, 28, 49, 50, 51, 34, 35]],
[206, [5, 20, 2, 12, 14, 16, 36, 38, 18, 41, 24, 61, 9, 27, 29, 62, 34, 35]],
[206, [5, 20, 2, 12, 14, 16, 36, 38, 18, 41, 24, 61, 9, 29, 49, 50, 13, 55]],
[206, [5, 20, 2, 12, 14, 16, 36, 38, 18, 41, 46, 47, 9, 27, 29, 62, 13, 55]],
[206, [5, 20, 2, 12, 14, 16, 36, 38, 18, 41, 46, 47, 9, 29, 49, 50, 34, 35]],
[206, [5, 20, 11, 32, 3, 15, 37, 56, 4, 19, 24, 61, 9, 27, 29, 62, 34, 35]],
[206, [5, 20, 11, 32, 3, 15, 37, 56, 4, 19, 24, 61, 9, 29, 49, 50, 13, 55]],
[206, [5, 20, 11, 32, 3, 15, 37, 56, 4, 19, 46, 47, 9, 27, 29, 62, 13, 55]],
[206, [5, 20, 11, 32, 3, 15, 37, 56, 4, 19, 46, 47, 9, 29, 49, 50, 34, 35]],
[206, [5, 20, 11, 32, 3, 15, 37, 56, 18, 41, 24, 61, 27, 28, 51, 62, 34, 35]],
[206, [5, 20, 11, 32, 3, 15, 37, 56, 18, 41, 24, 61, 28, 49, 50, 51, 13, 55]],
[206, [5, 20, 11, 32, 3, 15, 37, 56, 18, 41, 46, 47, 27, 28, 51, 62, 13, 55]],
[206, [5, 20, 11, 32, 3, 15, 37, 56, 18, 41, 46, 47, 28, 49, 50, 51, 34, 35]],
[206, [5, 20, 11, 32, 14, 16, 36, 38, 4, 19, 24, 61, 9, 27, 29, 62, 34, 35]],
[206, [5, 20, 11, 32, 14, 16, 36, 38, 4, 19, 24, 61, 9, 29, 49, 50, 13, 55]],
[206, [5, 20, 11, 32, 14, 16, 36, 38, 4, 19, 46, 47, 9, 27, 29, 62, 13, 55]],
[206, [5, 20, 11, 32, 14, 16, 36, 38, 4, 19, 46, 47, 9, 29, 49, 50, 34, 35]],
[206, [5, 20, 11, 32, 14, 16, 36, 38, 18, 41, 24, 61, 27, 28, 51, 62, 34, 35]],
[206, [5, 20, 11, 32, 14, 16, 36, 38, 18, 41, 24, 61, 28, 49, 50, 51, 13, 55]],
[206, [5, 20, 11, 32, 14, 16, 36, 38, 18, 41, 46, 47, 27, 28, 51, 62, 13, 55]],
[206, [5, 20, 11, 32, 14, 16, 36, 38, 18, 41, 46, 47, 28, 49, 50, 51, 34, 35]],
[206, [21, 42, 2, 12, 3, 14, 15, 36, 4, 19, 24, 61, 27, 28, 51, 62, 34, 35]],
[206, [21, 42, 2, 12, 3, 14, 15, 36, 4, 19, 24, 61, 28, 49, 50, 51, 13, 55]],
[206, [21, 42, 2, 12, 3, 14, 15, 36, 4, 19, 46, 47, 27, 28, 51, 62, 13, 55]],
[206, [21, 42, 2, 12, 3, 14, 15, 36, 4, 19, 46, 47, 28, 49, 50, 51, 34, 35]],
[206, [21, 42, 2, 12, 3, 14, 15, 36, 18, 41, 24, 61, 9, 27, 29, 62, 34, 35]],
[206, [21, 42, 2, 12, 3, 14, 15, 36, 18, 41, 24, 61, 9, 29, 49, 50, 13, 55]],
[206, [21, 42, 2, 12, 3, 14, 15, 36, 18, 41, 46, 47, 9, 27, 29, 62, 13, 55]],
[206, [21, 42, 2, 12, 3, 14, 15, 36, 18, 41, 46, 47, 9, 29, 49, 50, 34, 35]],
[206, [21, 42, 2, 12, 16, 37, 38, 56, 4, 19, 24, 61, 27, 28, 51, 62, 34, 35]],
[206, [21, 42, 2, 12, 16, 37, 38, 56, 4, 19, 24, 61, 28, 49, 50, 51, 13, 55]],
[206, [21, 42, 2, 12, 16, 37, 38, 56, 4, 19, 46, 47, 27, 28, 51, 62, 13, 55]],
[206, [21, 42, 2, 12, 16, 37, 38, 56, 4, 19, 46, 47, 28, 49, 50, 51, 34, 35]],
[206, [21, 42, 2, 12, 16, 37, 38, 56, 18, 41, 24, 61, 9, 27, 29, 62, 34, 35]],
[206, [21, 42, 2, 12, 16, 37, 38, 56, 18, 41, 24, 61, 9, 29, 49, 50, 13, 55]],
[206, [21, 42, 2, 12, 16, 37, 38, 56, 18, 41, 46, 47, 9, 27, 29, 62, 13, 55]],
[206, [21, 42, 2, 12, 16, 37, 38, 56, 18, 41, 46, 47, 9, 29, 49, 50, 34, 35]],
[206, [21, 42, 11, 32, 3, 14, 15, 36, 4, 19, 24, 61, 9, 27, 29, 62, 34, 35]],
[206, [21, 42, 11, 32, 3, 14, 15, 36, 4, 19, 24, 61, 9, 29, 49, 50, 13, 55]],
[206, [21, 42, 11, 32, 3, 14, 15, 36, 4, 19, 46, 47, 9, 27, 29, 62, 13, 55]],
[206, [21, 42, 11, 32, 3, 14, 15, 36, 4, 19, 46, 47, 9, 29, 49, 50, 34, 35]],
[206, [21, 42, 11, 32, 3, 14, 15, 36, 18, 41, 24, 61, 27, 28, 51, 62, 34, 35]],
[206, [21, 42, 11, 32, 3, 14, 15, 36, 18, 41, 24, 61, 28, 49, 50, 51, 13, 55]],
[206, [21, 42, 11, 32, 3, 14, 15, 36, 18, 41, 46, 47, 27, 28, 51, 62, 13, 55]],
[206, [21, 42, 11, 32, 3, 14, 15, 36, 18, 41, 46, 47, 28, 49, 50, 51, 34, 35]],
[206, [21, 42, 11, 32, 16, 37, 38, 56, 4, 19, 24, 61, 9, 27, 29, 62, 34, 35]],
[206, [21, 42, 11, 32, 16, 37, 38, 56, 4, 19, 24, 61, 9, 29, 49, 50, 13, 55]],
[206, [21, 42, 11, 32, 16, 37, 38, 56, 4, 19, 46, 47, 9, 27, 29, 62, 13, 55]],
[206, [21, 42, 11, 32, 16, 37, 38, 56, 4, 19, 46, 47, 9, 29, 49, 50, 34, 35]],
[206, [21, 42, 11, 32, 16, 37, 38, 56, 18, 41, 24, 61, 27, 28, 51, 62, 34, 35]],
[206, [21, 42, 11, 32, 16, 37, 38, 56, 18, 41, 24, 61, 28, 49, 50, 51, 13, 55]],
[206, [21, 42, 11, 32, 16, 37, 38, 56, 18, 41, 46, 47, 27, 28, 51, 62, 13, 55]],
[206, [21, 42, 11, 32, 16, 37, 38, 56, 18, 41, 46, 47, 28, 49, 50, 51, 34, 35]]];
